0.1 1.00728
6
0
0
0
3 1170.000 1380.000 1640.000
2 1770.000 2360.000
2 2475.321 3161.504
0
1 0.000
1 0.000
4 0.005 0.003 -0.001 -0.002
3 0.003 -0.000 0.001
3 0.001 0.000 0.000
0
0
0
4
0
127
35
0	0.00000000	OFFSET FROM MEASURED M/Z
7	-1000000000.00000000	-0.49835205	-0.33169556	-0.33166504	-0.13171387	-0.03167725	0.00167847
8	-5.44701973	-5.44701973	-0.97268512	-0.70096696	-4.14049041	-3.67779998	0.14632512	-5.44701973
3	0.00000000	OFFSET FROM MEASURED M/Z, NUM PAIRS >4
3	-1000000000.00000000	0.00161743	0.00167847
4	-0.08377013	-0.08377013	0.41578976	-0.08377013
8	0.00000000	OFFSET FROM MEASURED M/Z, NUM C2 PAIRS >4
4	-1000000000.00000000	-0.49835205	-0.29837036	0.00167847
5	0.00000000	0.00000000	0.14673724	0.01116895	0.00000000
19	0.00000000	INTEN C2 PAIRS
3	-1000000000.00000000	0.02815361	0.21840890
4	-0.00288506	-0.00288506	0.01012924	-0.00288506
21	0.00000000	INTEN H2O PAIRS
4	-1000000000.00000000	0.08438574	0.16763164	0.30481264
5	-0.00886117	-0.00886117	-0.01874623	0.02003544	-0.00886117
22	0.00000000	INTEN C2 H2O PAIRS
3	-1000000000.00000000	0.02160522	0.04150119
4	0.00683269	0.00683269	-0.00681929	0.00683269
27	0.00000000	AVG OFFSET TOP (STRONG 6)
3	-1000000000.00000000	0.10524496	0.13639323
4	0.00000000	0.00000000	0.01815754	0.00000000
28	0.00000000	AVG OFFSET TOP C2 (STRONG 2)
3	-1000000000.00000000	0.15344238	0.19555664
4	0.00400739	0.00400739	0.00000000	0.00400739
34	0.00000000	WEIGHTED MEAN OFFSET PAIRS
3	-1000000000.00000000	0.00243194	0.00376282
4	-0.01948616	-0.01948616	0.00433048	-0.01948616
46	0.00000000	PAIR OFFSET (STRONG 2)
3	-1000000000.00000000	0.12091064	0.19055176
4	0.00000000	0.00000000	0.00130648	0.00000000
47	0.00000000	PAIR OFFSET (STRONG 3)
3	-1000000000.00000000	0.06072998	0.19909668
4	-0.00537538	-0.00537538	0.00000000	-0.00537538
52	0.00000000	C2 PAIR OFFSET (STRONG 3)
4	-1000000000.00000000	0.10369873	0.12109375	0.19042969
5	0.03192625	0.03192625	0.01360962	0.00000000	0.03192625
54	0.00000000	C2 PAIR OFFSET (STRONG 5)
3	-1000000000.00000000	0.07763672	0.12115479
4	0.01082667	0.01082667	0.00000000	0.01082667
56	0.00000000	INTEN STRICT 0
4	-1000000000.00000000	0.02500702	0.03098495	0.03452971
5	-0.00809708	0.01399039	0.00735014	0.00458101	-0.03295222
58	0.00000000	INTEN STRICT 1
5	-1000000000.00000000	0.05281461	0.25683355	0.27894542	0.47461414
6	-0.02473770	-0.02473770	0.01268553	0.00866749	-0.00746259	-0.02473770
59	0.00000000	NUM STRICT 2
17	-1000000000.00000000	13.00000000	15.00000000	16.00000000	17.00000000	19.00000000	20.00000000	21.00000000	24.00000000	25.00000000	27.00000000	31.00000000	33.00000000	35.00000000	37.00000000	40.00000000	44.00000000
18	-0.63374825	-1.17779082	-0.96714809	-0.84064049	-0.68686788	-0.53179927	-0.45438408	-0.44556968	-0.14756507	0.00009854	0.20603234	0.27255437	0.38049450	0.45954280	0.61486666	0.65618431	0.87650777	1.00932428
60	0.00000000	INTEN STRICT 2
3	-1000000000.00000000	0.09215710	0.38520762
4	-0.02196510	-0.02196510	0.02034022	-0.02196510
61	0.00000000	NUM C2 STRICT 0
3	-1000000000.00000000	2.00000000	6.00000000
4	0.01316451	0.01316451	-0.00400273	0.01316451
66	0.00000000	INTEN C2 STRICT 2
5	-1000000000.00000000	0.01750490	0.10980160	0.24879929	0.38755205
6	-0.01572764	-0.01572764	0.00153478	0.01663637	-0.00893900	-0.01572764
77	0.00000000	DIFF WITH -2 INTEN H2O PAIRS
4	-1000000000.00000000	-0.07292660	0.03654472	0.13490205
5	0.02071224	0.02071224	0.00000000	0.01804669	0.02071224
85	0.00000000	DIFF WITH -1 INTEN PAIRS
2	-1000000000.00000000	-0.16393523
3	0.01253906	0.01828384	0.00000000
87	0.00000000	DIFF WITH -1 INTEN C2 PAIRS
3	-1000000000.00000000	0.00114762	0.18468210
4	0.00000000	0.00000000	0.02811551	0.00000000
91	0.00000000	DIFF WITH +1 # PAIRS
4	-1000000000.00000000	-4.00000000	-2.00000000	-1.00000000
5	0.09448403	0.14802082	0.12871318	0.09796111	0.00000000
93	0.00000000	DIFF WITH +1 # C2 PAIRS
3	-1000000000.00000000	-4.00000000	1.00000000
4	0.00000000	0.00000000	0.02560155	0.00000000
97	0.00000000	DIFF WITH +1 INTEN PAIRS
7	-1000000000.00000000	-0.05865232	-0.04124966	-0.02619026	-0.01257647	0.00005953	0.04107936
8	0.16088950	0.20350278	0.13036465	0.10856274	0.09635927	0.01978571	0.00267855	0.00000000
101	0.00000000	DIFF WITH +1 INTEN H2O PAIRS
2	-1000000000.00000000	-0.01437744
3	0.00131088	0.00000000	0.00131088
103	0.00000000	DIFF WITH +2 # PAIRS
8	-1000000000.00000000	-7.00000000	-4.00000000	-2.00000000	-1.00000000	1.00000000	2.00000000	3.00000000
9	0.06597692	0.00000000	0.01291984	0.08242045	0.09779908	0.12204255	0.13571534	0.17231539	0.19720341
105	0.00000000	DIFF WITH +2 # C2 PAIRS
3	-1000000000.00000000	-4.00000000	3.00000000
4	0.00261194	0.00261194	0.00000000	0.00261194
107	0.00000000	DIFF WITH +2 # H2O PAIRS
2	-1000000000.00000000	3.00000000
3	0.00129338	0.00129338	0.00000000
108	0.00000000	DIFF WITH +2 # C2 H2O PAIRS
3	-1000000000.00000000	-2.00000000	1.00000000
4	0.00819908	0.00819908	0.00000000	0.00819908
109	0.00000000	DIFF WITH +2 INTEN PAIRS
9	-1000000000.00000000	-0.26501203	-0.10735352	-0.08271938	-0.02987630	0.00580347	0.01771181	0.06308758	0.27144921
10	0.08148309	0.00673593	0.00000000	0.10537990	0.11832013	0.12225377	0.14306597	0.18235333	0.21147488	0.18514610
113	0.00000000	DIFF WITH +2 INTEN H2O PAIRS
4	-1000000000.00000000	-0.05475305	-0.00724403	0.22209926
5	0.08098642	0.10725063	0.03906855	0.00000000	0.04130513
115	0.00000000	DIFF +1/-1 # PAIRS
3	-1000000000.00000000	-5.00000000	3.00000000
4	0.02082656	0.00703886	0.00000000	0.05366187
123	0.00000000	DIFF +1/-1 INTEN C2 PAIRS
5	-1000000000.00000000	-0.47694933	-0.34268644	-0.20914590	-0.00605162
6	0.07848691	0.07848691	0.07065637	0.01013530	0.00000000	0.07848691
125	0.00000000	DIFF +1/-1 INTEN H2O PAIRS
5	-1000000000.00000000	-0.29846883	-0.05248095	0.11298933	0.13976568
6	0.00000000	0.00000000	0.01442934	0.03159936	0.01413366	0.00000000
0
127
26
0	0.00000000	OFFSET FROM MEASURED M/Z
8	-1000000000.00000000	-0.49887085	-0.33221436	-0.33218384	-0.13223267	-0.03219604	0.00112915	0.13449097
9	-0.93313724	-0.93313724	0.75927385	1.11812805	-1.99474913	-1.73663162	2.04918619	2.02122776	-0.93313724
3	0.00000000	OFFSET FROM MEASURED M/Z, NUM PAIRS >4
5	-1000000000.00000000	-0.49887085	-0.13223267	0.00109863	0.00115967
6	-1.97651718	-1.97651718	0.60276027	0.80384292	1.10446949	-1.97651718
8	0.00000000	OFFSET FROM MEASURED M/Z, NUM C2 PAIRS >4
3	-1000000000.00000000	-0.49887085	-0.29888916
4	-0.11015184	-0.11015184	0.11605123	-0.11015184
50	0.00000000	C2 PAIR OFFSET (STRONG 1)
3	-1000000000.00000000	0.02612305	0.12145996
4	-0.01945056	-0.01945056	0.00000000	-0.01945056
54	0.00000000	C2 PAIR OFFSET (STRONG 5)
4	-1000000000.00000000	0.05175781	0.08630371	0.17285156
5	0.00518591	0.00518591	0.00000000	0.01054924	0.00518591
56	0.00000000	INTEN STRICT 0
5	-1000000000.00000000	0.00812370	0.02700556	0.03296225	0.03652309
6	-0.01734484	-0.01734484	0.01153994	0.00433820	-0.00956805	-0.01734484
58	0.00000000	INTEN STRICT 1
3	-1000000000.00000000	0.03860616	0.22649613
4	-0.01279987	-0.01279987	0.02177592	-0.01279987
59	0.00000000	NUM STRICT 2
18	-1000000000.00000000	11.00000000	13.00000000	15.00000000	16.00000000	18.00000000	19.00000000	21.00000000	23.00000000	25.00000000	27.00000000	30.00000000	32.00000000	33.00000000	35.00000000	38.00000000	40.00000000	43.00000000
19	-0.40510109	-0.79642650	-0.67136717	-0.63824575	-0.56430128	-0.54165972	-0.53205462	-0.39814925	-0.21741684	-0.09580163	0.02447563	0.18875783	0.28593562	0.31851683	0.38487252	0.56327616	0.56872544	0.69770491	0.80103324
60	0.00000000	INTEN STRICT 2
3	-1000000000.00000000	0.06988607	0.32715490
4	-0.02591139	-0.02591139	0.02354056	-0.02591139
69	0.00000000	DIFF WITH -2 # C2 PAIRS
3	-1000000000.00000000	-2.00000000	2.00000000
4	0.00894156	0.00894156	0.00000000	0.00894156
77	0.00000000	DIFF WITH -2 INTEN H2O PAIRS
3	-1000000000.00000000	-0.24786714	0.02179192
4	0.01529762	0.01529762	0.00000000	0.01529762
85	0.00000000	DIFF WITH -1 INTEN PAIRS
4	-1000000000.00000000	-0.15139507	0.01531693	0.05749164
5	0.00344664	0.00344664	0.00000000	0.00173137	0.00344664
87	0.00000000	DIFF WITH -1 INTEN C2 PAIRS
3	-1000000000.00000000	-0.00418453	0.26219428
4	0.00350233	0.00350233	0.00000000	0.00350233
90	0.00000000	DIFF WITH -1 INTEN C2 H2O PAIRS
4	-1000000000.00000000	-0.08734775	-0.02207216	0.11835872
5	0.00527738	0.00527738	0.00355748	0.00000000	0.00527738
91	0.00000000	DIFF WITH +1 # PAIRS
4	-1000000000.00000000	-3.00000000	-1.00000000	0.00000000
5	0.17267024	0.25024268	0.14070646	0.06484434	0.00000000
97	0.00000000	DIFF WITH +1 INTEN PAIRS
6	-1000000000.00000000	-0.07834119	-0.04315213	-0.01438935	-0.00112519	0.11875129
7	0.15685088	0.24581249	0.19182079	0.14162700	0.10573257	0.01721391	0.00000000
99	0.00000000	DIFF WITH +1 INTEN C2 PAIRS
4	-1000000000.00000000	-0.01988553	-0.01160678	0.20876613
5	0.04952134	0.04952134	0.01026077	0.00000000	0.04952134
101	0.00000000	DIFF WITH +1 INTEN H2O PAIRS
2	-1000000000.00000000	-0.09537625
3	0.01139586	0.00000000	0.02091823
103	0.00000000	DIFF WITH +2 # PAIRS
4	-1000000000.00000000	-1.00000000	3.00000000	4.00000000
5	0.04380809	0.00000000	0.04982753	0.08195796	0.09463907
105	0.00000000	DIFF WITH +2 # C2 PAIRS
3	-1000000000.00000000	-2.00000000	2.00000000
4	0.00350202	0.00350202	0.00000000	0.00350202
107	0.00000000	DIFF WITH +2 # H2O PAIRS
2	-1000000000.00000000	5.00000000
3	0.00350075	0.00889542	0.00000000
109	0.00000000	DIFF WITH +2 INTEN PAIRS
5	-1000000000.00000000	-0.12613150	-0.10122689	-0.04554157	-0.03153043
6	0.08582346	0.00000000	0.03131616	0.05731279	0.18545741	0.22787926
113	0.00000000	DIFF WITH +2 INTEN H2O PAIRS
3	-1000000000.00000000	-0.01497662	0.18624382
4	0.05499276	0.06044264	0.00000000	0.05328236
115	0.00000000	DIFF +1/-1 # PAIRS
2	-1000000000.00000000	1.00000000
3	0.00000000	0.00000000	0.00339974
120	0.00000000	DIFF +1/-1 # C2 H2O PAIRS
3	-1000000000.00000000	-6.00000000	1.00000000
4	0.00000000	0.00000000	0.00883117	0.00000000
125	0.00000000	DIFF +1/-1 INTEN H2O PAIRS
4	-1000000000.00000000	-0.25178504	0.01508426	0.02493592
5	0.00655620	0.01042043	0.02660019	0.01665854	0.00000000
0
127
27
0	0.00000000	OFFSET FROM MEASURED M/Z
8	-1000000000.00000000	-0.50024414	-0.33361816	-0.33355713	-0.30026245	-0.10028076	-0.00024414	0.13308716
9	-4.18323125	-4.18323125	0.31691916	0.57296332	-0.96303988	-1.53363554	0.56684913	-2.00409837	-4.18323125
3	0.00000000	OFFSET FROM MEASURED M/Z, NUM PAIRS >4
6	-1000000000.00000000	-0.50024414	-0.30026245	-0.10025024	-0.00024414	0.13308716
7	-0.42890168	-0.42890168	-0.42039386	-0.42890168	0.37354801	0.24364616	-0.42890168
8	0.00000000	OFFSET FROM MEASURED M/Z, NUM C2 PAIRS >4
7	-1000000000.00000000	-0.50024414	-0.33361816	-0.33355713	-0.30026245	-0.03359985	0.13308716
8	0.02285251	0.02285251	0.07962567	0.25583594	-0.42747989	-1.71722510	0.24921231	0.02285251
37	0.00000000	MEAN OFFSET C2 PAIRS
3	-1000000000.00000000	0.07808431	0.10860189
4	0.00428792	0.00428792	-0.00429662	0.00428792
55	0.00000000	NUM STRICT 0
3	-1000000000.00000000	14.00000000	23.00000000
4	-0.03550768	-0.03550768	0.03402313	-0.03550768
56	0.00000000	INTEN STRICT 0
3	-1000000000.00000000	0.00843817	0.02179723
4	-0.00645646	-0.00645646	0.00206766	-0.00645646
59	0.00000000	NUM STRICT 2
16	-1000000000.00000000	13.00000000	15.00000000	16.00000000	17.00000000	19.00000000	20.00000000	21.00000000	24.00000000	28.00000000	29.00000000	32.00000000	34.00000000	36.00000000	41.00000000	45.00000000
17	-0.32157809	-0.63231213	-0.59729565	-0.36789046	-0.30245971	-0.27598932	-0.26490408	-0.20525105	-0.09152657	0.03888233	0.05753436	0.24627595	0.30081542	0.36022488	0.38391183	0.53905610	0.57398646
60	0.00000000	INTEN STRICT 2
3	-1000000000.00000000	0.07974827	0.37278995
4	-0.03274452	-0.03274452	0.00936620	-0.03274452
64	0.00000000	INTEN C2 STRICT 1
4	-1000000000.00000000	0.01711855	0.02585472	0.26335621
5	0.02747744	0.02747744	-0.00463217	-0.03183466	0.03402736
71	0.00000000	DIFF WITH -2 # H2O PAIRS
3	-1000000000.00000000	-9.00000000	2.00000000
4	0.01108765	0.00899556	0.00000000	0.01108765
75	0.00000000	DIFF WITH -2 INTEN C2 PAIRS
3	-1000000000.00000000	-0.08769352	0.04127401
4	0.01116085	0.01116085	0.00000000	0.01116085
89	0.00000000	DIFF WITH -1 INTEN H2O PAIRS
4	-1000000000.00000000	-0.13969792	0.01985391	0.10192717
5	0.00655673	0.00655673	0.00000000	0.01078888	0.00655673
90	0.00000000	DIFF WITH -1 INTEN C2 H2O PAIRS
3	-1000000000.00000000	-0.01188943	0.09172942
4	0.00644989	0.00644989	0.00000000	0.00644989
91	0.00000000	DIFF WITH +1 # PAIRS
8	-1000000000.00000000	-5.00000000	-4.00000000	-2.00000000	-1.00000000	2.00000000	4.00000000	5.00000000
9	0.12695382	0.19784550	0.18164683	0.15802085	0.12877657	0.04523725	0.04140850	0.01642738	0.00000000
93	0.00000000	DIFF WITH +1 # C2 PAIRS
2	-1000000000.00000000	-3.00000000
3	0.00669598	0.00669598	0.00000000
97	0.00000000	DIFF WITH +1 INTEN PAIRS
5	-1000000000.00000000	-0.12672994	-0.04663174	-0.03135617	0.00910567
6	0.03314775	0.05715277	0.04520782	0.02491709	0.00222236	0.00000000
99	0.00000000	DIFF WITH +1 INTEN C2 PAIRS
4	-1000000000.00000000	-0.10768507	-0.04357186	0.10944099
5	0.03554265	0.03554265	0.02532057	0.00000000	0.03554265
101	0.00000000	DIFF WITH +1 INTEN H2O PAIRS
3	-1000000000.00000000	-0.15276571	0.00793106
4	0.01153480	0.01153480	0.00000000	0.01153480
103	0.00000000	DIFF WITH +2 # PAIRS
5	-1000000000.00000000	-7.00000000	-6.00000000	-5.00000000	0.00000000
6	0.03304007	0.00000000	0.00425280	0.00882448	0.04621789	0.07888191
108	0.00000000	DIFF WITH +2 # C2 H2O PAIRS
4	-1000000000.00000000	-5.00000000	2.00000000	3.00000000
5	0.02677485	0.02677485	0.00000000	0.02023933	0.02677485
109	0.00000000	DIFF WITH +2 INTEN PAIRS
6	-1000000000.00000000	-0.24121003	-0.10489411	-0.08406225	-0.06573484	0.04245155
7	0.08440742	0.00000000	0.03201651	0.06024268	0.08428734	0.15614845	0.16274551
113	0.00000000	DIFF WITH +2 INTEN H2O PAIRS
4	-1000000000.00000000	-0.12736090	-0.08775359	0.02396845
5	0.02056890	0.04213934	0.01202793	0.00000000	0.00449281
115	0.00000000	DIFF +1/-1 # PAIRS
3	-1000000000.00000000	2.00000000	5.00000000
4	0.02647093	0.00000000	0.04640639	0.06455489
117	0.00000000	DIFF +1/-1 # C2 PAIRS
3	-1000000000.00000000	-5.00000000	1.00000000
4	0.01139697	0.01139697	0.00000000	0.01139697
121	0.00000000	DIFF +1/-1 INTEN PAIRS
5	-1000000000.00000000	-0.27895737	-0.10597461	0.01619384	0.02835273
6	0.04001199	0.02908733	0.00893989	0.00000000	0.02586968	0.05391638
123	0.00000000	DIFF +1/-1 INTEN C2 PAIRS
3	-1000000000.00000000	-0.04942645	0.14940985
4	0.01391357	0.01391357	0.00000000	0.01391357
125	0.00000000	DIFF +1/-1 INTEN H2O PAIRS
3	-1000000000.00000000	-0.00568875	0.05602508
4	0.02014694	0.02014694	0.00000000	0.02014694
0
127
50
0	0.00000000	OFFSET FROM MEASURED M/Z
8	-1000000000.00000000	-0.50073242	-0.36743164	-0.33404541	-0.30078125	-0.10076904	-0.00073242	0.13256836
9	-4.42155188	-4.42155188	0.19208289	1.04723486	-2.04147523	-3.23355194	1.66986937	-1.24417408	-4.42155188
3	0.00000000	OFFSET FROM MEASURED M/Z, NUM PAIRS >4
3	-1000000000.00000000	-0.50073242	-0.30078125
4	-0.07095151	-0.07095151	0.00330247	-0.07095151
6	0.00000000	OFFSET FROM MEASURED M/Z, NUM C2 PAIRS <=2
5	-1000000000.00000000	-0.33410645	-0.30078125	-0.03405762	-0.00073242
6	0.02989945	0.02989945	-0.04004972	-0.35662760	0.09514818	0.02989945
8	0.00000000	OFFSET FROM MEASURED M/Z, NUM C2 PAIRS >4
3	-1000000000.00000000	-0.10076904	0.13256836
4	0.00000000	0.00000000	0.02962825	0.00000000
11	0.00000000	# PAIRS
3	-1000000000.00000000	16.00000000	29.00000000
4	0.00863556	0.00863556	-0.00740702	0.00863556
17	0.00000000	INTEN PAIRS
4	-1000000000.00000000	0.09613692	0.13028961	0.33830416
5	0.02252577	0.02252577	-0.01141228	0.00416180	0.02252577
23	0.00000000	AVG OFFSET TOP (STRONG 2)
3	-1000000000.00000000	0.15332031	0.19104004
4	0.00000000	0.00000000	0.01002190	0.00000000
24	0.00000000	AVG OFFSET TOP (STRONG 3)
4	-1000000000.00000000	0.11218262	0.19698079	0.20666504
5	-0.01113461	-0.01113461	0.01236784	0.00488300	-0.01113461
25	0.00000000	AVG OFFSET TOP (STRONG 4)
5	-1000000000.00000000	0.09802246	0.10870361	0.11325073	0.15710449
6	0.00000000	0.00000000	0.00132945	0.00872865	0.01169541	0.00000000
27	0.00000000	AVG OFFSET TOP (STRONG 6)
3	-1000000000.00000000	0.13043213	0.14306641
4	0.00000000	0.00000000	0.00999914	0.00000000
33	0.00000000	MEAN OFFSET PAIRS
3	-1000000000.00000000	0.08516439	0.12776692
4	0.00000000	0.00000000	0.00283434	0.00000000
38	0.00000000	WEIGHTED MEAN OFFSET C2 PAIRS
4	-1000000000.00000000	0.00778266	0.00981001	0.01777253
5	-0.00424824	-0.00424824	0.00145395	0.00281857	-0.00424824
47	0.00000000	PAIR OFFSET (STRONG 3)
3	-1000000000.00000000	0.04321289	0.12109375
4	0.00133140	0.00133140	0.00000000	0.00133140
50	0.00000000	C2 PAIR OFFSET (STRONG 1)
3	-1000000000.00000000	0.06933594	0.14733887
4	0.00268294	0.00268294	0.00000000	0.00268294
54	0.00000000	C2 PAIR OFFSET (STRONG 5)
2	-1000000000.00000000	0.07800293
3	0.00133319	0.00270543	0.00000000
56	0.00000000	INTEN STRICT 0
7	-1000000000.00000000	0.01003373	0.01399568	0.02356715	0.02594449	0.07815960	0.11329382
8	0.01627860	0.01627860	0.02588463	0.03780535	0.01832948	-0.02327689	-0.00416366	0.01627860
57	0.00000000	NUM STRICT 1
5	-1000000000.00000000	6.00000000	8.00000000	10.00000000	25.00000000
6	-0.01768244	-0.01768244	-0.00762135	0.01727704	0.03370749	-0.01768244
58	0.00000000	INTEN STRICT 1
5	-1000000000.00000000	0.07302492	0.15693335	0.37973356	0.41809595
6	-0.00350229	-0.00350229	0.02213445	-0.01942557	-0.01312161	-0.00350229
59	0.00000000	NUM STRICT 2
19	-1000000000.00000000	10.00000000	11.00000000	13.00000000	14.00000000	17.00000000	18.00000000	20.00000000	21.00000000	22.00000000	23.00000000	24.00000000	26.00000000	27.00000000	28.00000000	30.00000000	32.00000000	34.00000000	37.00000000
20	-0.31448756	-0.65619188	-0.50907848	-0.45080351	-0.34382946	-0.19106842	-0.05968160	-0.00613699	0.11799862	0.17024165	0.21159265	0.24804484	0.26854499	0.38335251	0.41445195	0.45891935	0.50338117	0.53497892	0.56970825	0.61407753
60	0.00000000	INTEN STRICT 2
6	-1000000000.00000000	0.04613784	0.12293603	0.13611414	0.24292000	0.40362284
7	-0.06813988	-0.06813988	-0.00733511	0.01738357	0.04221876	-0.01927504	-0.06813988
61	0.00000000	NUM C2 STRICT 0
4	-1000000000.00000000	2.00000000	4.00000000	5.00000000
5	-0.00742740	-0.00742740	0.01885689	-0.00588950	-0.00742740
62	0.00000000	INTEN C2 STRICT 0
3	-1000000000.00000000	0.00000000	0.10555461
4	0.00714701	0.00714701	-0.00885945	0.00714701
63	0.00000000	NUM C2 STRICT 1
3	-1000000000.00000000	2.00000000	9.00000000
4	-0.00138442	-0.00138442	0.00268324	-0.00138442
64	0.00000000	INTEN C2 STRICT 1
7	-1000000000.00000000	0.00000000	0.00724063	0.01566685	0.25091547	0.29539636	0.35952285
8	0.01914762	0.01914762	0.01501981	0.00947078	-0.03035823	-0.00942521	-0.00181325	0.02049372
66	0.00000000	INTEN C2 STRICT 2
4	-1000000000.00000000	0.00379801	0.05938476	0.34515989
5	0.02715241	0.02715241	-0.02148879	0.03159150	0.02715241
69	0.00000000	DIFF WITH -2 # C2 PAIRS
3	-1000000000.00000000	0.00000000	2.00000000
4	0.00133750	0.00133750	0.00000000	0.00133750
71	0.00000000	DIFF WITH -2 # H2O PAIRS
3	-1000000000.00000000	-4.00000000	4.00000000
4	0.00000000	0.00000000	0.01021623	0.00000000
73	0.00000000	DIFF WITH -2 INTEN PAIRS
6	-1000000000.00000000	-0.19193123	-0.04905315	-0.01933683	0.07282431	0.22177026
7	0.00550598	0.00550598	0.06684238	0.00882722	0.00697916	0.00000000	0.00550598
75	0.00000000	DIFF WITH -2 INTEN C2 PAIRS
4	-1000000000.00000000	-0.07813417	-0.05134296	0.03592298
5	0.03663473	0.03663473	0.02720196	0.00000000	0.03663473
81	0.00000000	DIFF WITH -1 # C2 PAIRS
2	-1000000000.00000000	-1.00000000
3	0.00000000	0.00423550	0.00000000
85	0.00000000	DIFF WITH -1 INTEN PAIRS
3	-1000000000.00000000	-0.18531944	-0.03785126
4	0.00000000	0.00000000	0.02437190	0.00000000
87	0.00000000	DIFF WITH -1 INTEN C2 PAIRS
3	-1000000000.00000000	-0.00723868	0.08243382
4	0.00000000	0.00000000	0.00265096	0.00000000
89	0.00000000	DIFF WITH -1 INTEN H2O PAIRS
5	-1000000000.00000000	-0.00028278	0.00908458	0.09926373	0.17855562
6	0.00000000	0.00000000	0.01124947	0.04373418	0.01305312	0.00000000
91	0.00000000	DIFF WITH +1 # PAIRS
7	-1000000000.00000000	-11.00000000	-4.00000000	-3.00000000	0.00000000	1.00000000	2.00000000
8	0.09877829	0.14527508	0.15124231	0.10854156	0.08326422	0.04819580	0.01714129	0.00000000
93	0.00000000	DIFF WITH +1 # C2 PAIRS
4	-1000000000.00000000	-3.00000000	-1.00000000	2.00000000
5	0.01002919	0.01002919	0.00445854	0.00000000	0.01002919
96	0.00000000	DIFF WITH +1 # C2 H2O PAIRS
2	-1000000000.00000000	4.00000000
3	0.00000000	0.00131415	0.00000000
97	0.00000000	DIFF WITH +1 INTEN PAIRS
7	-1000000000.00000000	-0.25158030	-0.06868006	-0.00655645	0.00674499	0.02065025	0.26087362
8	0.01672895	0.01672895	0.04937425	0.04070671	0.03747090	0.03542332	0.00000000	0.01672895
99	0.00000000	DIFF WITH +1 INTEN C2 PAIRS
6	-1000000000.00000000	-0.02670339	-0.00898281	0.00400522	0.02977790	0.17194009
7	0.10693958	0.10693958	0.07272247	0.06972083	0.03081253	0.00000000	0.10562359
102	0.00000000	DIFF WITH +1 INTEN C2 H2O PAIRS
4	-1000000000.00000000	-0.07194629	-0.00554553	-0.00090459
5	0.02251339	0.02251339	0.00000000	0.01768098	0.02251339
103	0.00000000	DIFF WITH +2 # PAIRS
4	-1000000000.00000000	-11.00000000	-9.00000000	-7.00000000
5	0.03615880	0.00000000	0.02189107	0.05411753	0.11570615
107	0.00000000	DIFF WITH +2 # H2O PAIRS
3	-1000000000.00000000	-8.00000000	2.00000000
4	0.00000000	0.00000000	0.01249348	0.00000000
109	0.00000000	DIFF WITH +2 INTEN PAIRS
12	-1000000000.00000000	-0.33607218	-0.25567940	-0.20468892	-0.16690104	-0.04946681	-0.02068707	-0.00831851	0.00386151	0.06326479	0.08270185	0.19797322
13	0.13766824	0.00000000	0.02275839	0.02759363	0.09605485	0.10829209	0.15507693	0.18891596	0.21277853	0.24035464	0.26406237	0.26545289	0.27512110
111	0.00000000	DIFF WITH +2 INTEN C2 PAIRS
6	-1000000000.00000000	-0.08734598	-0.01771442	-0.00977293	0.00911870	0.10436729
7	0.06696382	0.00000000	0.02227237	0.02579877	0.06421447	0.14357266	0.15624530
113	0.00000000	DIFF WITH +2 INTEN H2O PAIRS
6	-1000000000.00000000	-0.04252835	-0.03124261	-0.00280589	0.10035502	0.16057695
7	0.05689701	0.07716318	0.06505881	0.03845382	0.00000000	0.00142503	0.02718629
115	0.00000000	DIFF +1/-1 # PAIRS
3	-1000000000.00000000	-10.00000000	1.00000000
4	0.00973708	0.00347604	0.00000000	0.02437034
119	0.00000000	DIFF +1/-1 # H2O PAIRS
3	-1000000000.00000000	2.00000000	6.00000000
4	0.00412801	0.00412801	0.00000000	0.00412801
121	0.00000000	DIFF +1/-1 INTEN PAIRS
3	-1000000000.00000000	0.04367784	0.12051791
4	0.00000000	0.00000000	0.01683410	0.00000000
123	0.00000000	DIFF +1/-1 INTEN C2 PAIRS
8	-1000000000.00000000	-0.21412067	-0.12470389	-0.06591634	-0.04126483	-0.01342473	0.18009245	0.23036510
9	0.08852112	0.08852112	0.06915655	0.04669868	0.01966353	0.01225793	0.00000000	0.05423515	0.08852112
125	0.00000000	DIFF +1/-1 INTEN H2O PAIRS
3	-1000000000.00000000	-0.00641066	0.18015181
4	0.00728002	0.00728002	0.00000000	0.00728002
126	0.00000000	DIFF +1/-1 INTEN C2 H2O PAIRS
3	-1000000000.00000000	-0.01711767	0.00790514
4	0.00000000	0.00000000	0.02103888	0.00000000
3
0
127
2
0	0.00000000	OFFSET FROM MEASURED M/Z
5	-1000000000.00000000	-0.37417603	-0.24917603	-0.09918213	0.00082397
6	-2.25801857	-2.25801857	-0.33209605	-0.89301590	1.05711281	-2.25801857
3	0.00000000	OFFSET FROM MEASURED M/Z, NUM PAIRS >4
3	-1000000000.00000000	-0.37417603	-0.24917603
4	-0.07084505	-0.07084505	0.00000000	-0.07084505
0
127
5
0	0.00000000	OFFSET FROM MEASURED M/Z
7	-1000000000.00000000	-0.30001831	-0.25000000	-0.22497559	-0.04998779	0.00000000	0.09997559
8	-3.01246708	-3.01246708	-0.45708626	-1.33331637	-1.46655047	0.25756654	-1.99584712	-3.01246708
3	0.00000000	OFFSET FROM MEASURED M/Z, NUM PAIRS >4
7	-1000000000.00000000	-0.29998779	-0.25000000	-0.22497559	-0.02502441	0.00000000	0.09997559
8	-0.96274682	-0.96274682	-0.38886244	-0.63608080	-0.69617167	0.20525102	-0.66906723	-0.96274682
8	0.00000000	OFFSET FROM MEASURED M/Z, NUM C2 PAIRS >4
6	-1000000000.00000000	-0.29998779	-0.25000000	-0.22497559	-0.02502441	0.09997559
7	-0.72126960	-0.72126960	0.17839875	-0.91261588	-1.05788686	-0.01703474	-0.72126960
93	0.00000000	DIFF WITH +1 # C2 PAIRS
3	-1000000000.00000000	-3.00000000	-2.00000000
4	0.01364085	0.02043004	0.01399390	0.00000000
99	0.00000000	DIFF WITH +1 INTEN C2 PAIRS
4	-1000000000.00000000	-0.04902758	-0.02650501	-0.01652375
5	0.03727627	0.04492236	0.03147574	0.00732123	0.00000000
0
127
1
0	0.00000000	OFFSET FROM MEASURED M/Z
6	-1000000000.00000000	-0.29968262	-0.24969482	-0.09967041	-0.02471924	0.00030518
7	-2.21630142	-2.21630142	0.22588116	-0.66924385	-0.61678868	0.85059753	-2.21630142
3
0
127
3
0	0.00000000	OFFSET FROM MEASURED M/Z
4	-1000000000.00000000	-0.29983521	-0.19979858	0.00018311
5	-1.01019787	-1.01019787	0.78313029	0.56381140	-1.01019787
3	0.00000000	OFFSET FROM MEASURED M/Z, NUM PAIRS >4
6	-1000000000.00000000	-0.29983521	-0.19979858	-0.07983398	0.00015259	0.00018311
7	0.15564720	0.15564720	0.70133412	0.06206006	0.48689817	0.51848281	0.15564720
8	0.00000000	OFFSET FROM MEASURED M/Z, NUM C2 PAIRS >4
5	-1000000000.00000000	-0.29983521	-0.19979858	-0.07983398	0.00018311
6	-0.18879663	-0.18879663	-0.14410328	-0.18879663	1.27782521	-0.18879663
0
127
33
0	0.00000000	OFFSET FROM MEASURED M/Z
6	-1000000000.00000000	-0.29986572	-0.19982910	-0.07983398	0.00012207	0.06011963
7	-2.00703058	-2.00703058	-0.85478698	-0.88480408	2.36746787	2.24671017	-2.00703058
3	0.00000000	OFFSET FROM MEASURED M/Z, NUM PAIRS >4
7	-1000000000.00000000	-0.29986572	-0.19989014	-0.19982910	-0.13989258	-0.07983398	0.06011963
8	-0.33434591	-0.33434591	-0.18176052	-0.19644198	-0.29201952	-0.33434591	-0.15258538	-0.33434591
8	0.00000000	OFFSET FROM MEASURED M/Z, NUM C2 PAIRS >4
7	-1000000000.00000000	-0.29986572	-0.19989014	-0.19982910	-0.13989258	-0.07983398	0.06011963
8	0.30586801	0.30586801	4.38571686	4.30121767	1.10446205	0.97573531	1.28160332	0.30586801
11	0.00000000	# PAIRS
4	-1000000000.00000000	22.00000000	24.00000000	54.00000000
5	0.01739701	0.01739701	0.00009418	-0.00989043	0.01739701
13	0.00000000	# C2 PAIRS
3	-1000000000.00000000	42.00000000	51.00000000
4	-0.00629001	-0.00629001	0.00000000	-0.00629001
21	0.00000000	INTEN H2O PAIRS
3	-1000000000.00000000	0.05407227	0.09945526
4	-0.00305033	-0.00305033	0.00317851	-0.00305033
27	0.00000000	AVG OFFSET TOP (STRONG 6)
3	-1000000000.00000000	0.12748210	0.16625977
4	0.00000000	0.00000000	-0.00626455	0.00000000
29	0.00000000	AVG OFFSET TOP C2 (STRONG 3)
4	-1000000000.00000000	0.07128906	0.14160156	0.16406250
5	0.03832408	0.03832408	0.05046409	0.00000000	0.03832408
31	0.00000000	AVG OFFSET TOP C2 (STRONG 5)
3	-1000000000.00000000	0.09301758	0.12822266
4	0.00000000	0.00000000	0.02670718	0.00000000
45	0.00000000	PAIR OFFSET (STRONG 1)
5	-1000000000.00000000	0.06079102	0.13037109	0.13867188	0.19067383
6	-0.00316345	-0.00316345	-0.01370753	-0.01043729	0.00000000	-0.00316345
46	0.00000000	PAIR OFFSET (STRONG 2)
4	-1000000000.00000000	0.07739258	0.17260742	0.19897461
5	-0.03259411	-0.03259411	-0.04752770	0.00000000	-0.03259411
47	0.00000000	PAIR OFFSET (STRONG 3)
3	-1000000000.00000000	0.06884766	0.19873047
4	0.00000000	0.00000000	-0.00647833	0.00000000
51	0.00000000	C2 PAIR OFFSET (STRONG 2)
4	-1000000000.00000000	0.09497070	0.14721680	0.18188477
5	0.00000000	0.00000000	0.00308598	0.01298071	0.00000000
52	0.00000000	C2 PAIR OFFSET (STRONG 3)
3	-1000000000.00000000	0.07788086	0.14721680
4	0.00000000	0.00000000	0.00670972	0.00000000
56	0.00000000	INTEN STRICT 0
3	-1000000000.00000000	0.02229605	0.03560679
4	0.00668424	0.00668424	-0.00307126	0.00668424
58	0.00000000	INTEN STRICT 1
5	-1000000000.00000000	0.03854589	0.04084545	0.04547716	0.05562878
6	-0.03574467	-0.03574467	-0.03217394	-0.01623882	0.01431492	-0.03574467
59	0.00000000	NUM STRICT 2
4	-1000000000.00000000	9.00000000	11.00000000	45.00000000
5	0.00653822	0.00653822	-0.00647431	-0.02324082	0.00653822
62	0.00000000	INTEN C2 STRICT 0
5	-1000000000.00000000	0.01548949	0.01715236	0.02656403	0.02960211
6	-0.01890149	-0.01890149	0.01829270	0.02842143	-0.00665809	-0.01890149
64	0.00000000	INTEN C2 STRICT 1
3	-1000000000.00000000	0.04863752	0.21655197
4	-0.00304498	-0.00304498	0.00313552	-0.00304498
66	0.00000000	INTEN C2 STRICT 2
3	-1000000000.00000000	0.06550931	0.06966951
4	-0.01424759	-0.05050355	0.03162775	0.06768794
69	0.00000000	DIFF WITH -2 # C2 PAIRS
4	-1000000000.00000000	-2.00000000	3.00000000	14.00000000
5	0.00343380	0.00343380	0.01340843	0.00000000	0.00343380
77	0.00000000	DIFF WITH -2 INTEN H2O PAIRS
6	-1000000000.00000000	-0.04944013	-0.02260703	-0.00072828	0.02044967	0.02482709
7	0.00000000	0.00000000	0.01403867	0.02055272	0.01012393	0.00312832	0.00000000
79	0.00000000	DIFF WITH -1 # PAIRS
3	-1000000000.00000000	-5.00000000	5.00000000
4	0.02601735	0.02601735	0.00000000	0.02601735
83	0.00000000	DIFF WITH -1 # H2O PAIRS
3	-1000000000.00000000	-6.00000000	-3.00000000
4	0.00000000	0.00000000	0.00644652	0.00000000
84	0.00000000	DIFF WITH -1 # C2 H2O PAIRS
2	-1000000000.00000000	6.00000000
3	0.00628533	0.00000000	0.01731244
99	0.00000000	DIFF WITH +1 INTEN C2 PAIRS
2	-1000000000.00000000	0.00786015
3	0.00836825	0.00836825	0.00000000
101	0.00000000	DIFF WITH +1 INTEN H2O PAIRS
3	-1000000000.00000000	0.00514945	0.02586962
4	0.00000000	0.00000000	0.01023542	0.00000000
105	0.00000000	DIFF WITH +2 # C2 PAIRS
7	-1000000000.00000000	-8.00000000	-6.00000000	-5.00000000	7.00000000	10.00000000	12.00000000
8	0.03731518	0.03731518	0.01916682	0.00986372	0.00000000	0.00697337	0.02796187	0.03731518
109	0.00000000	DIFF WITH +2 INTEN PAIRS
3	-1000000000.00000000	-0.02379329	0.00665164
4	0.01051688	0.02163582	0.00348590	0.00000000
111	0.00000000	DIFF WITH +2 INTEN C2 PAIRS
6	-1000000000.00000000	-0.19205374	-0.04487171	0.01389054	0.02256490	0.10228525
7	0.02627956	0.06665543	0.08107691	0.04340897	0.02377620	0.00000000	0.00632616
113	0.00000000	DIFF WITH +2 INTEN H2O PAIRS
5	-1000000000.00000000	-0.07418264	-0.02622834	-0.00658403	0.01036011
6	0.03676892	0.03676892	0.02240477	0.00000000	0.01357121	0.03676892
121	0.00000000	DIFF +1/-1 INTEN PAIRS
5	-1000000000.00000000	0.01580280	0.02000564	0.03481102	0.06182676
6	0.00000000	0.00000000	0.00363004	0.01006761	0.02767312	0.00000000
123	0.00000000	DIFF +1/-1 INTEN C2 PAIRS
2	-1000000000.00000000	0.00556653
3	0.00700608	0.00000000	0.01404492
0
127
43
0	0.00000000	OFFSET FROM MEASURED M/Z
6	-1000000000.00000000	-0.29986572	-0.19989014	-0.17987061	-0.03985596	0.00012207
7	-4.71506359	-4.71506359	0.96793545	0.30450888	-3.22250729	1.22779126	-4.71506359
3	0.00000000	OFFSET FROM MEASURED M/Z, NUM PAIRS >4
3	-1000000000.00000000	-0.29986572	-0.17987061
4	0.00000000	0.00000000	0.11887285	0.00000000
8	0.00000000	OFFSET FROM MEASURED M/Z, NUM C2 PAIRS >4
3	-1000000000.00000000	-0.03985596	0.00012207
4	-0.11636203	-0.11636203	0.00000000	-0.11636203
15	0.00000000	# H2O PAIRS
3	-1000000000.00000000	10.00000000	15.00000000
4	0.00682254	0.00682254	-0.01515674	0.00682254
17	0.00000000	INTEN PAIRS
3	-1000000000.00000000	0.02248223	0.08674678
4	0.00861265	0.00861265	-0.00215948	0.00861265
21	0.00000000	INTEN H2O PAIRS
4	-1000000000.00000000	0.04199437	0.05925611	0.10998766
5	0.01528216	0.01528216	-0.00948484	0.00406716	0.01528216
22	0.00000000	INTEN C2 H2O PAIRS
4	-1000000000.00000000	0.18169521	0.18906267	0.27045664
5	0.00632032	0.00632032	0.00200879	0.00000000	0.00632032
29	0.00000000	AVG OFFSET TOP C2 (STRONG 3)
4	-1000000000.00000000	0.08471680	0.11897787	0.16943359
5	-0.00412604	-0.00412604	-0.01249042	0.00000000	-0.00412604
31	0.00000000	AVG OFFSET TOP C2 (STRONG 5)
4	-1000000000.00000000	0.07612304	0.14121094	0.16625977
5	0.01518982	0.01518982	0.00865441	0.00000000	0.01518982
32	0.00000000	AVG OFFSET TOP C2 (STRONG 6)
4	-1000000000.00000000	0.11934408	0.13057454	0.13631184
5	0.06583316	0.06583316	0.05797698	0.00000000	0.06583316
33	0.00000000	MEAN OFFSET PAIRS
3	-1000000000.00000000	0.09016927	0.16365559
4	0.00667243	0.00667243	-0.01224938	0.00667243
34	0.00000000	WEIGHTED MEAN OFFSET PAIRS
4	-1000000000.00000000	0.00510817	0.00979953	0.01341417
5	0.00920060	0.00920060	-0.00438790	-0.00235609	0.00920060
37	0.00000000	MEAN OFFSET C2 PAIRS
3	-1000000000.00000000	0.10245768	0.14550781
4	0.00447536	0.00447536	-0.00847049	0.00447536
38	0.00000000	WEIGHTED MEAN OFFSET C2 PAIRS
3	-1000000000.00000000	0.00257195	0.00419639
4	-0.00880570	-0.00880570	0.00676421	-0.00880570
45	0.00000000	PAIR OFFSET (STRONG 1)
4	-1000000000.00000000	0.00854492	0.05224609	0.13891602
5	0.00000000	0.00000000	-0.00202724	-0.00629463	0.00000000
48	0.00000000	PAIR OFFSET (STRONG 4)
3	-1000000000.00000000	0.10375977	0.19873047
4	0.00000000	0.00000000	0.01587847	0.00000000
49	0.00000000	PAIR OFFSET (STRONG 5)
4	-1000000000.00000000	0.11303711	0.13916016	0.18188477
5	-0.00635139	-0.00635139	-0.00423259	0.00202213	-0.00635139
53	0.00000000	C2 PAIR OFFSET (STRONG 4)
3	-1000000000.00000000	0.01733398	0.15551758
4	0.00000000	0.00000000	-0.01371292	0.00000000
54	0.00000000	C2 PAIR OFFSET (STRONG 5)
5	-1000000000.00000000	0.08642578	0.15551758	0.17260742	0.18969727
6	0.03380994	0.03380994	0.00000000	0.00894980	0.01146939	0.03380994
60	0.00000000	INTEN STRICT 2
5	-1000000000.00000000	0.02353463	0.03675883	0.07200206	0.08050232
6	0.01584417	0.01584417	-0.02047904	-0.00515932	0.00176870	0.01584417
61	0.00000000	NUM C2 STRICT 0
3	-1000000000.00000000	6.00000000	16.00000000
4	-0.00208315	-0.00208315	0.00199158	-0.00208315
62	0.00000000	INTEN C2 STRICT 0
4	-1000000000.00000000	0.01781538	0.02020538	0.04265177
5	0.00872323	0.00872323	-0.00261457	-0.00472716	0.00872323
63	0.00000000	NUM C2 STRICT 1
3	-1000000000.00000000	14.00000000	22.00000000
4	-0.01060971	-0.01060971	0.00000000	-0.01060971
66	0.00000000	INTEN C2 STRICT 2
3	-1000000000.00000000	0.04197860	0.12435819
4	0.00619885	0.00619885	0.00000000	0.00619885
69	0.00000000	DIFF WITH -2 # C2 PAIRS
5	-1000000000.00000000	-10.00000000	-1.00000000	2.00000000	3.00000000
6	0.04695733	0.04695733	0.01081413	0.00000000	0.01549041	0.04695733
71	0.00000000	DIFF WITH -2 # H2O PAIRS
3	-1000000000.00000000	-3.00000000	-1.00000000
4	0.01978121	0.04137001	0.01134829	0.00000000
73	0.00000000	DIFF WITH -2 INTEN PAIRS
3	-1000000000.00000000	-0.02051834	0.05190250
4	0.00000000	0.00000000	0.00201100	0.00000000
75	0.00000000	DIFF WITH -2 INTEN C2 PAIRS
2	-1000000000.00000000	-0.02994164
3	0.00000000	0.00000000	0.00202809
78	0.00000000	DIFF WITH -2 INTEN C2 H2O PAIRS
3	-1000000000.00000000	0.02641874	0.11255561
4	0.00872401	0.00872401	0.00000000	0.00872401
84	0.00000000	DIFF WITH -1 # C2 H2O PAIRS
4	-1000000000.00000000	-8.00000000	2.00000000	9.00000000
5	0.01363562	0.01363562	0.02783058	0.00000000	0.01363562
90	0.00000000	DIFF WITH -1 INTEN C2 H2O PAIRS
6	-1000000000.00000000	-0.11445272	-0.05181064	-0.04230519	0.00489106	0.04449131
7	0.04731020	0.04731020	0.02410320	0.01967803	0.00000000	0.01318855	0.04731020
93	0.00000000	DIFF WITH +1 # C2 PAIRS
3	-1000000000.00000000	-1.00000000	2.00000000
4	0.01033896	0.02042192	0.00200866	0.00000000
96	0.00000000	DIFF WITH +1 # C2 H2O PAIRS
3	-1000000000.00000000	-5.00000000	-1.00000000
4	0.01523882	0.01523882	0.00000000	0.01523882
101	0.00000000	DIFF WITH +1 INTEN H2O PAIRS
2	-1000000000.00000000	0.00016310
3	0.00201682	0.00000000	0.00201682
103	0.00000000	DIFF WITH +2 # PAIRS
3	-1000000000.00000000	3.00000000	5.00000000
4	0.00601881	0.00601881	0.00000000	0.00601881
105	0.00000000	DIFF WITH +2 # C2 PAIRS
7	-1000000000.00000000	-12.00000000	-8.00000000	-5.00000000	-4.00000000	-3.00000000	5.00000000
8	0.02282151	0.03017645	0.05330552	0.04716268	0.02744842	0.00894501	0.00000000	0.01283266
111	0.00000000	DIFF WITH +2 INTEN C2 PAIRS
3	-1000000000.00000000	-0.01749640	0.06321670
4	0.03095862	0.04856297	0.00000000	0.00415408
117	0.00000000	DIFF +1/-1 # C2 PAIRS
4	-1000000000.00000000	-4.00000000	0.00000000	8.00000000
5	0.00000000	0.00000000	0.01954102	0.02842241	0.01148066
119	0.00000000	DIFF +1/-1 # H2O PAIRS
3	-1000000000.00000000	-5.00000000	1.00000000
4	0.00201333	0.00201333	0.00000000	0.00201333
121	0.00000000	DIFF +1/-1 INTEN PAIRS
3	-1000000000.00000000	-0.01507548	0.02465220
4	0.02128647	0.02128647	0.00000000	0.02128647
123	0.00000000	DIFF +1/-1 INTEN C2 PAIRS
3	-1000000000.00000000	-0.15554063	0.04408335
4	0.00620805	0.00620805	0.00000000	0.00620805
125	0.00000000	DIFF +1/-1 INTEN H2O PAIRS
4	-1000000000.00000000	-0.06061753	-0.01160088	0.00000000
5	0.00000000	0.00000000	0.00416704	0.02953494	0.00000000
126	0.00000000	DIFF +1/-1 INTEN C2 H2O PAIRS
4	-1000000000.00000000	-0.10654628	0.00481812	0.08972978
5	0.00000000	0.00000000	0.00844017	0.00417357	0.00000000
