4
2 800.00 1200.00
0
3 0.0000 1.0000 0.0000 1.0000 0.0000 1.0000
3 0.0000 1.0000 0.0000 1.0000 0.0000 1.0000
3 0.0000 1.0000 0.0000 1.0000 0.0000 1.0000
3 0 0
139
1.91853889e+00
-2.64033875e+00
-2.08911758e-01
4.85421526e-01
-1.54770065e-02
-9.54854290e-01
2.90962602e+00
-3.17503761e+00
2.23624129e+00
4.71490978e-01
1.21564878e+00
-1.19393605e-01
2.44671624e-01
1.55882617e-01
-1.13199901e-01
2.84501428e-01
-2.73065722e-01
-3.65867578e-02
1.51811034e-01
9.19026505e-02
-2.33557114e-01
8.18882964e-02
-2.00041877e-01
-8.28070252e-02
1.20357355e-01
9.28599292e-02
2.02613350e-01
6.39804664e-02
-7.30241072e-02
-8.11868468e-01
6.98177983e-01
7.82631138e-02
8.14565133e-01
1.10397376e+00
-1.88635489e-01
-3.24134505e-01
-3.36443614e-01
1.57598941e-01
1.60126516e-01
-4.33648861e-01
-6.67121483e-01
5.89494301e-01
-2.48903205e-01
-8.21041067e-02
-5.05067933e-01
-1.10888891e-01
5.92044683e-01
8.06280887e-01
-1.99206573e-01
7.14714117e-01
1.20382478e+00
-1.01103953e-01
-9.20998080e-02
-3.93701118e-02
6.32097657e-02
-6.38451239e-02
-3.70926892e-01
-8.72880037e-02
6.61893858e-01
-9.98860893e-01
1.04455277e+00
-1.23590323e-01
1.42128016e-02
1.10804654e+00
-4.85688158e-01
2.24130860e-01
7.98378304e-02
-2.97072984e-01
9.43878162e-02
2.23971906e-01
-6.27222231e-02
-7.24054738e-02
7.49957820e-01
-1.12665654e+00
-1.25100490e-01
-5.16002643e-01
1.29196904e+00
-6.12023376e-01
3.11792261e-01
-3.93598780e-01
-7.34434148e+00
2.04545724e+00
7.26971570e+00
-1.42505353e-02
-6.79596072e-01
-2.44002886e-01
2.21483356e+00
-1.94229579e+00
-2.67967505e+00
-2.49668678e+00
-3.41161513e-02
1.01663424e-01
0.00000000e+00
-3.71462654e-01
0.00000000e+00
2.08917502e-02
0.00000000e+00
-1.08066915e-01
0.00000000e+00
7.91444779e-02
0.00000000e+00
-9.56774253e-02
0.00000000e+00
-6.36158921e-01
0.00000000e+00
-1.34142769e-01
0.00000000e+00
1.22837372e-02
0.00000000e+00
-8.01269518e-02
0.00000000e+00
1.09393684e-01
0.00000000e+00
-9.14143523e-02
0.00000000e+00
6.97826776e-01
0.00000000e+00
1.05505192e+00
0.00000000e+00
1.46487173e+00
0.00000000e+00
2.04017531e+00
0.00000000e+00
5.51752562e-01
0.00000000e+00
4.35550281e+00
0.00000000e+00
-5.82527277e-02
0.00000000e+00
-1.23894898e-02
0.00000000e+00
-9.71083471e-02
0.00000000e+00
1.12871776e-02
0.00000000e+00
9.13119145e-01
0.00000000e+00
-2.31532748e+00
0.00000000e+00
