#WEIGHT_SINGLE_STATE_SCORE 1.000
#WEIGHT_SINGLE_OFFSET_SCORE 1.000
#WEIGHT_MULTI_STATE_SCORE 1.000
#WEIGHT_MULTI_OFFSET_SCORE 1.000
#WEIGHT_TRANSFER_SCORE 1.000
#WEIGHT_COMBO_SCORE 3.000
#MULTY_AA_PENALTY -8.000
#BAD_DOUBLE_PENALTY -5.000
#PROBLEMATIC_PAIR_PENALTY -2.000
#TOLS 5 0.100 0.250 0.500 0.900 1000000000.000
0.124 -0.601 -1.505 0.072 -1.990 -1.541 -0.197 -0.131 -1.246 0.000 1.412 0.708 -0.698 0.437 -0.943 -0.650 -0.623 -1.472 -0.205 0.275 
0.201 -1.021 -0.998 0.577 -2.354 -1.568 -0.513 -0.669 -1.697 0.000 0.671 -0.581 -1.741 -0.225 -1.198 0.038 -0.842 -1.922 -0.526 0.922 
0.139 -0.989 -1.194 0.085 -1.996 -1.420 -0.598 -0.130 -1.948 0.000 0.473 -0.500 -1.211 0.055 -1.439 -0.357 -0.867 -1.668 -0.587 0.430 
0.660 -0.657 -0.863 0.382 -1.069 -0.900 -0.141 -0.175 -1.108 0.000 0.909 0.083 -0.562 0.458 -1.415 0.122 0.140 -1.600 0.808 0.419 
-0.872 -2.189 -2.011 -1.249 -3.868 -1.825 -1.768 -0.937 -2.376 0.000 -1.140 -1.026 -3.446 -2.121 -1.941 -1.225 -1.480 -3.470 -1.951 -1.015 
-0.983 -0.875 -1.634 -0.839 -2.924 -1.648 -1.031 -0.778 -1.695 0.000 0.035 -0.889 -2.241 -0.795 -1.487 -0.901 -1.099 -2.938 -1.012 -0.810 
0.040 -1.064 -1.261 -0.430 -2.619 -1.149 -0.139 -0.471 -1.511 0.000 0.338 -0.307 -1.963 -0.590 -1.810 -0.686 -0.484 -1.986 -0.262 -0.580 
0.775 0.843 0.785 1.789 -0.538 0.022 1.035 1.010 0.260 0.000 2.162 1.751 0.180 1.803 0.730 1.239 0.509 0.480 1.329 1.390 
1.013 -0.610 -0.302 0.551 -1.415 -0.858 0.295 0.655 -1.230 0.000 1.226 -0.395 -1.822 0.545 -0.211 0.433 0.074 -0.071 0.204 0.699 
0.000 0.000 0.000 0.000 0.000 0.000 0.000 0.000 0.000 0.000 0.000 0.000 0.000 0.000 0.000 0.000 0.000 0.000 0.000 0.000 
1.261 0.390 -0.242 0.670 -1.170 0.119 0.563 0.856 -0.224 0.000 1.586 1.130 -0.546 0.796 -0.058 0.568 0.020 -0.383 0.051 0.751 
1.650 -0.533 -0.236 0.927 -1.349 -0.392 0.816 0.672 -0.857 0.000 1.865 0.036 -1.088 1.146 -0.819 1.203 0.566 -0.648 0.797 1.286 
-0.393 -2.272 -1.468 -0.646 -3.251 -2.617 -2.008 -1.115 -3.041 0.000 -0.438 -0.959 -2.799 -1.740 -1.713 -0.318 -1.148 -4.346 -1.076 -1.027 
1.023 0.076 0.005 0.414 -0.817 -0.654 0.007 0.613 -0.661 0.000 0.824 0.395 -1.365 0.440 -1.600 0.732 0.080 -1.839 -0.074 0.360 
1.446 0.984 0.791 2.350 -0.563 0.339 1.864 1.283 1.129 0.000 2.305 2.086 -0.414 1.828 1.720 1.460 1.617 0.877 1.476 1.642 
0.572 -0.088 -0.015 1.479 -1.061 -0.136 0.852 0.750 -0.241 0.000 1.661 0.876 -0.475 1.258 1.041 0.571 1.124 -0.558 0.742 1.107 
-0.569 -1.227 -0.766 -0.222 -2.366 -1.452 -0.801 -0.151 -1.296 0.000 0.939 -0.384 -1.548 -0.187 -0.955 0.284 -0.293 -2.511 -0.370 -0.263 
-1.877 -2.013 -2.201 -1.600 -2.254 -2.319 -1.629 -1.403 -2.283 0.000 -0.653 -1.943 -3.047 -1.839 -2.928 -1.626 -1.440 -2.800 -2.638 -2.114 
0.357 -0.414 -0.373 0.482 -1.499 -1.096 0.118 0.282 -1.298 0.000 0.578 -0.558 -1.532 0.360 -1.262 0.467 -0.442 -1.616 -0.179 -0.056 
-0.234 -1.045 -0.958 0.132 -1.565 -1.531 -0.377 0.398 -1.276 0.000 1.028 -0.194 -1.690 -0.087 0.092 0.403 -0.720 -1.691 -0.252 0.578 
