4
2 800.00 1200.00
0
3 0.0000 1.0000 0.0000 1.0000 0.0000 1.0000
3 0.0000 1.0000 0.0000 1.0000 0.0000 1.0000
3 0.0000 1.0000 0.0000 1.0000 0.0000 1.0000
2 0 0
139
-1.25614233e-01
2.10574658e-01
4.45024656e-02
1.65527066e-01
-5.56218326e-02
-1.08005925e-01
1.43733971e+00
-1.77613137e+00
2.12976815e-01
5.27189424e-02
4.33560272e-02
-1.07463040e-01
-5.69733962e-02
-1.50184921e-01
1.71582852e-01
-2.04606582e-01
1.24748947e-02
-1.13287922e-01
-1.09049881e-01
-9.93638531e-03
2.95681652e-01
-3.59670036e-01
-1.32854883e-02
5.82491724e-03
-1.24099740e-01
5.20770052e-02
1.55063517e-01
-1.40247859e-01
2.57608191e-02
-2.14068731e-01
-1.76750648e-01
-5.11559639e-02
3.79470777e-01
-5.05085009e-01
-1.78002988e-01
9.73884925e-02
6.15152116e-01
1.01899839e-01
3.88204996e-02
-4.23118808e-01
1.68877455e-01
7.89513006e-02
-6.55968362e-02
5.88018249e-02
1.16838557e-01
-4.64693849e-02
6.57010030e-02
1.84687369e-01
-3.31176026e-02
2.43825175e-01
-3.69439408e-01
1.67985495e-01
1.11062438e-01
5.12868802e-01
5.61830882e-02
4.31269320e-02
-2.05410839e-01
-1.21110520e-02
1.59716382e-01
-1.74306722e-01
-3.05714934e-01
-8.81401362e-02
-1.68728767e-01
2.80176659e-01
-3.29327531e-01
-1.18567940e-01
1.82919980e-01
1.02283549e-01
4.57168937e-02
-4.30566433e-03
-2.17708056e-01
-8.07647536e-02
1.08708370e-01
3.64516754e-01
1.22260135e-01
-2.14475192e-01
5.14014782e-01
6.77121506e-02
-1.36687566e-02
-7.64448394e-03
-1.40339793e+00
-5.47129597e-01
1.82471255e+00
-4.58160908e-02
9.22167633e-02
-1.12808023e+00
1.00226540e+00
-9.39967370e-01
-1.33333505e+00
-6.21217745e-01
-1.84161041e+00
5.45643489e-02
0.00000000e+00
2.16468912e-01
0.00000000e+00
-2.67173046e-02
0.00000000e+00
6.82516405e-02
0.00000000e+00
1.52802493e-02
0.00000000e+00
7.11592377e-02
0.00000000e+00
-4.19822373e-02
0.00000000e+00
-1.93003698e-01
0.00000000e+00
1.73990375e-01
0.00000000e+00
3.18860204e-02
0.00000000e+00
4.81661385e-02
0.00000000e+00
-4.51310639e-02
0.00000000e+00
-3.55162886e-01
0.00000000e+00
-2.48434254e-01
0.00000000e+00
-3.83246509e-01
0.00000000e+00
-4.30621883e-01
0.00000000e+00
9.47775652e-03
0.00000000e+00
-3.70652787e-01
0.00000000e+00
-4.19975539e-02
0.00000000e+00
-2.90759718e-03
0.00000000e+00
1.25824236e-01
0.00000000e+00
7.70171183e-02
0.00000000e+00
-3.92724267e-01
0.00000000e+00
-5.99691050e-02
0.00000000e+00
2 0 1
139
4.86676239e-01
-1.74673776e-01
1.73267954e-02
-2.57259847e-01
-1.15458645e-02
-1.35867629e-01
-8.93016910e-02
8.10661300e-01
-2.33132303e-01
-9.94969020e-02
1.93821710e-01
-1.79487711e-01
6.66870582e-02
-1.40055172e-01
3.42593052e-01
1.38917865e-01
-2.23775347e-01
-5.65387229e-02
1.28598411e-01
3.91676855e-02
2.25801112e-01
7.22898239e-02
-4.94859432e-01
-1.22948601e-01
1.16790866e-01
-6.19099416e-02
6.66283848e-02
-1.79223642e-01
2.71083876e-01
-1.31596302e-01
-2.07515779e-01
-1.33136666e-01
6.49589725e-01
-1.62913485e-01
-1.81669262e-01
5.46868374e-02
1.36431045e+00
9.76811566e-02
-1.71782816e-01
-5.47524246e-01
5.36815560e-01
-2.58999636e-01
8.07381907e-01
-6.74595714e-01
-1.60331456e-01
1.45955596e-01
3.79224613e-01
9.58835052e-01
2.87177189e-01
5.06685929e-01
-2.00096894e-02
1.41381494e-01
1.68414171e-01
1.19438773e+00
-3.52555024e-02
-2.27882571e-01
-2.71777669e-01
6.39635569e-02
-1.37117146e-01
5.52759065e-01
-6.80777923e-01
1.88857797e-02
-2.58806450e-02
1.33369408e+00
5.48299183e-01
2.33490029e-01
1.34837095e-01
1.69923098e-01
1.32937264e-01
5.60985963e-02
-2.75746970e-01
-1.21879214e-01
2.54620791e-01
6.18261500e-03
1.71836657e-01
-9.54471443e-01
4.10535789e-01
-2.04281358e-01
-1.73878877e-01
-9.19359164e-03
-2.74874821e+00
1.23217045e+00
2.00480541e+00
-1.51504434e-01
-2.35853257e-01
-1.41158454e+00
1.89981163e+00
-8.63111425e-01
1.15522109e-02
-1.41572802e+00
-9.56420925e-01
2.24840190e-02
0.00000000e+00
-5.56176194e-02
0.00000000e+00
-4.66726934e-02
0.00000000e+00
-3.15982153e-02
0.00000000e+00
-1.22453721e-01
0.00000000e+00
-1.34147019e-01
0.00000000e+00
6.51015537e-02
0.00000000e+00
1.94864807e-01
0.00000000e+00
4.97135836e-02
0.00000000e+00
8.30141004e-03
0.00000000e+00
6.48065143e-02
0.00000000e+00
1.45034512e-01
0.00000000e+00
-2.47732113e-01
0.00000000e+00
-2.86424548e-01
0.00000000e+00
-5.53918843e-01
0.00000000e+00
-5.05777319e-01
0.00000000e+00
-1.18169347e-02
0.00000000e+00
-2.95688613e-01
0.00000000e+00
7.57810279e-02
0.00000000e+00
1.02548804e-01
0.00000000e+00
-1.50929285e-02
0.00000000e+00
-1.36733166e-01
0.00000000e+00
-5.42101909e-01
0.00000000e+00
-2.10088702e-01
0.00000000e+00
2 0 2
139
-5.12397279e-03
-2.91422858e-03
-2.96123837e-01
-1.51236563e+00
3.13864587e-01
1.28120516e+00
-1.13797239e-01
-1.33461557e+00
1.44358570e+00
-2.06076466e+00
-7.38818920e-01
-2.28307690e+00
-3.10513263e+00
6.03046990e-01
-1.02886763e+00
-7.34688922e-04
1.43772869e+00
-1.57706622e+00
-5.74004897e-02
1.30701879e+00
2.05850057e-01
1.29497957e-01
-1.39275520e+00
-7.06011028e-01
-1.23471787e+00
-3.04773196e+00
-1.30232531e-01
-7.03971761e-01
2.83048389e+00
-2.97146452e+00
-2.55417707e+00
-8.27325565e-01
5.49511823e-01
-5.54635795e-01
-1.11400278e+00
-1.34743949e+00
1.12874374e+00
-1.43795480e+00
-1.03247639e+00
1.86176712e+00
0.00000000e+00
8.42990628e-01
-1.83601996e+00
2.08100535e+00
0.00000000e+00
3.87309931e+00
1.23832201e+00
1.15861932e+00
-4.10204174e-01
-2.78022305e-01
2.72898332e-01
-1.54872806e-01
5.44057530e-01
-6.17645749e-01
1.48933059e+00
-2.02318607e+00
-2.23907295e-01
2.38726557e+00
-4.42520738e-01
-1.22063695e+00
-1.18113587e-02
3.52521992e+00
-5.56311651e-01
-5.06363994e-01
-1.81960589e-01
2.15039766e+00
4.59509516e-01
1.74638959e+00
-2.92728507e+00
9.90710572e-01
2.08567454e+00
1.28551238e+00
-6.15383149e-01
2.09281683e+00
4.42941127e+00
1.74468607e+00
1.34057995e+00
2.78019464e+00
-2.79676795e+00
-1.96853365e-01
-5.95223194e-01
1.10608704e+00
-5.15690673e-01
-7.87451059e-01
5.74026610e-01
4.83781270e-01
-4.88607850e-01
3.72064869e+00
5.74068944e-01
4.16996693e-01
-1.41036574e+00
3.49501856e+00
0.00000000e+00
-1.91238973e+00
0.00000000e+00
2.33755149e+00
0.00000000e+00
1.18657871e+00
0.00000000e+00
1.40179502e+00
0.00000000e+00
-2.95606548e+00
0.00000000e+00
-7.93261356e-01
0.00000000e+00
-5.44661544e+00
0.00000000e+00
1.50536387e+00
0.00000000e+00
1.18657871e+00
0.00000000e+00
6.29713201e-01
0.00000000e+00
-7.65402683e-02
0.00000000e+00
9.42786868e-03
0.00000000e+00
-1.62246539e-02
0.00000000e+00
-8.78982188e-02
0.00000000e+00
-4.37840795e-02
0.00000000e+00
1.74606818e-02
0.00000000e+00
-1.13556863e-01
0.00000000e+00
9.35756463e-01
0.00000000e+00
4.14264419e+00
0.00000000e+00
8.75650673e-01
0.00000000e+00
1.26311898e+00
0.00000000e+00
-1.05358903e-01
0.00000000e+00
6.97727855e-02
0.00000000e+00
3 0 0
139
6.91439855e-01
-6.73631859e+00
-7.19884622e-01
-6.99040296e-01
4.08723192e-01
7.87109149e-01
8.66068840e-01
2.24406916e+00
-2.42247200e+00
7.30183481e-01
2.73433020e-01
1.95523172e-01
6.30704862e-01
-2.88769754e-01
-4.98428717e-01
-1.06456023e+00
-2.74239303e-01
1.13291392e-01
1.32852990e+00
-3.14198565e-01
-3.72257762e-01
-1.95482553e+00
-5.57289502e-02
8.22308709e-02
-1.26170876e-01
-6.97825064e-01
8.90265209e-01
2.54290033e-02
-2.18510625e-01
1.32572574e+00
-4.77934985e-01
-2.18965836e+00
6.32315435e-01
5.91244202e-02
-7.16254384e-02
-7.11447802e-02
8.33742054e-01
9.69027078e-02
5.85163470e-02
-1.77729933e+00
7.83936329e-01
3.52803531e-01
-1.79686418e-01
3.92355040e-01
-4.63392415e-01
-2.98852675e-01
2.41832812e-01
-2.87151894e-01
-1.81042821e-01
4.93640570e-01
1.97799285e-01
1.88469468e-01
7.95245942e-02
8.19406974e-01
2.05187220e-02
-2.44778690e-02
-9.52889404e-01
3.53986539e-01
5.72224703e-01
-1.93551139e-01
-7.30518960e-01
8.08093452e-03
-6.04792389e-01
7.13072729e-01
4.12949914e-01
2.71797269e-02
1.43935179e-01
1.43333839e-02
7.63854649e-02
8.30014171e-02
-8.24411253e-01
-2.19419161e-01
1.38625394e-02
1.12287415e+00
3.05936317e-01
-4.71237401e-01
-7.00102443e-01
2.57160592e-01
-4.86015271e-01
5.77295688e-03
-2.20734288e+00
3.01115698e+00
-1.16151032e-01
-1.90159954e-01
-3.29315631e-02
-1.17751885e+00
1.86518101e+00
2.91568931e-01
2.01472611e-01
-8.25551880e-01
2.89258834e+00
8.93703801e-02
0.00000000e+00
1.26424867e-01
0.00000000e+00
-2.05606136e-01
0.00000000e+00
-5.98618575e-02
0.00000000e+00
-1.14638124e-01
0.00000000e+00
-5.03826191e-03
0.00000000e+00
-1.75887153e-01
0.00000000e+00
-1.72139610e-01
0.00000000e+00
8.87636229e-02
0.00000000e+00
-8.79398451e-03
0.00000000e+00
2.79583369e-01
0.00000000e+00
9.13158916e-02
0.00000000e+00
1.03084112e+00
0.00000000e+00
8.32948178e-01
0.00000000e+00
2.67410638e+00
0.00000000e+00
2.26351992e+00
0.00000000e+00
-3.60033556e-01
0.00000000e+00
-2.56883021e-01
0.00000000e+00
-9.09680113e-02
0.00000000e+00
-5.48235956e-02
0.00000000e+00
-1.90819771e-01
0.00000000e+00
-1.00109758e-01
0.00000000e+00
3.03413992e+00
0.00000000e+00
2.52040292e+00
0.00000000e+00
3 0 1
139
4.90204523e-01
-6.89739401e+00
-3.65607206e-01
-7.53323347e-01
7.51414943e-01
-1.48761836e-01
-3.66743312e+00
5.93733260e+00
-1.77635381e+00
4.04823905e-01
3.94390278e-01
2.44059203e-01
1.21079958e+00
-5.71146987e-01
-1.30314495e+00
-7.61149811e-01
-2.40442310e-01
1.51499384e-01
2.60037701e+00
-5.52183697e-01
-1.00863875e+00
-1.70181775e+00
2.91974155e-01
9.25573821e-02
-2.94506954e-01
-1.38957641e+00
9.40667634e-01
-1.89607430e-02
-5.32416137e-01
1.05361571e+00
2.05908508e+00
-4.12584658e+00
1.16168031e+00
-6.71475782e-01
-3.08334005e-01
2.83516581e-01
-1.89968513e+00
1.20915561e+00
-2.93468391e-01
1.35494645e+00
-1.43578188e+00
-3.46279736e-01
-5.97732175e-01
-2.40954192e+00
-1.76066166e-01
1.60096278e-01
5.06090314e-01
5.82417202e+00
6.21108664e-01
9.70696109e-01
-4.80491586e-01
-1.54351151e-01
5.38229995e-01
-2.32076433e+00
1.08080208e+00
-4.88313085e-02
1.83802125e+00
7.99513575e-01
-2.94651089e-01
-1.51353205e+00
3.30279329e-01
9.21854374e-02
7.16370625e-01
1.68958400e+00
3.73683152e+00
3.27490340e-01
3.55240516e-01
4.21080770e-01
1.28347910e-01
-2.44640754e-01
-4.83074761e-01
-5.16417209e-02
9.15807143e-01
-2.73982017e+00
-5.56264608e-01
-1.18349632e+00
2.08734028e+00
1.41774201e-01
-6.16020631e-01
-4.20359491e-02
-6.22077331e-02
1.06817928e+00
-5.12419917e-01
-4.74100176e-01
-4.21580713e-02
2.08234793e+00
-1.58879825e+00
-6.97959843e-01
3.67139603e-01
-1.87024465e+00
4.60168817e+00
6.44422405e-02
0.00000000e+00
-4.95875935e-02
0.00000000e+00
-4.90417092e-01
0.00000000e+00
-1.23511127e-01
0.00000000e+00
-1.89886839e-01
0.00000000e+00
-3.14288790e-01
0.00000000e+00
-7.66945947e-02
0.00000000e+00
-8.21247852e-02
0.00000000e+00
1.72025610e-01
0.00000000e+00
-7.68318948e-02
0.00000000e+00
1.54381029e-01
0.00000000e+00
4.02750445e-01
0.00000000e+00
2.37249368e+00
0.00000000e+00
9.90230353e-01
0.00000000e+00
2.93449475e+00
0.00000000e+00
1.61999488e+00
0.00000000e+00
-5.88338228e-01
0.00000000e+00
6.02801621e-02
0.00000000e+00
-3.00530253e-01
0.00000000e+00
1.90777663e-01
0.00000000e+00
1.76445622e-02
0.00000000e+00
-4.79582624e-01
0.00000000e+00
3.52283299e+00
0.00000000e+00
1.55971472e+00
0.00000000e+00
3 0 2
139
7.34198624e-02
8.78824554e-02
-4.50052677e-01
4.35912269e-01
-7.17702480e-01
1.60821298e+00
-6.54068897e-01
-1.99337244e-02
7.46299378e-01
3.30075885e+00
1.40258645e+00
-1.26547609e+00
3.04730097e+00
-5.94294539e+00
-1.42573497e+00
9.72953012e-01
9.53844688e-01
-3.77308379e-01
-2.22889032e-01
-3.27422735e+00
-9.63730775e-01
-3.39744184e-01
2.90095367e-01
-8.88167080e-01
-4.62004577e-01
3.27019011e+00
1.31269720e+00
-2.66871820e+00
6.63749347e-01
-2.77103914e-01
-4.61283477e-01
-1.40360380e-01
1.03333788e+00
-9.59918019e-01
-2.52069381e+00
-1.37617839e+00
6.69655380e-01
-1.30938371e+00
1.57191978e-01
-7.37945245e-02
0.00000000e+00
6.18436302e-01
8.02463965e-01
8.55984265e-01
0.00000000e+00
-4.40502162e+00
-6.91708295e-01
-7.37282199e-01
5.28830316e-01
1.68840050e+00
-1.61498064e+00
-7.04136761e+00
-3.33911517e+00
-6.45422406e-02
1.12595314e-01
-1.42318102e+00
1.44477545e-01
9.00742225e-01
-7.68553925e-01
1.49908701e-01
-2.47327474e-01
1.02089111e-01
-1.18335312e+00
-5.83105617e-01
-2.73771548e-01
-1.32362392e+00
3.86336010e+00
7.34197815e-01
-1.42198061e+00
1.58037356e+00
-2.18272300e-01
1.38698981e+00
6.52555210e-01
1.10331194e+00
-3.22166793e+00
-1.08603018e-01
-4.63510669e-01
3.61924401e+00
-4.66332044e-01
-2.27654571e+00
4.36657054e-01
8.13212191e-01
-1.17757162e+00
-8.26123971e-01
1.70249054e+00
-5.59625172e-01
6.31922336e-01
-4.86005007e-03
-1.60117279e+00
6.78063424e-02
-7.59101406e-01
2.93387219e-02
0.00000000e+00
-2.38752322e+00
0.00000000e+00
9.23272405e-01
0.00000000e+00
-2.74682975e+00
0.00000000e+00
-2.48024752e-01
0.00000000e+00
-2.48593561e+00
0.00000000e+00
1.17595722e+00
0.00000000e+00
-1.44500257e+00
0.00000000e+00
2.16750543e+00
0.00000000e+00
-8.61788439e-01
0.00000000e+00
-2.48024752e-01
0.00000000e+00
-2.81520864e+00
0.00000000e+00
4.99158252e-02
0.00000000e+00
-3.69983614e-02
0.00000000e+00
-6.91841914e-02
0.00000000e+00
7.79902365e-02
0.00000000e+00
4.82501298e-03
0.00000000e+00
2.72577705e-03
0.00000000e+00
1.17129716e+00
0.00000000e+00
-2.60894143e-01
0.00000000e+00
2.41553018e+00
0.00000000e+00
1.95342020e+00
0.00000000e+00
-7.40092040e-02
0.00000000e+00
7.52644626e-02
0.00000000e+00
3 2 0
139
1.40654688e+00
-1.01482678e+01
-1.21667456e+00
-1.05085309e+00
5.35440127e-01
1.14881079e+00
-7.07994300e-01
5.72679363e+00
-3.61795309e+00
1.78841100e+00
4.58877718e-01
4.67687469e-01
6.07292785e-01
-1.13947735e-01
-1.10471048e+00
-9.59448615e-01
-1.07122713e+00
4.04798582e-01
1.26820180e+00
6.86357316e-03
-1.03170182e+00
-1.34963701e+00
-1.12345946e+00
6.28883211e-02
-7.30080158e-02
-6.60909149e-01
3.90188505e-01
-1.20810758e-01
5.22319256e-02
1.79066614e+00
7.36169730e-01
-2.31731189e+00
-1.19934705e+00
2.60589393e+00
6.16439485e-01
-1.50199710e+00
-1.53264273e+00
4.15139311e-01
-8.60618889e-02
-2.40576571e+00
-3.48658737e+00
7.72525511e-01
-6.93361636e-01
1.16220859e+00
-2.15553807e+00
-3.38211944e-01
2.98079815e-01
8.96081939e-01
-1.56787985e+00
-9.84415838e-01
2.39096272e+00
-4.52992667e-01
-7.69095916e-01
-1.39649485e+00
4.13937995e-01
-3.21102885e-01
-5.21080510e-01
-2.56929666e-02
8.52409279e-01
-5.04197312e-01
2.02015101e-01
4.30725339e-01
4.82678515e-02
-8.30642881e-02
1.59858328e+00
1.72622966e-01
-5.23193881e-01
-1.36149304e-01
1.20368166e-03
2.35044442e-01
-1.88468521e+00
-7.98886555e-02
-1.89162543e-01
9.60193367e-01
-3.86479455e-01
3.81146967e-01
-7.02501262e-01
4.56455044e-01
-8.47092858e-01
-1.92647932e-01
2.70144705e+00
6.17806907e+00
-7.47866895e+00
-5.63392885e-01
-1.98914925e-02
1.83304521e+00
-4.32199359e-01
3.55384357e+00
3.11844940e+00
7.63195566e-01
8.64880370e+00
1.12351575e-01
0.00000000e+00
-9.76676034e-02
0.00000000e+00
-5.10334449e-02
0.00000000e+00
2.81331206e-02
0.00000000e+00
1.13147315e-01
0.00000000e+00
-1.09837843e-02
0.00000000e+00
-1.08168084e+00
0.00000000e+00
-5.43212710e-02
0.00000000e+00
-3.82814283e-01
0.00000000e+00
-2.35696779e-01
0.00000000e+00
-1.24477939e-01
0.00000000e+00
2.94534531e-01
0.00000000e+00
2.66110324e+00
0.00000000e+00
1.58831781e+00
0.00000000e+00
4.78993909e+00
0.00000000e+00
4.07862335e+00
0.00000000e+00
7.30060181e-03
0.00000000e+00
-1.64503473e-01
0.00000000e+00
-1.64180760e-01
0.00000000e+00
3.91169049e-02
0.00000000e+00
-2.58336467e-01
0.00000000e+00
-5.30231207e-01
0.00000000e+00
4.78263848e+00
0.00000000e+00
4.24312681e+00
0.00000000e+00
3 2 1
139
-5.98681956e-02
-5.83912231e+00
-1.00993313e+00
-7.67221750e-01
7.13721466e-01
1.22256501e+00
-1.54979674e+00
5.61499704e+00
-4.12240159e+00
1.07206592e+00
-2.99054673e-01
1.92130832e-01
5.52189362e-01
-7.87005184e-01
-1.04328692e+00
-3.29149645e-01
7.42719722e-01
2.44058464e-01
1.29463288e+00
-7.65852979e-01
-9.63036972e-01
-7.08390083e-01
1.24499533e+00
-5.19286114e-02
-8.02501538e-02
-7.42443472e-01
3.79240609e-01
-2.11514092e-02
-5.02275243e-01
1.93855550e+00
5.63892542e-01
-1.54946387e+00
-7.88571379e-01
7.28703184e-01
4.64022659e-01
-5.14352930e-01
-2.17171878e+00
7.10837262e-01
-1.23355243e-01
7.15034253e-01
-2.66440571e+00
-1.78369839e-01
-5.67499562e-01
-2.45532112e-01
-1.83235976e-01
-3.82109482e-01
1.20004576e-01
1.20718851e+00
-2.97640440e-01
-6.00903063e-01
5.41034868e-01
-3.22992682e-01
-1.48888288e-01
-1.72162249e+00
5.66128256e-01
3.36503764e-02
9.65331152e-01
2.60652148e-02
-3.89685250e-03
-9.96957051e-01
9.04379851e-01
-9.10873731e-02
-6.40228432e-01
5.56198465e-01
9.79079575e-01
-1.74551861e-01
-3.29122564e-01
-4.50094897e-01
1.44709366e-01
-1.57002811e-01
-2.50296747e-01
-1.74477322e-01
4.29462590e-01
-1.14991153e+00
2.58124743e-01
-4.36195008e-01
2.28109127e-01
4.99844171e-01
-3.79834049e-01
3.91252846e-02
7.46514498e+00
-8.49686457e-01
-6.67265769e+00
-2.87658527e-01
4.46801432e-01
3.47356611e+00
-3.53076686e+00
2.53277336e+00
1.69004658e+00
-1.47226111e+00
9.77769327e+00
8.61061582e-02
0.00000000e+00
-3.33468806e-01
0.00000000e+00
-3.62305937e-01
0.00000000e+00
7.62751898e-02
0.00000000e+00
-9.48965562e-03
0.00000000e+00
-3.71069369e-02
0.00000000e+00
-5.17763030e-01
0.00000000e+00
3.40749991e-01
0.00000000e+00
2.59318311e-02
0.00000000e+00
-1.33898194e-01
0.00000000e+00
1.45176306e-01
0.00000000e+00
3.50660783e-01
0.00000000e+00
2.05829650e+00
0.00000000e+00
1.00666984e+00
0.00000000e+00
3.28169514e+00
0.00000000e+00
2.47351921e+00
0.00000000e+00
-1.16494991e-01
0.00000000e+00
2.41616528e-01
0.00000000e+00
-3.52816281e-01
0.00000000e+00
1.13382127e-01
0.00000000e+00
-1.19244473e-01
0.00000000e+00
-4.84559159e-01
0.00000000e+00
3.39819012e+00
0.00000000e+00
2.23190268e+00
0.00000000e+00
3 2 2
139
5.03360532e-02
-1.77902819e-01
-3.58965275e-01
1.68624297e+00
-1.15867358e+00
2.04817449e-01
-6.92897573e-02
7.37974535e-01
-6.19291384e-01
1.21874390e+00
-2.03398908e+00
1.82093428e+00
7.40424446e+00
-3.11787343e+00
4.98415328e-01
2.18766071e+00
-1.98250818e+00
1.47239362e+00
2.13401381e-01
-2.30760531e+00
-1.27880357e+00
-2.10871123e-02
1.16977280e-01
3.48541020e-01
1.77721904e+00
7.19084316e+00
2.20874776e+00
-8.10268084e-01
-2.09948544e+00
1.25391897e+00
9.63652690e-01
3.43360059e-01
-1.61498147e-01
2.11834200e-01
4.08156430e-01
6.35502601e-01
-1.18716743e+00
-6.21205570e-01
-1.40552176e+00
-9.56614033e-01
0.00000000e+00
-2.04453845e+00
1.05765909e+00
-6.47807716e-01
0.00000000e+00
-2.18709392e+00
8.02126996e-01
4.03343200e-02
2.11834200e-01
6.93921172e-01
-6.43585119e-01
0.00000000e+00
-3.52777930e+00
2.58873496e-01
-9.86689150e-01
1.22717466e+00
-7.59547130e-02
-1.36399535e+00
-1.36139426e+00
-7.69934951e-01
-3.29497159e-01
3.26582001e+00
-5.66464958e-02
5.70810240e-02
-2.02322763e-02
-1.09732703e+00
1.14976105e+00
-1.44604096e+00
3.65482322e-01
-2.63269652e+00
-8.80659477e-01
-6.83143171e-01
1.82759443e+00
-3.18310613e-01
-2.13044746e+00
7.45045882e-01
6.05665784e-02
1.99682998e+00
-2.30490289e+00
6.81495776e-01
2.91666952e-01
-4.26039703e-01
1.83766004e-01
-7.37276472e-01
1.11069925e+00
-6.85389194e-01
7.34783050e-01
1.96798786e-02
4.13660947e-01
1.09954368e+00
2.06142876e-01
-4.90892616e+00
0.00000000e+00
1.49380645e+00
0.00000000e+00
-7.27934677e-01
0.00000000e+00
-1.32107874e-01
0.00000000e+00
-3.77912119e-01
0.00000000e+00
1.59675841e+00
0.00000000e+00
1.43201610e+00
0.00000000e+00
2.16588893e+00
0.00000000e+00
-8.29828225e-02
0.00000000e+00
-1.32107874e-01
0.00000000e+00
-1.88956060e-01
0.00000000e+00
4.43270918e-01
0.00000000e+00
5.29184740e-02
0.00000000e+00
3.14637149e-02
0.00000000e+00
3.78519323e-02
0.00000000e+00
6.90408306e-02
0.00000000e+00
7.76060378e-03
0.00000000e+00
5.73704220e-02
0.00000000e+00
-3.50022558e-01
0.00000000e+00
-1.72886629e+00
0.00000000e+00
1.05973237e-01
0.00000000e+00
-5.75378792e-01
0.00000000e+00
3.00913285e-02
0.00000000e+00
1.16704082e-02
0.00000000e+00
