0.1 1.00728
4
0
0
2 1252.673 1487.758
1 1816.902
0
1 0.000
3 -0.001 -0.002 -0.002
2 -0.002 -0.000
0
0
3
0
127
58
0	0.00000000	OFFSET FROM MEASURED M/Z
6	-1000000000.00000000	-0.70062256	-0.45062256	-0.20059204	-0.00061035	0.19940186
7	-2.85474022	-2.85474022	0.60733170	-1.02522015	0.75735043	0.70742999	-2.85474022
1	0.00000000	OFFSET FROM MEASURED M/Z, NUM PAIRS <=2
6	-1000000000.00000000	-0.75057983	-0.50061035	-0.45062256	-0.15063477	0.19940186
7	-0.61122999	-0.61122999	0.01282743	-0.09956227	-0.89128200	-0.33335655	-0.61122999
2	0.00000000	OFFSET FROM MEASURED M/Z, NUM PAIRS <=4
3	-1000000000.00000000	-0.50057983	-0.05059814
4	0.03588697	0.03588697	0.00000000	0.03588697
3	0.00000000	OFFSET FROM MEASURED M/Z, NUM PAIRS >4
3	-1000000000.00000000	-0.95062256	-0.00057983
4	0.00000000	0.00000000	0.48254067	0.00000000
6	0.00000000	OFFSET FROM MEASURED M/Z, NUM C2 PAIRS <=2
5	-1000000000.00000000	-0.70062256	-0.45062256	-0.20062256	0.19940186
6	-0.33125846	-0.33125846	-0.15177870	-0.33125846	-0.07037198	-0.33125846
8	0.00000000	OFFSET FROM MEASURED M/Z, NUM C2 PAIRS >4
5	-1000000000.00000000	-0.35058594	-0.05059814	-0.00061035	-0.00057983
6	0.00157269	0.00157269	-0.32825685	0.09374709	0.04366786	0.00157269
11	0.00000000	# PAIRS
3	-1000000000.00000000	3.00000000	6.00000000
4	0.03322599	0.03322599	-0.04800551	0.03322599
15	0.00000000	# H2O PAIRS
3	-1000000000.00000000	3.00000000	6.00000000
4	-0.02676086	-0.03545596	-0.02344882	0.03706989
17	0.00000000	INTEN PAIRS
3	-1000000000.00000000	0.02563265	0.07900720
4	0.00029698	-0.00632338	-0.02725963	0.03950255
19	0.00000000	INTEN C2 PAIRS
3	-1000000000.00000000	0.02785594	0.03869926
4	-0.01484157	-0.03509381	-0.01196086	0.02441553
21	0.00000000	INTEN H2O PAIRS
2	-1000000000.00000000	0.06887195
3	-0.01041444	-0.01889714	0.02554099
22	0.00000000	INTEN C2 H2O PAIRS
5	-1000000000.00000000	0.01063646	0.01469390	0.01982329	0.02685977
6	-0.02671060	-0.06429918	-0.01712050	0.00140596	0.07322237	0.09517149
26	0.00000000	AVG OFFSET TOP (STRONG 5)
3	-1000000000.00000000	0.02036133	0.02358398
4	0.02274963	0.03718965	0.00000000	0.01440510
27	0.00000000	AVG OFFSET TOP (STRONG 6)
6	-1000000000.00000000	0.01906331	0.01963297	0.02070109	0.02187093	0.02260335
7	0.07258434	0.07258434	0.04204906	0.06416843	0.07258434	0.03053528	0.07258434
34	0.00000000	WEIGHTED MEAN OFFSET PAIRS
6	-1000000000.00000000	0.00123879	0.00203451	0.00642904	0.05914985	0.16819255
7	0.03635951	0.05400249	-0.05241522	-0.06069450	-0.00893223	0.02317210	0.03163988
37	0.00000000	MEAN OFFSET C2 PAIRS
4	-1000000000.00000000	0.01812744	0.02441406	0.34090170
5	-0.00640887	-0.00640887	0.01041450	0.01480210	-0.00640887
45	0.00000000	PAIR OFFSET (STRONG 1)
8	-1000000000.00000000	0.00537109	0.00659180	0.00781250	0.01196289	0.02087402	0.02539062	0.03149414
9	0.18647473	0.25092663	0.23127092	0.14889969	0.08227381	0.03282185	0.06722731	0.03440546	0.06227340
46	0.00000000	PAIR OFFSET (STRONG 2)
4	-1000000000.00000000	0.00427246	0.00671387	0.03161621
5	0.07819431	0.07819431	0.02937529	0.00000000	0.07819431
47	0.00000000	PAIR OFFSET (STRONG 3)
3	-1000000000.00000000	0.00653076	0.01940918
4	0.01310997	0.01310997	0.00000000	0.01310997
48	0.00000000	PAIR OFFSET (STRONG 4)
2	-1000000000.00000000	0.00781250
3	-0.00474372	0.00000000	-0.01810725
50	0.00000000	C2 PAIR OFFSET (STRONG 1)
6	-1000000000.00000000	0.00134277	0.00390625	0.00903320	0.01989746	0.03009033
7	0.04053966	0.05200740	0.07706895	0.08132593	0.11112032	0.08453687	0.00000000
56	0.00000000	INTEN STRICT 0
3	-1000000000.00000000	0.03315556	0.05121716
4	0.00522797	0.00012081	-0.03412805	0.03603903
57	0.00000000	NUM STRICT 1
2	-1000000000.00000000	2.00000000
3	-0.00824452	-0.01126986	0.00282477
58	0.00000000	INTEN STRICT 1
5	-1000000000.00000000	0.00856319	0.01365796	0.02076264	0.03385602
6	-0.12546210	-0.16822349	-0.08238819	0.05745739	0.07000845	0.08612709
60	0.00000000	INTEN STRICT 2
4	-1000000000.00000000	0.00847385	0.01358193	0.03366109
5	-0.03106540	-0.03106540	0.02811419	0.04328834	-0.03106540
62	0.00000000	INTEN C2 STRICT 0
3	-1000000000.00000000	0.00000000	0.01280586
4	0.00135988	0.00135988	0.00000000	0.00135988
66	0.00000000	INTEN C2 STRICT 2
2	-1000000000.00000000	0.00484159
3	-0.01683539	-0.02343942	0.01613086
67	0.00000000	DIFF WITH -2 # PAIRS
3	-1000000000.00000000	-4.00000000	-1.00000000
4	0.02385084	0.02385084	0.00000000	0.02385084
71	0.00000000	DIFF WITH -2 # H2O PAIRS
4	-1000000000.00000000	-2.00000000	0.00000000	2.00000000
5	0.01106098	0.01106098	0.00000000	0.00680137	0.01106098
72	0.00000000	DIFF WITH -2 # C2 H2O PAIRS
3	-1000000000.00000000	-1.00000000	0.00000000
4	0.03992960	0.03992960	0.00000000	0.03992960
77	0.00000000	DIFF WITH -2 INTEN H2O PAIRS
6	-1000000000.00000000	-0.01493022	-0.00847116	0.00000000	0.02051282	0.03668465
7	0.06174938	0.06174938	0.04309821	0.00000000	0.01167315	0.01454849	0.06174938
78	0.00000000	DIFF WITH -2 INTEN C2 H2O PAIRS
4	-1000000000.00000000	-0.01804256	-0.00363494	0.00747187
5	0.01483006	0.01190170	0.00510357	0.00000000	0.01618824
79	0.00000000	DIFF WITH -1 # PAIRS
4	-1000000000.00000000	-2.00000000	0.00000000	3.00000000
5	0.14595308	0.14595308	0.00000000	0.04893176	0.14320364
83	0.00000000	DIFF WITH -1 # H2O PAIRS
2	-1000000000.00000000	-2.00000000
3	0.01174357	0.01602225	0.00000000
84	0.00000000	DIFF WITH -1 # C2 H2O PAIRS
3	-1000000000.00000000	-2.00000000	0.00000000
4	0.00290939	0.00290939	0.00000000	0.00154674
87	0.00000000	DIFF WITH -1 INTEN C2 PAIRS
3	-1000000000.00000000	-0.00117155	0.02172818
4	0.09079292	0.09079292	0.00000000	0.09079292
89	0.00000000	DIFF WITH -1 INTEN H2O PAIRS
5	-1000000000.00000000	-0.07684804	-0.00229432	0.01823934	0.03335907
6	0.02831820	0.02831820	0.02967693	0.00000000	0.00432246	0.02831820
90	0.00000000	DIFF WITH -1 INTEN C2 H2O PAIRS
6	-1000000000.00000000	-0.00424456	-0.00005963	0.00464452	0.00787249	0.02109980
7	0.09015575	0.09015575	0.04633588	0.00000000	0.01288237	0.04568151	0.09015575
91	0.00000000	DIFF WITH +1 # PAIRS
4	-1000000000.00000000	-3.00000000	-2.00000000	3.00000000
5	0.10613397	0.10613397	0.05793544	0.00000000	0.10613397
93	0.00000000	DIFF WITH +1 # C2 PAIRS
2	-1000000000.00000000	-1.00000000
3	0.02504828	0.02676107	0.00000000
95	0.00000000	DIFF WITH +1 # H2O PAIRS
2	-1000000000.00000000	-2.00000000
3	0.00715968	0.01017842	0.00000000
97	0.00000000	DIFF WITH +1 INTEN PAIRS
9	-1000000000.00000000	-0.19187282	-0.06218455	-0.02896131	-0.01572709	-0.00023036	0.00684335	0.02247517	0.04820095
10	1.32461024	1.32461024	1.25095304	0.45348308	0.37183863	0.26697053	0.14398620	0.15370845	0.32905645	1.32461024
99	0.00000000	DIFF WITH +1 INTEN C2 PAIRS
6	-1000000000.00000000	-0.01196514	-0.00718292	0.00695445	0.01160059	0.01987440
7	0.08345528	0.08345528	0.05509908	0.00000000	0.02035454	0.06866031	0.08345528
101	0.00000000	DIFF WITH +1 INTEN H2O PAIRS
9	-1000000000.00000000	-0.08311906	-0.03396152	-0.01031331	-0.00602020	0.00082836	0.00948625	0.01650856	0.03117564
10	0.24657655	0.24657655	0.22495602	0.19121747	0.04021397	0.00000000	0.04256216	0.06430049	0.18824034	0.24657655
102	0.00000000	DIFF WITH +1 INTEN C2 H2O PAIRS
3	-1000000000.00000000	-0.00391975	0.01826232
4	0.06555852	0.06555852	0.00000000	0.06555852
103	0.00000000	DIFF WITH +2 # PAIRS
4	-1000000000.00000000	-3.00000000	0.00000000	3.00000000
5	0.06964276	0.06964276	0.00000000	0.05796269	0.06964276
107	0.00000000	DIFF WITH +2 # H2O PAIRS
5	-1000000000.00000000	-3.00000000	-2.00000000	1.00000000	2.00000000
6	0.03478905	0.03478905	0.03202571	0.00000000	0.02853328	0.03478905
108	0.00000000	DIFF WITH +2 # C2 H2O PAIRS
2	-1000000000.00000000	1.00000000
3	0.00575844	0.00996127	0.00000000
109	0.00000000	DIFF WITH +2 INTEN PAIRS
7	-1000000000.00000000	-0.01605142	-0.00471907	0.00153115	0.00596379	0.01126152	0.05339818
8	0.15469144	0.15469144	0.12844838	0.00000000	0.01476836	0.07007425	0.13387315	0.20999733
111	0.00000000	DIFF WITH +2 INTEN C2 PAIRS
4	-1000000000.00000000	-0.00596110	-0.00298149	0.00000000
5	0.04454894	0.04454894	0.01800564	0.00000000	0.04454894
113	0.00000000	DIFF WITH +2 INTEN H2O PAIRS
6	-1000000000.00000000	-0.02174873	-0.01201889	0.00000000	0.01280138	0.02519320
7	0.14238806	0.14238806	0.03445512	0.01797702	0.00000000	0.03615764	0.14238806
114	0.00000000	DIFF WITH +2 INTEN C2 H2O PAIRS
6	-1000000000.00000000	-0.00974743	-0.00583537	-0.00286643	0.00126886	0.00843584
7	0.06586343	0.07786401	0.03060977	0.01346771	0.00000000	0.01714206	0.04618811
115	0.00000000	DIFF +1/-1 # PAIRS
4	-1000000000.00000000	-2.00000000	0.00000000	2.00000000
5	0.02559819	0.02559819	0.00000000	0.01822587	0.02559819
119	0.00000000	DIFF +1/-1 # H2O PAIRS
4	-1000000000.00000000	-1.00000000	0.00000000	2.00000000
5	0.06396890	0.06396890	0.00000000	0.06261700	0.06396890
121	0.00000000	DIFF +1/-1 INTEN PAIRS
8	-1000000000.00000000	-0.02636100	-0.01396848	-0.00789278	-0.00409674	0.00000000	0.00475392	0.01483602
9	0.33707608	0.33707608	0.20015044	0.12218226	0.06627018	0.00000000	0.17045425	0.22338486	0.33707608
123	0.00000000	DIFF +1/-1 INTEN C2 PAIRS
7	-1000000000.00000000	-0.01928371	-0.00705140	0.00000000	0.00349081	0.00646880	0.01825254
8	0.19089816	0.19089816	0.06213463	0.00000000	0.04413476	0.17290350	0.17656267	0.19089816
125	0.00000000	DIFF +1/-1 INTEN H2O PAIRS
10	-1000000000.00000000	-0.06938639	-0.02837011	-0.01505398	-0.00845279	0.00364687	0.00689603	0.01165264	0.02011893	0.03703025
11	0.33596044	0.33596044	0.30591015	0.27824603	0.13202463	0.00000000	0.01070682	0.09705111	0.15486088	0.25723084	0.33596044
126	0.00000000	DIFF +1/-1 INTEN C2 H2O PAIRS
6	-1000000000.00000000	-0.00580024	-0.00280549	0.00000000	0.01104676	0.01878199
7	0.09392696	0.09536552	0.07481944	0.00000000	0.02715070	0.04417001	0.09254108
0
127
53
0	0.00000000	OFFSET FROM MEASURED M/Z
6	-1000000000.00000000	-0.70092773	-0.50091553	-0.20092773	-0.00091553	0.19909668
7	-2.71320697	-2.71320697	0.59139814	-1.09995823	0.69629962	-1.77710965	-2.71320697
1	0.00000000	OFFSET FROM MEASURED M/Z, NUM PAIRS <=2
4	-1000000000.00000000	-0.75091553	-0.50091553	-0.15093994
5	-0.45497608	-0.45497608	0.00255250	-0.45752857	-0.45497608
3	0.00000000	OFFSET FROM MEASURED M/Z, NUM PAIRS >4
4	-1000000000.00000000	-0.70092773	-0.20092773	0.19909668
5	-0.10214650	-0.10214650	1.08102640	1.18317290	-0.10214650
6	0.00000000	OFFSET FROM MEASURED M/Z, NUM C2 PAIRS <=2
5	-1000000000.00000000	-0.70092773	-0.50091553	-0.20092773	-0.00091553
6	-0.33314871	-0.33314871	0.01537864	-0.34852734	-0.29875337	-0.33314871
8	0.00000000	OFFSET FROM MEASURED M/Z, NUM C2 PAIRS >4
4	-1000000000.00000000	-0.50091553	-0.05090332	-0.00091553
5	0.10273543	0.10273543	-0.70847933	0.11220700	0.10273543
11	0.00000000	# PAIRS
7	-1000000000.00000000	0.00000000	1.00000000	3.00000000	5.00000000	6.00000000	8.00000000
8	-0.00757162	-0.00757162	0.25975608	0.33008613	-0.35731659	-0.32104801	-0.08383939	-0.00757162
13	0.00000000	# C2 PAIRS
4	-1000000000.00000000	0.00000000	1.00000000	2.00000000
5	-0.02529308	-0.02529308	0.00780812	0.02617985	-0.02529308
15	0.00000000	# H2O PAIRS
5	-1000000000.00000000	1.00000000	3.00000000	6.00000000	8.00000000
6	-0.04315316	-0.07642817	-0.01013695	-0.00127335	0.07139289	0.08620581
21	0.00000000	INTEN H2O PAIRS
7	-1000000000.00000000	0.01287094	0.01722401	0.02288135	0.03037723	0.05420265	0.07512034
8	-0.02890646	-0.07448042	-0.04360943	-0.03560096	-0.03270218	0.02384574	0.03693591	0.14778437
24	0.00000000	AVG OFFSET TOP (STRONG 3)
4	-1000000000.00000000	0.00907389	0.01102702	0.01391602
5	-0.03324169	0.00000000	-0.03252716	-0.05784427	-0.07694130
34	0.00000000	WEIGHTED MEAN OFFSET PAIRS
2	-1000000000.00000000	0.00149391
3	-0.00273977	0.01177420	-0.01758279
38	0.00000000	WEIGHTED MEAN OFFSET C2 PAIRS
4	-1000000000.00000000	0.00253805	0.05900065	0.17197673
5	0.00186906	0.00186906	-0.01428401	0.00933366	0.00186906
45	0.00000000	PAIR OFFSET (STRONG 1)
5	-1000000000.00000000	0.00524902	0.00769043	0.01037598	0.01611328
6	0.08340824	0.12621341	0.10764912	0.08068415	0.02196239	0.00000000
46	0.00000000	PAIR OFFSET (STRONG 2)
4	-1000000000.00000000	0.00415039	0.01452637	0.01599121
5	0.06608779	0.10922020	0.10518052	0.09270726	0.00000000
47	0.00000000	PAIR OFFSET (STRONG 3)
5	-1000000000.00000000	0.01037598	0.02526855	0.03002930	0.03149414
6	0.02158193	0.02158193	-0.00129536	0.00543211	0.01945850	0.02158193
48	0.00000000	PAIR OFFSET (STRONG 4)
4	-1000000000.00000000	0.00097656	0.00537109	0.00659180
5	-0.02906721	-0.01550279	0.00000000	-0.01778039	-0.05020555
49	0.00000000	PAIR OFFSET (STRONG 5)
4	-1000000000.00000000	0.00109863	0.01196289	0.01489258
5	0.02341775	0.03666628	0.03795890	0.01536557	0.00000000
50	0.00000000	C2 PAIR OFFSET (STRONG 1)
4	-1000000000.00000000	0.00390625	0.00659180	0.03161621
5	0.00741827	0.00000000	0.02064077	0.05173050	0.02594433
51	0.00000000	C2 PAIR OFFSET (STRONG 2)
7	-1000000000.00000000	0.01342773	0.01745605	0.01892090	0.02722168	0.03015137	0.03161621
8	0.04229036	0.04505226	0.01784855	0.03083478	0.04505226	0.03251202	0.04068588	0.03537757
57	0.00000000	NUM STRICT 1
2	-1000000000.00000000	5.00000000
3	-0.00388666	-0.01564625	0.02813924
58	0.00000000	INTEN STRICT 1
3	-1000000000.00000000	0.00762843	0.02128899
4	-0.15442480	-0.17473672	-0.12679299	0.10080564
60	0.00000000	INTEN STRICT 2
3	-1000000000.00000000	0.01109031	0.04837517
4	-0.06383212	-0.06383212	0.05047540	-0.06383212
71	0.00000000	DIFF WITH -2 # H2O PAIRS
2	-1000000000.00000000	3.00000000
3	0.00000000	0.00000000	0.01532918
72	0.00000000	DIFF WITH -2 # C2 H2O PAIRS
3	-1000000000.00000000	-3.00000000	0.00000000
4	0.00282436	0.00282436	0.00000000	0.00282436
75	0.00000000	DIFF WITH -2 INTEN C2 PAIRS
2	-1000000000.00000000	0.00000000
3	0.00785708	0.00000000	0.03584205
77	0.00000000	DIFF WITH -2 INTEN H2O PAIRS
5	-1000000000.00000000	-0.01577484	-0.00587672	0.02181964	0.03929946
6	0.04136365	0.04136365	0.01203447	0.00000000	0.00309678	0.04136365
78	0.00000000	DIFF WITH -2 INTEN C2 H2O PAIRS
3	-1000000000.00000000	-0.00821332	0.00552679
4	0.00546873	0.00546873	0.00000000	0.00546873
81	0.00000000	DIFF WITH -1 # C2 PAIRS
3	-1000000000.00000000	-3.00000000	-1.00000000
4	0.02033603	0.02165784	0.01376575	0.00000000
83	0.00000000	DIFF WITH -1 # H2O PAIRS
4	-1000000000.00000000	-2.00000000	-1.00000000	3.00000000
5	0.13752448	0.13752448	0.09538712	0.00000000	0.13752448
85	0.00000000	DIFF WITH -1 INTEN PAIRS
4	-1000000000.00000000	-0.00993654	-0.00304498	0.04652031
5	0.10049624	0.10049624	0.00515922	0.00000000	0.10049624
87	0.00000000	DIFF WITH -1 INTEN C2 PAIRS
5	-1000000000.00000000	-0.02236949	-0.00598834	0.01397287	0.02220364
6	0.03928137	0.03928137	0.01863381	0.00000000	0.00740414	0.03928137
91	0.00000000	DIFF WITH +1 # PAIRS
4	-1000000000.00000000	-3.00000000	-2.00000000	3.00000000
5	0.08024219	0.08024219	0.04302204	0.00000000	0.08024219
93	0.00000000	DIFF WITH +1 # C2 PAIRS
2	-1000000000.00000000	-1.00000000
3	0.00449193	0.00627730	0.00000000
95	0.00000000	DIFF WITH +1 # H2O PAIRS
3	-1000000000.00000000	-2.00000000	2.00000000
4	0.06197240	0.06197240	0.00000000	0.06197240
96	0.00000000	DIFF WITH +1 # C2 H2O PAIRS
3	-1000000000.00000000	-1.00000000	1.00000000
4	0.00688126	0.00688126	0.00000000	0.00688126
97	0.00000000	DIFF WITH +1 INTEN PAIRS
8	-1000000000.00000000	-0.17232350	-0.06125804	-0.03002866	-0.01715430	0.00830848	0.02438473	0.05031212
9	0.88678014	0.87959995	0.86765106	0.28893302	0.16366929	0.00000000	0.01453796	0.30511767	0.89413791
99	0.00000000	DIFF WITH +1 INTEN C2 PAIRS
7	-1000000000.00000000	-0.03787819	-0.00817995	-0.00525824	-0.00306016	0.00000000	0.00783963
8	0.07620756	0.07830199	0.08093370	0.03215058	0.01985715	0.00000000	0.00129351	0.04493197
101	0.00000000	DIFF WITH +1 INTEN H2O PAIRS
3	-1000000000.00000000	-0.01853199	0.01084803
4	0.06791301	0.06791301	0.00000000	0.06791301
102	0.00000000	DIFF WITH +1 INTEN C2 H2O PAIRS
4	-1000000000.00000000	-0.00794354	-0.00278455	0.00760848
5	0.01657777	0.01657777	0.00955774	0.00000000	0.01657777
103	0.00000000	DIFF WITH +2 # PAIRS
3	-1000000000.00000000	-1.00000000	3.00000000
4	0.02794334	0.02794334	0.00000000	0.02794334
107	0.00000000	DIFF WITH +2 # H2O PAIRS
4	-1000000000.00000000	-3.00000000	-2.00000000	1.00000000
5	0.02081534	0.02081534	0.01860131	0.00000000	0.02081534
108	0.00000000	DIFF WITH +2 # C2 H2O PAIRS
3	-1000000000.00000000	-1.00000000	1.00000000
4	0.03021948	0.03021948	0.00000000	0.03021948
109	0.00000000	DIFF WITH +2 INTEN PAIRS
8	-1000000000.00000000	-0.08241871	-0.03833507	-0.02045151	-0.01188214	-0.00691100	0.01120752	0.05274747
9	0.25746604	0.25746604	0.22120981	0.14783608	0.12584564	0.08689765	0.00000000	0.07958621	0.25746604
111	0.00000000	DIFF WITH +2 INTEN C2 PAIRS
5	-1000000000.00000000	-0.01770429	-0.01075153	-0.00099949	0.00404340
6	0.05436704	0.05436704	0.01939663	0.01451245	0.00000000	0.05436704
113	0.00000000	DIFF WITH +2 INTEN H2O PAIRS
5	-1000000000.00000000	-0.02262250	-0.01328794	0.01300446	0.02504137
6	0.15208011	0.15208011	0.07751760	0.00000000	0.08877582	0.17686642
114	0.00000000	DIFF WITH +2 INTEN C2 H2O PAIRS
5	-1000000000.00000000	-0.01718016	-0.01049301	0.00018400	0.00620447
6	0.05740162	0.05740162	0.04128449	0.00000000	0.00788681	0.05740162
115	0.00000000	DIFF +1/-1 # PAIRS
4	-1000000000.00000000	-2.00000000	-1.00000000	2.00000000
5	0.05118429	0.05118429	0.04090453	0.00000000	0.05118429
117	0.00000000	DIFF +1/-1 # C2 PAIRS
3	-1000000000.00000000	-2.00000000	0.00000000
4	0.03622979	0.03622979	0.00000000	0.03622979
119	0.00000000	DIFF +1/-1 # H2O PAIRS
4	-1000000000.00000000	-1.00000000	0.00000000	1.00000000
5	0.00994235	0.00994235	0.00000000	0.00728427	0.00994235
121	0.00000000	DIFF +1/-1 INTEN PAIRS
8	-1000000000.00000000	-0.02464509	-0.01361277	-0.00790035	-0.00451990	-0.00027042	0.00000000	0.01827130
9	0.24554301	0.24554301	0.18077212	0.14126519	0.11321049	0.08993614	0.00000000	0.16605265	0.24554301
123	0.00000000	DIFF +1/-1 INTEN C2 PAIRS
6	-1000000000.00000000	-0.02000078	-0.00517032	0.00000000	0.00489552	0.00770939
7	0.07726631	0.07726631	0.05394572	0.00000000	0.00682603	0.03615784	0.07726631
125	0.00000000	DIFF +1/-1 INTEN H2O PAIRS
7	-1000000000.00000000	-0.02885812	-0.00942072	-0.00290618	0.00822667	0.01298403	0.02139298
8	0.19374411	0.19374411	0.14885781	0.00725172	0.00000000	0.14245293	0.16011330	0.19374411
126	0.00000000	DIFF +1/-1 INTEN C2 H2O PAIRS
5	-1000000000.00000000	-0.01138343	-0.00463409	0.00483277	0.00760510
6	0.06501993	0.06501993	0.02921640	0.00000000	0.01101329	0.06501993
0
127
54
0	0.00000000	OFFSET FROM MEASURED M/Z
6	-1000000000.00000000	-0.70098877	-0.50097656	-0.20098877	-0.00097656	0.19903564
7	-2.64033546	-2.64033546	1.00861116	-0.52337423	0.97511397	-0.93770016	-2.64033546
1	0.00000000	OFFSET FROM MEASURED M/Z, NUM PAIRS <=2
3	-1000000000.00000000	-0.75097656	-0.50097656
4	-0.44595753	-0.44595753	0.00000000	-0.44595753
2	0.00000000	OFFSET FROM MEASURED M/Z, NUM PAIRS <=4
3	-1000000000.00000000	-0.50097656	-0.05096436
4	0.07160608	0.07160608	0.00000000	0.07160608
3	0.00000000	OFFSET FROM MEASURED M/Z, NUM PAIRS >4
5	-1000000000.00000000	-0.75097656	-0.25097656	-0.00097656	0.24902344
6	-0.03595600	-0.03595600	1.09892137	1.13487737	0.00000000	-0.03595600
6	0.00000000	OFFSET FROM MEASURED M/Z, NUM C2 PAIRS <=2
5	-1000000000.00000000	-0.70098877	-0.50097656	-0.15100098	0.19903564
6	-0.38599770	-0.38599770	-0.16602334	-0.93002787	-0.07610592	-0.38599770
8	0.00000000	OFFSET FROM MEASURED M/Z, NUM C2 PAIRS >4
4	-1000000000.00000000	-0.50097656	-0.05096436	0.24902344
5	-0.08694031	-0.08694031	-0.84406773	0.10339326	-0.08694031
11	0.00000000	# PAIRS
5	-1000000000.00000000	0.00000000	3.00000000	6.00000000	8.00000000
6	0.18925970	0.18925970	0.33278764	-0.28597787	-0.16577152	0.18925970
15	0.00000000	# H2O PAIRS
6	-1000000000.00000000	3.00000000	4.00000000	5.00000000	7.00000000	8.00000000
7	-0.05216490	-0.07944145	-0.04045076	-0.01469961	0.01237588	0.03403689	0.05919419
17	0.00000000	INTEN PAIRS
5	-1000000000.00000000	0.03121430	0.04068840	0.05339972	0.07611806
6	0.06893484	0.05702454	0.00476454	-0.04252529	-0.00550022	0.08033253
19	0.00000000	INTEN C2 PAIRS
2	-1000000000.00000000	0.01902653
3	-0.00616250	-0.02016457	0.02988628
21	0.00000000	INTEN H2O PAIRS
6	-1000000000.00000000	0.01791660	0.02335297	0.03985954	0.05242268	0.07156590
7	-0.09854181	-0.11219579	-0.10364210	-0.05925295	-0.01357859	0.00028972	0.07121026
22	0.00000000	INTEN C2 H2O PAIRS
3	-1000000000.00000000	0.00932603	0.03638880
4	-0.00686823	-0.00841252	0.01025028	-0.00004593
24	0.00000000	AVG OFFSET TOP (STRONG 3)
6	-1000000000.00000000	0.01180013	0.01554362	0.01745605	0.01920573	0.02246094
7	-0.04419150	-0.00244529	0.00000000	-0.02557996	-0.05830842	-0.09329366	-0.10282563
26	0.00000000	AVG OFFSET TOP (STRONG 5)
2	-1000000000.00000000	0.02106934
3	0.01522110	0.02230338	0.00000000
34	0.00000000	WEIGHTED MEAN OFFSET PAIRS
5	-1000000000.00000000	0.00094401	0.00144450	0.00409953	0.00588989
6	0.03265461	0.05094360	0.01402059	-0.04154878	-0.01719241	-0.00692615
45	0.00000000	PAIR OFFSET (STRONG 1)
3	-1000000000.00000000	0.00109863	0.02062988
4	0.01976961	0.03875336	0.04859587	0.00000000
46	0.00000000	PAIR OFFSET (STRONG 2)
3	-1000000000.00000000	0.00573730	0.01647949
4	0.00000000	0.00000000	0.00118247	0.00000000
48	0.00000000	PAIR OFFSET (STRONG 4)
5	-1000000000.00000000	0.00109863	0.00329590	0.01318359	0.03137207
6	-0.04113571	-0.03577392	-0.02602308	0.00000000	-0.07501234	-0.04356904
50	0.00000000	C2 PAIR OFFSET (STRONG 1)
3	-1000000000.00000000	0.00134277	0.02734375
4	0.00000000	0.00000000	0.00694932	0.00000000
55	0.00000000	NUM STRICT 0
4	-1000000000.00000000	0.00000000	2.00000000	3.00000000
5	-0.00671721	-0.00671721	0.02026524	-0.00365547	-0.00671721
57	0.00000000	NUM STRICT 1
2	-1000000000.00000000	5.00000000
3	-0.01442717	-0.01618021	0.02494477
58	0.00000000	INTEN STRICT 1
4	-1000000000.00000000	0.00433339	0.01291394	0.01727949
5	-0.08356701	-0.11847896	-0.07042491	-0.03093855	0.05600454
59	0.00000000	NUM STRICT 2
2	-1000000000.00000000	1.00000000
3	0.00000000	0.00000000	0.00693563
60	0.00000000	INTEN STRICT 2
6	-1000000000.00000000	0.00000000	0.00434112	0.00649340	0.01285249	0.05166657
7	-0.04511716	-0.06832702	-0.06460019	-0.03477435	0.00321398	0.08947977	0.03489029
64	0.00000000	INTEN C2 STRICT 1
2	-1000000000.00000000	0.00662002
3	-0.00275474	-0.00555808	0.00528810
67	0.00000000	DIFF WITH -2 # PAIRS
2	-1000000000.00000000	0.00000000
3	0.00360667	0.00360667	0.00000000
71	0.00000000	DIFF WITH -2 # H2O PAIRS
3	-1000000000.00000000	-4.00000000	3.00000000
4	0.01679954	0.01679954	0.00000000	0.01679954
73	0.00000000	DIFF WITH -2 INTEN PAIRS
6	-1000000000.00000000	-0.01885855	-0.01142155	-0.00123980	0.02387479	0.04602511
7	0.19788991	0.19788991	0.07090878	0.00959365	0.00000000	0.11566682	0.19788991
75	0.00000000	DIFF WITH -2 INTEN C2 PAIRS
4	-1000000000.00000000	-0.01351339	-0.00595807	0.01314346
5	0.03062300	0.03062300	0.02816582	0.00000000	0.03062300
77	0.00000000	DIFF WITH -2 INTEN H2O PAIRS
7	-1000000000.00000000	-0.01519263	-0.00584850	0.00304733	0.00844767	0.01306561	0.03773725
8	0.11638143	0.11638143	0.09828004	0.00000000	0.01359545	0.02810196	0.09006017	0.11638143
78	0.00000000	DIFF WITH -2 INTEN C2 H2O PAIRS
5	-1000000000.00000000	-0.00553256	0.00159427	0.00909554	0.01360332
6	0.04854602	0.04854602	0.00000000	0.02276940	0.03885049	0.04854602
79	0.00000000	DIFF WITH -1 # PAIRS
2	-1000000000.00000000	-1.00000000
3	0.01213434	0.01644429	0.00000000
83	0.00000000	DIFF WITH -1 # H2O PAIRS
3	-1000000000.00000000	-2.00000000	3.00000000
4	0.02779068	0.02779068	0.00000000	0.02779068
85	0.00000000	DIFF WITH -1 INTEN PAIRS
4	-1000000000.00000000	-0.01544152	-0.00590698	0.03941998
5	0.16201642	0.16201642	0.07281816	0.00000000	0.16201642
87	0.00000000	DIFF WITH -1 INTEN C2 PAIRS
3	-1000000000.00000000	-0.00181418	0.00904588
4	0.00838224	0.00838224	0.00000000	0.00838224
91	0.00000000	DIFF WITH +1 # PAIRS
3	-1000000000.00000000	-3.00000000	3.00000000
4	0.06113809	0.06113809	0.00000000	0.06113809
95	0.00000000	DIFF WITH +1 # H2O PAIRS
3	-1000000000.00000000	-2.00000000	3.00000000
4	0.04219831	0.04219831	0.00000000	0.04219831
97	0.00000000	DIFF WITH +1 INTEN PAIRS
8	-1000000000.00000000	-0.13689588	-0.05362857	-0.02746205	-0.01622465	-0.01012067	0.02315100	0.04539225
9	0.61570842	0.61570842	0.59723122	0.38494937	0.18276603	0.02493641	0.00000000	0.34770909	0.61570842
99	0.00000000	DIFF WITH +1 INTEN C2 PAIRS
2	-1000000000.00000000	-0.00533132
3	0.03816291	0.05635544	0.00000000
101	0.00000000	DIFF WITH +1 INTEN H2O PAIRS
5	-1000000000.00000000	-0.01094478	0.00662776	0.01053384	0.01698082
6	0.07655321	0.07655321	0.00000000	0.02067244	0.05752475	0.07655321
102	0.00000000	DIFF WITH +1 INTEN C2 H2O PAIRS
3	-1000000000.00000000	-0.01214211	0.00027068
4	0.01491093	0.01491093	0.00000000	0.01491093
107	0.00000000	DIFF WITH +2 # H2O PAIRS
4	-1000000000.00000000	-2.00000000	0.00000000	1.00000000
5	0.02463972	0.02463972	0.00000000	0.00402848	0.02463972
108	0.00000000	DIFF WITH +2 # C2 H2O PAIRS
4	-1000000000.00000000	-1.00000000	0.00000000	1.00000000
5	0.06886817	0.06886817	0.00000000	0.04161336	0.06886817
109	0.00000000	DIFF WITH +2 INTEN PAIRS
8	-1000000000.00000000	-0.03880920	-0.01265103	-0.00776538	-0.00124856	0.01008622	0.01883208	0.04551630
9	0.36288656	0.36288656	0.20842878	0.09530150	0.01572796	0.00000000	0.11810001	0.26385450	0.36288656
111	0.00000000	DIFF WITH +2 INTEN C2 PAIRS
5	-1000000000.00000000	-0.00448935	0.00230445	0.00667037	0.01661689
6	0.07762817	0.07762817	0.00000000	0.01320131	0.02538585	0.07762817
113	0.00000000	DIFF WITH +2 INTEN H2O PAIRS
7	-1000000000.00000000	-0.02282385	-0.01377185	-0.00865860	0.00421641	0.00717292	0.01188093
8	0.14199349	0.14199349	0.12643811	0.05542403	0.00000000	0.00439727	0.04852308	0.14199349
114	0.00000000	DIFF WITH +2 INTEN C2 H2O PAIRS
4	-1000000000.00000000	-0.00702075	0.00000000	0.01613053
5	0.06184147	0.06184147	0.00000000	0.05531133	0.06184147
115	0.00000000	DIFF +1/-1 # PAIRS
4	-1000000000.00000000	-1.00000000	0.00000000	1.00000000
5	0.02644221	0.02644221	0.00000000	0.02365055	0.02644221
117	0.00000000	DIFF +1/-1 # C2 PAIRS
3	-1000000000.00000000	-1.00000000	2.00000000
4	0.03202586	0.03202586	0.00000000	0.03202586
120	0.00000000	DIFF +1/-1 # C2 H2O PAIRS
3	-1000000000.00000000	-1.00000000	0.00000000
4	0.03928390	0.03928390	0.00000000	0.03928390
121	0.00000000	DIFF +1/-1 INTEN PAIRS
10	-1000000000.00000000	-0.02140079	-0.01198636	-0.00415519	-0.00074450	0.00000000	0.00723597	0.01144920	0.03156385	0.06124177
11	0.32898060	0.32898060	0.18602719	0.07680851	0.00980336	0.00000000	0.08752610	0.11124981	0.15773427	0.28338321	0.32898060
123	0.00000000	DIFF +1/-1 INTEN C2 PAIRS
6	-1000000000.00000000	-0.03327081	-0.01931211	0.00031175	0.00512757	0.00787700
7	0.10104722	0.10104722	0.05315226	0.00000000	0.05088120	0.09854737	0.10104722
125	0.00000000	DIFF +1/-1 INTEN H2O PAIRS
9	-1000000000.00000000	-0.06426389	-0.02615724	-0.01448109	-0.00873037	0.00840023	0.01299266	0.02095991	0.03851751
10	0.30603036	0.30603036	0.29587688	0.25963862	0.11250557	0.00000000	0.07338124	0.19717237	0.26686685	0.30603036
126	0.00000000	DIFF +1/-1 INTEN C2 H2O PAIRS
9	-1000000000.00000000	-0.03148675	-0.01155600	-0.00768890	-0.00496118	-0.00018118	0.00519266	0.00800392	0.01213223
10	0.13642064	0.13642064	0.10715973	0.09545738	0.06793751	0.04597320	0.00000000	0.03967579	0.11320426	0.13642064
2
0
127
61
0	0.00000000	OFFSET FROM MEASURED M/Z
6	-1000000000.00000000	-0.43392944	-0.33392334	-0.30059814	-0.13391113	0.13275146
7	-2.12748034	-2.12748034	1.41372785	1.01366991	0.22296364	1.85729854	-2.12748034
1	0.00000000	OFFSET FROM MEASURED M/Z, NUM PAIRS <=2
4	-1000000000.00000000	-0.46728516	-0.33392334	-0.30059814
5	-0.59466418	-0.59466418	0.00000000	-0.05276520	-0.59466418
3	0.00000000	OFFSET FROM MEASURED M/Z, NUM PAIRS >4
4	-1000000000.00000000	-0.50057983	-0.33389282	-0.00054932
5	-0.03165144	-0.03165144	0.33666151	0.30501007	-0.03165144
6	0.00000000	OFFSET FROM MEASURED M/Z, NUM C2 PAIRS <=2
4	-1000000000.00000000	-0.46725464	-0.33389282	-0.13391113
5	-0.11633942	-0.11633942	0.17046238	-0.75266709	-0.11633942
8	0.00000000	OFFSET FROM MEASURED M/Z, NUM C2 PAIRS >4
6	-1000000000.00000000	-0.50061035	-0.33389282	-0.10058594	-0.00061035	-0.00054932
7	0.07595157	0.07595157	0.34116154	-0.21499202	0.38817429	0.44244759	0.07595157
15	0.00000000	# H2O PAIRS
3	-1000000000.00000000	3.00000000	7.00000000
4	-0.04099292	-0.05588551	0.02390019	0.04729320
17	0.00000000	INTEN PAIRS
5	-1000000000.00000000	0.01270797	0.02474770	0.03155357	0.04161482
6	0.05526561	-0.08352386	-0.04051816	0.06920987	0.11805815	0.19854161
21	0.00000000	INTEN H2O PAIRS
6	-1000000000.00000000	0.00436188	0.01537843	0.01908387	0.02400742	0.03999393
7	-0.01385396	-0.10083987	-0.06186281	0.08688972	0.24110031	0.22538052	0.24368229
22	0.00000000	INTEN C2 H2O PAIRS
6	-1000000000.00000000	0.01355249	0.01879706	0.02568382	0.03027662	0.03658556
7	0.01049676	-0.03162627	-0.04837998	-0.05180663	-0.00603038	0.00197217	0.04661043
23	0.00000000	AVG OFFSET TOP (STRONG 2)
6	-1000000000.00000000	0.01464844	0.01873779	0.02191162	0.02575684	0.02783203
7	-0.06000403	-0.02550128	-0.01420268	0.00000000	-0.04880105	-0.07849572	-0.15051918
25	0.00000000	AVG OFFSET TOP (STRONG 4)
4	-1000000000.00000000	0.01492310	0.02532959	0.02856445
5	0.02352484	0.02352484	0.00000000	0.01273356	0.02352484
26	0.00000000	AVG OFFSET TOP (STRONG 5)
3	-1000000000.00000000	0.02275391	0.02395019
4	0.01807798	0.01807798	0.00000000	0.01807798
27	0.00000000	AVG OFFSET TOP (STRONG 6)
7	-1000000000.00000000	0.01422119	0.01495361	0.01615397	0.01772054	0.02443441	0.02534994
8	0.15612710	0.15612710	0.13336301	0.09139871	0.12926548	0.10409733	0.03786677	0.15612710
31	0.00000000	AVG OFFSET TOP C2 (STRONG 5)
3	-1000000000.00000000	0.01723633	0.02521973
4	0.01850794	0.01850794	0.00000000	0.01850794
32	0.00000000	AVG OFFSET TOP C2 (STRONG 6)
5	-1000000000.00000000	0.01430257	0.01800537	0.01942953	0.02490234
6	0.01540574	0.01540574	0.10478987	0.08938413	0.10478987	0.01540574
34	0.00000000	WEIGHTED MEAN OFFSET PAIRS
2	-1000000000.00000000	0.00228317
3	0.00962171	0.01855525	-0.01463423
38	0.00000000	WEIGHTED MEAN OFFSET C2 PAIRS
5	-1000000000.00000000	0.00122070	0.00246175	0.00341119	0.00499471
6	0.03871848	0.03871848	0.01353214	-0.01305652	-0.04081673	0.03871848
45	0.00000000	PAIR OFFSET (STRONG 1)
6	-1000000000.00000000	0.00122070	0.00244141	0.01098633	0.02392578	0.02844238
7	0.06992464	0.07727668	0.07976249	0.08816217	0.04887610	0.02353846	0.00000000
46	0.00000000	PAIR OFFSET (STRONG 2)
4	-1000000000.00000000	0.00122070	0.01379395	0.02844238
5	0.00000000	0.00456019	0.04859287	0.01934312	0.00000000
50	0.00000000	C2 PAIR OFFSET (STRONG 1)
4	-1000000000.00000000	0.00927734	0.01757812	0.02453613
5	0.00916710	0.01850660	0.00347697	0.01090369	0.00742672
51	0.00000000	C2 PAIR OFFSET (STRONG 2)
6	-1000000000.00000000	0.00781250	0.01049805	0.01599121	0.01733398	0.02148438
7	0.18824270	0.18824270	0.10370550	0.03505553	0.09900897	0.06395344	0.18824270
54	0.00000000	C2 PAIR OFFSET (STRONG 5)
3	-1000000000.00000000	0.01184082	0.02722168
4	0.01640850	0.01640850	0.00000000	0.01640850
55	0.00000000	NUM STRICT 0
4	-1000000000.00000000	0.00000000	2.00000000	4.00000000
5	0.01489561	0.01489561	0.01321451	-0.01017137	0.01489561
56	0.00000000	INTEN STRICT 0
2	-1000000000.00000000	0.01801720
3	0.00000000	0.00000000	0.12454485
58	0.00000000	INTEN STRICT 1
2	-1000000000.00000000	0.00678138
3	-0.03904696	-0.03904696	0.00000000
59	0.00000000	NUM STRICT 2
3	-1000000000.00000000	1.00000000	5.00000000
4	-0.00825733	-0.00825733	0.01196494	-0.00825733
62	0.00000000	INTEN C2 STRICT 0
4	-1000000000.00000000	0.00357746	0.00572668	0.01199448
5	-0.01831616	-0.01831616	0.00209782	0.03271271	-0.01831616
64	0.00000000	INTEN C2 STRICT 1
3	-1000000000.00000000	0.00417008	0.00942751
4	-0.01908026	-0.03662069	-0.02909636	0.03725360
67	0.00000000	DIFF WITH -2 # PAIRS
4	-1000000000.00000000	-2.00000000	-1.00000000	2.00000000
5	0.05900283	0.06720837	0.05417481	0.00000000	0.03938507
69	0.00000000	DIFF WITH -2 # C2 PAIRS
3	-1000000000.00000000	-3.00000000	0.00000000
4	0.08325016	0.08325016	0.00000000	0.08325016
71	0.00000000	DIFF WITH -2 # H2O PAIRS
5	-1000000000.00000000	-2.00000000	-1.00000000	2.00000000	3.00000000
6	0.09421735	0.09421735	0.01142196	0.00000000	0.01090525	0.09421735
72	0.00000000	DIFF WITH -2 # C2 H2O PAIRS
2	-1000000000.00000000	1.00000000
3	0.00376843	0.00000000	0.00739202
73	0.00000000	DIFF WITH -2 INTEN PAIRS
6	-1000000000.00000000	-0.03032489	-0.01735080	-0.00774722	0.00327500	0.03056099
7	0.23202385	0.23202385	0.03799265	0.00974259	0.00000000	0.04416999	0.23202385
75	0.00000000	DIFF WITH -2 INTEN C2 PAIRS
7	-1000000000.00000000	-0.01237100	-0.00900985	-0.00653810	-0.00455967	0.01872382	0.02707744
8	0.12438640	0.12438640	0.11295521	0.09896275	0.06661324	0.00000000	0.10547611	0.12438640
77	0.00000000	DIFF WITH -2 INTEN H2O PAIRS
6	-1000000000.00000000	-0.02227318	-0.01449219	-0.00978225	-0.00681067	0.00779912
7	0.05577691	0.05577691	0.03673732	0.01698247	0.00179506	0.00000000	0.05577691
78	0.00000000	DIFF WITH -2 INTEN C2 H2O PAIRS
3	-1000000000.00000000	-0.03318490	0.00054300
4	0.01316356	0.01316356	0.00000000	0.01316356
79	0.00000000	DIFF WITH -1 # PAIRS
2	-1000000000.00000000	-2.00000000
3	0.01113387	0.01659260	0.00000000
81	0.00000000	DIFF WITH -1 # C2 PAIRS
3	-1000000000.00000000	-1.00000000	2.00000000
4	0.09933042	0.11836550	0.07567434	0.00000000
83	0.00000000	DIFF WITH -1 # H2O PAIRS
3	-1000000000.00000000	-1.00000000	3.00000000
4	0.02624709	0.02624709	0.00000000	0.02624709
84	0.00000000	DIFF WITH -1 # C2 H2O PAIRS
3	-1000000000.00000000	-4.00000000	1.00000000
4	0.00169611	0.00169611	0.00000000	0.00169611
85	0.00000000	DIFF WITH -1 INTEN PAIRS
4	-1000000000.00000000	-0.00350299	0.00001379	0.03059679
5	0.09210810	0.09210810	0.00000000	0.04436182	0.09210810
87	0.00000000	DIFF WITH -1 INTEN C2 PAIRS
4	-1000000000.00000000	-0.00139413	0.00994609	0.01838746
5	0.01178620	0.01178620	0.00000000	0.00171464	0.01178620
89	0.00000000	DIFF WITH -1 INTEN H2O PAIRS
4	-1000000000.00000000	-0.00510386	0.01575149	0.02459813
5	0.10002188	0.10002188	0.00000000	0.05421307	0.10002188
90	0.00000000	DIFF WITH -1 INTEN C2 H2O PAIRS
6	-1000000000.00000000	-0.02245559	-0.00862990	-0.00282512	0.00041728	0.01151803
7	0.12483103	0.12483103	0.09309106	0.07220461	0.00000000	0.04479633	0.12483103
93	0.00000000	DIFF WITH +1 # C2 PAIRS
3	-1000000000.00000000	-1.00000000	2.00000000
4	0.00918234	0.00918234	0.00000000	0.00918234
97	0.00000000	DIFF WITH +1 INTEN PAIRS
7	-1000000000.00000000	-0.03034942	-0.01800644	-0.01187281	0.00762449	0.01131347	0.02961050
8	0.46928617	0.46928617	0.45044178	0.26682300	0.00000000	0.01884439	0.10626167	0.46928617
99	0.00000000	DIFF WITH +1 INTEN C2 PAIRS
3	-1000000000.00000000	-0.00387022	0.01822415
4	0.01161509	0.01161509	0.00000000	0.01161509
101	0.00000000	DIFF WITH +1 INTEN H2O PAIRS
9	-1000000000.00000000	-0.02453915	-0.01552799	-0.01043095	0.00000000	0.00264054	0.00463039	0.01493301	0.02327297
10	0.20331973	0.20331973	0.12417252	0.08501229	0.00000000	0.03411930	0.04703896	0.05266688	0.15439552	0.20331973
102	0.00000000	DIFF WITH +1 INTEN C2 H2O PAIRS
5	-1000000000.00000000	-0.01550047	-0.00037870	0.01083389	0.01485207
6	0.04819584	0.04819584	0.01550992	0.00000000	0.01620492	0.04819584
107	0.00000000	DIFF WITH +2 # H2O PAIRS
4	-1000000000.00000000	-3.00000000	-1.00000000	2.00000000
5	0.01433782	0.00645255	0.00000000	0.02916361	0.03832144
108	0.00000000	DIFF WITH +2 # C2 H2O PAIRS
5	-1000000000.00000000	-4.00000000	-3.00000000	0.00000000	1.00000000
6	0.04042885	0.04042885	0.02975659	0.00000000	0.03844337	0.04042885
109	0.00000000	DIFF WITH +2 INTEN PAIRS
7	-1000000000.00000000	-0.01064944	-0.00722273	-0.00466081	0.00000000	0.00248396	0.03268128
8	0.09278811	0.09278811	0.04248444	0.00174866	0.00000000	0.04108248	0.08132958	0.09278811
111	0.00000000	DIFF WITH +2 INTEN C2 PAIRS
8	-1000000000.00000000	-0.01959397	-0.00348038	-0.00114574	0.00046267	0.00310655	0.00470100	0.00905069
9	0.11234060	0.11655506	0.15761051	0.03756621	0.00000000	0.04098599	0.04856620	0.08022395	0.10829087
113	0.00000000	DIFF WITH +2 INTEN H2O PAIRS
6	-1000000000.00000000	-0.01608940	-0.01075917	-0.00000564	0.00854029	0.02080444
7	0.26785371	0.26785371	0.12100388	0.09565211	0.00000000	0.04168352	0.26785371
114	0.00000000	DIFF WITH +2 INTEN C2 H2O PAIRS
9	-1000000000.00000000	-0.01132286	-0.00828706	-0.00444011	-0.00040967	0.00000000	0.00510595	0.00702838	0.00960752
10	0.14742997	0.14742997	0.09214345	0.07898801	0.01385467	0.00000000	0.05964529	0.10707952	0.13900428	0.14742997
117	0.00000000	DIFF +1/-1 # C2 PAIRS
3	-1000000000.00000000	-1.00000000	0.00000000
4	0.01965269	0.01965269	0.00000000	0.01965269
119	0.00000000	DIFF +1/-1 # H2O PAIRS
4	-1000000000.00000000	-1.00000000	1.00000000	3.00000000
5	0.00730891	0.00730891	0.00000000	0.01442937	0.00730891
121	0.00000000	DIFF +1/-1 INTEN PAIRS
5	-1000000000.00000000	-0.01808218	-0.01143114	-0.00779122	0.00788932
6	0.13745410	0.13745410	0.12899897	0.02021859	0.00000000	0.13745410
123	0.00000000	DIFF +1/-1 INTEN C2 PAIRS
8	-1000000000.00000000	-0.01284312	-0.00685462	-0.00479001	-0.00310904	0.00000000	0.00558229	0.01950813
9	0.16163020	0.16163020	0.05090797	0.04314883	0.00556457	0.00000000	0.05329465	0.06407531	0.16163020
125	0.00000000	DIFF +1/-1 INTEN H2O PAIRS
7	-1000000000.00000000	-0.01388458	-0.00642836	-0.00425473	0.00005992	0.00517010	0.01106783
8	0.32496696	0.32496696	0.27719031	0.21986165	0.00000000	0.10497926	0.25210578	0.32496696
126	0.00000000	DIFF +1/-1 INTEN C2 H2O PAIRS
8	-1000000000.00000000	-0.00557146	-0.00398636	-0.00210489	0.00000000	0.00444072	0.00621415	0.00839962
9	0.16393945	0.18205789	0.17662844	0.12752452	0.00000000	0.00921170	0.01316761	0.11397062	0.12814703
0
127
61
0	0.00000000	OFFSET FROM MEASURED M/Z
6	-1000000000.00000000	-0.46667480	-0.33331299	-0.13330078	0.00000000	0.13323975
7	-2.71285710	-2.71285710	1.27628153	-0.59572029	1.16242315	0.92515893	-2.71285710
1	0.00000000	OFFSET FROM MEASURED M/Z, NUM PAIRS <=2
5	-1000000000.00000000	-0.49993896	-0.33331299	-0.09997559	0.13330078
6	-0.80857695	-0.80857695	-0.09247205	-1.24110360	-0.11403935	-0.80857695
3	0.00000000	OFFSET FROM MEASURED M/Z, NUM PAIRS >4
5	-1000000000.00000000	-0.63330078	-0.00006104	0.00000000	0.00006104
6	-0.17870436	-0.17870436	0.07542083	0.38898097	0.39947228	-0.17870436
6	0.00000000	OFFSET FROM MEASURED M/Z, NUM C2 PAIRS <=2
3	-1000000000.00000000	-0.09997559	0.13323975
4	-0.12120450	-0.12120450	0.00000000	-0.12120450
8	0.00000000	OFFSET FROM MEASURED M/Z, NUM C2 PAIRS >4
6	-1000000000.00000000	-0.46661377	-0.33337402	-0.03344727	-0.00006104	0.00006104
7	-0.13236855	-0.13236855	0.10632669	0.14061700	0.20235224	0.31429274	-0.13236855
13	0.00000000	# C2 PAIRS
3	-1000000000.00000000	2.00000000	8.00000000
4	0.00741861	0.00741861	-0.00562710	0.00741861
15	0.00000000	# H2O PAIRS
3	-1000000000.00000000	3.00000000	7.00000000
4	0.00353023	-0.00721911	0.01270527	0.02517724
16	0.00000000	# C2 H2O PAIRS
2	-1000000000.00000000	3.00000000
3	-0.00878524	-0.02762724	0.02576956
17	0.00000000	INTEN PAIRS
6	-1000000000.00000000	0.00397145	0.00543601	0.02296405	0.02944667	0.05251266
7	-0.10134077	-0.13762092	-0.09521627	-0.07706286	-0.09228741	-0.08847272	0.04892670
21	0.00000000	INTEN H2O PAIRS
4	-1000000000.00000000	0.01477775	0.01868750	0.02353865
5	-0.07142218	-0.18459168	-0.16461730	0.01997438	0.05137714
22	0.00000000	INTEN C2 H2O PAIRS
3	-1000000000.00000000	0.02546216	0.04485546
4	-0.00032393	-0.01407943	0.05088241	0.03550832
23	0.00000000	AVG OFFSET TOP (STRONG 2)
3	-1000000000.00000000	0.00842285	0.02716064
4	-0.00979438	-0.00979438	0.01919408	-0.00979438
25	0.00000000	AVG OFFSET TOP (STRONG 4)
5	-1000000000.00000000	0.01828003	0.01947021	0.02456665	0.02877808
6	0.11631920	0.11851496	0.08009925	0.00000000	0.04573727	0.11409341
26	0.00000000	AVG OFFSET TOP (STRONG 5)
3	-1000000000.00000000	0.01655274	0.02578125
4	0.02258876	0.02258876	0.00000000	0.02258876
27	0.00000000	AVG OFFSET TOP (STRONG 6)
11	-1000000000.00000000	0.01570638	0.01623535	0.01741537	0.01888021	0.01987712	0.02040609	0.02205404	0.02266439	0.02327474	0.02561442
12	0.21844079	0.23047931	0.17576978	0.11511960	0.06456533	0.18149527	0.15651617	0.23047931	0.22239977	0.22001721	0.19089308	0.21152706
30	0.00000000	AVG OFFSET TOP C2 (STRONG 4)
5	-1000000000.00000000	0.01116943	0.01306152	0.01440430	0.02270508
6	0.00000000	0.00000000	0.00355227	0.02797731	0.06240391	0.00000000
32	0.00000000	AVG OFFSET TOP C2 (STRONG 6)
5	-1000000000.00000000	0.01190186	0.02423096	0.02502441	0.02616374
6	0.03347614	0.03347614	0.04777365	0.02790062	0.00000000	0.03347614
45	0.00000000	PAIR OFFSET (STRONG 1)
4	-1000000000.00000000	0.02294922	0.02587891	0.03015137
5	0.04200356	0.04200356	0.01697325	0.00000000	0.04200356
46	0.00000000	PAIR OFFSET (STRONG 2)
6	-1000000000.00000000	0.00378418	0.01562500	0.02124023	0.02563477	0.02709961
7	0.02754715	0.02754715	0.02581943	0.02031635	0.00000000	0.00174390	0.02754715
50	0.00000000	C2 PAIR OFFSET (STRONG 1)
7	-1000000000.00000000	0.00390625	0.01489258	0.01623535	0.01757812	0.01904297	0.02197266
8	0.00352712	0.00352712	0.01909025	0.01728500	0.01909025	0.01366861	0.00180525	0.00352712
54	0.00000000	C2 PAIR OFFSET (STRONG 5)
3	-1000000000.00000000	0.01477051	0.02465820
4	0.01144804	0.00000000	0.01557570	0.03825317
56	0.00000000	INTEN STRICT 0
2	-1000000000.00000000	0.01755019
3	0.00000000	0.00000000	0.04223378
57	0.00000000	NUM STRICT 1
3	-1000000000.00000000	3.00000000	5.00000000
4	-0.04170129	-0.07368409	0.04857469	0.07934958
58	0.00000000	INTEN STRICT 1
4	-1000000000.00000000	0.00334506	0.00438410	0.00624048
5	0.03454695	-0.05028448	-0.04696805	0.03975359	0.07872463
59	0.00000000	NUM STRICT 2
3	-1000000000.00000000	1.00000000	5.00000000
4	-0.00817081	-0.00817081	0.01590594	-0.00817081
60	0.00000000	INTEN STRICT 2
4	-1000000000.00000000	0.00451691	0.00638263	0.02329607
5	-0.00712010	-0.00887366	-0.00518816	0.01772813	-0.00712010
62	0.00000000	INTEN C2 STRICT 0
3	-1000000000.00000000	0.00344734	0.01943080
4	-0.00566046	-0.00566046	0.00734638	-0.00566046
64	0.00000000	INTEN C2 STRICT 1
2	-1000000000.00000000	0.00536354
3	-0.03211072	-0.03593038	0.03027266
65	0.00000000	NUM C2 STRICT 2
4	-1000000000.00000000	0.00000000	1.00000000	2.00000000
5	-0.01529368	-0.01529368	-0.00520900	0.00940519	-0.01529368
67	0.00000000	DIFF WITH -2 # PAIRS
4	-1000000000.00000000	-1.00000000	1.00000000	3.00000000
5	0.09723938	0.09723938	0.00894921	0.00000000	0.09723938
71	0.00000000	DIFF WITH -2 # H2O PAIRS
3	-1000000000.00000000	-1.00000000	0.00000000
4	0.03863979	0.03863979	0.00000000	0.03863979
72	0.00000000	DIFF WITH -2 # C2 H2O PAIRS
4	-1000000000.00000000	-4.00000000	0.00000000	2.00000000
5	0.05263528	0.05263528	0.00000000	0.02244318	0.05263528
73	0.00000000	DIFF WITH -2 INTEN PAIRS
5	-1000000000.00000000	-0.00455011	-0.00259860	0.01639530	0.02756871
6	0.07857230	0.07857230	0.02170642	0.00000000	0.06992975	0.07857230
75	0.00000000	DIFF WITH -2 INTEN C2 PAIRS
6	-1000000000.00000000	-0.01492859	-0.00768318	-0.00539949	0.01352463	0.02800876
7	0.11051971	0.11051971	0.08377849	0.07127763	0.00000000	0.05334091	0.11051971
77	0.00000000	DIFF WITH -2 INTEN H2O PAIRS
4	-1000000000.00000000	-0.00166112	0.00765530	0.02692604
5	0.10070079	0.10070079	0.00000000	0.07669810	0.10070079
78	0.00000000	DIFF WITH -2 INTEN C2 H2O PAIRS
5	-1000000000.00000000	-0.01018294	0.00000000	0.00058865	0.00590035
6	0.06870690	0.06870690	0.00000000	0.01097319	0.06322120	0.06870690
79	0.00000000	DIFF WITH -1 # PAIRS
3	-1000000000.00000000	-1.00000000	3.00000000
4	0.09902220	0.10301230	0.00000000	0.08241510
81	0.00000000	DIFF WITH -1 # C2 PAIRS
4	-1000000000.00000000	-2.00000000	0.00000000	2.00000000
5	0.03363601	0.03363601	0.00000000	0.02932476	0.03363601
84	0.00000000	DIFF WITH -1 # C2 H2O PAIRS
4	-1000000000.00000000	-2.00000000	-1.00000000	0.00000000
5	0.08806349	0.11781653	0.08069900	0.00000000	0.03726139
85	0.00000000	DIFF WITH -1 INTEN PAIRS
6	-1000000000.00000000	-0.01723181	-0.00774059	0.00258787	0.00711901	0.02744693
7	0.11269452	0.11269452	0.03271247	0.00000000	0.05074692	0.06923062	0.11269452
87	0.00000000	DIFF WITH -1 INTEN C2 PAIRS
4	-1000000000.00000000	-0.02450322	-0.00648562	0.02573752
5	0.05463394	0.05463394	0.02811156	0.00000000	0.05463394
89	0.00000000	DIFF WITH -1 INTEN H2O PAIRS
6	-1000000000.00000000	-0.01499068	-0.00999019	-0.00446520	0.00000007	0.01547869
7	0.10665896	0.10665896	0.09730394	0.08539575	0.00000000	0.07223513	0.10665896
93	0.00000000	DIFF WITH +1 # C2 PAIRS
6	-1000000000.00000000	-3.00000000	-2.00000000	-1.00000000	0.00000000	3.00000000
7	0.10188650	0.10188650	0.09145488	0.05848230	0.00000000	0.03180943	0.10188650
96	0.00000000	DIFF WITH +1 # C2 H2O PAIRS
2	-1000000000.00000000	-3.00000000
3	0.01314934	0.01513239	0.00000000
97	0.00000000	DIFF WITH +1 INTEN PAIRS
6	-1000000000.00000000	-0.07384726	-0.01689050	0.01021355	0.01547040	0.02639728
7	0.29614892	0.22919479	0.38909708	0.15990229	0.21519483	0.40341792	0.44438962
99	0.00000000	DIFF WITH +1 INTEN C2 PAIRS
5	-1000000000.00000000	-0.00481155	0.00642266	0.01707271	0.02573476
6	0.10454762	0.10454762	0.00000000	0.02491746	0.06581946	0.10454762
101	0.00000000	DIFF WITH +1 INTEN H2O PAIRS
8	-1000000000.00000000	-0.02467979	-0.01530377	-0.01037474	-0.00713709	0.00000000	0.00944412	0.02269645
9	0.10838081	0.10838081	0.09791870	0.05527260	0.02021395	0.00000000	0.00681454	0.02347529	0.10838081
102	0.00000000	DIFF WITH +1 INTEN C2 H2O PAIRS
5	-1000000000.00000000	-0.00561044	-0.00262430	-0.00021839	0.02043183
6	0.04250109	0.05019224	0.03368622	0.00246736	0.00000000	0.02036636
103	0.00000000	DIFF WITH +2 # PAIRS
4	-1000000000.00000000	-1.00000000	0.00000000	3.00000000
5	0.03567389	0.03567389	0.02782956	0.00000000	0.03567389
105	0.00000000	DIFF WITH +2 # C2 PAIRS
4	-1000000000.00000000	-2.00000000	-1.00000000	2.00000000
5	0.03547023	0.03547023	0.02619962	0.00000000	0.03547023
107	0.00000000	DIFF WITH +2 # H2O PAIRS
5	-1000000000.00000000	-2.00000000	-1.00000000	0.00000000	1.00000000
6	0.02163419	0.02163419	0.01928131	0.00000000	0.00706856	0.02163419
109	0.00000000	DIFF WITH +2 INTEN PAIRS
6	-1000000000.00000000	-0.00682385	-0.00436458	-0.00227189	0.00639770	0.02740223
7	0.11287042	0.11287042	0.06013631	0.01018370	0.00000000	0.08342240	0.11287042
111	0.00000000	DIFF WITH +2 INTEN C2 PAIRS
3	-1000000000.00000000	-0.00492798	0.01553385
4	0.07581450	0.07581450	0.00000000	0.07581450
113	0.00000000	DIFF WITH +2 INTEN H2O PAIRS
6	-1000000000.00000000	-0.01029740	-0.00699899	-0.00287732	0.00821210	0.01222601
7	0.14155341	0.14155341	0.10420892	0.01903988	0.00000000	0.03734449	0.14155341
114	0.00000000	DIFF WITH +2 INTEN C2 H2O PAIRS
5	-1000000000.00000000	-0.00773461	-0.00568419	-0.00039769	0.01215811
6	0.15240707	0.15240707	0.06996597	0.01540934	0.00000000	0.15240707
117	0.00000000	DIFF +1/-1 # C2 PAIRS
3	-1000000000.00000000	-1.00000000	2.00000000
4	0.00175917	0.00175917	0.00000000	0.00175917
120	0.00000000	DIFF +1/-1 # C2 H2O PAIRS
6	-1000000000.00000000	-2.00000000	-1.00000000	0.00000000	1.00000000	2.00000000
7	0.20194810	0.20194810	0.13876340	0.00000000	0.11678440	0.13948637	0.20194810
121	0.00000000	DIFF +1/-1 INTEN PAIRS
4	-1000000000.00000000	-0.01636458	-0.01052666	0.00756253
5	0.12449897	0.15779933	0.10635384	0.00000000	0.02486461
123	0.00000000	DIFF +1/-1 INTEN C2 PAIRS
3	-1000000000.00000000	-0.01511426	0.00000000
4	0.01944195	0.01944195	0.00000000	0.01944195
125	0.00000000	DIFF +1/-1 INTEN H2O PAIRS
6	-1000000000.00000000	-0.02071867	-0.00871087	0.00503453	0.01093006	0.01633825
7	0.12173806	0.12173806	0.02845776	0.00000000	0.02979004	0.04318023	0.12173806
126	0.00000000	DIFF +1/-1 INTEN C2 H2O PAIRS
6	-1000000000.00000000	-0.00943478	-0.00688415	-0.00352145	0.00579945	0.02125833
7	0.04776227	0.04776227	0.01904608	0.01268910	0.00000000	0.02871620	0.04776227
