1 5 -999999999 -1 -1
1 1 0 -1 -1
0.2848 -0.4746
356
7.32940302e-01
7.32940302e-01
0.00000000e+00
-4.11813027e-01
6.42322992e-01
-7.49629517e-01
5.51908250e-02
0.00000000e+00
0.00000000e+00
-9.89728623e-02
-5.12284242e-01
-2.66293668e-02
-5.47867158e-01
-2.53398345e-01
-2.50670511e-01
9.22558284e-02
0.00000000e+00
0.00000000e+00
0.00000000e+00
0.00000000e+00
0.00000000e+00
0.00000000e+00
0.00000000e+00
0.00000000e+00
0.00000000e+00
0.00000000e+00
0.00000000e+00
0.00000000e+00
0.00000000e+00
0.00000000e+00
0.00000000e+00
0.00000000e+00
0.00000000e+00
0.00000000e+00
0.00000000e+00
0.00000000e+00
0.00000000e+00
0.00000000e+00
0.00000000e+00
0.00000000e+00
0.00000000e+00
0.00000000e+00
0.00000000e+00
0.00000000e+00
0.00000000e+00
0.00000000e+00
0.00000000e+00
0.00000000e+00
0.00000000e+00
0.00000000e+00
0.00000000e+00
-8.47929681e-01
-6.51954903e-01
1.57425512e+00
0.00000000e+00
0.00000000e+00
0.00000000e+00
0.00000000e+00
3.65120939e-02
1.51131552e-01
5.68240484e-01
2.78405479e-02
5.71572608e-01
-7.53060947e-01
-3.66528322e-01
-4.12563339e-01
0.00000000e+00
0.00000000e+00
-4.54205381e-01
-1.34196117e-02
-1.51900028e-01
7.03002210e-01
-1.21329255e-03
-3.30108466e-01
2.29516397e-01
1.77292618e-02
-2.08315233e-01
0.00000000e+00
0.00000000e+00
0.00000000e+00
0.00000000e+00
0.00000000e+00
0.00000000e+00
0.00000000e+00
0.00000000e+00
0.00000000e+00
0.00000000e+00
-3.39537701e-01
1.95159120e-02
1.05296209e+00
-7.13295574e-01
-3.15896053e-01
-2.23990278e-01
-1.68962387e-01
-1.09308243e-01
-3.49641632e-02
-9.34021272e-02
-8.28070012e-02
2.94908346e-01
9.18840765e-02
4.08977051e-01
2.31046990e-01
0.00000000e+00
0.00000000e+00
2.84914865e+00
3.90452479e+00
0.00000000e+00
0.00000000e+00
0.00000000e+00
0.00000000e+00
0.00000000e+00
0.00000000e+00
1.89691166e-01
-5.19289040e-01
-8.18218198e-02
1.54498795e-01
-3.23588206e-01
-1.53569924e+00
1.87199511e-01
1.37965675e+00
-2.05378661e-01
-4.75737832e-01
0.00000000e+00
-2.01969815e+00
4.31085812e-02
-1.52807667e-01
-3.69688853e-01
-7.15158334e-01
-1.89856695e+00
1.14665420e+00
6.50642083e+00
6.04733360e+00
6.05104750e+00
6.10685251e+00
6.48070649e+00
6.21902508e+00
1.64733216e-01
4.95428590e-01
-8.44881776e-03
-2.87088586e-01
3.53248814e-01
-2.14648142e-01
-1.15581064e+00
-6.85847078e-01
-1.36798709e-01
-7.63169519e-01
-4.51862900e-02
-2.44048074e-01
0.00000000e+00
0.00000000e+00
0.00000000e+00
0.00000000e+00
-1.22512546e+00
4.70773352e+00
0.00000000e+00
0.00000000e+00
1.95806576e+00
-5.57716236e-02
0.00000000e+00
-1.96503660e+00
-1.12891585e+00
-4.97798200e-01
-9.87292492e-01
-7.08749685e-01
-2.11620834e+00
0.00000000e+00
0.00000000e+00
0.00000000e+00
3.08467470e-01
7.18854597e-01
-4.81981766e-01
-3.89036949e-02
2.12824123e-01
-2.15669821e-01
4.31408652e-01
8.47481680e-01
-5.56261540e-01
0.00000000e+00
-1.97872952e-02
-7.74626221e-01
-1.33324877e+00
-1.50777348e-01
7.09813664e-01
7.09314004e-01
-5.71293558e-01
-1.67593358e+00
-8.96346348e-01
6.60457405e-01
5.31942836e-01
0.00000000e+00
0.00000000e+00
0.00000000e+00
1.81628153e-01
4.62595655e-01
2.26916758e-01
6.14921016e-01
-2.21048845e+00
4.03894888e-01
8.09235730e-02
9.00213570e-02
2.62953140e-01
0.00000000e+00
-4.51924873e-02
-1.91745271e+00
8.33085924e-02
4.87878441e-01
-1.95641513e-01
2.99508125e-01
4.97388964e-01
4.15074072e-01
6.07262535e-01
1.86442733e-01
-7.94176321e-01
-4.97070842e-01
0.00000000e+00
2.58627693e-01
-4.32872652e-02
-5.47875995e-02
-6.77395932e-02
-3.74543649e-01
-3.48066804e-01
0.00000000e+00
0.00000000e+00
0.00000000e+00
-4.32712079e-01
-1.78434163e-01
-5.21908036e-01
-6.12938539e-01
2.30773675e+00
-2.56148440e-02
-2.55472010e-01
-1.56684349e-01
-2.15845862e-01
0.00000000e+00
-2.49559819e-01
2.59719138e-02
-7.12026074e-02
-3.51452463e-01
9.21861357e-01
-6.72290934e-01
-4.54745918e-01
2.50656171e-01
3.65080439e-01
-2.05118123e-02
-2.97105479e-01
0.00000000e+00
-9.14995414e-01
-9.53154292e-01
-1.32203202e+00
-6.31845009e-01
0.00000000e+00
9.94749424e-01
8.20486807e-01
1.77655968e-02
-8.27149029e-02
-5.66895702e-01
-6.90187013e-01
0.00000000e+00
0.00000000e+00
-3.70173887e-01
-1.20654788e+00
0.00000000e+00
0.00000000e+00
0.00000000e+00
-6.52659291e-01
-1.32603435e+00
-6.18135177e-01
-7.18865146e-01
0.00000000e+00
-1.86135845e-01
1.00463757e+00
-5.55114148e-01
6.68640725e-01
0.00000000e+00
-4.27723174e-02
1.19939166e+00
4.82072987e-01
9.55234037e-01
-2.01227697e+00
-1.99368367e-01
-3.53023214e-01
9.77791335e-01
1.84387935e-01
7.22589862e-01
-1.05216018e-01
0.00000000e+00
0.00000000e+00
0.00000000e+00
6.33026914e-01
-8.02198430e-02
3.39913626e-01
3.22257059e-01
0.00000000e+00
1.02193133e+00
-7.10822036e-01
4.51961545e-01
-4.49744286e-01
0.00000000e+00
1.60822295e-01
-1.33198801e+00
-6.41030326e-01
-1.34674057e-01
-1.31645644e+00
6.74082763e-01
2.15802403e-01
0.00000000e+00
1.30405174e-01
3.21101225e-01
-8.72394949e-01
-3.15515147e-01
-3.41086169e-01
6.48312267e-02
-3.92602050e-02
-1.66693519e-01
-5.26638465e-02
-9.61577816e-02
3.69959586e-02
0.00000000e+00
0.00000000e+00
0.00000000e+00
-7.82460738e-01
3.89820387e-01
-3.86859561e-02
5.48899180e-01
0.00000000e+00
-8.94934173e-01
1.16705126e+00
-8.32550684e-01
4.60970644e-01
0.00000000e+00
-2.87648946e-01
1.08561037e+00
4.67286427e-01
5.92275182e-01
-1.12774433e+00
-4.37757824e-01
-6.54767044e-02
0.00000000e+00
-8.02884751e-02
-5.60104401e-01
-5.56879802e-01
7.79325082e-01
-3.24244915e-01
0.00000000e+00
-3.34152936e-01
-1.82283053e-01
-7.40142095e-01
5.57859042e-01
0.00000000e+00
-2.38002636e-02
-5.06592774e-01
3.48109984e-01
-1.51869883e-01
4.73257454e-01
0.00000000e+00
0.00000000e+00
247
-5.80792301e-01
-5.80792301e-01
0.00000000e+00
-5.38068401e-01
-4.27239003e-02
2.77112984e-01
-6.91830530e-01
1.90388761e-01
0.00000000e+00
0.00000000e+00
-5.69561411e-01
-5.33888145e-01
3.05042309e-01
-8.10817506e-01
0.00000000e+00
0.00000000e+00
0.00000000e+00
0.00000000e+00
0.00000000e+00
0.00000000e+00
0.00000000e+00
0.00000000e+00
0.00000000e+00
0.00000000e+00
0.00000000e+00
0.00000000e+00
0.00000000e+00
0.00000000e+00
0.00000000e+00
0.00000000e+00
0.00000000e+00
0.00000000e+00
0.00000000e+00
0.00000000e+00
0.00000000e+00
0.00000000e+00
0.00000000e+00
0.00000000e+00
0.00000000e+00
0.00000000e+00
0.00000000e+00
-2.98936363e-01
3.31536669e-03
-2.27329948e-01
3.57232696e-03
-4.46538470e-02
1.56267426e-02
0.00000000e+00
0.00000000e+00
0.00000000e+00
0.00000000e+00
0.00000000e+00
0.00000000e+00
0.00000000e+00
0.00000000e+00
0.00000000e+00
-1.03976595e+00
-3.57149201e-01
8.16122853e-01
2.45778822e+00
3.50916406e+00
0.00000000e+00
0.00000000e+00
0.00000000e+00
0.00000000e+00
0.00000000e+00
0.00000000e+00
-5.49824402e-01
-3.29803185e-01
-6.52206049e-01
-4.08319287e-01
-9.19153379e-02
-1.00651226e+00
-5.83181664e-01
8.50577557e-01
-4.40752047e-01
5.75009545e-02
-4.44899976e-01
-1.17463959e+00
-5.70114254e-01
-1.13491116e-01
-3.02211126e-01
-8.50850338e-01
-6.46273912e-01
1.28379146e-01
6.41165894e+00
6.30075349e+00
6.38522868e+00
6.88012452e+00
6.37383878e+00
6.35867546e+00
6.92222563e-01
-4.08945122e-01
7.84902209e-02
2.15796003e-01
1.68179194e-01
-6.06745193e-02
0.00000000e+00
-6.58320016e-01
-3.90699769e-01
-1.61000692e-01
-9.38933668e-01
-3.19487870e-01
0.00000000e+00
-1.73539477e+00
4.52679742e+00
0.00000000e+00
1.15460246e+00
-1.17329670e-01
0.00000000e+00
-2.49979829e+00
-1.23721933e+00
-1.15845473e+00
-8.55539229e-01
-7.34618846e-01
-2.39567406e+00
0.00000000e+00
0.00000000e+00
0.00000000e+00
6.15620001e-01
5.19591381e-02
-1.32704527e-01
-5.22279877e-01
-1.41286444e+00
-1.27719155e-01
2.72459735e-01
3.69963191e-01
-6.00532061e-01
0.00000000e+00
7.80909158e-01
-1.69288808e-01
-1.08297130e+00
2.48757044e-01
7.34049724e-01
3.27152217e-01
4.57374087e-01
-2.65765919e+00
-3.04445238e-01
7.56546240e-01
-1.06966841e+00
-8.50800894e-01
0.00000000e+00
1.12844176e+00
4.47064633e-01
5.13266596e-02
0.00000000e+00
0.00000000e+00
0.00000000e+00
5.93605515e-01
1.12991370e+00
6.37125687e-01
4.34229968e-01
0.00000000e+00
8.63160563e-01
1.22319547e-01
4.73064155e-01
1.04425244e+00
0.00000000e+00
6.75398746e-01
7.32206765e-01
2.32851012e-01
7.99404497e-01
-1.96520941e+00
3.81426942e-01
2.48924979e-01
3.19281540e-01
2.89561064e-01
4.53350788e-01
-2.18867519e-01
0.00000000e+00
-7.02036838e-02
-5.07977035e-01
-1.32600564e+00
-3.86418431e-01
0.00000000e+00
3.04023967e-01
1.22501963e+00
-9.39587214e-01
0.00000000e+00
0.00000000e+00
9.06588120e-01
-1.59015807e+00
0.00000000e+00
0.00000000e+00
0.00000000e+00
-5.53622630e-02
-4.25820089e+00
-7.47296398e-01
-1.52736498e+00
1.54182022e+00
-4.92160120e-01
6.40765499e-01
-8.49735411e-01
-4.86726651e-01
0.00000000e+00
2.37385642e-01
1.55840654e+00
2.25486002e-01
1.86864220e+00
-2.56369589e-01
-8.98421694e-02
7.36017027e-01
0.00000000e+00
1.59063782e+00
1.99745925e-01
-7.67901150e-01
-2.67624943e-01
-5.11265282e-01
1.31996433e-01
0.00000000e+00
3.53928455e-02
0.00000000e+00
0.00000000e+00
0.00000000e+00
8.42317214e-02
3.43655339e+00
-5.48211677e-02
1.28448332e+00
0.00000000e+00
1.10773745e+00
-1.58413883e+00
2.32247584e-01
0.00000000e+00
0.00000000e+00
1.18026182e+00
-1.52298370e-01
1.37817413e-01
0.00000000e+00
-1.65335580e-01
-3.29420879e-01
-2.44326061e+00
0.00000000e+00
0.00000000e+00
-1.06321057e+00
-5.00276207e-01
7.56059653e-01
-6.13606442e-01
0.00000000e+00
-8.22256924e-01
-5.87914286e-01
-6.46431740e-02
0.00000000e+00
0.00000000e+00
-2.34342639e-01
9.08374882e-01
0.00000000e+00
0.00000000e+00
0 -999999999 7 1 -1
1 0 1 1 -1
1.8692e-01 -6.4306e-01
356
6.84798858e-01
0.00000000e+00
0.00000000e+00
0.00000000e+00
0.00000000e+00
0.00000000e+00
0.00000000e+00
0.00000000e+00
0.00000000e+00
0.00000000e+00
0.00000000e+00
0.00000000e+00
0.00000000e+00
0.00000000e+00
0.00000000e+00
0.00000000e+00
1.54732582e-01
5.30066275e-01
-1.57971941e-01
-5.89240800e-01
4.96530069e-02
-1.86677015e-01
0.00000000e+00
0.00000000e+00
-7.62729866e-01
-4.79959141e-01
2.13501764e-01
-2.45877329e-01
-2.53939427e-02
-5.89361549e-02
-7.36418430e-02
7.42195590e-01
-5.73967320e-02
-1.04776343e+00
-1.28441643e+00
1.24916833e-02
-2.30969632e-01
7.71472077e-01
2.42441069e-01
1.01848694e+00
7.69107459e-01
0.00000000e+00
0.00000000e+00
0.00000000e+00
0.00000000e+00
0.00000000e+00
0.00000000e+00
0.00000000e+00
0.00000000e+00
0.00000000e+00
0.00000000e+00
-8.85570161e-01
-7.38864893e-01
-3.23897644e-01
0.00000000e+00
0.00000000e+00
0.00000000e+00
0.00000000e+00
-5.10229379e-01
1.80757755e+00
1.20153398e+00
-2.89075324e-01
7.76030457e-01
-1.22662130e+00
-4.92171557e-01
-1.01587296e+00
-2.90364647e-01
2.13539964e-02
0.00000000e+00
0.00000000e+00
0.00000000e+00
-4.69988925e-01
3.42753622e-02
-5.13084256e-01
-5.20795921e-01
2.82425544e-02
-5.77869485e-02
1.67745828e+00
1.14389211e-02
-1.46527345e-02
0.00000000e+00
0.00000000e+00
0.00000000e+00
0.00000000e+00
0.00000000e+00
0.00000000e+00
0.00000000e+00
1.65226918e-02
1.47694556e-01
5.20581610e-01
-1.09802140e+00
-3.47683364e-01
-3.14456981e-01
-3.14767892e-01
-8.55801201e-02
-2.87464784e-01
3.94758156e-01
1.38147167e-01
-8.60713112e-02
-1.45055021e-02
1.86507894e-01
2.71901915e-01
0.00000000e+00
0.00000000e+00
3.09555216e+00
3.47929850e+00
0.00000000e+00
0.00000000e+00
0.00000000e+00
0.00000000e+00
0.00000000e+00
0.00000000e+00
-6.98729117e-01
-8.35215672e-01
1.07986556e-01
2.90126676e-01
2.78548457e-01
-1.55347020e+00
3.58423306e-01
2.08910430e+00
-7.46905020e-01
-1.83272248e-01
9.74582453e-01
-1.43686440e+00
-2.68409430e-01
-4.90244666e-01
-1.49380250e-01
-9.65222695e-01
-1.94678783e+00
-2.95231608e-02
7.85733991e+00
7.57032133e+00
7.66338480e+00
7.66241156e+00
7.52821071e+00
7.33324547e+00
5.99172148e-01
4.80264809e-01
4.01016910e-01
-1.75496292e-01
1.06588632e-02
-2.70093390e-01
-5.64286529e-01
-2.89907417e-01
-1.46185541e-01
-7.01085804e-01
1.07031569e+00
-4.01097085e-01
0.00000000e+00
0.00000000e+00
0.00000000e+00
0.00000000e+00
1.05506839e+00
3.24114547e+00
0.00000000e+00
0.00000000e+00
-3.70269534e-01
1.65686833e-01
0.00000000e+00
0.00000000e+00
-1.02601938e+00
-1.09234832e+00
-1.38473392e+00
-1.70215132e+00
-2.41075330e+00
0.00000000e+00
0.00000000e+00
0.00000000e+00
8.17469502e-01
1.38416982e+00
-7.74091608e-01
3.55635529e-02
-1.94059581e+00
-5.12822280e-01
6.70332010e-01
9.89520645e-01
-8.11811570e-02
0.00000000e+00
7.37914164e-01
-1.21848299e+00
-1.99602765e+00
-1.04674635e+00
1.31578542e+00
7.38412387e-01
-3.46793562e-01
-1.94093325e+00
-4.14624740e-01
1.17237859e+00
5.69751104e-01
0.00000000e+00
0.00000000e+00
0.00000000e+00
6.19514933e-02
3.92824809e-02
-1.93784193e-02
1.60583085e-01
4.72492018e-01
8.04159842e-02
-5.84370644e-02
-1.07270344e-01
-3.87192629e-01
0.00000000e+00
-2.17368384e-01
-2.42398136e-01
2.26649185e-01
8.32488137e-01
-4.29836670e-01
4.12271582e-02
-2.00575980e-02
1.18243524e-01
2.13582381e-02
-3.00095534e-03
-7.32233483e-01
-2.98815646e-01
0.00000000e+00
-9.20877965e-01
5.96801177e-02
1.52244402e-01
8.08911234e-03
-4.59149160e-01
-7.25941527e-01
0.00000000e+00
0.00000000e+00
0.00000000e+00
-4.27074747e-01
2.09411326e-01
-5.30295621e-02
-1.98502351e-01
-1.03610988e-01
-4.19291711e-02
8.22664653e-02
4.73559641e-01
1.66200946e-01
0.00000000e+00
-1.71766847e-01
-2.26761093e-01
-9.22444178e-02
-2.80115081e-01
4.00150790e-01
-4.47542217e-01
-2.64321776e-01
-1.07140408e-01
3.44234465e-01
1.22734996e-02
-4.33417837e-01
0.00000000e+00
0.00000000e+00
-8.57202732e-02
-1.67851981e+00
-7.27203736e-01
0.00000000e+00
0.00000000e+00
1.66478974e-01
4.01736240e-02
-7.72431342e-02
-6.90134225e-01
-9.51316079e-01
0.00000000e+00
0.00000000e+00
0.00000000e+00
-2.79449965e+00
0.00000000e+00
0.00000000e+00
0.00000000e+00
1.06688551e+00
-4.15860738e-01
-1.58111881e+00
-5.78407123e-01
7.23393062e-01
-1.39991230e+00
3.12316430e-01
6.95606043e-01
-2.42159755e-01
0.00000000e+00
-2.45516966e-01
7.68970149e-01
-8.05723092e-01
3.75320423e-01
-2.60365532e+00
1.00710890e+00
3.88610143e-01
-1.42566069e+00
4.02018764e-01
7.63285726e-01
4.58036248e-01
0.00000000e+00
0.00000000e+00
0.00000000e+00
-2.94536438e-01
1.54361824e-01
-2.99912254e-02
6.26010686e-02
5.16944918e-01
3.22615521e-01
-2.30138568e-02
3.92679196e-02
-2.54605441e-02
0.00000000e+00
-2.28116923e-01
-3.23799584e-01
5.19274321e-01
-1.24247725e-01
-1.63776897e-01
-1.05302873e-01
-2.00765448e-01
5.95460820e-01
-1.45780274e-01
-8.76983556e-02
-5.96478701e-01
-1.73579543e-02
0.00000000e+00
1.10101635e+00
-6.17762378e-01
1.85816055e-01
-2.19599970e-02
-1.81214012e-01
-3.25333064e-01
0.00000000e+00
0.00000000e+00
0.00000000e+00
4.07563560e-02
2.46369873e-02
4.11414842e-01
2.51954152e-01
-2.96789313e-01
-2.73161532e-01
1.67943583e-01
-7.19909092e-01
1.94544144e-01
0.00000000e+00
6.09688807e-01
5.55997481e-01
-1.91539108e-01
8.45729723e-02
-9.88983940e-01
4.27323705e-01
3.80053463e-01
-3.07533202e-01
-4.40161081e-01
-2.56142288e-01
-5.79120747e-01
4.95898477e-02
2.83890660e+00
-7.97895521e-01
-2.19802094e+00
-1.07499037e+00
0.00000000e+00
1.98308616e+00
0.00000000e+00
-8.07505849e-02
-3.02861676e-01
-6.91378109e-01
-1.12303057e+00
1.00547854e+00
3.44473862e+00
0.00000000e+00
247
7.33382931e-02
0.00000000e+00
0.00000000e+00
0.00000000e+00
0.00000000e+00
0.00000000e+00
0.00000000e+00
0.00000000e+00
0.00000000e+00
6.59549348e-02
0.00000000e+00
0.00000000e+00
0.00000000e+00
0.00000000e+00
8.64188563e-02
-1.30805633e-02
-6.08252672e-02
1.47244124e-01
-2.89164803e-01
-4.97600908e-01
0.00000000e+00
0.00000000e+00
0.00000000e+00
-5.15575434e-01
-2.78825584e-01
3.25238090e-01
-5.04887479e-01
8.15486956e-01
-7.42148663e-01
3.37707021e+00
-2.56158326e+00
1.25112135e-01
1.02122869e+00
-1.35471154e+00
0.00000000e+00
0.00000000e+00
0.00000000e+00
0.00000000e+00
0.00000000e+00
0.00000000e+00
0.00000000e+00
0.00000000e+00
0.00000000e+00
1.53533890e+00
-3.68313929e-03
-1.61577894e+00
2.42332588e-02
1.53778326e-01
1.89946788e-02
0.00000000e+00
0.00000000e+00
0.00000000e+00
0.00000000e+00
0.00000000e+00
0.00000000e+00
0.00000000e+00
-4.64819725e-01
8.70211740e-03
5.29455901e-01
2.78414115e+00
3.33803062e+00
0.00000000e+00
0.00000000e+00
0.00000000e+00
0.00000000e+00
0.00000000e+00
0.00000000e+00
-3.98866638e-02
-3.52890446e-01
-2.98519115e-01
-1.36903248e-01
-5.43636782e-01
-1.33896660e+00
2.23693404e+00
1.68656910e+00
0.00000000e+00
4.71935613e-01
0.00000000e+00
-8.51538621e-01
-3.38874810e-01
-7.58730422e-01
-1.29110515e-01
-9.15588802e-01
-1.99531033e+00
8.82744600e-01
8.32084316e+00
8.20996152e+00
8.22265408e+00
8.39609140e+00
8.35426407e+00
7.49649252e+00
7.96127997e-02
-1.33971619e-01
-3.65954107e-02
-4.53066914e-01
-3.41738888e-01
-5.49019479e-01
2.87129086e-01
-1.84169439e-01
-1.88619177e-01
3.88031988e-01
1.62820477e-01
-4.33689500e-01
0.00000000e+00
-9.82205284e-03
4.16257270e+00
0.00000000e+00
8.31603459e-02
3.98662450e-02
0.00000000e+00
0.00000000e+00
-1.20944359e+00
-1.50135927e+00
-1.42342243e+00
-1.84126990e+00
-2.71080286e+00
0.00000000e+00
0.00000000e+00
0.00000000e+00
4.12731383e-01
3.26545167e-01
-4.27876788e-01
-5.49833495e-01
-1.34512354e+00
-8.82734750e-02
7.69318311e-02
3.99888917e-01
-3.89668221e-01
0.00000000e+00
1.89094274e-01
-2.86678922e-01
-1.32444428e+00
-9.75144476e-01
1.40260999e+00
5.19751434e-01
4.29985712e-01
-1.45017228e+00
-2.36750317e-01
6.05624232e-01
-1.41588858e+00
-7.37576268e-01
0.00000000e+00
0.00000000e+00
2.27083709e-02
5.58050261e-01
0.00000000e+00
0.00000000e+00
0.00000000e+00
3.09818582e-01
3.41630956e-01
1.28844079e-01
4.08115086e-01
1.52576142e-01
1.36151866e-01
4.68411555e-02
-3.27593861e-02
5.28914429e-01
0.00000000e+00
1.34866367e-01
2.06261279e-01
-1.24275313e-01
6.96781687e-01
-1.94343258e+00
7.13124533e-02
-9.87183437e-02
-1.35634652e-01
-1.04449248e-01
-1.64794296e-01
-6.78312310e-01
0.00000000e+00
0.00000000e+00
-2.58539605e-01
-1.29491428e+00
-4.71867318e-01
0.00000000e+00
0.00000000e+00
0.00000000e+00
-8.23046961e-01
0.00000000e+00
0.00000000e+00
0.00000000e+00
-3.26469233e+00
0.00000000e+00
0.00000000e+00
0.00000000e+00
6.65523417e-01
-3.55488685e+00
-1.14051492e+00
-6.86260064e-01
1.22477546e-01
-8.88257926e-01
5.54746431e-01
1.01582819e+00
-5.12277019e-01
0.00000000e+00
-3.16440553e-01
1.02822235e+00
-8.96483776e-01
-1.05646128e+00
1.48670102e+00
8.54320048e-01
-6.76092316e-02
-3.65612682e-01
-5.53695111e-01
1.04598808e+00
-8.70686722e-01
5.85630840e-03
0.00000000e+00
2.01372068e+00
1.40263749e-01
1.63765311e-01
0.00000000e+00
0.00000000e+00
0.00000000e+00
-2.81793965e-01
7.87650397e-01
-2.79427519e-01
-8.93002356e-03
0.00000000e+00
-1.07331034e-01
-1.90834352e-01
3.05759428e-01
-4.86586277e-01
0.00000000e+00
-2.19919939e-01
-4.39471631e-01
1.23830140e-01
-5.28383499e-02
-1.22778104e-01
-4.37151437e-01
-1.25995186e-01
0.00000000e+00
-4.30200078e-01
-6.24945665e-02
-8.76543030e-01
-6.18242281e-01
3.15686822e+00
-5.25091932e-02
-2.39400561e+00
-1.42927874e+00
0.00000000e+00
2.79802830e+00
0.00000000e+00
-9.64726872e-01
6.08420228e-01
2.64858746e+00
0.00000000e+00
2 -999999999 11 1 0
1 0 1 1 1
-1.2135e-02 -1.5049e-03
356
2.91284130e-01
0.00000000e+00
0.00000000e+00
0.00000000e+00
0.00000000e+00
0.00000000e+00
0.00000000e+00
0.00000000e+00
0.00000000e+00
0.00000000e+00
0.00000000e+00
0.00000000e+00
0.00000000e+00
0.00000000e+00
0.00000000e+00
0.00000000e+00
2.91284130e-01
0.00000000e+00
5.63210993e-02
-1.73071817e-01
-9.51410282e-02
-1.27566690e-01
0.00000000e+00
0.00000000e+00
-1.54325876e-01
2.29853334e-01
-2.10146548e-01
1.55676549e-01
-1.40775623e-02
1.92014190e-02
5.11972426e-02
1.78714349e-01
1.12569781e-01
-1.06006978e+00
-2.24057690e+00
-5.39255342e-01
-1.96757199e-01
8.89439719e-01
1.04497817e+00
3.49344407e-01
1.30676678e+00
2.91284130e-01
0.00000000e+00
-1.00792689e+00
-3.65712484e-01
0.00000000e+00
-7.73753801e-01
8.53371511e-01
4.69959982e-01
4.45839512e-01
1.83087291e+00
-5.44894327e-01
-5.96473708e-01
-3.72678651e-01
0.00000000e+00
0.00000000e+00
0.00000000e+00
0.00000000e+00
1.55176317e-02
7.37045909e-01
8.20378056e-01
1.07565398e-01
3.61886079e-01
-5.43989451e-01
-9.05695330e-01
-3.67656089e-01
0.00000000e+00
0.00000000e+00
2.99383574e-01
7.80664374e-03
-5.89967503e-01
5.57538183e-01
-1.41118268e-02
-1.63749197e-01
-5.57704326e-01
6.27285326e-03
-3.44278230e-01
-7.93330184e-03
-5.38240550e-03
-1.45260503e-01
0.00000000e+00
0.00000000e+00
0.00000000e+00
0.00000000e+00
0.00000000e+00
0.00000000e+00
0.00000000e+00
-1.66810411e-02
-1.46637338e-02
3.22628905e-01
7.99546629e-02
2.17825796e-01
1.83466190e-01
-3.34598846e-01
-1.59898098e-02
-3.20073892e-01
3.71176571e-01
-2.98169598e-01
1.63493388e-01
-4.18090901e-01
4.97221551e-01
1.27591773e+00
0.00000000e+00
0.00000000e+00
2.64499402e+00
4.78032303e+00
0.00000000e+00
0.00000000e+00
0.00000000e+00
0.00000000e+00
0.00000000e+00
0.00000000e+00
2.29845139e-01
-8.48070739e-01
-2.68181235e-02
1.74449214e-01
4.58612043e-02
-1.92897658e+00
-2.55698797e-02
1.25708783e+00
-1.02212733e+00
5.29588421e-01
0.00000000e+00
-8.17612816e-01
-1.01092377e+00
-4.73271074e-01
-3.94790006e-01
-1.18685516e+00
-1.53402913e+00
1.19045756e+00
8.30923086e+00
8.27540538e+00
8.26141251e+00
8.12292946e+00
8.27816426e+00
7.87022593e+00
1.99858917e-01
2.93081605e-01
4.41839801e-02
-3.97180626e-01
-5.46745474e-02
-3.58884331e-01
-8.23093422e-01
-1.45174422e+00
-9.23221930e-01
-1.10174932e+00
-2.02439892e+00
-1.00980354e+00
0.00000000e+00
0.00000000e+00
0.00000000e+00
0.00000000e+00
-1.07962731e+00
4.40955690e+00
0.00000000e+00
0.00000000e+00
1.37091144e+00
1.00085972e-01
0.00000000e+00
-3.12159105e+00
-7.79593647e-01
-4.31647654e-01
-1.57411624e+00
-9.35800192e-01
-2.35370989e+00
0.00000000e+00
0.00000000e+00
0.00000000e+00
1.54845826e-01
1.64386166e+00
-5.49365443e-01
4.54906394e-01
-1.14404745e+00
-2.01388619e-01
4.37554764e-01
3.50987087e-01
-8.45199599e-02
0.00000000e+00
-6.81263672e-02
-1.54377569e+00
-1.39338358e+00
3.10313331e-01
6.69511505e-01
3.94116296e-01
-1.72747026e-01
-2.15560241e+00
-2.32362100e-01
7.75511891e-01
-2.48122346e-02
0.00000000e+00
0.00000000e+00
0.00000000e+00
1.03050022e-01
-4.47255437e-01
-4.99571315e-01
4.46101345e-01
-2.56276584e-01
-4.71869622e-01
-7.71619458e-02
1.34644656e-01
-1.62862542e-02
0.00000000e+00
-2.84296413e-01
3.41512196e-02
-1.58796640e-01
4.29143112e-01
-6.56439795e-01
3.97797961e-01
2.62599229e-01
1.09268355e+00
-3.23671797e-01
2.66642471e-01
-6.64703287e-01
-3.06070774e-01
0.00000000e+00
-3.27300811e-01
-3.14812443e-02
9.86004198e-02
-6.42266950e-02
-3.40444499e-01
1.83776452e-01
0.00000000e+00
0.00000000e+00
0.00000000e+00
2.50503281e-01
1.02966398e-01
4.01313263e-01
-7.89451340e-02
7.00930627e-02
4.40286566e-01
-2.45469258e-01
-7.37324393e-01
-5.99161150e-01
0.00000000e+00
6.47572745e-01
-8.07373655e-01
3.07072435e-01
-5.67684452e-02
9.89874340e-01
-5.03909271e-01
-1.43929199e-01
-1.14075960e-01
3.92847105e-01
-1.31796278e-01
-3.58632513e-01
0.00000000e+00
-2.32567738e-01
-5.66450992e-02
-1.68900660e+00
-4.73522873e-01
0.00000000e+00
1.63169458e-01
-2.64453233e-03
2.81703268e-01
-1.40976810e-01
-6.14249331e-01
-1.21548373e+00
0.00000000e+00
1.14889736e+00
8.29954089e-01
-1.36744785e+00
0.00000000e+00
0.00000000e+00
0.00000000e+00
-6.54445649e-02
-2.49499739e+00
-1.36145224e+00
-1.32060285e-01
1.83681217e+00
-8.17902215e-01
-7.19779054e-02
6.02244819e-02
6.84973137e-01
0.00000000e+00
-5.97787928e-01
1.30486507e+00
-7.59035082e-02
3.70317971e-01
6.63364857e-02
4.65454755e-02
-2.82613317e-01
-6.01045994e-01
8.99996635e-01
-1.36333920e-01
3.03277750e-01
0.00000000e+00
0.00000000e+00
0.00000000e+00
-4.01303850e-01
2.27221416e-01
-3.40641137e-01
-3.35899065e-01
5.17240410e-01
-4.69717581e-01
-3.45112987e-01
3.72264516e-01
-5.49908525e-01
0.00000000e+00
1.03978937e-01
-2.02731222e+00
-5.06517034e-02
5.41652406e-01
4.77778677e-01
-2.58906169e-01
2.18134238e-01
1.05593122e+00
1.15598890e+00
4.12540270e-01
-5.77757492e-01
-2.26441050e-01
4.25798929e-01
-4.55371556e-01
-1.96868423e-01
3.26190547e-02
-3.96899518e-02
-2.19370153e-01
1.34184782e-01
0.00000000e+00
0.00000000e+00
0.00000000e+00
2.84549575e-02
-7.04354075e-02
1.59795656e-01
7.19340240e-01
-6.48257531e-01
6.24959361e-01
-3.16116175e-02
2.07827517e-01
4.08927739e-01
0.00000000e+00
-5.87911326e-01
1.77612355e+00
-4.90329953e-02
-2.95678078e-01
-1.44414633e+00
-5.52213593e-02
-4.88481493e-01
2.20612605e-01
3.46429375e-01
-6.87510085e-01
-3.51316442e-01
1.88732801e-01
-4.49174520e-01
-9.08747226e-02
-7.89690354e-01
-2.05206604e-01
-2.57042422e-01
0.00000000e+00
0.00000000e+00
3.15802604e-02
-1.88967767e-01
-4.78190978e-02
-5.84483750e-01
2.86672049e-01
0.00000000e+00
0.00000000e+00
247
-1.57527630e-01
0.00000000e+00
0.00000000e+00
0.00000000e+00
0.00000000e+00
0.00000000e+00
0.00000000e+00
0.00000000e+00
0.00000000e+00
-1.74655809e-01
0.00000000e+00
0.00000000e+00
0.00000000e+00
0.00000000e+00
-1.57527630e-01
0.00000000e+00
1.98102323e-02
-1.77337862e-01
-1.18785513e-01
-2.63968966e-01
0.00000000e+00
0.00000000e+00
0.00000000e+00
-2.38108091e-01
2.64997354e-01
-3.04936586e-01
4.61139418e-01
-3.41489611e-01
1.83961981e-01
-1.23771653e+00
8.96226918e-01
-2.41587722e+00
1.15199268e+00
5.22229736e-01
-1.57527630e-01
0.00000000e+00
3.98630140e+00
-4.14382903e+00
-2.21817266e-01
-4.44091417e-01
-1.36224701e+00
3.58348020e-01
-6.07108826e-03
4.94060853e-01
-9.14908164e-03
-5.92277844e-01
1.13794299e-02
-4.17658660e-01
1.09042281e-02
0.00000000e+00
0.00000000e+00
0.00000000e+00
0.00000000e+00
0.00000000e+00
0.00000000e+00
0.00000000e+00
-2.19986048e-01
-2.93443320e-01
3.55901739e-01
2.25525002e+00
4.05425351e+00
0.00000000e+00
0.00000000e+00
0.00000000e+00
0.00000000e+00
0.00000000e+00
0.00000000e+00
-6.92262531e-01
-1.01942584e+00
-5.72124699e-02
3.60752296e-01
3.54189022e-01
-1.35881813e+00
8.25644158e-01
1.47796988e+00
-1.66947472e+00
-7.25341423e-01
5.04760457e-01
-1.41598664e+00
-6.63967673e-02
-4.88506367e-01
-6.07583930e-01
-1.69251464e+00
-2.17923209e+00
1.82488095e+00
8.00215199e+00
8.05197469e+00
8.02507922e+00
7.76929511e+00
7.80488186e+00
7.52529099e+00
1.24417101e+00
2.96685840e-01
3.25148039e-01
-2.56286334e-01
1.26127166e-01
-8.67922673e-02
-1.02745307e+00
-1.10847824e+00
-5.00100032e-01
-9.92303759e-01
-2.71045260e-01
-1.54165243e+00
0.00000000e+00
-1.00242829e+00
3.22860852e+00
0.00000000e+00
8.44900662e-01
-1.58486158e-01
0.00000000e+00
-2.94405780e+00
-8.83169348e-01
-1.38700647e+00
-1.67859212e-01
-1.09986413e+00
-2.27017582e+00
0.00000000e+00
0.00000000e+00
0.00000000e+00
7.89080569e-01
1.57395172e+00
-3.31209173e-01
5.34668924e-01
-1.46123098e+00
-4.17413358e-03
7.95498970e-01
2.73952672e-01
-8.67597989e-01
0.00000000e+00
6.44210957e-01
-1.73243788e+00
-1.82945657e+00
3.73648480e-01
6.86472646e-01
8.99026620e-01
-4.63505038e-01
-2.08636894e+00
-7.03722907e-01
6.39016239e-01
-5.45688825e-01
-1.28271893e-02
0.00000000e+00
-2.86521418e-01
-6.43373257e-02
-5.83509690e-01
0.00000000e+00
0.00000000e+00
0.00000000e+00
-1.64086749e-01
-6.88760031e-02
-3.82525413e-01
1.94412301e-01
-5.88013244e-02
-3.90783250e-01
-1.90993394e-01
7.37663043e-01
6.91793849e-01
0.00000000e+00
-6.05628851e-01
1.12533138e+00
-3.44103687e-01
-4.39660639e-01
-1.87845433e+00
4.08625798e-01
3.37574542e-01
2.77622115e-01
1.77629559e-01
-1.02486286e-02
-5.32861636e-01
0.00000000e+00
-1.34189067e-01
5.53449445e-02
-1.72448699e+00
-8.70342159e-01
0.00000000e+00
3.17001057e-01
6.80232497e-01
-8.54144834e-01
0.00000000e+00
2.63988605e-01
9.71685411e-02
-1.26772334e+00
0.00000000e+00
0.00000000e+00
0.00000000e+00
2.27883898e-02
-2.79515913e+00
-7.21429124e-01
-1.04680160e+00
7.22808951e-01
-1.91616273e-01
5.36891936e-01
-2.32514698e-01
3.68935250e-01
0.00000000e+00
-3.03855591e-01
2.11615750e+00
5.55099592e-01
7.34839143e-01
-2.55200088e+00
4.04439716e-01
7.07674156e-01
-9.00865040e-01
1.10048212e+00
2.06402257e-01
-2.88771159e-01
-6.94819420e-02
2.20399960e-01
-3.48933970e-01
5.90520681e-02
-1.51981909e-01
0.00000000e+00
0.00000000e+00
0.00000000e+00
6.05646548e-03
6.20990749e-01
-4.37169429e-01
6.52727352e-01
1.69106840e+00
-4.54680263e-01
-3.09725818e-01
3.23398858e-03
1.41746151e-01
0.00000000e+00
-6.83279539e-02
-2.17513428e+00
4.14403098e-01
1.14406130e-01
-2.38850846e-01
-7.93699871e-01
-4.99064123e-01
0.00000000e+00
2.33598238e-01
2.77745817e-01
-2.19289217e-01
1.61246702e-01
-4.33548092e-01
5.30121729e-02
-9.78952179e-01
-9.83772701e-02
6.74105075e-01
0.00000000e+00
0.00000000e+00
-8.80574909e-01
1.80644491e+00
0.00000000e+00
0.00000000e+00
4 2
1.5610e-03 -1.7515e-01
3 -1
1 0 2 
217
1.13409255e+00
1.66524407e-01
-8.86507463e-01
-2.26525665e-01
6.31826498e-02
1.39952744e-01
5.85330196e-01
2.19091914e-01
7.16620180e-01
-5.86734805e-01
1.08130078e-01
-7.84051143e-01
-3.39170556e-01
-1.07502253e-01
0.00000000e+00
0.00000000e+00
0.00000000e+00
0.00000000e+00
0.00000000e+00
0.00000000e+00
0.00000000e+00
0.00000000e+00
0.00000000e+00
1.04806890e+00
-1.70570442e-03
-2.73796884e-01
0.00000000e+00
0.00000000e+00
0.00000000e+00
0.00000000e+00
0.00000000e+00
0.00000000e+00
0.00000000e+00
3.33495720e-02
3.98703853e-01
7.02039123e-01
0.00000000e+00
1.40316959e-01
1.58711426e-01
7.52600755e-01
0.00000000e+00
0.00000000e+00
0.00000000e+00
0.00000000e+00
0.00000000e+00
3.34169498e-02
3.44001318e-02
4.04043391e-02
7.24998774e-02
1.72575494e-01
-5.42684079e-02
7.52600755e-01
0.00000000e+00
0.00000000e+00
0.00000000e+00
0.00000000e+00
0.00000000e+00
0.00000000e+00
0.00000000e+00
0.00000000e+00
7.38736686e-01
3.44001318e-02
2.78492322e-01
1.12508180e-01
2.25868301e-02
-1.40265238e-01
9.06371076e-01
2.07897677e-01
9.26264613e-02
5.44516762e-01
0.00000000e+00
3.60955730e-01
-1.59861913e-01
3.57398854e-01
2.68788313e-01
4.15737963e-01
1.87572582e-01
-8.37433007e-02
2.74428130e-01
-1.78228315e-01
3.44107057e-01
-7.17626999e-01
5.99300662e-01
3.44096306e-01
0.00000000e+00
0.00000000e+00
0.00000000e+00
0.00000000e+00
0.00000000e+00
0.00000000e+00
0.00000000e+00
0.00000000e+00
0.00000000e+00
0.00000000e+00
0.00000000e+00
0.00000000e+00
0.00000000e+00
0.00000000e+00
0.00000000e+00
0.00000000e+00
0.00000000e+00
0.00000000e+00
0.00000000e+00
0.00000000e+00
0.00000000e+00
0.00000000e+00
0.00000000e+00
0.00000000e+00
0.00000000e+00
0.00000000e+00
0.00000000e+00
0.00000000e+00
0.00000000e+00
0.00000000e+00
0.00000000e+00
0.00000000e+00
0.00000000e+00
0.00000000e+00
0.00000000e+00
-9.02074720e-01
-6.50090303e-01
-1.41155982e+00
0.00000000e+00
0.00000000e+00
0.00000000e+00
8.51915067e-01
-3.73918036e-01
4.70921646e-01
-2.28402781e-01
-8.24936356e-01
4.20796355e-02
8.29158907e-02
5.12315738e-01
-4.10941420e-01
0.00000000e+00
6.15012098e-01
-1.67618409e+00
-5.29696235e-01
2.17550782e-01
3.63115565e-01
1.04084001e+00
-4.34780237e-01
-6.09497281e-01
-3.45875984e-01
-1.73993833e-01
2.60195660e-02
0.00000000e+00
0.00000000e+00
0.00000000e+00
-3.40257713e-01
4.58801032e-01
-2.70184893e-01
3.32434078e-03
-1.78022220e-01
-4.95243898e-02
8.20433760e-02
4.86422955e-03
2.59563465e-01
0.00000000e+00
-2.93763770e-01
7.80059885e-01
-8.32334773e-02
1.94008753e-01
-2.52431796e-01
-2.76457662e-01
3.62485459e-01
-6.35263839e-01
9.99725656e-02
1.60036220e-01
-2.20166749e+00
0.00000000e+00
0.00000000e+00
0.00000000e+00
1.39899918e-01
3.17104394e-02
-6.94441679e-01
-6.96884516e-01
-5.61938164e-02
-2.76559751e-01
1.43100757e+00
5.60405411e-01
-4.21144251e-01
0.00000000e+00
-1.22514190e+00
1.76691895e+00
-7.50874891e-01
1.77057566e-01
-2.25183680e-01
6.17979475e-01
2.39790547e-01
0.00000000e+00
-4.05528509e-01
-6.31040243e-02
-2.17522642e-02
0.00000000e+00
0.00000000e+00
0.00000000e+00
3.10855786e-01
2.34997446e-01
1.23049115e-01
3.58452859e-01
3.40708642e-01
-2.15231939e-01
-7.61718368e-01
-7.85500563e-01
4.37671081e-01
0.00000000e+00
8.86538871e-01
1.08329502e+00
3.08982684e-01
7.23128733e-01
-2.28557942e-01
-3.16649582e-02
3.78601489e-01
0.00000000e+00
7.90129330e-01
5.13040191e-01
136
1.25263848e+00
0.00000000e+00
0.00000000e+00
0.00000000e+00
0.00000000e+00
0.00000000e+00
0.00000000e+00
1.17107448e+00
-9.66333384e-04
0.00000000e+00
0.00000000e+00
0.00000000e+00
0.00000000e+00
0.00000000e+00
0.00000000e+00
0.00000000e+00
1.43139711e-01
2.34746077e-01
8.74752690e-01
-4.67361564e-01
3.30564754e-01
4.19826404e-01
9.69608886e-01
0.00000000e+00
0.00000000e+00
0.00000000e+00
0.00000000e+00
-4.67361564e-01
2.23699022e-01
6.39401697e-01
1.68599125e+00
-5.32535965e-01
-1.39874539e+00
1.32580545e-01
9.69608886e-01
0.00000000e+00
0.00000000e+00
0.00000000e+00
0.00000000e+00
0.00000000e+00
0.00000000e+00
0.00000000e+00
0.00000000e+00
0.00000000e+00
0.00000000e+00
0.00000000e+00
-2.71429630e-01
4.35143433e-02
1.00948391e+00
4.70494089e-02
-2.77304190e-01
0.00000000e+00
-2.17494389e+00
-6.98967683e-02
-9.01531945e-01
-3.23373199e-01
6.38300657e-01
1.44342974e+00
-1.47422580e-01
6.76008438e-01
-5.15134361e-01
6.39401697e-01
-1.70758233e+00
0.00000000e+00
0.00000000e+00
0.00000000e+00
0.00000000e+00
0.00000000e+00
0.00000000e+00
0.00000000e+00
0.00000000e+00
0.00000000e+00
0.00000000e+00
0.00000000e+00
0.00000000e+00
0.00000000e+00
0.00000000e+00
0.00000000e+00
0.00000000e+00
0.00000000e+00
0.00000000e+00
0.00000000e+00
0.00000000e+00
0.00000000e+00
0.00000000e+00
0.00000000e+00
-2.18566651e-01
-1.15835896e+00
-1.36235823e+00
0.00000000e+00
0.00000000e+00
0.00000000e+00
6.92668062e-01
-5.52906727e-02
-2.70080343e-01
1.91793141e-01
-1.33389244e+00
1.78808026e-01
4.15476113e-01
1.17733114e-01
1.04492338e-01
0.00000000e+00
7.00627186e-01
-5.15059029e-01
-1.37738758e+00
3.76015254e-01
4.16129141e-01
4.89059167e-01
1.26166995e-01
-1.71775693e+00
-2.39615344e-01
3.37755578e-01
-2.06262993e+00
0.00000000e+00
0.00000000e+00
0.00000000e+00
3.10694906e-01
-6.33551753e-01
-1.32335966e+00
-7.22657642e-01
-4.27515523e-01
-5.98340252e-01
2.41210952e-02
1.13340088e-01
-7.11394659e-01
0.00000000e+00
-2.75898339e-01
3.60691070e+00
-7.89276196e-01
2.47827073e-01
-5.47187756e-02
1.81661113e-01
6.31868381e-01
-2.13272473e+00
1.30644081e-01
3.59740171e-01
5 1
4.2732e-02 -4.1147e-02
4 0
1 0 2 4 
217
7.01486598e-01
-5.19739170e-01
-6.59923487e-01
6.49741813e-02
4.60973202e-01
3.66447850e-01
7.13987963e-01
-5.77343966e-01
2.09786043e-02
-3.61450745e-01
-3.52746424e-01
3.94648799e-01
0.00000000e+00
0.00000000e+00
0.00000000e+00
0.00000000e+00
0.00000000e+00
-2.27482556e+00
5.48353369e-02
-8.97227512e-02
1.13700761e+00
1.55253506e-02
-4.10005925e-01
1.83930455e+00
9.89884299e-03
-5.55348469e-01
0.00000000e+00
0.00000000e+00
0.00000000e+00
0.00000000e+00
0.00000000e+00
0.00000000e+00
0.00000000e+00
-1.21688556e-01
1.97937496e-01
6.25237658e-01
0.00000000e+00
9.19934950e-02
-8.74480167e-02
1.82865231e-01
5.14075888e-01
0.00000000e+00
0.00000000e+00
0.00000000e+00
0.00000000e+00
2.35335357e-01
-1.18748949e-01
1.60852817e-01
-2.45929132e-02
-4.26958354e-02
-7.71357877e-01
8.69064527e-01
0.00000000e+00
-5.53276659e-02
6.46803358e-02
-2.24337016e-01
5.56400209e-01
-4.19747684e-01
-4.21145954e-02
5.14075888e-01
5.87508603e-01
-5.40686134e-02
1.68046609e-01
2.16029128e-01
-5.51762918e-01
2.15995703e-01
4.43753898e-01
3.35130571e-01
5.93466490e-01
1.32636324e+00
0.00000000e+00
2.49371468e-01
1.89660929e-01
4.25334917e-01
8.60889801e-01
2.67802124e-02
7.89100576e-01
8.49882869e-02
-2.25334081e-02
-5.26300774e-01
3.96654994e-01
-5.26537523e-01
2.42376726e-01
2.25665538e-02
0.00000000e+00
3.07857126e-01
-3.95228114e-02
1.65738511e-01
-6.86600670e-02
2.27890961e-01
6.49689977e-02
0.00000000e+00
0.00000000e+00
0.00000000e+00
0.00000000e+00
0.00000000e+00
0.00000000e+00
0.00000000e+00
0.00000000e+00
0.00000000e+00
0.00000000e+00
0.00000000e+00
0.00000000e+00
0.00000000e+00
0.00000000e+00
0.00000000e+00
0.00000000e+00
0.00000000e+00
0.00000000e+00
0.00000000e+00
0.00000000e+00
0.00000000e+00
0.00000000e+00
0.00000000e+00
0.00000000e+00
0.00000000e+00
0.00000000e+00
0.00000000e+00
0.00000000e+00
-9.30623248e-01
-9.64406421e-01
-1.87521988e+00
0.00000000e+00
0.00000000e+00
0.00000000e+00
4.12356276e-01
-3.76789841e-02
-1.00314952e-01
2.12573133e-01
-9.92345872e-01
-5.81748089e-02
-2.10262070e-01
-2.35549920e-02
-6.74974680e-02
0.00000000e+00
1.96959265e-01
-8.90938177e-01
-1.18611328e+00
7.26616870e-01
4.85108769e-01
6.73385154e-01
1.01439735e-01
-1.51218218e+00
3.05502638e-01
8.99010549e-02
2.89091033e-01
0.00000000e+00
0.00000000e+00
0.00000000e+00
-6.25835301e-02
1.20730183e-01
-2.17471353e-01
-2.27748056e-01
-2.74267267e-01
1.30046800e-01
6.22382459e-01
1.47334051e-01
2.94518680e-01
0.00000000e+00
8.78325053e-02
1.18697278e-01
8.30911201e-02
-4.60461643e-02
-4.52647551e-01
-2.07630618e-01
-4.82159186e-02
1.41655907e-01
-1.05730577e-01
1.85143084e-01
-2.04264177e+00
0.00000000e+00
0.00000000e+00
0.00000000e+00
-1.92586527e-01
4.07500995e-01
-1.07880292e+00
-3.56803140e-01
-1.11126360e+00
-6.18580280e-01
1.52711885e-01
5.63837200e-01
1.60097247e-01
0.00000000e+00
-5.47474560e-01
1.92933226e+00
-5.07913703e-01
3.23634130e-01
-9.36210557e-01
-1.38926529e-01
4.74542968e-01
-1.45493494e+00
3.98180618e-01
4.91017686e-01
2.43053755e-01
0.00000000e+00
0.00000000e+00
0.00000000e+00
3.92018466e-01
1.91697421e-01
-8.99299735e-02
3.57615024e-01
-4.38066497e-01
-2.14767353e-01
-1.23891866e-01
1.43883694e-01
-3.32942141e-01
0.00000000e+00
1.72940355e-01
3.52704523e-01
-5.54263847e-02
3.39659638e-01
-1.19431842e-01
8.90764107e-01
1.89482406e-01
-9.91054168e-01
-1.86163557e-01
-2.36038095e-01
136
7.75278433e-01
0.00000000e+00
0.00000000e+00
-2.26971744e+00
5.93469772e-02
6.06308866e-01
2.40259090e-02
2.44229166e+00
-1.60021441e-03
0.00000000e+00
0.00000000e+00
0.00000000e+00
0.00000000e+00
0.00000000e+00
0.00000000e+00
0.00000000e+00
2.30448269e-01
2.09670064e-01
3.35160100e-01
-3.59371676e-01
-4.26275522e-02
1.17839123e-01
4.55884989e-01
6.03553550e-01
0.00000000e+00
0.00000000e+00
0.00000000e+00
-3.59371676e-01
4.55659564e-01
-2.61485432e-01
6.24882812e-01
-3.05500114e-01
-6.03087155e-01
-6.93347601e-01
8.02290339e-01
0.00000000e+00
3.13652564e-01
3.17083669e-01
5.51372784e-01
1.58654834e-01
-7.84335325e-01
-1.13442809e-01
6.03553550e-01
0.00000000e+00
0.00000000e+00
0.00000000e+00
-7.61376082e-01
-4.27334617e-01
7.87753884e-01
-1.72348132e-01
-1.95531736e-02
0.00000000e+00
-1.05562888e+00
3.15598226e-01
-3.00490946e-01
-2.48280254e-01
1.03855795e+00
6.71934766e-01
-3.58540291e-01
3.65277460e-01
-5.51348578e-01
1.24296667e-01
-7.92886969e-01
-4.00734818e-02
-3.04903217e-01
-3.77892510e-01
0.00000000e+00
0.00000000e+00
0.00000000e+00
0.00000000e+00
0.00000000e+00
0.00000000e+00
0.00000000e+00
0.00000000e+00
0.00000000e+00
0.00000000e+00
0.00000000e+00
0.00000000e+00
0.00000000e+00
0.00000000e+00
0.00000000e+00
0.00000000e+00
0.00000000e+00
0.00000000e+00
0.00000000e+00
0.00000000e+00
-2.93508242e-01
-9.03816490e-01
-1.52617070e+00
0.00000000e+00
0.00000000e+00
0.00000000e+00
7.98388698e-01
2.79152316e-01
-1.79448450e-01
1.64303347e-01
-1.29939602e+00
8.96903423e-03
1.36233863e-01
2.44475444e-01
9.31096773e-03
0.00000000e+00
4.36621757e-01
-1.21652731e-01
-1.32711553e+00
4.34112377e-01
4.03607531e-01
5.51879358e-01
7.38867937e-02
-2.08723777e+00
-4.38988836e-01
3.86727146e-01
-1.93105244e+00
0.00000000e+00
0.00000000e+00
0.00000000e+00
4.97390446e-01
-1.33017069e-01
-1.24602274e+00
-8.48878798e-01
-1.05814699e-01
-8.79115102e-01
-3.76173853e-01
-1.89934432e-01
-7.36350117e-01
0.00000000e+00
-9.26165680e-02
3.51330564e+00
-9.37457331e-01
8.12659508e-01
-4.06877967e-01
-1.26401595e-01
2.55027654e-01
-1.99872898e+00
5.77401061e-01
4.90552491e-01
13 1
-3.5582e-01 1.4313e-01
5 1
1 0 2 4 5 
217
-2.57374096e-01
-4.05400966e-01
4.62850075e-01
-6.48904418e-01
-7.11318649e-01
3.52944439e-01
-2.91267171e-01
3.34224550e-01
3.96734944e-01
-9.85168467e-01
0.00000000e+00
0.00000000e+00
0.00000000e+00
0.00000000e+00
5.65312500e-02
-2.59208725e-03
5.93746429e-01
-1.24076800e-01
2.13125891e-03
2.75937901e-01
-2.90173570e-01
4.42055482e-03
3.68426854e-01
0.00000000e+00
0.00000000e+00
0.00000000e+00
0.00000000e+00
0.00000000e+00
0.00000000e+00
0.00000000e+00
0.00000000e+00
0.00000000e+00
0.00000000e+00
-4.88193403e-02
-1.96224979e-01
-1.23297771e-02
0.00000000e+00
-1.41450458e-01
-2.36106598e-02
-2.92229905e-02
-8.64312349e-02
2.33412470e-02
0.00000000e+00
0.00000000e+00
0.00000000e+00
7.02414439e-02
2.86767933e-02
-2.30067734e-02
3.27647169e-02
-4.84764366e-01
-4.99289330e-01
9.47377931e-01
0.00000000e+00
2.06586467e-01
-2.81238363e-01
-2.72240291e-01
6.06794884e-01
-7.31181072e-01
-6.72474604e-02
2.09151323e-01
-2.52059391e-01
-2.52561570e-01
2.47246864e-01
-5.01740022e-02
-1.29364756e-01
5.50777327e-02
-1.70490289e-02
9.88380683e-01
-6.07863087e-02
7.50949217e-01
0.00000000e+00
-2.99557926e-01
-1.37932605e-01
1.96359964e-02
4.19820084e-01
2.25478338e-02
9.07958969e-01
0.00000000e+00
-2.70980723e-01
1.68911740e-01
1.41415700e-01
-2.65140716e-01
-1.27809073e-01
3.44352051e-01
0.00000000e+00
7.20004160e-02
2.97084005e-01
1.31182993e-01
1.06340936e-01
-4.60557505e-01
-8.15497888e-01
0.00000000e+00
-1.03434035e-01
-2.14906784e-02
-8.80046507e-02
-4.17533598e-01
-6.59354105e-02
-3.22368926e-01
0.00000000e+00
0.00000000e+00
0.00000000e+00
0.00000000e+00
0.00000000e+00
0.00000000e+00
0.00000000e+00
0.00000000e+00
0.00000000e+00
0.00000000e+00
0.00000000e+00
0.00000000e+00
0.00000000e+00
0.00000000e+00
0.00000000e+00
0.00000000e+00
0.00000000e+00
0.00000000e+00
0.00000000e+00
0.00000000e+00
0.00000000e+00
1.69661913e-01
-2.71731037e-01
-1.44131256e+00
0.00000000e+00
0.00000000e+00
0.00000000e+00
7.51359856e-01
1.95071447e-01
-3.14257082e-01
2.51195499e-02
-1.30374955e+00
-6.12435756e-01
5.73357101e-01
-9.52086015e-03
5.11507467e-01
0.00000000e+00
-2.14787686e-02
2.23796664e-01
-1.13763397e+00
3.22501329e-01
9.90506197e-02
1.46789447e-01
1.91735914e-01
-1.16123965e+00
-3.12880946e-01
3.91594631e-01
-3.11421636e-01
0.00000000e+00
0.00000000e+00
0.00000000e+00
-3.57686890e-01
-1.51661597e-02
4.81355606e-02
2.39922811e-01
-9.27550684e-01
8.50274329e-01
-2.35606004e-01
3.33460007e-01
-1.47534460e-01
0.00000000e+00
1.15343711e-01
-1.39416587e+00
4.24087661e-01
8.04044148e-01
1.40956874e-01
5.53753491e-01
-2.40447731e-01
-1.01677704e+00
6.02342279e-01
-8.88076709e-02
-2.60855256e+00
0.00000000e+00
0.00000000e+00
0.00000000e+00
1.05819503e+00
7.66947010e-02
-9.59741305e-03
2.65198688e-01
-2.31761992e-02
-1.02726851e+00
-2.66387572e-01
7.83595043e-01
7.42480389e-01
0.00000000e+00
-9.16328825e-02
4.27461760e+00
2.30943237e-01
3.73463064e-01
-8.67412409e-01
4.52407372e-01
1.16359366e+00
0.00000000e+00
1.69581286e+00
1.37787218e+00
-8.63634147e-01
0.00000000e+00
0.00000000e+00
0.00000000e+00
1.59309628e-01
1.17455155e+00
2.29339402e-01
8.55406937e-01
-2.37069169e-02
1.41607816e+00
6.53493618e-01
-4.36974483e-01
-7.04924952e-02
0.00000000e+00
1.09919372e+00
3.73595512e-01
6.28883331e-02
1.68373367e+00
3.39528683e-01
6.12996305e-01
-8.17717412e-01
0.00000000e+00
2.14751752e-01
1.91053325e-01
136
9.75891692e-02
4.22648264e-01
-1.89284103e-02
2.62175418e-01
-4.40275997e-03
-4.64507692e-01
4.48462400e-03
-1.22726822e-01
-7.86901371e-02
0.00000000e+00
0.00000000e+00
0.00000000e+00
0.00000000e+00
0.00000000e+00
0.00000000e+00
0.00000000e+00
-2.51366545e-02
-2.68870419e-01
3.91596243e-01
-6.30975140e-01
1.25743550e-01
-3.04306019e-01
-1.16373926e-01
3.76898731e-01
6.46601973e-01
0.00000000e+00
0.00000000e+00
-6.30975140e-01
-1.55175288e-01
-2.31335701e-01
6.24412964e-01
-3.66165083e-01
-5.66752097e-01
-3.89368425e-01
9.46505587e-01
0.00000000e+00
1.75430245e-01
1.65583131e-01
3.77660899e-02
5.38368951e-01
-7.65600571e-01
2.84753182e-01
3.87208446e-01
0.00000000e+00
0.00000000e+00
0.00000000e+00
-5.33991675e-01
-5.22145318e-02
7.87029858e-01
-5.11976538e-02
-1.45138851e-01
0.00000000e+00
-1.72793611e+00
2.82768652e-01
-3.82027221e-01
-9.51656088e-02
0.00000000e+00
4.37782523e+00
2.68994942e-01
1.06275775e+00
-3.89256925e-01
-2.28196918e-02
-3.80566904e-01
-3.08069042e-02
-1.09916205e-01
-2.86751410e-01
0.00000000e+00
-3.66312363e-01
-5.41415115e-01
-5.22753507e-02
-1.72026011e-01
0.00000000e+00
0.00000000e+00
0.00000000e+00
0.00000000e+00
0.00000000e+00
0.00000000e+00
0.00000000e+00
0.00000000e+00
0.00000000e+00
0.00000000e+00
0.00000000e+00
0.00000000e+00
0.00000000e+00
0.00000000e+00
0.00000000e+00
-4.67840753e-01
-1.12397153e+00
-1.47612431e+00
0.00000000e+00
0.00000000e+00
0.00000000e+00
6.34005176e-01
1.64188784e-01
-1.68159170e-01
1.11350038e-01
-1.43991288e+00
3.85003071e-02
3.69701187e-01
2.14803051e-01
1.14094410e-01
0.00000000e+00
5.45992813e-01
-5.06257222e-01
-1.32114491e+00
4.28650181e-01
3.14880394e-01
4.96289875e-01
9.04721826e-02
-1.65667845e+00
-2.75789919e-01
3.68889839e-01
-1.87502733e+00
0.00000000e+00
0.00000000e+00
0.00000000e+00
2.21428896e-01
-6.52545975e-01
-1.33272402e+00
-7.73386613e-01
-3.08933894e-01
-8.26184194e-01
2.85952583e-01
8.40066706e-02
-5.04250491e-01
0.00000000e+00
-1.90149454e-01
2.95391883e+00
-6.64955998e-01
7.94574554e-01
-4.36313342e-01
1.76759251e-01
7.32321442e-01
-2.07704505e+00
3.01496899e-01
3.41002572e-01
11 1
-4.6421e-01 1.4960e-01
6 0
1 0 2 4 5 13 
217
7.11484114e-01
-2.46137508e-01
-5.00868904e-01
-6.48158744e-02
1.05414898e-01
4.14297162e-01
3.58167588e-01
-1.53702303e-01
-2.24032880e-01
-4.36237858e-01
4.71934508e-01
2.95038596e-02
0.00000000e+00
0.00000000e+00
0.00000000e+00
0.00000000e+00
0.00000000e+00
-1.88591532e+00
2.58146094e-02
3.23665409e-01
1.48894092e+00
-6.33431532e-03
4.36368594e-01
1.10845851e+00
-1.02902057e-02
4.19732211e-01
0.00000000e+00
0.00000000e+00
0.00000000e+00
0.00000000e+00
0.00000000e+00
0.00000000e+00
0.00000000e+00
3.68141798e-01
-9.69639904e-02
4.40306306e-01
0.00000000e+00
-9.11816819e-02
2.77260898e-02
7.76552789e-02
2.24641601e-01
1.72960484e-01
2.99682342e-01
0.00000000e+00
0.00000000e+00
2.85644970e-02
-3.10594829e-01
1.96887449e-01
1.69741212e-01
-6.77876068e-01
-7.74633573e-02
8.41961200e-01
0.00000000e+00
2.49594454e-01
-3.73662495e-01
1.95564754e-02
5.10572174e-01
-4.28011960e-01
1.75175330e-01
3.87040031e-01
2.79287790e-02
2.89127643e-01
3.94427691e-01
1.67117040e-01
-7.33490050e-02
7.37898565e-02
6.78279143e-01
1.03354882e+00
-6.05630643e-02
5.67071937e-01
0.00000000e+00
-1.47415691e-01
-3.90868628e-01
5.56453626e-01
2.18481348e-01
3.02446178e-01
9.70966930e-01
-3.35428425e-02
-1.56111605e-01
-3.23396376e-01
4.51609784e-01
-5.98138737e-02
4.49528777e-01
2.31935110e-01
0.00000000e+00
1.71220104e-01
-3.46817479e-02
2.92344351e-01
2.13844935e-01
2.47919658e-01
1.92405731e-01
0.00000000e+00
1.89688133e-01
-1.77570139e-01
2.63442209e-01
-2.31419651e-01
2.58353772e-01
-7.78782155e-02
4.03713089e-01
-1.11137497e-02
-2.87354339e-01
1.58232542e-01
-3.84827715e-01
1.60652232e-01
-1.11602866e-01
0.00000000e+00
0.00000000e+00
0.00000000e+00
0.00000000e+00
0.00000000e+00
0.00000000e+00
0.00000000e+00
0.00000000e+00
0.00000000e+00
0.00000000e+00
0.00000000e+00
0.00000000e+00
0.00000000e+00
0.00000000e+00
-1.18161553e+00
-1.17724041e+00
-1.58425604e+00
0.00000000e+00
0.00000000e+00
0.00000000e+00
5.98275720e-01
-5.11493260e-02
-2.95990453e-01
-6.32006032e-02
-1.25913449e+00
1.90059471e-01
4.55040343e-01
-9.54356959e-03
1.96582583e-01
0.00000000e+00
1.10402768e-01
-7.57284976e-01
-4.86371627e-01
1.89870343e-01
1.29767643e-01
5.50791584e-01
3.00428461e-01
-1.91180407e+00
-1.04048929e-02
5.39409043e-01
-1.35858618e-01
0.00000000e+00
0.00000000e+00
0.00000000e+00
-1.57408994e-01
2.79385299e-01
-1.32783285e-01
2.23153422e-01
1.61526043e-01
-2.72946587e-01
-3.12142783e-01
1.64521289e-01
3.13981248e-01
0.00000000e+00
5.25604826e-01
-2.11235201e-01
-7.35205071e-01
3.51325718e-01
-1.89192517e-02
-4.06154664e-01
-2.63995499e-02
1.41127050e-01
-6.33054659e-02
4.00173408e-02
-1.83169824e+00
0.00000000e+00
0.00000000e+00
0.00000000e+00
-6.43817523e-01
-3.84794336e-01
-1.57129552e+00
4.37420107e-01
8.25307035e-01
-1.43283038e+00
-5.28523530e-01
1.73778499e-01
5.13491097e-02
0.00000000e+00
-1.01977117e+00
2.78721371e+00
-1.18508236e+00
4.08778176e-01
-8.60449524e-02
1.83891116e-01
4.36523526e-01
-6.43017294e-01
8.55607055e-02
2.73656840e-01
-3.89527601e-02
0.00000000e+00
0.00000000e+00
0.00000000e+00
1.97197011e-01
2.37025262e-02
4.04101765e-01
-1.92818211e-01
-4.14640567e-01
3.60797294e-01
1.00617726e-01
-2.16838604e-01
-4.45269755e-01
0.00000000e+00
3.40657640e-01
-6.44621937e-01
3.06437814e-01
7.08588522e-01
-3.58997053e-01
-3.55645605e-02
3.42842816e-04
-3.97978430e-01
4.04713004e-01
-1.79379789e-01
136
4.97778620e-01
0.00000000e+00
0.00000000e+00
-4.55304113e+00
7.15312772e-02
2.36513461e+00
-4.45161938e-04
2.68568514e+00
-3.28730109e-03
0.00000000e+00
0.00000000e+00
0.00000000e+00
0.00000000e+00
0.00000000e+00
0.00000000e+00
0.00000000e+00
9.85623092e-04
-9.37721768e-02
5.90565174e-01
-3.77248860e-01
-1.51956773e-01
-1.03351198e-02
1.28413853e-01
3.38753192e-01
3.16073795e-01
2.54078532e-01
0.00000000e+00
-3.16609472e-01
-5.34894855e-02
3.64120644e-02
4.52555529e-01
-4.27860687e-01
-7.91223043e-01
-5.75268894e-01
9.03594647e-01
0.00000000e+00
3.59125082e-02
3.42476885e-01
2.67397048e-01
2.49315891e-01
-4.38027521e-01
-7.24431929e-02
8.32949820e-01
0.00000000e+00
0.00000000e+00
0.00000000e+00
-4.92776398e-01
-2.19114485e-01
7.81156063e-01
-6.04308710e-02
-2.52351695e-01
0.00000000e+00
-1.68989529e+00
2.76409864e-01
-3.75702759e-01
3.54305552e-02
2.64780748e-01
5.51960851e-01
-1.29636968e-01
3.03465489e-01
-3.79919696e-01
4.85667385e-02
-6.43616530e-02
8.69412437e-02
-1.01595325e-01
-2.52968460e-01
0.00000000e+00
2.19085924e-01
-4.86078277e-01
6.44373565e-02
-9.46985409e-02
5.79868104e-01
-1.27815880e-01
-4.24289306e-01
5.12165454e-02
-5.71252373e-01
0.00000000e+00
0.00000000e+00
0.00000000e+00
0.00000000e+00
0.00000000e+00
0.00000000e+00
0.00000000e+00
0.00000000e+00
0.00000000e+00
0.00000000e+00
-2.26924205e-01
-1.14856313e+00
-1.53039687e+00
0.00000000e+00
0.00000000e+00
0.00000000e+00
6.47593083e-01
1.98013192e-01
-1.36949709e-01
4.60797189e-02
-1.55370896e+00
1.12040452e-01
4.09738285e-01
2.32623026e-01
1.75445895e-01
0.00000000e+00
3.13737732e-01
-2.93932208e-01
-1.36172753e+00
4.21680333e-01
3.94435442e-01
5.77257718e-01
8.16474611e-02
-1.86207884e+00
-1.92418538e-01
2.60126565e-01
-2.16560884e+00
0.00000000e+00
0.00000000e+00
0.00000000e+00
5.32844324e-01
-6.63898033e-01
-1.13017322e+00
-7.85319891e-01
-7.29433521e-01
-9.21731954e-01
-2.52102982e-01
2.46660004e-01
-6.54687184e-01
0.00000000e+00
-1.07365639e-01
3.48584294e+00
-6.96674440e-01
7.16219190e-01
-5.07286437e-01
3.03851868e-01
5.86688928e-01
-2.27185191e+00
2.96226963e-01
3.86582157e-01
6 1
-5.0348e-01 1.8709e-01
7 0
1 0 2 4 5 13 11 
217
4.98403001e-01
-1.39403048e-01
-2.41874643e-01
-7.67507859e-02
2.84808284e-01
2.75147140e-01
5.29908550e-01
-1.21364452e-03
4.40428430e-01
-4.33847357e-01
-7.56742263e-01
-3.64099129e-01
0.00000000e+00
0.00000000e+00
0.00000000e+00
0.00000000e+00
0.00000000e+00
-7.89191003e-01
3.07071028e-02
-1.08406382e+00
2.82385372e-01
7.02303716e-03
-3.48896812e-02
1.00520863e+00
-4.70680477e-03
-2.64520872e-01
0.00000000e+00
0.00000000e+00
0.00000000e+00
0.00000000e+00
0.00000000e+00
0.00000000e+00
0.00000000e+00
6.64646202e-02
-8.24343711e-02
5.14372752e-01
0.00000000e+00
-1.37636326e-01
-3.32710964e-02
-3.18765094e-02
9.57538158e-02
3.02376551e-01
4.47533207e-01
-1.44476642e-01
0.00000000e+00
-4.57384724e-01
-1.05765154e-01
7.81075504e-02
3.14282679e-01
-3.42301731e-01
-3.01005888e-01
9.66955917e-01
0.00000000e+00
1.18521803e-01
7.06132691e-03
-9.11001460e-02
2.34957551e-01
-2.27582018e-01
-1.35158676e-01
4.38814510e-01
1.83082975e-01
-1.15740217e-01
4.31060243e-01
1.31816182e-01
-1.17444343e-01
-1.24764349e-01
4.87000017e-01
6.26750914e-01
-2.96885445e-03
6.15306117e-01
0.00000000e+00
-3.59506440e-01
-1.76332622e-01
5.66165995e-01
8.70167380e-03
2.91743447e-01
9.75433475e-01
-8.35488224e-02
-3.67010521e-01
-5.05469214e-01
6.08371533e-01
-6.83425804e-01
3.40590811e-01
3.13066731e-01
0.00000000e+00
1.52888650e-01
3.31764547e-02
7.05320141e-03
2.47579781e-01
3.38461150e-01
-1.87225477e-01
0.00000000e+00
2.12948399e-01
2.18836857e-02
1.99395729e-01
-4.42682527e-01
8.60588733e-02
-1.15628280e-01
5.74726246e-01
-8.28769393e-02
-5.85109585e-01
-9.19287002e-02
-3.12652085e-02
9.84823946e-02
3.90167544e-02
0.00000000e+00
1.57875873e-01
-2.48791227e-01
8.53877224e-02
-1.49911299e-01
2.55139406e-01
1.05237981e-01
0.00000000e+00
0.00000000e+00
0.00000000e+00
0.00000000e+00
0.00000000e+00
0.00000000e+00
0.00000000e+00
-1.48999154e+00
-8.85093438e-01
-1.94882289e+00
0.00000000e+00
0.00000000e+00
0.00000000e+00
3.05959383e-01
-1.24108897e-01
8.07352656e-02
3.28259642e-02
-7.68064581e-01
-1.26508953e-01
1.71269197e-01
-5.89211087e-02
3.20494186e-01
0.00000000e+00
-1.39713936e-01
4.65804701e-01
-1.13330916e+00
4.59248013e-01
2.09411978e-01
1.42436299e-01
2.86778946e-01
-1.77336249e+00
-2.34599532e-01
-6.51981591e-02
7.74343581e-02
0.00000000e+00
0.00000000e+00
0.00000000e+00
1.48576598e-01
9.57387462e-02
-3.20444212e-01
1.33177918e-01
-1.47377476e+00
3.22902281e-01
2.68647984e-01
1.98640686e-01
1.00157816e-01
0.00000000e+00
3.59578757e-01
-8.55725138e-01
2.80121585e-01
3.45965971e-01
-7.42626164e-01
1.88305017e-01
-1.97000184e-01
4.37751520e-01
2.74060388e-01
5.13379549e-01
-2.08959830e+00
0.00000000e+00
0.00000000e+00
0.00000000e+00
4.30745709e-01
3.95808151e-01
-7.40579583e-01
-7.67580422e-01
-7.14258349e-01
-6.81070755e-01
-1.83095883e-01
-1.32496956e-01
7.93907091e-01
0.00000000e+00
-7.03893171e-01
2.62988216e+00
-5.83595025e-01
8.54092655e-03
-2.43544232e-01
-3.49782608e-01
-1.93721577e-01
-1.14136895e+00
3.58839381e-01
-2.72334196e-01
4.32694181e-01
0.00000000e+00
0.00000000e+00
0.00000000e+00
-4.07850989e-01
-1.87293578e-01
-3.78116064e-01
5.99372217e-01
-2.09079231e-02
-4.88162029e-01
-4.08925014e-01
1.21284571e-01
-6.96450853e-01
0.00000000e+00
-1.00325296e-01
-2.20189095e-01
9.44498793e-02
8.34992473e-01
9.25682635e-03
3.46854117e-01
1.37474275e-01
2.94520145e-01
4.68810119e-01
4.33900400e-01
136
7.81631972e-01
0.00000000e+00
0.00000000e+00
-9.71873513e-01
-5.99815842e-03
8.31389121e-01
-2.28461917e-03
9.22116364e-01
-1.84579103e-03
0.00000000e+00
0.00000000e+00
0.00000000e+00
0.00000000e+00
0.00000000e+00
0.00000000e+00
0.00000000e+00
1.41850651e-01
1.36702912e-02
6.26111030e-01
-3.46685064e-01
-6.19011233e-02
4.85877461e-02
1.59270967e-01
3.03714411e-01
3.18011270e-01
2.43697148e-01
1.16936617e-01
-3.08044427e-01
-3.40897394e-02
2.64775220e-01
6.11726318e-01
-5.58287717e-01
-8.54007731e-01
-6.65516261e-01
1.00266186e+00
0.00000000e+00
2.22136345e-01
4.06980632e-01
2.74425689e-01
7.46591111e-02
-4.07015284e-01
-9.82133164e-02
8.49441274e-01
0.00000000e+00
0.00000000e+00
0.00000000e+00
-5.23947323e-01
-3.59699437e-01
8.03668158e-01
-1.35818240e-01
-1.51111527e-01
0.00000000e+00
-1.86464944e+00
2.55700791e-01
-4.39776656e-01
-2.65664664e-02
3.72265412e-01
1.06564462e+00
-2.26636233e-01
3.94189800e-01
-2.92267742e-01
-1.28825503e-01
-4.29512015e-02
5.50928870e-02
-5.87427994e-02
-2.71584224e-01
0.00000000e+00
3.69981433e-01
-4.39808883e-01
9.60778041e-02
-9.65186175e-02
7.17006389e-01
3.51961402e-02
-2.95510915e-01
6.90745797e-02
-5.35906890e-01
0.00000000e+00
6.01668016e-01
-3.33658509e-01
1.71198401e-01
2.14816135e-02
0.00000000e+00
0.00000000e+00
0.00000000e+00
0.00000000e+00
0.00000000e+00
-1.27546138e-01
-8.59251616e-01
-1.50985298e+00
0.00000000e+00
0.00000000e+00
0.00000000e+00
6.22279436e-01
2.56789530e-01
-6.35980576e-02
7.84319789e-02
-1.28599393e+00
7.01228786e-02
3.23699252e-01
2.02930804e-01
1.70788470e-01
0.00000000e+00
4.07744672e-01
-3.61713325e-01
-1.27066964e+00
3.96646278e-01
3.46644385e-01
5.29550601e-01
1.47790921e-01
-2.02461261e+00
-3.35029255e-01
2.78344635e-01
-2.10293018e+00
0.00000000e+00
0.00000000e+00
0.00000000e+00
5.46922688e-01
-6.95697904e-01
-1.12843825e+00
-6.81517470e-01
-6.01894421e-01
-7.86413952e-01
-1.53709412e-01
1.80070619e-01
-6.36216826e-01
0.00000000e+00
-1.75439397e-01
3.43871376e+00
-6.32691583e-01
7.83907961e-01
-4.31615757e-01
2.25029238e-01
6.18296193e-01
-3.05210631e+00
5.12890117e-01
5.66980534e-01
9 1
-4.4922e-01 1.6946e-01
8 0
1 0 2 4 5 13 11 6 
217
7.25750900e-01
-4.25854066e-01
-8.21117187e-01
-5.14009229e-02
-2.00225586e-01
4.37881906e-01
2.65478372e-01
-3.24346083e-01
4.47611209e-01
-9.32108723e-01
2.13244969e-01
6.18684182e-01
0.00000000e+00
0.00000000e+00
0.00000000e+00
0.00000000e+00
0.00000000e+00
-2.66754701e+00
5.94162007e-02
9.35931616e-01
1.54554391e+00
8.44180334e-03
3.52068918e-01
1.84775400e+00
5.07801749e-03
3.11098543e-01
0.00000000e+00
0.00000000e+00
0.00000000e+00
0.00000000e+00
0.00000000e+00
0.00000000e+00
0.00000000e+00
8.85005665e-02
1.38196498e-01
4.99053836e-01
0.00000000e+00
8.77145506e-02
-1.06461572e-01
-1.72465433e-01
1.24374767e-01
5.83229070e-02
2.34086546e-01
5.00179134e-01
0.00000000e+00
-2.91769204e-02
-3.58186113e-01
3.15524840e-01
4.21621939e-02
-2.42162749e-01
-3.99605049e-01
9.88856722e-01
0.00000000e+00
1.04537668e-01
-2.83947768e-01
-1.72696369e-01
3.99907719e-01
-2.95443245e-01
5.18268231e-02
6.04153149e-01
9.19843540e-02
2.67178107e-01
3.66588440e-01
-1.36894970e-01
-4.10947224e-01
5.40259121e-02
9.20981535e-01
3.80480203e-01
3.52611560e-01
1.14541499e+00
0.00000000e+00
-2.01753333e-02
-1.74418415e-01
6.72196960e-01
3.65249527e-01
7.37292735e-02
6.36881590e-01
-3.22584265e-01
-1.01360398e-01
-5.20649877e-02
5.92223724e-01
-1.89504917e-01
5.57471840e-01
3.73073146e-01
0.00000000e+00
3.17412923e-01
1.43156558e-02
4.55428096e-01
-1.21849800e-01
-4.70901184e-02
-9.69089957e-02
0.00000000e+00
2.98633466e-01
1.62438169e-01
3.23329205e-01
-1.51431796e-01
1.03788230e-01
2.12437912e-01
6.25835195e-01
-1.51970885e-01
-6.60230692e-01
-1.40608590e-02
-6.10183829e-01
2.65947450e-01
5.98545403e-02
0.00000000e+00
2.45295541e-01
7.41097979e-02
2.86126184e-01
-3.59923321e-01
1.94329175e-01
6.00416260e-02
0.00000000e+00
-2.79901007e-02
-1.44109172e-01
4.48239535e-01
-3.92317731e-01
3.05501466e-01
1.05501073e-03
-8.20018502e-01
-1.00001010e+00
-1.18830942e+00
0.00000000e+00
0.00000000e+00
0.00000000e+00
4.52779827e-01
5.72132553e-02
1.73677513e-01
5.63698644e-02
-6.46974159e-01
3.84753295e-01
1.70990562e-01
2.28525354e-02
3.43945901e-02
0.00000000e+00
-4.86157079e-02
-1.24589899e+00
-1.18182056e+00
1.18436739e+00
1.99084925e-01
4.79224600e-01
1.40808806e-01
-1.79273905e+00
3.24697767e-01
4.65241128e-02
-4.37639556e-01
0.00000000e+00
0.00000000e+00
0.00000000e+00
2.48608528e-02
2.71876260e-01
-6.67621587e-01
-3.27202634e-01
-9.80165727e-01
-2.19561199e-01
4.66289435e-01
1.67270976e-01
3.36189546e-01
0.00000000e+00
2.98063197e-01
2.53156786e-01
-4.10727632e-02
-3.06876295e-01
1.39956990e-01
-2.08196255e-01
-3.03534592e-02
3.40372740e-01
-1.31639196e-01
1.77012776e-01
-1.56929629e+00
0.00000000e+00
0.00000000e+00
0.00000000e+00
1.07892268e-01
1.01967675e+00
-4.26787992e-01
4.21053292e-01
-3.00445552e-01
-1.25230008e-01
1.12476466e+00
3.30426826e-01
-1.06666086e-01
0.00000000e+00
-1.29034241e-01
1.32377071e+00
1.74805275e-01
5.96513264e-01
-1.19211210e+00
8.03733725e-01
8.48730727e-01
-1.49157147e+00
7.54390680e-01
4.34336701e-01
-8.40130624e-01
0.00000000e+00
0.00000000e+00
0.00000000e+00
7.53912269e-01
-6.90155394e-02
1.80059547e-01
2.69970496e-01
-2.67047729e-02
-3.21642727e-01
-7.26465831e-01
6.77688820e-01
1.74313429e-01
0.00000000e+00
8.86950701e-03
1.17554145e+00
-6.43008089e-01
7.58341782e-01
8.03774751e-01
4.04645607e-01
1.62967145e-02
-1.05032260e+00
3.66273627e-01
2.43357581e-01
136
2.05909541e-01
0.00000000e+00
0.00000000e+00
-1.46675333e+00
4.51385084e-02
9.50744324e-02
2.22406187e-02
1.58053742e+00
1.01673561e-03
0.00000000e+00
0.00000000e+00
0.00000000e+00
0.00000000e+00
0.00000000e+00
0.00000000e+00
0.00000000e+00
-1.77341023e-02
6.68147329e-02
1.56828911e-01
-2.94568339e-01
-6.31178717e-02
1.48948547e-02
2.46701628e-02
4.06500146e-02
7.41241943e-02
4.21494438e-02
3.67107082e-01
-2.50125940e-01
-1.51907985e-01
-1.97324325e-01
3.23722930e-01
-4.84917247e-01
-7.78426692e-01
-5.31760775e-01
7.86605648e-01
0.00000000e+00
3.52710744e-01
3.68787808e-01
3.17466232e-01
2.97158470e-01
-5.76185951e-01
1.81262270e-02
6.56476714e-01
0.00000000e+00
0.00000000e+00
0.00000000e+00
-5.19400329e-01
-2.05151770e-01
8.99154915e-01
-6.76098812e-02
-6.88401967e-02
0.00000000e+00
-1.53619092e+00
1.96055394e-01
-2.85738239e-01
-4.66852429e-02
2.94639620e-01
5.24193527e-01
-1.25833221e-01
2.79578567e-01
-4.86236257e-01
-8.86936965e-02
-2.27495992e-01
-2.14425609e-02
-1.20573087e-01
-2.97932009e-01
0.00000000e+00
-4.62657800e-02
-5.43351103e-01
4.06206454e-02
-1.03729943e-01
4.98462858e-01
-1.40066980e-01
-3.29695248e-01
3.06770048e-02
-4.49561339e-01
0.00000000e+00
1.23186672e-01
-2.67158710e-01
6.42256220e-02
-1.00873262e-01
0.00000000e+00
7.85074787e-01
-7.53256315e-02
2.67318169e-01
-3.46449930e-02
-1.87528136e-01
-6.26396765e-01
-1.54613663e+00
0.00000000e+00
0.00000000e+00
0.00000000e+00
6.75639529e-01
1.62055161e-01
-7.32723974e-02
9.68983191e-02
-1.44744466e+00
-8.98510200e-02
2.49724413e-01
2.31442167e-01
1.50869749e-01
0.00000000e+00
4.35796236e-01
-3.49694371e-01
-1.23010297e+00
5.41248775e-01
2.69715646e-01
5.58298494e-01
1.46492490e-01
-1.95058599e+00
-2.92900040e-01
3.69533835e-01
-1.82704609e+00
0.00000000e+00
0.00000000e+00
0.00000000e+00
4.03905525e-01
-1.20366849e-01
-1.31989041e+00
-7.10750197e-01
-4.85457426e-01
-1.24989380e+00
-4.67697509e-01
2.15016617e-01
-5.56248701e-01
0.00000000e+00
-2.55701623e-01
2.97509941e+00
-6.08033811e-01
8.53659287e-01
-2.41558873e-01
1.57330852e-01
3.55638022e-01
-1.90611213e+00
6.63340914e-01
4.70674617e-01
12 1
-5.2305e-01 1.9237e-01
8 1
1 0 2 4 5 13 11 6 
217
5.06304564e-01
-4.01435434e-01
-8.46012401e-02
-1.20771722e-01
2.49771598e-01
-6.15237934e-01
-9.21029556e-02
-2.64649993e-01
-1.63875208e-01
-1.25311380e-01
5.12511129e-01
2.09303561e-01
0.00000000e+00
0.00000000e+00
1.04162520e+00
-1.92145345e-02
4.48766440e-02
2.54150067e-01
2.05822736e-03
2.62130952e-02
-2.35029768e-01
-1.10716414e-04
5.10054456e-02
-5.54440933e-01
2.08164568e-02
1.99689084e-01
0.00000000e+00
0.00000000e+00
0.00000000e+00
0.00000000e+00
0.00000000e+00
0.00000000e+00
0.00000000e+00
2.50101971e-01
-7.17767328e-02
3.27979326e-01
0.00000000e+00
-1.32549090e-01
-8.71349115e-02
-7.25887246e-03
6.96288260e-02
8.29492600e-02
8.50516422e-02
4.95617710e-01
0.00000000e+00
-4.20682874e-01
-1.40043687e-01
1.43038308e-01
-7.94631910e-02
-4.34083958e-01
-1.94423200e-01
9.09015052e-01
0.00000000e+00
4.63926307e-01
-3.73293453e-01
-1.95886272e-02
6.95415839e-01
-4.94230063e-01
1.56434885e-01
2.94283225e-01
-8.59418586e-02
6.05682280e-02
5.31678195e-01
1.57800401e-02
4.88471539e-02
8.23900752e-03
5.33324889e-01
8.57310258e-01
-9.16475194e-02
6.01735074e-01
0.00000000e+00
-2.69117939e-01
-4.68636754e-01
4.63803761e-01
2.15259608e-01
3.11618742e-01
8.37934896e-02
-4.69989547e-01
1.23345522e-01
-1.15924207e-01
5.71969293e-01
-1.18110137e-01
2.80979297e-01
1.70759509e-01
0.00000000e+00
-2.16643549e-01
-8.57858867e-02
1.88011372e-01
-1.32159981e-01
5.34936741e-01
8.06598457e-01
0.00000000e+00
3.60624044e-01
-1.45656778e-01
2.32357657e-01
-2.40008848e-01
-8.66771375e-02
-4.26241465e-01
1.11768584e-01
-2.90099410e-01
-4.25556781e-01
4.41284352e-01
-5.12182899e-01
2.43351038e-01
2.85856689e-01
0.00000000e+00
1.77392979e-01
-5.05712092e-01
1.64041059e-01
1.41733639e-01
1.64870526e-01
-7.32374550e-02
0.00000000e+00
-1.11946152e-02
9.68397701e-02
2.81092270e-01
-1.27702981e-02
2.36406909e-01
9.02012861e-02
-5.40925258e-01
-5.75436228e-01
-1.75278359e+00
0.00000000e+00
0.00000000e+00
0.00000000e+00
2.39246935e-01
1.99859910e-01
-6.00844950e-02
6.14007239e-02
-2.03220231e+00
-4.38009197e-01
3.10837156e-01
3.85678517e-01
2.45316795e-01
0.00000000e+00
1.83986258e-01
-1.75587058e-01
-9.93249755e-01
5.35753414e-01
3.09876160e-01
2.76442042e-01
2.70587260e-01
-1.57082561e+00
2.07728648e-01
2.90461018e-01
2.19411234e-01
0.00000000e+00
0.00000000e+00
0.00000000e+00
2.04808771e-01
-4.59002872e-01
-2.54997332e-01
1.51044569e-01
6.43089792e-01
5.07045939e-01
2.49954475e-01
-1.34142385e-01
-8.52446375e-02
0.00000000e+00
-7.83638083e-02
-1.58558729e-01
-3.65550258e-01
3.71766773e-01
-1.31383467e-01
-3.69652157e-01
3.36152683e-01
2.16205928e-01
-4.37639775e-01
1.38777225e-02
-2.85814640e+00
0.00000000e+00
0.00000000e+00
0.00000000e+00
1.20255154e+00
5.83824553e-01
5.34346127e-02
3.91910179e-01
-3.54011684e-03
-2.85544703e-01
4.80708671e-01
1.00220295e+00
1.03272002e+00
0.00000000e+00
6.34236367e-01
4.04366517e+00
6.81605128e-01
1.59453040e+00
-2.49177744e-02
3.30364966e-01
2.34981740e-01
0.00000000e+00
8.19928808e-01
6.75869431e-01
-2.63381958e-01
0.00000000e+00
0.00000000e+00
0.00000000e+00
5.65506358e-01
3.83051276e-01
-1.75634589e-01
1.08285870e+00
-1.42843015e-03
4.03779644e-01
8.52675574e-01
1.30830228e-01
4.73670877e-01
0.00000000e+00
2.56694895e-01
2.24388995e-01
2.31925285e-01
7.96762503e-01
-1.72700712e-01
6.72269065e-01
1.02572566e+00
0.00000000e+00
2.99108497e-01
9.37051417e-01
136
6.65373406e-01
1.64274395e+00
-2.97301749e-02
-1.53495591e-01
1.42853312e-03
-4.86511237e-01
1.48684358e-03
-3.37363719e-01
-1.52912552e-02
0.00000000e+00
0.00000000e+00
0.00000000e+00
0.00000000e+00
0.00000000e+00
0.00000000e+00
0.00000000e+00
1.82724125e-01
3.40760536e-03
4.79241675e-01
-5.11495184e-01
4.81795953e-02
1.60983206e-01
1.81397792e-01
1.56512618e-01
1.64930488e-01
1.92215114e-01
2.72649777e-01
-4.57232973e-01
3.69704940e-02
1.16312255e-01
5.50664857e-01
-4.55775951e-01
-6.38507821e-01
-5.18968156e-01
9.77888499e-01
0.00000000e+00
2.05349106e-01
2.78843049e-01
1.64755169e-01
1.89676137e-01
-4.55150618e-01
-1.91880317e-03
6.28207074e-01
0.00000000e+00
0.00000000e+00
0.00000000e+00
-7.97141998e-01
-7.66135679e-03
8.94000615e-01
-5.27578918e-02
-3.37123562e-02
0.00000000e+00
-1.53041054e+00
2.47341119e-01
-3.24692513e-01
3.98960299e-03
-1.13504141e-01
1.05342719e+00
9.22465326e-02
3.76362054e-01
-3.47587730e-01
-1.40903848e-01
-1.29987289e-01
1.13138918e-02
-5.13750224e-02
-1.72645596e-01
0.00000000e+00
1.20578273e-01
-4.31901553e-01
5.98804638e-02
-1.72401490e-01
5.17848207e-01
-1.10944573e-02
-2.14872374e-01
6.15890485e-02
-4.00762655e-01
0.00000000e+00
5.19529588e-01
-2.18663746e-01
1.46129067e-01
7.57534272e-02
0.00000000e+00
6.34549991e-01
-2.99404546e-01
3.15353410e-01
-1.19422068e-01
-2.00966180e-01
-7.70703287e-01
-1.62378844e+00
0.00000000e+00
0.00000000e+00
0.00000000e+00
6.12408577e-01
2.49135207e-01
-1.21797226e-01
5.48434050e-02
-1.41737478e+00
-9.88786125e-02
4.06687577e-01
2.27565425e-01
1.89832125e-01
0.00000000e+00
4.36859308e-01
-6.03493716e-01
-1.15952444e+00
4.56420649e-01
4.36258567e-01
5.90467401e-01
4.43075129e-02
-1.94968852e+00
-2.25633413e-01
2.47816509e-01
-1.99534123e+00
0.00000000e+00
0.00000000e+00
0.00000000e+00
1.89483240e-01
-6.01592031e-01
-1.15281628e+00
-6.88519578e-01
-5.89648249e-01
-9.73583500e-01
-1.42385487e-01
9.69093053e-02
-5.30705850e-01
0.00000000e+00
-2.68522917e-01
2.98453714e+00
-5.05245719e-01
7.94749747e-01
-8.52568296e-02
2.81485940e-01
7.00200480e-01
-2.31314190e+00
3.85846873e-01
4.22864402e-01
7 1
-1.1571e+00 3.4478e-01
8 1
1 0 2 4 5 13 11 6 
217
-6.46093935e-01
-4.96441527e-01
7.99782737e-01
-5.64192408e-01
-1.16072200e+00
1.20813856e+00
-2.19449212e-01
4.12326279e-01
2.74981736e-01
5.41801363e-01
4.59095536e-01
8.77891435e-02
0.00000000e+00
0.00000000e+00
1.35484472e-01
-1.38701610e-02
1.16366424e+00
2.14018382e-01
-9.57877350e-03
1.54283463e+00
-4.69690746e-01
4.31847717e-03
1.13935043e+00
0.00000000e+00
0.00000000e+00
0.00000000e+00
0.00000000e+00
0.00000000e+00
0.00000000e+00
0.00000000e+00
0.00000000e+00
0.00000000e+00
0.00000000e+00
-2.66676574e-05
5.23011466e-02
-6.98368414e-01
0.00000000e+00
1.08079691e-01
-1.86879264e-02
2.44179547e-02
-2.26258392e-01
-2.97551869e-01
-1.50511257e-01
-8.55821369e-02
0.00000000e+00
-1.00171578e-02
2.08286786e-01
-2.82300655e-01
2.44039424e-01
-2.73796984e-01
-5.89254052e-01
4.98827334e-01
0.00000000e+00
-1.06969200e-01
1.30480820e-01
-5.88906945e-01
1.40097468e-02
3.56771210e-01
-3.13381059e-01
8.69685344e-02
-2.54996722e-01
-4.67274675e-01
7.61774624e-02
0.00000000e+00
-3.26670070e-01
1.03518449e-01
2.51927577e-04
6.29042380e-01
-3.19675792e-01
5.82054051e-01
0.00000000e+00
2.03185303e-01
-1.67269793e-01
-2.47396229e-01
8.54708897e-01
-6.01883009e-01
-2.70157267e-02
0.00000000e+00
-6.70278088e-01
-4.94171693e-01
2.81000994e-02
7.87655456e-02
-3.91594652e-03
3.32660029e-01
0.00000000e+00
-2.25067042e-01
-3.32280482e-01
-2.82629654e-01
-6.04623609e-03
-1.38397239e-01
-6.39971253e-01
0.00000000e+00
-1.97304215e-01
8.60838771e-02
-2.26971179e-02
-4.53563342e-01
-4.26092602e-01
-3.24969942e-01
0.00000000e+00
-2.50710125e-01
-2.53831293e-01
-8.63586532e-02
-6.38079952e-01
-3.09025157e-01
2.86404983e-01
0.00000000e+00
-9.38097181e-02
-6.64348803e-02
-2.98413923e-01
-9.13461874e-02
-2.53870294e-01
-4.38400593e-01
0.00000000e+00
-5.79313882e-01
-1.20197984e-01
-1.23159598e-01
-9.43594014e-02
5.63795449e-02
5.87688791e-01
8.37517649e-02
6.66751554e-01
-1.40375771e+00
0.00000000e+00
0.00000000e+00
0.00000000e+00
1.04190644e+00
5.52945894e-01
4.46123609e-01
2.68523053e-01
-1.71535223e+00
3.64199418e-02
4.11686353e-01
-1.46111703e-01
-2.40079739e-01
0.00000000e+00
6.68431449e-01
-1.75798109e+00
-1.07264410e+00
1.43254935e+00
-3.80151502e-01
6.58994606e-01
1.99259635e-01
-1.51540124e+00
-2.65880927e-01
-2.69955180e-02
-1.26043187e+00
0.00000000e+00
0.00000000e+00
0.00000000e+00
-1.97692024e-01
-8.20757252e-01
-6.61006919e-01
-9.74495525e-02
7.10949759e-02
-4.60871365e-01
6.54929438e-02
7.97401055e-01
4.49060607e-01
0.00000000e+00
-5.75051460e-01
-8.52680819e-01
7.81380262e-02
-2.87343173e-01
1.03883800e-02
-1.09308751e-01
-1.13743605e-01
4.01568680e-01
6.77298037e-01
3.65030348e-01
-9.84265909e-01
0.00000000e+00
0.00000000e+00
0.00000000e+00
-1.55143393e-01
3.13496600e-01
-3.26829499e-01
3.43648421e-01
1.25681700e-02
-6.08585260e-01
2.74006719e-01
-2.97240721e-02
-1.10793179e+00
0.00000000e+00
-7.49664724e-01
1.89649375e+00
-1.64875234e-01
5.79337646e-01
-1.19836523e+00
3.06426228e-01
5.97367238e-01
-2.22483685e+00
6.42913528e-01
6.15431846e-01
-1.13813412e+00
0.00000000e+00
0.00000000e+00
0.00000000e+00
2.00627072e-01
4.67642632e-01
-5.13969478e-01
-8.64500283e-02
3.69118207e-01
-1.44680006e-01
2.47319719e-01
1.92438888e-01
2.78038744e-01
0.00000000e+00
1.10151045e+00
-4.16349226e-02
7.96342686e-01
1.11372870e-01
-1.48390930e-01
-5.17564540e-01
-2.74784332e-01
-8.00195293e-01
-1.94798169e+00
-4.26894173e-01
136
1.59138972e-01
3.57008431e-01
-1.10836890e-02
4.03965479e-01
-1.07967231e-02
-5.99833703e-01
4.70260123e-03
0.00000000e+00
0.00000000e+00
0.00000000e+00
0.00000000e+00
0.00000000e+00
0.00000000e+00
0.00000000e+00
0.00000000e+00
0.00000000e+00
4.67031300e-02
-2.84205442e-01
3.96641284e-01
-6.59635159e-01
1.46168453e-01
2.55339530e-02
-2.46045140e-02
1.02436589e-01
1.49833314e-01
2.14286983e-01
2.05119355e-01
-5.74972803e-01
-1.80054106e-01
6.20284075e-02
6.46896475e-01
-2.34479883e-01
-7.38716767e-01
-5.21323823e-01
9.84133100e-01
0.00000000e+00
1.47561112e-01
1.56560594e-01
3.37606938e-01
2.63513934e-01
-6.84139496e-01
-7.38436020e-02
5.04392693e-01
0.00000000e+00
0.00000000e+00
0.00000000e+00
-1.84736606e+00
9.88825088e-01
1.02480833e+00
1.30191142e-01
-6.63419466e-01
0.00000000e+00
-1.93731181e+00
4.67812845e-03
-3.52384621e-01
-1.10376540e-01
0.00000000e+00
1.00270791e+00
2.47211817e-02
3.63120299e-01
-1.11172367e-01
1.37105156e-01
-2.04547377e-01
-1.60625421e-02
-4.28669727e-02
-9.39645808e-02
0.00000000e+00
-3.33417205e-01
-4.47684274e-01
-4.06841982e-02
-1.25474364e-01
0.00000000e+00
1.04405406e+00
-2.45340238e-01
2.99275276e-01
-6.34519134e-01
0.00000000e+00
2.28072427e-01
-2.32141069e-01
7.39523901e-02
5.07737538e-04
0.00000000e+00
6.31921296e-01
-1.27302250e-01
2.27161134e-01
8.28540363e-03
-5.99535442e-01
-9.19709113e-01
-1.58759558e+00
0.00000000e+00
0.00000000e+00
0.00000000e+00
5.09340350e-01
1.87433562e-01
-1.61385677e-01
8.79976194e-02
-1.37746924e+00
1.65598090e-01
3.20958612e-01
2.24335706e-01
2.00366963e-01
0.00000000e+00
4.10229495e-01
-6.53662456e-01
-1.26659920e+00
4.18055292e-01
5.21810369e-01
5.10100057e-01
8.47226745e-02
-1.88560506e+00
-2.62494018e-01
3.78671280e-01
-1.78335886e+00
0.00000000e+00
0.00000000e+00
0.00000000e+00
2.52308480e-01
-4.83850289e-01
-1.08531231e+00
-6.88574720e-01
-8.63454935e-01
-9.99295402e-01
1.88704259e-01
9.62417244e-02
-3.14611218e-01
0.00000000e+00
-2.71818668e-01
2.26248122e+00
-4.24288806e-01
8.09307312e-01
-6.84961359e-02
3.31693566e-01
6.89155222e-01
-2.13866967e+00
4.41230726e-01
4.83890784e-01
8 2
-1.2073e+00 3.9653e-01
8 -1
1 0 2 4 5 13 11 6 
217
3.19391231e-01
-2.87061583e-01
-1.24093059e-02
-3.84277677e-01
2.06267350e-01
-5.76347571e-01
8.29521082e-01
-1.73821713e+00
-1.32149369e+00
4.73710223e+00
0.00000000e+00
0.00000000e+00
0.00000000e+00
0.00000000e+00
-2.75931358e-01
-2.46374989e-02
1.23342127e+00
5.95322589e-01
-1.26662481e-01
5.60490755e-01
0.00000000e+00
0.00000000e+00
0.00000000e+00
0.00000000e+00
0.00000000e+00
0.00000000e+00
0.00000000e+00
0.00000000e+00
0.00000000e+00
0.00000000e+00
0.00000000e+00
0.00000000e+00
0.00000000e+00
7.57807974e-01
-4.38416743e-01
0.00000000e+00
0.00000000e+00
-2.34780249e-01
3.97535926e-01
4.07909252e-01
1.74992763e-01
7.93103638e-01
5.98348188e-02
0.00000000e+00
0.00000000e+00
-1.09571551e+00
6.84804118e-01
1.91505236e+00
-2.98903913e+00
-9.99880407e-01
-5.66221373e-01
2.44455824e+00
0.00000000e+00
0.00000000e+00
1.94976144e+00
8.08587768e-01
0.00000000e+00
0.00000000e+00
0.00000000e+00
3.65485022e+00
1.08191435e-02
-5.06662194e-01
8.15234282e-01
0.00000000e+00
9.21160532e-01
-9.47983066e-01
-3.95871284e-01
8.78908486e-01
-2.05898017e-01
1.13483974e+00
0.00000000e+00
1.57846532e+00
-2.49689326e-01
-3.27490099e-01
7.62738315e-01
-9.31583991e-01
-6.43724347e-01
0.00000000e+00
-4.10364304e-01
0.00000000e+00
9.04632735e-02
-1.13456334e-01
6.39292261e-01
1.15942654e+00
0.00000000e+00
-6.06441705e-01
1.66161564e-01
-9.19657042e-01
-8.57014852e-02
1.84548998e+00
8.07684272e-01
0.00000000e+00
2.26715646e-01
-2.85080671e-01
2.71889764e-01
-7.28615055e-01
-1.79214178e-01
-2.34672308e+00
0.00000000e+00
-5.69412255e-02
0.00000000e+00
2.52374436e-01
-1.04163845e+00
1.23958021e-01
2.38499650e+00
0.00000000e+00
-9.20249137e-02
2.41565661e-01
-1.95742480e-01
1.48279645e-01
6.07158625e-01
1.51336925e-01
0.00000000e+00
1.35172702e-01
-5.35175020e-01
4.07538100e-01
1.04567613e-01
-2.23319570e-01
-2.35435482e+00
-8.66314062e-01
-2.54505144e-02
-1.98329310e+00
0.00000000e+00
0.00000000e+00
0.00000000e+00
2.31632079e-01
8.09787510e-01
-1.43283965e+00
-1.95734199e-01
-8.16771944e-01
-7.97394203e-01
4.11203095e-01
1.62199566e+00
-7.37516606e-01
0.00000000e+00
1.07582024e+00
-6.59544116e-02
-9.18698164e-01
1.07659531e+00
5.92608605e-01
4.62144114e-01
-2.43687890e-01
-1.50951849e-01
3.39909245e-01
1.09027233e+00
-2.63703483e+00
0.00000000e+00
0.00000000e+00
0.00000000e+00
3.21542054e+00
-4.18891060e-01
1.90316261e+00
1.70080243e+00
9.95581834e-01
1.46096089e+00
-1.78807591e-01
-2.50275269e+00
9.90882742e-01
0.00000000e+00
7.61020313e-01
-1.99509773e-02
-4.36200662e+00
7.32916015e-01
-2.02885518e-01
1.51830256e+00
1.38877843e+00
-2.24886517e+00
8.67354826e-02
-1.28491956e+00
-2.80216328e+00
0.00000000e+00
0.00000000e+00
0.00000000e+00
4.93849764e-01
-1.17987503e-01
1.96573542e-01
1.28375739e+00
7.70604027e-01
8.36182206e-01
1.14974802e+00
1.93362820e+00
2.30876214e+00
0.00000000e+00
5.48686229e-01
1.35049809e+00
1.14263729e+00
0.00000000e+00
0.00000000e+00
3.55269970e-01
8.61004386e-01
0.00000000e+00
-7.37579328e-01
7.24726750e-01
1.18280629e-01
0.00000000e+00
0.00000000e+00
0.00000000e+00
2.63720615e+00
2.38357010e+00
1.46646062e-01
4.30328428e-01
2.64484654e+00
1.15565929e+00
2.06982573e+00
-1.77472121e+00
1.03948934e+00
0.00000000e+00
6.91232312e-01
-4.95121054e-03
-1.74795996e+00
0.00000000e+00
0.00000000e+00
1.02376045e+00
5.62534717e-01
0.00000000e+00
7.51344586e+00
9.35085376e-01
136
2.10051952e-01
4.11888614e-01
-1.25154756e-02
-2.01836662e-01
4.17966846e-03
0.00000000e+00
0.00000000e+00
0.00000000e+00
0.00000000e+00
0.00000000e+00
0.00000000e+00
0.00000000e+00
0.00000000e+00
0.00000000e+00
0.00000000e+00
0.00000000e+00
1.41865967e+00
1.20283075e+00
0.00000000e+00
0.00000000e+00
7.26738339e-01
5.00498359e-01
4.75113464e-01
3.66557819e-01
2.48455198e-01
-6.60802305e-02
1.37762681e-01
0.00000000e+00
-4.73815380e-01
1.15212380e+00
8.67089419e-01
-5.39728382e-01
-9.77377304e-01
-3.58804091e-01
1.19143904e+00
0.00000000e+00
-3.93184983e-01
1.47359656e+00
3.96682370e-01
-3.13018942e-01
-8.58907948e-01
-2.77342063e-01
1.03463070e+00
0.00000000e+00
0.00000000e+00
0.00000000e+00
0.00000000e+00
6.13951652e-01
8.53466826e-01
1.98355805e-01
-5.66690373e-01
0.00000000e+00
-5.26936378e+00
-3.77280655e-01
-1.19901346e+00
-1.78874011e-01
0.00000000e+00
1.37315029e+00
-6.74908808e-03
5.12835324e-01
-2.77635464e-01
-6.65376365e-01
2.61430782e-03
4.09817007e-02
-2.82434822e-02
1.56712652e-02
0.00000000e+00
-9.60804810e-01
-4.73254254e-01
-1.36159064e-01
-2.58629482e-01
0.00000000e+00
1.07362878e+00
-7.56963678e-02
2.94098057e-01
-3.65511113e-01
0.00000000e+00
7.27941411e-02
-3.31203577e-01
1.07748278e-01
-6.67665843e-02
0.00000000e+00
1.03529218e+00
-9.38196787e-02
3.98895380e-01
-1.74021934e-01
-2.93820211e-01
2.72724017e-01
-1.67308912e+00
0.00000000e+00
0.00000000e+00
0.00000000e+00
5.46411401e-01
6.64999117e-02
-2.84481891e-01
3.65484078e-01
-1.10625777e+00
1.92616504e-01
5.19766659e-01
1.86926665e-01
-1.03557153e-01
0.00000000e+00
5.56251292e-01
-1.09347894e+00
-1.35370416e+00
5.62802823e-01
7.36280007e-01
2.27534591e-01
1.06438732e-01
-1.61746842e+00
-3.40680513e-01
1.59527065e-01
-2.35101219e+00
0.00000000e+00
0.00000000e+00
0.00000000e+00
1.65462912e+00
1.49786677e+00
2.93640681e-01
7.49751838e-01
-2.10133066e-01
6.53008262e-01
1.33363831e+00
1.19504912e+00
7.29194736e-01
0.00000000e+00
1.00306699e+00
1.58650675e+00
7.05218095e-01
2.15955992e+00
1.13631998e+00
1.71251200e+00
1.77325136e+00
-7.33740006e-01
1.65858788e+00
1.86756612e+00
