0 7 -999999999 -1 -1
1 1 0 -1 -1
0.4976 -0.7344
356
4.16934624e-01
4.42147179e-01
0.00000000e+00
5.69673377e-02
-2.48827494e-01
-4.73033163e-01
6.15698008e-01
0.00000000e+00
0.00000000e+00
7.80831358e-01
1.58308660e-01
-1.21779579e-01
-1.70871658e-02
2.03981452e-02
-1.89155178e-03
3.84607443e-02
0.00000000e+00
0.00000000e+00
0.00000000e+00
0.00000000e+00
0.00000000e+00
0.00000000e+00
0.00000000e+00
0.00000000e+00
0.00000000e+00
0.00000000e+00
0.00000000e+00
0.00000000e+00
0.00000000e+00
0.00000000e+00
0.00000000e+00
0.00000000e+00
0.00000000e+00
0.00000000e+00
0.00000000e+00
0.00000000e+00
0.00000000e+00
0.00000000e+00
0.00000000e+00
0.00000000e+00
0.00000000e+00
0.00000000e+00
0.00000000e+00
0.00000000e+00
0.00000000e+00
0.00000000e+00
0.00000000e+00
0.00000000e+00
0.00000000e+00
0.00000000e+00
0.00000000e+00
-2.13918672e-01
-2.30020513e-01
-1.40548930e+00
0.00000000e+00
0.00000000e+00
0.00000000e+00
0.00000000e+00
-2.05237891e-01
2.65880619e-01
-1.43855769e-01
7.32808831e-01
7.08796851e-01
-7.97124319e-02
8.39627743e-01
-1.43008241e+00
-7.82396310e-01
-1.53736173e+00
-1.50044890e-01
-5.38370812e-02
-4.28096239e-02
-1.07297179e-01
1.58742560e-03
-2.79506807e-01
-2.00983195e-01
1.27331561e-02
-4.72233040e-01
8.75259887e-01
-4.28528705e-03
-5.90881721e-01
0.00000000e+00
0.00000000e+00
4.29149816e-01
3.16674582e-01
2.88973952e-01
-1.67460908e-01
-2.16888346e-01
1.05661563e-01
0.00000000e+00
0.00000000e+00
-5.37755478e-01
8.94183202e-02
-3.69173351e-01
-2.48938374e-02
-1.61074332e-01
-4.74989761e-02
2.18333203e-03
7.42183485e-03
-4.41843584e-02
6.74166114e-02
-2.96534535e-01
-1.80396437e-01
0.00000000e+00
0.00000000e+00
3.27120083e+00
2.09893898e+00
0.00000000e+00
0.00000000e+00
0.00000000e+00
0.00000000e+00
3.24888867e-02
3.78485586e-01
3.76636011e-02
-3.48111406e-01
-4.26511527e-01
-4.20220318e-01
-7.20991552e-01
-1.27663139e+00
0.00000000e+00
0.00000000e+00
0.00000000e+00
6.24955025e-01
0.00000000e+00
-8.52819613e-01
1.69547895e-03
-3.60521919e-02
-1.55242402e-01
-2.95862003e-01
-5.80853879e-01
-4.12682824e-01
3.61975155e+00
3.83395820e+00
3.66008935e+00
3.58170375e+00
3.71656874e+00
3.84594664e+00
1.85714132e-01
2.96434789e-01
7.77671235e-02
3.44012564e-02
8.70394643e-02
4.65325307e-02
-1.96651950e-01
2.61830126e-02
-1.49451750e-02
1.44198640e-02
7.08388929e-02
-8.89287179e-02
3.00536383e-01
0.00000000e+00
0.00000000e+00
0.00000000e+00
-2.03006535e-01
6.70932242e-01
0.00000000e+00
0.00000000e+00
3.19404777e-01
3.68820977e-01
-1.85552330e+00
0.00000000e+00
-3.92821472e-01
-6.71310361e-01
-6.05921441e-01
-1.01069399e+00
-9.98742913e-01
0.00000000e+00
0.00000000e+00
0.00000000e+00
2.81279486e-01
1.39713010e+00
-3.37258049e-01
-2.91798532e-01
-1.94153709e+00
4.23333607e-01
3.13132767e-01
7.66027788e-01
-1.64421281e-01
0.00000000e+00
3.73609300e-01
-1.36585667e+00
-1.67882619e+00
4.79335720e-01
8.76819438e-01
8.38239229e-01
5.14659016e-01
-1.80421111e+00
-7.17349108e-01
1.03894866e+00
4.43611012e-01
0.00000000e+00
0.00000000e+00
0.00000000e+00
3.21115781e-02
-1.59615032e-01
1.54677214e-01
3.49179399e-01
9.60962757e-03
1.39926096e-01
1.34242503e-01
-1.12634608e-01
6.38741714e-02
0.00000000e+00
-5.69611357e-02
-3.03039523e-02
-5.24366945e-02
2.11663269e-02
-1.48366283e-01
5.95125247e-02
7.21842550e-03
-3.02100963e-03
1.36166579e-01
-1.00734720e-01
-5.29690997e-01
-1.30047885e-01
1.94350946e-01
-4.85491574e-01
-1.46687428e-01
5.54358762e-01
5.63273390e-02
-7.40733986e-01
-1.67278229e-02
0.00000000e+00
0.00000000e+00
0.00000000e+00
-9.43400440e-02
3.08750043e-01
-1.76015512e-01
-2.13243641e-01
-1.83583356e-01
1.34042241e-01
1.27563810e-01
2.61986116e-01
1.61866415e-01
0.00000000e+00
-2.94319469e-01
-8.49967779e-02
-2.17268178e-02
-1.75692310e-02
-8.73442511e-02
-2.23124274e-01
8.43026529e-02
3.85371052e-02
4.10195901e-03
2.58385210e-01
-3.99643112e-01
8.69708448e-01
6.63225571e-01
3.11874637e-01
-4.69051916e-01
-2.62773587e-01
-1.68468336e+00
-8.86070418e-01
-4.14095950e-01
4.16393563e-01
-6.18973231e-03
-6.72977418e-01
-2.06278329e-01
-2.57858085e-01
-4.18629773e-01
2.95781919e-01
-1.68200436e+00
0.00000000e+00
0.00000000e+00
0.00000000e+00
7.70135010e-02
1.53902664e+00
-3.68437949e-01
1.15539767e-01
-1.72916530e+00
3.07645098e-01
6.34093695e-01
-2.13511984e-01
1.07726426e-01
0.00000000e+00
3.51719704e-01
9.97071841e-04
-1.70594361e+00
9.07912129e-01
-1.38493510e+00
3.38925828e-01
3.94383407e-01
-1.27163776e+00
-9.36334509e-02
3.10277527e-01
4.87575031e-01
0.00000000e+00
0.00000000e+00
0.00000000e+00
-1.36534248e-01
-4.76975000e-02
7.90521375e-02
1.00673764e-01
2.54501888e-01
9.53481038e-02
4.09758756e-02
-1.11092814e-01
1.38394049e-01
0.00000000e+00
-1.26904628e-01
-1.89992338e-01
2.12956475e-01
7.89549208e-02
-3.43309289e-02
4.18406435e-03
-1.34470145e-01
8.37776345e-02
2.16894840e-01
-3.71161191e-02
-8.22522808e-01
-2.46421339e-01
0.00000000e+00
8.33446843e-01
3.89950835e-01
4.60157150e-01
-2.79194539e-03
-7.03786543e-01
-2.28383716e-01
0.00000000e+00
0.00000000e+00
0.00000000e+00
6.79080154e-02
-1.53445945e-01
-6.76596905e-02
7.55637698e-02
1.20289374e-01
-2.75584138e-01
-1.89843522e-01
-1.70713613e-01
-2.21653939e-01
0.00000000e+00
2.76281078e-01
2.50435411e-01
-7.71565818e-02
-3.92367955e-02
4.84052863e-01
2.40686822e-01
9.61287276e-02
-1.11183516e-01
-2.74189483e-01
-2.59062553e-01
-5.76101470e-01
0.00000000e+00
1.75219413e+00
3.12129465e-01
-8.59481548e-01
-4.24889023e-01
0.00000000e+00
1.14999078e+00
1.29882379e-01
3.03551417e-01
-1.37925382e-01
-5.90515058e-01
-4.34592525e-01
-1.73972577e-01
1.90736154e+00
-1.51112422e-01
247
-2.15879285e-01
-6.83567783e-02
0.00000000e+00
8.68091462e-01
-9.36448240e-01
-6.22609876e-01
-5.94914325e-01
4.92314397e-01
0.00000000e+00
0.00000000e+00
-1.08819498e-02
1.89398608e-01
-1.30610248e-01
2.12764144e-01
0.00000000e+00
0.00000000e+00
0.00000000e+00
0.00000000e+00
0.00000000e+00
0.00000000e+00
0.00000000e+00
0.00000000e+00
0.00000000e+00
0.00000000e+00
0.00000000e+00
0.00000000e+00
0.00000000e+00
0.00000000e+00
0.00000000e+00
0.00000000e+00
0.00000000e+00
0.00000000e+00
0.00000000e+00
0.00000000e+00
0.00000000e+00
0.00000000e+00
0.00000000e+00
0.00000000e+00
0.00000000e+00
0.00000000e+00
0.00000000e+00
0.00000000e+00
0.00000000e+00
2.00190068e-02
7.24439519e-03
2.46230977e-01
2.50670123e-03
-4.73867395e-02
-6.92217136e-03
0.00000000e+00
0.00000000e+00
5.19342677e-01
2.59565887e-01
4.96471846e-01
-3.12868845e-01
-1.21057440e-01
-1.87130237e-01
0.00000000e+00
0.00000000e+00
3.76012818e+00
1.69853242e+00
0.00000000e+00
0.00000000e+00
0.00000000e+00
0.00000000e+00
0.00000000e+00
0.00000000e+00
9.02545470e-02
-3.90225729e-01
-3.09688295e-01
-7.35355466e-01
-9.53693427e-01
-1.49881681e+00
0.00000000e+00
0.00000000e+00
0.00000000e+00
0.00000000e+00
0.00000000e+00
0.00000000e+00
4.85572755e-02
-1.96665072e-01
-2.56737727e-01
-2.31765114e-01
-4.79898001e-01
1.95309602e-01
4.69520849e+00
4.52352522e+00
4.51354838e+00
4.49896820e+00
4.91670823e+00
4.53326793e+00
1.29809607e-02
2.15470320e-01
-9.31341140e-02
-3.21844671e-01
-4.55238929e-01
-2.44304418e-01
-7.61215004e-01
-2.40057852e-01
-2.24044206e-01
-4.15452166e-01
-4.84055365e-01
-2.24355022e-01
-1.78482292e-01
0.00000000e+00
0.00000000e+00
0.00000000e+00
9.55815671e-01
3.33079971e-02
-3.22166599e+00
0.00000000e+00
-1.12636346e-01
-6.41705138e-01
-6.60327694e-01
-1.25408401e+00
-7.54341483e-01
0.00000000e+00
0.00000000e+00
0.00000000e+00
3.93971283e-01
1.34204311e+00
-3.21624031e-01
5.04942969e-02
-1.93198482e+00
4.92733763e-01
6.98292443e-01
3.82269668e-01
-4.78289957e-01
0.00000000e+00
2.60851997e-01
-7.38131922e-01
-1.64527358e+00
1.74963727e-01
8.06880447e-01
4.90317778e-01
4.51652710e-01
-1.18240398e+00
-7.50339718e-01
7.49235295e-01
-4.43037614e-01
7.47544745e-02
-1.57157799e+00
-1.53928373e+00
-4.63584168e-01
-1.23158256e-01
0.00000000e+00
0.00000000e+00
0.00000000e+00
8.89390048e-02
-4.41360962e-02
1.78955736e-01
4.03932795e-02
-8.16266153e-02
-8.56650296e-02
-2.33608510e-01
-6.70917482e-02
1.66235085e-01
0.00000000e+00
1.33932737e-01
4.69228685e-01
-2.78939924e-01
1.99923151e-02
-3.92315126e-01
1.72727660e-01
-1.09778807e-01
-1.56456541e-01
2.30200600e-01
-1.74144961e-01
-5.17792088e-01
-7.62542312e-01
-5.03991135e-01
9.68235097e-01
-3.11303870e-01
-1.87390820e-01
-2.94519558e+00
-1.40404300e+00
-4.50132058e-01
-1.23913050e-01
-8.03179819e-01
-4.35232381e-01
1.75022212e-01
-1.91441170e+00
0.00000000e+00
0.00000000e+00
0.00000000e+00
-1.67047689e-02
1.01083140e+00
-4.64923936e-02
2.27601684e-01
-2.58376925e+00
4.25497442e-01
8.29155385e-01
-2.14979767e-01
-2.03818511e-01
0.00000000e+00
5.59593255e-01
-4.73613074e-01
-1.32393378e+00
8.71566380e-01
-1.43543221e-01
2.10310655e-01
4.61993702e-01
-1.69564696e+00
-5.30554266e-01
7.22094386e-01
-9.11189692e-01
-2.17106323e-01
0.00000000e+00
-2.29139315e-01
-2.74250522e-01
-2.25686432e-01
0.00000000e+00
0.00000000e+00
0.00000000e+00
-8.54454043e-03
1.79371965e-01
-2.13973147e-02
5.34619519e-02
0.00000000e+00
1.48547467e-01
4.43174804e-02
3.51684634e-01
2.36873181e-01
0.00000000e+00
-2.64475268e-01
-3.64483460e-01
1.91409718e-01
-1.25950952e-02
2.97842768e-01
2.96685306e-01
4.86106062e-02
1.95084155e-01
3.59356019e-01
1.94033313e-01
-6.94083369e-01
0.00000000e+00
8.95767295e-01
-3.03501313e-01
-1.00322201e+00
-4.43221372e-01
0.00000000e+00
6.61373556e-01
-1.84326262e-01
-5.60000637e-01
0.00000000e+00
1.73036205e+00
-4.54362224e-01
1 -999999999 5 0 -1
1 0 1 1 -1
4.3118e-01 -1.3794e-01
356
2.10323970e-02
0.00000000e+00
0.00000000e+00
0.00000000e+00
0.00000000e+00
0.00000000e+00
0.00000000e+00
0.00000000e+00
0.00000000e+00
0.00000000e+00
0.00000000e+00
0.00000000e+00
0.00000000e+00
0.00000000e+00
0.00000000e+00
0.00000000e+00
1.37712078e-01
0.00000000e+00
-3.79069527e-01
2.25504160e-02
-1.69693216e-01
-1.05068017e-01
0.00000000e+00
0.00000000e+00
-1.21173116e-02
-5.31973048e-01
-1.65006974e-01
1.69143062e-01
-1.89945255e-01
-1.21431532e-01
-6.76927408e-02
9.45739152e-02
0.00000000e+00
-1.34475036e+00
-3.53104841e-02
-1.84803810e-01
-2.99677527e-01
9.00691906e-01
-9.58718757e-01
5.38632372e-01
5.46162512e-01
0.00000000e+00
0.00000000e+00
0.00000000e+00
0.00000000e+00
0.00000000e+00
0.00000000e+00
0.00000000e+00
0.00000000e+00
0.00000000e+00
0.00000000e+00
1.43896172e-01
-5.14811374e-01
-8.38875174e-01
0.00000000e+00
0.00000000e+00
0.00000000e+00
0.00000000e+00
-1.19455576e+00
1.97873222e+00
1.02405391e+00
6.92133122e-01
1.49038069e+00
-8.73206466e-01
5.77324216e-01
-1.44452958e+00
-1.87617066e+00
1.22518163e+00
-6.45548756e-03
-2.47708510e-02
1.23318918e-01
-6.28670151e-01
7.88547273e-03
-3.53973355e-02
-1.70412007e-01
6.03302957e-03
5.32080556e-02
8.26570042e-01
2.08812620e-03
-3.30713422e-01
0.00000000e+00
0.00000000e+00
3.90916594e-02
-2.79851583e-01
-4.16441747e-01
-1.25995037e-01
3.94687315e-01
7.91043564e-01
0.00000000e+00
0.00000000e+00
1.13783554e-01
-3.45975497e-01
-5.47478312e-02
4.46993315e-02
-5.43956642e-02
1.44825894e-01
3.49220275e-02
5.70052665e-02
2.75152451e-01
1.50708068e-02
-2.59817892e-01
-2.33878668e-01
0.00000000e+00
0.00000000e+00
1.70224194e+00
2.59665911e+00
0.00000000e+00
1.32905830e-01
0.00000000e+00
0.00000000e+00
9.03906511e-02
3.96530357e-01
2.99980658e-02
-5.52626944e-01
-1.64432920e-02
2.56966791e-02
-4.04727438e-01
-1.26460774e+00
0.00000000e+00
0.00000000e+00
0.00000000e+00
6.71988437e-01
0.00000000e+00
0.00000000e+00
-2.31599423e-01
-8.23275752e-02
-1.93371641e-01
-2.87116177e-01
-6.48815165e-01
-5.31817986e-01
4.93080124e+00
4.86402165e+00
4.59617826e+00
4.58155617e+00
4.92951636e+00
5.05075205e+00
4.37579710e-01
6.87189226e-01
9.02950157e-02
6.57872527e-02
4.24992054e-02
6.95602841e-02
-3.58204441e-01
-8.31900587e-02
2.52489417e-01
1.44486724e-01
1.96425537e-03
-2.64953921e-01
5.01501125e-01
0.00000000e+00
0.00000000e+00
0.00000000e+00
-6.00578747e-01
6.83379414e-01
0.00000000e+00
0.00000000e+00
1.20110018e-01
-5.73983550e-02
0.00000000e+00
-1.18222319e+00
-7.06641047e-01
-6.90954945e-01
-9.74568492e-01
-7.02448580e-01
-1.68120954e+00
0.00000000e+00
0.00000000e+00
0.00000000e+00
1.75680644e-01
1.78560368e+00
-5.26875764e-01
5.73606941e-01
-1.14144584e+00
1.28929664e-02
5.95015644e-01
9.22456110e-01
-3.77954524e-01
0.00000000e+00
-1.67828901e-01
-1.84300204e+00
-1.94651738e+00
3.49113150e-01
7.02418630e-01
5.60859594e-01
1.33239254e-01
-1.51680934e+00
-5.54215956e-01
5.82553587e-01
1.25201945e-01
0.00000000e+00
0.00000000e+00
0.00000000e+00
3.01733847e-02
7.36049344e-03
8.95374741e-02
1.56633913e-01
-1.20727551e+00
1.73594325e-01
1.53540732e-01
-9.69463056e-02
6.88335039e-02
0.00000000e+00
6.61017179e-02
1.73386252e-01
-1.53337639e-02
6.29545870e-02
-2.84193761e-02
1.77736260e-01
6.28865999e-02
9.21600532e-02
8.99792551e-02
6.82983483e-02
-5.38383615e-01
-1.89254717e-01
0.00000000e+00
-1.53315433e-01
-9.36246923e-02
5.38618545e-02
6.83805200e-02
-3.11497092e-01
-6.68726047e-02
0.00000000e+00
0.00000000e+00
0.00000000e+00
-2.63332277e-01
1.60635405e-01
-1.62842120e-01
-1.48991038e-01
4.32658383e-01
1.10755554e-01
1.69779661e-01
3.98375672e-01
6.24554617e-02
0.00000000e+00
-3.08494289e-01
-1.30373235e-01
5.46911144e-02
1.51555455e-02
-3.37790622e-01
-3.00447455e-01
-6.85475792e-02
8.26317200e-02
1.36064351e-02
1.53201060e-01
-3.49128898e-01
0.00000000e+00
3.02373344e-02
5.00237916e-01
-1.14282592e+00
-5.17386330e-01
0.00000000e+00
-8.13185805e-01
-4.94498736e-02
1.21200661e-01
-5.55646599e-02
-5.83022332e-01
-6.25439594e-01
6.95913095e-01
4.70093090e-01
2.08909980e-03
-1.39340352e+00
0.00000000e+00
0.00000000e+00
0.00000000e+00
5.76511225e-01
1.73141811e+00
-9.37275824e-01
2.82790392e-02
-1.82451411e+00
4.13822488e-01
5.47789642e-02
3.86340205e-02
2.68346842e-01
0.00000000e+00
6.14994900e-01
2.06553402e-01
-1.45604292e+00
7.78120500e-01
-8.37171057e-01
5.16690513e-01
9.23541465e-02
-1.73380311e+00
-2.94782039e-01
3.69681379e-01
4.15534903e-01
0.00000000e+00
0.00000000e+00
0.00000000e+00
-1.03634095e-01
-2.27730510e-01
4.69181933e-01
1.57026030e-01
-1.02905474e+00
1.50484625e-01
2.89017644e-01
2.55565195e-02
4.79706173e-02
0.00000000e+00
-3.56542562e-02
-1.61554764e-01
9.34491409e-02
1.76713616e-01
-6.24015400e-02
1.73562053e-02
1.60528588e-01
2.37888205e-01
1.80238752e-01
3.01529259e-02
-5.09807262e-01
-2.37304160e-01
-3.63689557e-01
-1.27034613e-01
1.03909059e-01
8.38438509e-02
7.05708761e-02
-3.91718887e-01
-3.81046861e-01
0.00000000e+00
0.00000000e+00
0.00000000e+00
1.76239368e-01
8.66269209e-02
-1.29118608e-01
3.57800843e-02
-3.13213198e-01
-2.71174858e-01
-2.65016837e-01
-5.23838411e-01
-1.02271894e-01
0.00000000e+00
3.88433003e-01
5.38206892e-02
9.73233302e-02
-3.43842313e-02
4.61063598e-01
3.09047561e-01
1.09691400e-01
-6.35467491e-02
-1.49983961e-01
-2.46524068e-01
-2.72503102e-01
3.55692008e-01
-7.10449466e-01
-8.95340845e-01
-8.83596263e-01
-4.53650786e-01
-1.20301981e+00
-4.40701162e-01
-1.70074077e-01
2.18269239e-01
-1.44721986e-02
-6.57447826e-01
-4.29945477e-01
5.80884168e-01
-7.35149626e-01
-8.33990995e-01
247
-7.53164644e-01
0.00000000e+00
0.00000000e+00
0.00000000e+00
0.00000000e+00
0.00000000e+00
0.00000000e+00
0.00000000e+00
0.00000000e+00
-2.86073288e-01
0.00000000e+00
0.00000000e+00
0.00000000e+00
0.00000000e+00
-7.00591513e-01
0.00000000e+00
-6.80991011e-01
-1.96005020e-02
-3.53108356e-01
1.37092411e-01
0.00000000e+00
0.00000000e+00
0.00000000e+00
-3.49560548e-01
-5.85377490e-01
8.03607518e-03
-9.28682696e-02
-7.39734156e-01
0.00000000e+00
-1.16855741e+00
4.28823250e-01
1.14457802e-01
7.00442419e-01
5.15376264e-01
0.00000000e+00
0.00000000e+00
0.00000000e+00
0.00000000e+00
0.00000000e+00
0.00000000e+00
0.00000000e+00
0.00000000e+00
0.00000000e+00
1.79744962e-01
-7.11056042e-03
-9.21341414e-01
2.03323455e-02
-6.45169339e-03
3.13892232e-03
0.00000000e+00
0.00000000e+00
6.30305961e-01
-1.46319587e-01
-1.00314019e+00
3.46315798e-01
4.13737741e-02
-3.76358435e-01
0.00000000e+00
0.00000000e+00
1.02392759e+00
2.09231391e+00
0.00000000e+00
0.00000000e+00
0.00000000e+00
0.00000000e+00
3.32211923e-03
1.26938347e-01
2.46325072e-02
-4.49845511e-01
-2.33495932e-01
-5.70686564e-03
-3.72028980e-01
-8.14544741e-01
0.00000000e+00
0.00000000e+00
0.00000000e+00
0.00000000e+00
0.00000000e+00
0.00000000e+00
1.71460822e-02
-1.19854638e-01
-3.51799004e-01
-5.21568406e-01
-6.69176700e-01
-4.42152786e-01
4.62412425e+00
4.68178108e+00
4.31706048e+00
4.31039506e+00
4.52785982e+00
4.69357409e+00
5.44818225e-01
4.95902318e-01
2.05623416e-01
-1.29610893e-01
-2.48172664e-03
-4.71438980e-02
-1.99186190e-01
-9.60768886e-02
4.23796516e-02
-5.48061703e-02
-1.07541436e-01
-1.82377429e-01
7.38972901e-02
-7.58073107e-01
0.00000000e+00
0.00000000e+00
-6.89888267e-02
-3.46572755e-01
0.00000000e+00
-1.63165181e+00
-8.68935407e-01
-9.08156824e-01
-4.90818934e-01
-7.23007818e-01
-1.77709223e+00
0.00000000e+00
0.00000000e+00
0.00000000e+00
1.85181799e-01
1.21601079e+00
-2.09575545e-01
5.49403024e-01
-1.94662058e+00
2.63781577e-01
5.53201710e-01
4.45362215e-01
-3.81979630e-01
0.00000000e+00
1.65065576e-01
-1.56258354e+00
-1.65400543e+00
2.19590705e-02
9.32519002e-01
5.39421221e-01
1.78367202e-01
-1.41074055e+00
-4.71429795e-01
8.09569659e-01
-7.28507542e-01
-3.97614271e-01
0.00000000e+00
-1.37973704e+00
-1.83750241e-01
-4.29454451e-02
0.00000000e+00
0.00000000e+00
0.00000000e+00
1.84397501e-01
4.97135111e-01
2.26636678e-01
2.71688132e-01
0.00000000e+00
2.93111333e-01
3.43989968e-01
7.94348721e-02
1.18084856e-01
0.00000000e+00
2.94643018e-01
5.35068262e-01
6.82069659e-02
3.87263636e-01
-4.55863027e-01
2.40138680e-01
1.27123276e-01
-1.22662672e-01
1.87607142e-01
1.19223533e-01
-3.30893271e-01
0.00000000e+00
-5.76429678e-02
-1.38863311e-01
-1.04858469e+00
-4.71321136e-01
0.00000000e+00
-1.19537661e+00
-5.06339066e-01
-5.77263553e-01
1.58943628e-01
-3.24014739e-01
-4.20780618e-01
-1.21382675e+00
0.00000000e+00
0.00000000e+00
0.00000000e+00
3.65095690e-02
6.58491761e-01
-1.66576997e-01
1.77889226e-01
-2.04949057e-01
5.38372183e-01
7.24022682e-02
-2.56776569e-01
1.13764842e-02
0.00000000e+00
3.45330522e-01
-7.00684319e-02
-1.38554069e+00
3.84920318e-01
-3.73094537e-02
2.54864969e-01
1.37631872e-01
-1.76448924e+00
-2.20902497e-01
2.74997008e-01
-4.53113336e-01
-2.71060360e-01
-6.12207266e-02
2.17823257e-01
3.45461171e-01
2.13860501e-01
0.00000000e+00
0.00000000e+00
0.00000000e+00
-8.07944500e-02
2.40436669e-01
2.55903827e-04
-1.81944358e-02
4.65003679e-02
6.65671928e-03
1.98377547e-03
3.95494322e-01
5.02293266e-02
0.00000000e+00
-1.49070991e-01
-4.92476391e-01
-1.07068233e-01
1.34405539e-01
-8.60169757e-02
-1.67326098e-01
1.57400738e-02
4.27806588e-01
3.94521901e-03
-8.64642985e-03
-1.82052977e-01
6.46209639e-02
-6.46499567e-01
-3.71324680e-01
-7.60713415e-01
-2.19758574e-01
-4.52902332e-01
-2.05813424e-01
7.01303335e-02
-5.40954841e-01
8.45499706e-01
-4.92590423e-01
-5.48126461e-01
7 1
-4.5058e-02 3.2827e-01
2 1
0 1 
217
-1.12127802e-01
-1.38145077e-01
2.61197360e-02
-3.23659569e-01
-3.68563566e-01
7.06434873e-01
3.16186252e-01
-3.47434774e-02
1.22932780e-01
-5.03021434e-01
-2.97389651e-01
-5.34164710e-02
1.14706383e-01
7.93794843e-01
0.00000000e+00
0.00000000e+00
0.00000000e+00
-1.18724220e-02
5.67689050e-04
2.58231612e-01
-1.83304043e-01
1.00911417e-02
3.57578623e-01
7.58872481e-02
5.12882188e-03
4.06632732e-01
0.00000000e+00
0.00000000e+00
4.17375670e-01
-4.81245764e-01
-9.10796886e-01
3.65236257e-01
2.41184217e-01
3.92500916e-01
0.00000000e+00
0.00000000e+00
1.13925454e-01
-2.81791230e-01
5.57379745e-02
0.00000000e+00
0.00000000e+00
0.00000000e+00
0.00000000e+00
0.00000000e+00
1.13925454e-01
7.64143427e-02
-3.58205573e-01
5.57379745e-02
0.00000000e+00
0.00000000e+00
0.00000000e+00
0.00000000e+00
0.00000000e+00
0.00000000e+00
0.00000000e+00
0.00000000e+00
0.00000000e+00
0.00000000e+00
0.00000000e+00
0.00000000e+00
5.57379745e-02
7.64143427e-02
-3.58205573e-01
0.00000000e+00
-2.39090458e-01
-1.00486161e+00
3.90452396e-01
-2.99082888e-01
-2.58300079e-01
9.73417174e-01
0.00000000e+00
1.90339796e-01
-1.36393819e-01
6.01848737e-02
4.80693916e-01
-3.62652472e-01
-9.60651558e-03
0.00000000e+00
0.00000000e+00
0.00000000e+00
0.00000000e+00
0.00000000e+00
0.00000000e+00
0.00000000e+00
0.00000000e+00
0.00000000e+00
0.00000000e+00
0.00000000e+00
0.00000000e+00
0.00000000e+00
0.00000000e+00
0.00000000e+00
0.00000000e+00
0.00000000e+00
0.00000000e+00
0.00000000e+00
0.00000000e+00
0.00000000e+00
0.00000000e+00
0.00000000e+00
0.00000000e+00
0.00000000e+00
0.00000000e+00
0.00000000e+00
0.00000000e+00
0.00000000e+00
0.00000000e+00
0.00000000e+00
0.00000000e+00
0.00000000e+00
0.00000000e+00
0.00000000e+00
0.00000000e+00
0.00000000e+00
0.00000000e+00
0.00000000e+00
0.00000000e+00
0.00000000e+00
0.00000000e+00
-8.93339364e-01
-1.03247620e+00
-7.71986800e-01
0.00000000e+00
0.00000000e+00
0.00000000e+00
5.75859835e-01
4.41729748e-01
-2.62581548e-01
4.70703474e-01
-1.10491789e+00
2.34419495e-01
3.60272954e-01
-4.63532969e-01
-4.73206447e-02
0.00000000e+00
2.71317326e-01
-7.54282515e-01
-9.45960107e-01
5.87891008e-01
3.15359100e-01
4.39497257e-01
2.17420304e-01
-1.06517810e+00
-3.20345496e-01
2.77661977e-01
-3.69547628e-01
0.00000000e+00
0.00000000e+00
0.00000000e+00
-5.31454974e-02
2.63267562e-01
-6.36733862e-02
-1.20012955e-01
-9.11113390e-01
9.09868227e-02
1.20448836e-01
6.22726336e-01
2.65123512e-02
0.00000000e+00
1.83968214e-01
3.64869655e-01
-4.62886226e-01
-6.71612078e-02
9.77479912e-03
1.21652079e-01
7.95900291e-02
-7.03968517e-01
-4.63762434e-02
1.74993112e-01
-9.93556255e-01
0.00000000e+00
0.00000000e+00
0.00000000e+00
3.33748392e-01
7.95485956e-01
-1.37189971e+00
-1.77181353e-01
-6.82958925e-01
3.53161222e-01
3.50055430e-01
3.09504237e-01
-1.47822269e-01
0.00000000e+00
2.37224581e-01
-1.26265524e-01
-1.04032101e+00
5.25377168e-01
-2.46103771e-02
1.00456168e-01
1.78749253e-01
-8.96480009e-01
-2.24392601e-01
5.14613121e-01
-2.88950901e-01
0.00000000e+00
0.00000000e+00
0.00000000e+00
-1.33515816e-01
4.05961142e-02
7.05959063e-01
2.65431421e-01
-8.73838041e-01
6.34367557e-02
1.04456893e-01
-3.18620153e-02
4.21855875e-02
0.00000000e+00
1.27420689e-01
-1.59066935e-01
-4.20369825e-01
1.63048615e-01
1.48611114e-01
3.25996989e-01
7.09690745e-02
-4.60000398e-01
-1.89488023e-01
-7.89221614e-02
136
-3.54523976e-01
1.41857442e-02
-5.06247516e-03
-2.24128447e-01
2.82177641e-03
-1.50134808e-01
6.85349756e-03
5.55353514e-03
3.05175786e-03
0.00000000e+00
0.00000000e+00
2.81803367e-01
-1.86070738e-01
-5.86926774e-01
1.37243054e-01
2.55044611e-01
5.13276552e-01
0.00000000e+00
0.00000000e+00
3.76333152e-01
-3.54172502e-01
-3.76684626e-01
0.00000000e+00
0.00000000e+00
0.00000000e+00
0.00000000e+00
0.00000000e+00
3.76333152e-01
8.17274248e-01
-1.17144675e+00
-3.76684626e-01
0.00000000e+00
0.00000000e+00
0.00000000e+00
0.00000000e+00
0.00000000e+00
0.00000000e+00
0.00000000e+00
0.00000000e+00
0.00000000e+00
0.00000000e+00
0.00000000e+00
0.00000000e+00
0.00000000e+00
0.00000000e+00
0.00000000e+00
0.00000000e+00
-7.12108655e-01
-5.98373331e-02
-2.40082384e-01
-1.18507911e+00
0.00000000e+00
1.20298326e+00
8.03170888e-01
7.67344704e-01
-6.96385483e-01
0.00000000e+00
0.00000000e+00
0.00000000e+00
0.00000000e+00
-3.76684626e-01
8.17274248e-01
-1.17144675e+00
0.00000000e+00
0.00000000e+00
0.00000000e+00
0.00000000e+00
0.00000000e+00
0.00000000e+00
0.00000000e+00
0.00000000e+00
0.00000000e+00
0.00000000e+00
0.00000000e+00
0.00000000e+00
0.00000000e+00
0.00000000e+00
0.00000000e+00
0.00000000e+00
0.00000000e+00
0.00000000e+00
0.00000000e+00
0.00000000e+00
0.00000000e+00
0.00000000e+00
0.00000000e+00
-8.25608147e-01
-8.06379661e-01
-1.26291104e+00
0.00000000e+00
0.00000000e+00
0.00000000e+00
5.48796188e-01
6.77521805e-01
-2.32427357e-01
3.70671854e-01
-2.17657231e+00
3.62711354e-01
5.76357726e-01
2.44906947e-01
-1.55805924e-01
0.00000000e+00
4.35386798e-01
-5.94061862e-01
-1.60904499e+00
4.90428003e-01
4.25183644e-01
5.85974373e-01
2.17278374e-01
-1.57305053e+00
-2.97861703e-01
4.40696575e-01
-1.18027407e+00
0.00000000e+00
0.00000000e+00
0.00000000e+00
2.31721357e-01
1.05369661e+00
-3.72588262e-01
1.29731470e-01
-2.09615457e+00
4.06547154e-01
6.27535676e-01
1.09270031e-01
-9.08575917e-03
0.00000000e+00
5.37431601e-01
-2.74110747e-01
-1.45200232e+00
6.99045925e-01
7.16388052e-02
3.37335628e-01
1.33669846e-01
-1.57482177e+00
-2.25512712e-01
4.86377967e-01
5 1
-1.7881e-01 3.2634e-01
3 0
0 1 7 
217
-1.55714635e-02
-1.40555356e-01
1.41715607e-01
1.48005342e-02
4.81608999e-02
1.34978505e-01
1.68604652e-01
-2.13081535e-01
-1.13862776e-01
-4.54265541e-02
-3.81958092e-01
5.54904792e-02
2.63483852e-01
2.23195469e-01
0.00000000e+00
0.00000000e+00
0.00000000e+00
2.42967885e-03
-3.27236360e-04
-1.19133496e-01
-4.09292737e-02
5.17524132e-03
7.84758234e-02
1.95501781e-01
-1.47917348e-03
1.14419910e-01
0.00000000e+00
0.00000000e+00
5.97054431e-02
-1.67137238e-01
1.51482038e-01
3.92237129e-01
9.09792615e-02
-3.20479882e-01
0.00000000e+00
0.00000000e+00
1.65025281e-01
-2.23696824e-01
-3.16854684e-03
4.62686261e-02
0.00000000e+00
0.00000000e+00
0.00000000e+00
0.00000000e+00
1.65025281e-01
1.83505257e-03
-2.22669801e-01
2.87894209e-01
0.00000000e+00
-3.70832939e-01
7.97701828e-02
4.62686261e-02
0.00000000e+00
0.00000000e+00
0.00000000e+00
0.00000000e+00
0.00000000e+00
0.00000000e+00
0.00000000e+00
0.00000000e+00
-3.66701036e-02
1.83505257e-03
-1.45761694e-01
0.00000000e+00
1.92635875e-02
4.85221974e-01
2.93504815e-01
6.40842694e-01
-3.28339866e-01
7.78572073e-02
0.00000000e+00
-1.96584322e-01
-6.50528179e-01
3.51767545e-01
-2.56897731e-01
-1.60504327e-01
6.66039686e-01
0.00000000e+00
2.50627303e-01
-3.99572154e-01
4.19412165e-02
-3.54709845e-01
-2.89597422e-01
-2.88896592e-01
0.00000000e+00
0.00000000e+00
0.00000000e+00
0.00000000e+00
0.00000000e+00
0.00000000e+00
0.00000000e+00
0.00000000e+00
0.00000000e+00
0.00000000e+00
0.00000000e+00
0.00000000e+00
0.00000000e+00
0.00000000e+00
0.00000000e+00
0.00000000e+00
0.00000000e+00
0.00000000e+00
0.00000000e+00
0.00000000e+00
0.00000000e+00
0.00000000e+00
0.00000000e+00
0.00000000e+00
0.00000000e+00
0.00000000e+00
0.00000000e+00
0.00000000e+00
0.00000000e+00
0.00000000e+00
0.00000000e+00
0.00000000e+00
0.00000000e+00
0.00000000e+00
0.00000000e+00
-7.66463879e-01
-8.30008278e-01
-9.34394398e-01
0.00000000e+00
0.00000000e+00
0.00000000e+00
4.92914310e-01
3.84578167e-01
-2.82228825e-01
2.89929311e-01
-1.23781065e+00
2.06663605e-01
3.13065548e-01
2.46718498e-01
-1.20802251e-01
0.00000000e+00
4.04567072e-01
-6.71647212e-01
-1.14217731e+00
6.91857735e-01
4.49478195e-01
3.27230463e-01
7.86692645e-02
-1.18427697e+00
-4.45052213e-01
2.63928870e-01
-2.67589678e-01
0.00000000e+00
0.00000000e+00
0.00000000e+00
-1.17933287e-02
3.10820822e-01
-4.71321084e-02
-8.81770437e-02
-1.07101942e+00
1.40592834e-01
9.61047424e-02
1.21728946e-01
1.54993164e-02
0.00000000e+00
1.77157132e-01
1.69927604e-01
-5.40493594e-01
-1.73514003e-01
-1.30043353e-01
2.52162811e-01
1.47443313e-01
6.37111560e-03
4.17022534e-02
3.15072281e-01
-1.01662789e+00
0.00000000e+00
0.00000000e+00
0.00000000e+00
9.59327677e-02
9.62328022e-01
-4.88459543e-01
-1.31294012e-01
-1.32263706e+00
4.78068060e-01
5.75185030e-01
4.82461950e-01
-3.24313061e-02
0.00000000e+00
1.85720234e-01
-4.04355487e-01
-1.01311377e+00
3.39303532e-01
-1.59189706e-01
3.79466226e-01
2.42370359e-01
-1.05958089e+00
-6.30043494e-01
4.83641193e-01
-2.91654440e-01
0.00000000e+00
0.00000000e+00
0.00000000e+00
1.77151923e-02
2.59162104e-02
2.87281899e-01
2.89931500e-01
-9.51170011e-01
-1.38174965e-01
7.76496108e-02
-1.63112649e-01
-9.07309592e-02
0.00000000e+00
1.04185896e-01
1.65164711e-01
-4.48904641e-01
3.33493346e-01
3.08010629e-01
3.32392154e-01
1.79221831e-01
-6.63802720e-01
1.61112047e-01
-1.17833519e-01
136
-2.21040710e-01
-2.68744815e-01
-1.54030290e-02
-5.53561826e-02
-1.13506991e-03
-1.34272871e-01
6.99408839e-03
2.37333159e-01
-4.95100127e-04
0.00000000e+00
0.00000000e+00
2.01445151e-02
-2.72430690e-02
-4.29770054e-02
3.20330121e-01
5.80922101e-02
-7.54847594e-02
0.00000000e+00
0.00000000e+00
3.63639430e-01
-2.17017314e-02
-3.40059553e-01
-2.22918855e-01
0.00000000e+00
0.00000000e+00
0.00000000e+00
0.00000000e+00
3.63639430e-01
-7.96845764e-02
-7.48332556e-02
2.15623512e-01
1.32816101e-01
-1.54301769e-01
-4.01381296e-01
-2.22918855e-01
0.00000000e+00
0.00000000e+00
0.00000000e+00
0.00000000e+00
0.00000000e+00
0.00000000e+00
0.00000000e+00
0.00000000e+00
0.00000000e+00
0.00000000e+00
0.00000000e+00
0.00000000e+00
1.08948776e-01
4.73316886e-01
1.51835099e-01
-1.33800454e+00
0.00000000e+00
3.01039884e-01
2.03296943e-01
2.54401870e-01
-8.02628492e-01
0.00000000e+00
4.52193200e-01
-1.70985948e-01
1.50977380e-01
-5.36064444e-01
-7.96845764e-02
-3.43398451e-01
0.00000000e+00
0.00000000e+00
0.00000000e+00
0.00000000e+00
0.00000000e+00
0.00000000e+00
0.00000000e+00
0.00000000e+00
0.00000000e+00
0.00000000e+00
0.00000000e+00
0.00000000e+00
0.00000000e+00
0.00000000e+00
0.00000000e+00
0.00000000e+00
0.00000000e+00
0.00000000e+00
0.00000000e+00
0.00000000e+00
0.00000000e+00
0.00000000e+00
0.00000000e+00
-7.40161296e-01
-7.90430338e-01
-1.23405532e+00
0.00000000e+00
0.00000000e+00
0.00000000e+00
5.06559046e-01
6.42330946e-01
-1.93718846e-01
4.51796102e-01
-2.03230574e+00
3.36749731e-01
5.44768063e-01
3.13732150e-01
-1.06252107e-01
0.00000000e+00
3.39871281e-01
-5.53136021e-01
-1.52548029e+00
5.02108164e-01
4.81994396e-01
6.02471905e-01
2.67144780e-01
-1.86037722e+00
-3.06678145e-01
3.54366484e-01
-1.18347008e+00
0.00000000e+00
0.00000000e+00
0.00000000e+00
2.05701599e-01
9.43635728e-01
-3.80984133e-01
1.21193237e-01
-1.68845234e+00
5.33920317e-01
4.81882754e-01
1.87164087e-01
3.47255364e-02
0.00000000e+00
5.14637218e-01
-4.17248383e-01
-1.53620024e+00
6.78246880e-01
1.07044605e-01
2.63906896e-01
3.42951761e-02
-1.51722586e+00
-2.73943802e-01
5.24230650e-01
2 1
-4.4905e-01 3.3655e-01
4 1
0 1 7 5 
217
-1.59798566e-01
-2.85188119e-01
1.17014950e-01
-4.61828128e-01
-7.19794802e-01
1.60273358e+00
8.14120018e-01
-7.47263275e-01
-1.57245521e-01
-5.18706194e-01
-4.89219495e-01
2.20778925e-01
3.92341235e-01
3.81120254e-01
-1.93828779e-02
-2.99432649e-02
-1.88153487e-02
4.39682286e-02
-6.97048636e-03
9.16230438e-01
-1.33960683e-01
2.87319019e-03
3.71026289e-01
-5.04232337e-02
6.35110851e-03
2.71557343e-01
0.00000000e+00
0.00000000e+00
6.48380352e-01
-5.60570453e-01
-9.60298526e-01
-1.50187027e-01
2.97181466e-01
9.68627251e-01
0.00000000e+00
0.00000000e+00
1.01272898e-02
-1.01324948e-02
-2.39789146e-01
5.92913191e-03
7.40666526e-02
0.00000000e+00
0.00000000e+00
0.00000000e+00
1.01272898e-02
-2.15423561e-01
-2.05190927e-01
5.28869241e-01
1.58194335e-01
-2.41330928e-01
-6.30618093e-02
3.14226641e-01
2.52287658e-01
-7.11660391e-02
-4.21374727e-01
3.59071912e-01
0.00000000e+00
-3.30902293e-01
-3.36467128e-01
7.40666526e-02
-2.55655130e-02
-3.43019419e-02
-1.10058401e-01
0.00000000e+00
-5.54777082e-01
-4.30956119e-01
4.57364901e-01
4.35147378e-01
-3.99532754e-02
6.68355344e-01
0.00000000e+00
-3.93783868e-01
-5.06071471e-01
4.42664419e-01
-1.52485168e-01
-1.92524564e-01
5.17492296e-01
0.00000000e+00
2.50289956e-01
-4.84497023e-01
-2.44185370e-01
-3.26351230e-01
-1.52814044e-01
-1.61160383e-01
0.00000000e+00
3.62656110e-01
-6.39288070e-02
-2.76717202e-01
-6.38469438e-01
-1.69491646e-01
-4.07076009e-01
0.00000000e+00
0.00000000e+00
0.00000000e+00
0.00000000e+00
0.00000000e+00
0.00000000e+00
0.00000000e+00
0.00000000e+00
0.00000000e+00
0.00000000e+00
0.00000000e+00
0.00000000e+00
0.00000000e+00
0.00000000e+00
0.00000000e+00
0.00000000e+00
0.00000000e+00
0.00000000e+00
0.00000000e+00
0.00000000e+00
0.00000000e+00
0.00000000e+00
0.00000000e+00
0.00000000e+00
0.00000000e+00
0.00000000e+00
0.00000000e+00
0.00000000e+00
-1.27195967e+00
-1.06387940e+00
-1.64857941e+00
0.00000000e+00
0.00000000e+00
0.00000000e+00
4.45484774e-01
8.94429608e-01
-5.18413060e-01
-6.56988166e-03
-1.04368963e+00
2.28031189e-01
4.81470821e-01
-2.72635384e-01
-4.10764481e-01
0.00000000e+00
3.09247969e-01
-4.40612263e-01
-1.10687210e+00
5.81249344e-01
3.11028267e-01
1.81936851e-02
-6.06204563e-01
-7.80805457e-01
-7.63044671e-02
3.45156229e-01
-4.61217424e-02
0.00000000e+00
0.00000000e+00
0.00000000e+00
-4.45236747e-02
-8.44286347e-02
-1.53960995e-02
2.62638086e-01
-7.38400994e-01
4.15063576e-02
-1.46829514e-01
2.81749952e-01
4.14120881e-01
0.00000000e+00
1.49034525e-01
-1.79982213e-01
-3.83523408e-01
8.01224280e-02
6.04147666e-02
2.42562509e-01
5.72182166e-01
-3.87238609e-01
-2.52254451e-01
8.21241838e-02
-1.32327479e+00
0.00000000e+00
0.00000000e+00
0.00000000e+00
-1.53156903e-01
7.86129303e-01
-3.93613052e-01
9.61307021e-02
-7.38515000e-01
-2.80524145e-01
2.14922296e-01
-2.26553626e-01
-5.58840688e-01
0.00000000e+00
3.48277480e-01
-2.86499108e-02
-8.00778999e-01
3.15742794e-01
1.66508911e-01
6.64782271e-01
-2.07471620e-03
-6.82954359e-01
-4.32804917e-01
3.82697764e-01
1.80166137e-02
0.00000000e+00
0.00000000e+00
0.00000000e+00
7.54383839e-02
-7.54516788e-02
1.40295284e-01
1.79098199e-04
-7.60196141e-01
1.52121654e-01
1.82557761e-01
4.11979608e-01
4.22756515e-01
0.00000000e+00
-1.25495207e-01
2.70093107e-02
-6.33200913e-01
2.94067647e-01
-1.67290767e-01
-1.22186519e-01
1.48780970e-01
-2.66860719e-01
2.60926626e-01
5.25856991e-02
136
-6.90975717e-02
-1.26078607e-02
4.92268772e-03
1.12942737e-01
-8.21921596e-03
-4.12701615e-01
9.40784234e-03
2.43269167e-01
1.46870372e-03
0.00000000e+00
0.00000000e+00
1.42858991e-01
-1.36124500e-01
-2.12010364e-01
1.60841899e-01
9.42195128e-02
1.51244086e-01
0.00000000e+00
0.00000000e+00
2.20243795e-01
5.57504548e-02
-1.52258533e-01
-6.41845817e-02
-1.28648707e-01
0.00000000e+00
0.00000000e+00
0.00000000e+00
2.20243795e-01
1.10573225e-01
-1.35626493e-01
2.58594796e-02
5.55314032e-02
1.24367538e-01
-2.19439654e-01
-2.32353360e-01
0.00000000e+00
-1.05041048e-02
-7.12918220e-02
1.28204721e-01
0.00000000e+00
7.68586067e-02
-3.68945499e-02
-1.28648707e-01
0.00000000e+00
0.00000000e+00
0.00000000e+00
0.00000000e+00
-1.24788705e-01
3.72343127e-01
8.46048873e-02
-3.95465829e-01
0.00000000e+00
6.12848844e-01
3.26889202e-01
3.21639051e-01
-6.59085377e-01
0.00000000e+00
3.02688609e-01
-2.47117855e-01
9.99301558e-02
-3.90387077e-01
6.75602732e-02
-2.92597643e-01
-6.90587630e-01
2.43336880e-03
-2.41858563e-01
0.00000000e+00
0.00000000e+00
0.00000000e+00
0.00000000e+00
0.00000000e+00
0.00000000e+00
0.00000000e+00
0.00000000e+00
0.00000000e+00
0.00000000e+00
0.00000000e+00
0.00000000e+00
0.00000000e+00
0.00000000e+00
0.00000000e+00
0.00000000e+00
0.00000000e+00
0.00000000e+00
0.00000000e+00
0.00000000e+00
-6.60204609e-01
-7.75408426e-01
-1.15575884e+00
0.00000000e+00
0.00000000e+00
0.00000000e+00
5.25952575e-01
7.18891945e-01
-1.79386872e-01
3.31584420e-01
-2.11390240e+00
3.00193551e-01
5.37318004e-01
3.57226327e-01
-2.98378781e-01
0.00000000e+00
4.66361472e-01
-4.54627016e-01
-1.49482496e+00
3.62521771e-01
4.68754218e-01
6.37678772e-01
2.44330999e-01
-1.69570552e+00
-3.07264981e-01
4.37517626e-01
-1.23309816e+00
0.00000000e+00
0.00000000e+00
0.00000000e+00
2.23084813e-01
9.97607180e-01
-2.94432925e-01
2.14605802e-01
-1.88532951e+00
4.88925936e-01
5.09304049e-01
1.08439183e-01
-7.71381155e-02
0.00000000e+00
5.18219826e-01
-4.41869576e-01
-1.45575316e+00
6.60098653e-01
2.23557881e-01
5.00739645e-01
2.14307632e-01
-1.76384336e+00
-4.08215412e-01
4.34593300e-01
9 1
-4.4994e-01 3.8722e-01
5 0
0 1 7 5 2 
217
1.88766678e-01
1.60796789e-01
-1.87999578e-03
-6.67404497e-02
4.50581439e-01
-3.89798263e-01
-1.47859834e-01
-2.50640954e-01
-2.96710309e-01
3.41605677e-01
-2.53359894e-01
4.59229729e-01
4.36115276e-01
-6.01152977e-02
0.00000000e+00
0.00000000e+00
0.00000000e+00
1.23083706e-02
-1.00065951e-02
-2.36894658e-02
-2.81130282e-01
9.28151900e-03
2.95366280e-01
5.45765630e-01
-1.29710948e-03
1.02067283e-01
0.00000000e+00
0.00000000e+00
-7.98002992e-02
-1.81362085e-01
8.94418779e-02
4.39981887e-01
1.18250223e-01
-1.01088047e-01
0.00000000e+00
0.00000000e+00
0.00000000e+00
-1.84570242e-01
-1.89479520e-01
6.66151238e-02
2.19070298e-01
2.03806815e-01
0.00000000e+00
0.00000000e+00
-1.19823640e-01
7.47299866e-03
-1.82129721e-01
1.67812064e-01
0.00000000e+00
-2.19747599e-02
2.92997694e-01
1.11303888e-01
2.08403038e-01
-2.10967299e-01
-1.02872293e-01
5.22627127e-01
0.00000000e+00
-2.59239711e-01
-2.94651225e-01
3.60856928e-02
-1.15564106e-01
2.76136345e-01
-4.51297658e-02
0.00000000e+00
-1.64353322e-01
-2.81418391e-01
3.84697274e-01
3.93879817e-01
-3.15772737e-02
4.10467855e-01
0.00000000e+00
-3.38379765e-01
-5.01070668e-01
3.21828282e-01
-3.74592705e-01
2.29344945e-01
7.00423650e-01
0.00000000e+00
3.18612906e-01
-4.12849014e-01
-5.27344589e-03
-1.16239599e-01
-9.64821515e-02
-2.98128291e-01
0.00000000e+00
2.92808628e-01
2.65553997e-02
-4.39362242e-02
-6.89414753e-01
-6.01057261e-02
-5.79647778e-01
0.00000000e+00
-6.33119934e-01
-4.66081850e-01
7.06127716e-01
-4.31678982e-01
1.27007959e-01
-3.86608771e-02
0.00000000e+00
0.00000000e+00
0.00000000e+00
0.00000000e+00
0.00000000e+00
0.00000000e+00
0.00000000e+00
0.00000000e+00
0.00000000e+00
0.00000000e+00
0.00000000e+00
0.00000000e+00
0.00000000e+00
0.00000000e+00
0.00000000e+00
0.00000000e+00
0.00000000e+00
0.00000000e+00
0.00000000e+00
0.00000000e+00
0.00000000e+00
-1.08612801e+00
-8.74857650e-01
-1.23329254e+00
0.00000000e+00
0.00000000e+00
0.00000000e+00
2.97793091e-01
5.88919178e-01
-4.50965376e-01
4.47326225e-01
-1.41493354e+00
4.24741437e-01
5.32140864e-01
5.36334364e-01
3.15770400e-01
0.00000000e+00
2.40445277e-01
-9.00514811e-01
-1.25835799e+00
6.58849598e-01
3.60988121e-01
2.25977507e-01
1.60238778e-01
-1.66320157e+00
-6.03370874e-01
2.68526777e-01
-2.69373113e-01
0.00000000e+00
0.00000000e+00
0.00000000e+00
2.27203950e-02
1.45538724e-01
7.87738727e-02
-5.13073410e-02
-1.04392737e+00
1.31996381e-01
6.54261673e-02
-8.10653874e-02
-2.50791758e-01
0.00000000e+00
3.10202208e-01
1.66807382e-01
-5.47713184e-01
-1.62315124e-01
-3.26103928e-01
2.65287613e-01
6.59367710e-02
3.84341717e-01
2.34892748e-01
3.21926997e-01
-9.95881678e-01
0.00000000e+00
0.00000000e+00
0.00000000e+00
1.26692597e-01
1.15126119e+00
-2.93659327e-01
7.04482107e-02
-1.62608492e+00
5.94732456e-01
6.86988053e-01
-2.81604450e-01
-5.75589848e-03
0.00000000e+00
6.21607697e-01
-4.51187639e-01
-1.30158349e+00
7.62140393e-01
1.64343021e-01
3.69530781e-01
1.02892335e-01
-1.50946790e+00
-3.90545129e-01
2.13370334e-01
-2.60480117e-01
0.00000000e+00
0.00000000e+00
0.00000000e+00
-3.26247704e-02
-9.83122804e-02
1.38235818e-01
2.25634571e-01
-8.03498460e-01
-1.56462146e-01
-8.19250955e-02
1.44093038e-01
-1.12440248e-01
0.00000000e+00
-1.08565179e-01
2.50324981e-01
-4.79369977e-02
1.12701279e-01
2.01316231e-01
2.58408983e-01
2.92583089e-01
-5.55476072e-01
5.60613255e-03
1.07857007e-01
136
-2.64881771e-01
-3.20526876e-01
-1.64872265e-02
2.03628976e-03
1.36809971e-03
-1.60637822e-01
6.53365767e-03
2.14246638e-01
-1.71404879e-04
0.00000000e+00
0.00000000e+00
7.88139732e-02
-6.60017829e-02
5.49048921e-02
2.69613910e-01
6.66366636e-02
-1.29579917e-01
0.00000000e+00
0.00000000e+00
3.23486860e-01
3.15658197e-02
-2.39240456e-01
-1.67322211e-01
-3.06611484e-02
-1.82710635e-01
0.00000000e+00
0.00000000e+00
8.52684560e-03
-3.72987641e-02
-4.65866949e-02
1.81401701e-01
2.63272609e-01
3.49372829e-02
-2.65937488e-01
-1.77654868e-01
7.43371365e-02
8.87048946e-02
-7.28281065e-02
2.08599379e-01
0.00000000e+00
2.71477348e-05
-1.95934498e-01
-3.48325367e-01
0.00000000e+00
0.00000000e+00
0.00000000e+00
0.00000000e+00
-1.33575926e-01
3.64158334e-01
8.94349794e-02
-4.13675832e-01
0.00000000e+00
4.68522726e-01
3.81677084e-01
2.59054449e-01
-7.21135019e-01
0.00000000e+00
4.35347892e-01
-1.73274782e-01
1.38098193e-01
-3.60673258e-01
1.89011312e-01
-2.23036300e-01
-6.72923916e-01
2.45433044e-02
-2.45284913e-01
0.00000000e+00
6.58466446e-02
-1.50355642e-01
2.74689463e-01
-4.18880148e-01
0.00000000e+00
0.00000000e+00
0.00000000e+00
0.00000000e+00
0.00000000e+00
0.00000000e+00
0.00000000e+00
0.00000000e+00
0.00000000e+00
0.00000000e+00
0.00000000e+00
0.00000000e+00
0.00000000e+00
0.00000000e+00
0.00000000e+00
-6.33748476e-01
-7.23889695e-01
-1.18880232e+00
0.00000000e+00
0.00000000e+00
0.00000000e+00
5.49644864e-01
6.89664497e-01
-2.11878311e-01
3.79631273e-01
-2.10887048e+00
2.86093254e-01
4.48894802e-01
3.38542844e-01
-1.54235310e-01
0.00000000e+00
4.32727971e-01
-4.99237730e-01
-1.45836342e+00
4.37329703e-01
5.22869285e-01
6.00709568e-01
3.22136447e-01
-1.83683677e+00
-3.45820924e-01
4.18196117e-01
-1.24558017e+00
0.00000000e+00
0.00000000e+00
0.00000000e+00
2.41029187e-01
8.61710184e-01
-3.38394793e-01
1.77391503e-01
-1.77396091e+00
4.51574874e-01
4.66329705e-01
2.64532340e-01
2.29845811e-04
0.00000000e+00
4.83974620e-01
-4.23484686e-01
-1.54145312e+00
6.35245170e-01
8.61096731e-02
4.59473763e-01
1.37564772e-01
-1.59175261e+00
-3.30082484e-01
4.88382790e-01
6 1
-5.3481e-01 4.0341e-01
6 0
0 1 7 5 2 9 
217
4.72489530e-01
2.54063633e-02
-3.60217012e-01
-1.00195990e-01
5.82282420e-02
7.45357930e-01
7.02037833e-01
-6.97410327e-01
-8.51895516e-02
-5.47895290e-01
-4.64965589e-01
5.51600370e-01
2.62378596e-01
4.02336292e-02
0.00000000e+00
0.00000000e+00
0.00000000e+00
-1.62019596e-01
1.85816134e-03
4.52252099e-02
7.01891359e-01
-1.61585199e-03
-8.34074936e-02
-3.79305389e-02
1.13211771e-03
3.66477579e-01
0.00000000e+00
0.00000000e+00
3.61869112e-01
2.83827658e-01
-1.98487332e-01
2.73244485e-01
1.53080761e-01
-2.50385590e-01
0.00000000e+00
0.00000000e+00
0.00000000e+00
-9.04820416e-02
-2.13216905e-01
-7.90068144e-02
2.29461379e-01
2.53061604e-01
3.22757680e-01
0.00000000e+00
-2.07228881e-01
1.15302985e-01
-2.44594246e-01
4.49453880e-01
0.00000000e+00
-3.16934269e-02
-1.05927647e-02
4.36247313e-01
2.67621262e-01
-1.37453303e-02
-3.59739210e-01
3.59503599e-01
0.00000000e+00
-5.29121126e-01
-4.79739842e-03
1.61325020e-01
-8.53747095e-03
3.91651489e-01
3.94608837e-02
0.00000000e+00
-4.74783383e-01
-6.22428344e-01
5.62536144e-01
3.72456456e-01
3.84736769e-01
6.20803239e-01
0.00000000e+00
-2.98932013e-01
-4.77279097e-01
4.43440380e-01
-8.98966929e-02
3.43365812e-01
5.14382226e-01
0.00000000e+00
3.33116764e-01
-6.14525530e-01
5.56421296e-02
-3.33892542e-01
5.02733420e-02
-1.03154536e-01
0.00000000e+00
5.68535870e-01
3.42664382e-02
-2.02205590e-01
-4.98950384e-01
1.06159251e-01
-2.64250809e-01
0.00000000e+00
-1.09321356e+00
-2.95097785e-01
8.01576074e-01
-8.37127239e-01
7.71471465e-01
5.07464718e-01
0.00000000e+00
4.23721985e-01
-5.12065354e-02
-1.27995394e-01
-3.55923861e-02
1.76762939e-01
-1.27428072e-01
0.00000000e+00
0.00000000e+00
0.00000000e+00
0.00000000e+00
0.00000000e+00
0.00000000e+00
0.00000000e+00
0.00000000e+00
0.00000000e+00
0.00000000e+00
0.00000000e+00
0.00000000e+00
0.00000000e+00
0.00000000e+00
-1.18925386e+00
-1.02276794e+00
-1.43933745e+00
0.00000000e+00
0.00000000e+00
0.00000000e+00
7.10616210e-01
7.37112653e-01
-6.50015194e-01
6.42564437e-01
-1.35478513e+00
5.19843176e-01
6.72258061e-01
-1.71736633e-01
5.18700455e-01
0.00000000e+00
3.65319881e-02
-9.66241065e-01
-2.22984866e+00
6.80868742e-01
3.36980770e-01
-1.05533258e-01
-8.29697733e-01
-7.98828108e-01
1.57583934e-01
6.54287911e-01
-1.46030352e-01
0.00000000e+00
0.00000000e+00
0.00000000e+00
-2.11613712e-01
-9.94430479e-03
1.00538039e-01
-2.93972671e-01
-9.46314403e-01
1.87439190e-02
1.56554092e-02
3.26204822e-01
-3.11693753e-02
0.00000000e+00
4.44768814e-01
2.58351209e-01
6.12926328e-01
2.74817602e-02
1.23313362e-02
1.54588211e-01
3.34907301e-01
-7.46413233e-01
-1.30470262e-01
-8.26295388e-02
-1.12261713e+00
0.00000000e+00
0.00000000e+00
0.00000000e+00
4.51681354e-01
5.71443257e-01
-1.05173287e+00
8.98476690e-02
-1.03310323e+00
-3.21065033e-01
3.52620716e-01
1.42136470e-01
-9.32746986e-01
0.00000000e+00
4.92241900e-01
-6.72502486e-02
-9.32051228e-01
7.02756240e-01
3.57954851e-01
3.27954926e-01
1.06828261e-01
-7.07986321e-01
-2.78454787e-01
6.06307928e-01
-1.92064346e-01
0.00000000e+00
0.00000000e+00
0.00000000e+00
-1.87773141e-01
1.44007926e-01
3.27757263e-01
1.42679161e-01
-9.51247687e-01
3.68966988e-01
2.92283485e-01
2.24920928e-01
7.07573604e-01
0.00000000e+00
-1.27148773e-01
-1.13134238e-01
-6.93680244e-01
1.37711600e-01
-1.40476822e-01
1.02546381e-01
1.06938491e-01
-4.20124496e-01
-4.75091450e-02
-6.63556258e-02
136
-1.67496088e-01
-5.22011352e-01
3.12206360e-02
-1.77331855e-01
2.11196984e-03
3.87384148e-01
-3.34571455e-03
1.44462971e-01
-6.06282469e-04
0.00000000e+00
0.00000000e+00
-6.74241009e-02
-1.14445731e-01
1.36091877e-01
3.31974139e-01
8.51099503e-02
-5.38568310e-02
0.00000000e+00
0.00000000e+00
3.17812757e-01
2.32460758e-02
-1.44343280e-01
-1.82679196e-01
-1.15744855e-01
-5.45982280e-02
-1.11893613e-02
0.00000000e+00
2.18572629e-01
-4.13728624e-02
-1.60286477e-01
1.78228781e-01
3.44329116e-01
-1.76629769e-02
-2.91999755e-01
-2.86662863e-01
1.32751813e-01
2.52653216e-02
-2.05356249e-01
3.38406856e-01
0.00000000e+00
1.50310529e-01
-2.63299243e-01
-3.10408413e-01
0.00000000e+00
0.00000000e+00
0.00000000e+00
0.00000000e+00
-1.75412382e-01
3.03364732e-01
5.05960041e-02
-4.29527561e-01
0.00000000e+00
8.52836307e-01
3.89096867e-01
3.61187181e-01
-6.00473603e-01
0.00000000e+00
5.00889148e-01
-1.19833586e-01
1.73405358e-01
-2.70233154e-01
3.14983676e-01
-9.33508353e-02
-5.42953289e-01
2.55042952e-02
-1.08130568e-01
0.00000000e+00
8.69999523e-02
-1.56512348e-01
2.24563428e-01
-3.65574680e-01
0.00000000e+00
-4.62833848e-01
-3.35671260e-01
-5.70194626e-02
-1.47521322e-01
0.00000000e+00
0.00000000e+00
0.00000000e+00
0.00000000e+00
0.00000000e+00
0.00000000e+00
0.00000000e+00
0.00000000e+00
0.00000000e+00
0.00000000e+00
-5.84970310e-01
-5.91927475e-01
-1.17266092e+00
0.00000000e+00
0.00000000e+00
0.00000000e+00
5.20440460e-01
6.83391882e-01
-1.90248810e-01
3.93454390e-01
-2.01749220e+00
3.21304255e-01
4.38924989e-01
3.48969800e-01
-2.15358640e-01
0.00000000e+00
3.92368287e-01
-5.61795975e-01
-1.65706450e+00
3.78038890e-01
4.33836110e-01
6.61616665e-01
3.71498761e-01
-1.59059379e+00
-3.25368009e-01
4.41416515e-01
-1.19739512e+00
0.00000000e+00
0.00000000e+00
0.00000000e+00
2.14805895e-01
8.72810690e-01
-2.31161268e-01
1.86081391e-01
-1.81742058e+00
4.99011248e-01
4.41874085e-01
1.17058105e-01
-6.64636351e-02
0.00000000e+00
5.01723104e-01
-3.48221684e-01
-1.51054383e+00
6.51570297e-01
1.48649740e-01
4.84872900e-01
2.36693916e-01
-1.66991192e+00
-3.62812495e-01
4.53988924e-01
10 1
-4.3921e-01 4.1481e-01
7 1
0 1 7 5 2 9 6 
217
1.76850249e-01
-1.29495641e-01
4.41207225e-02
8.63905335e-02
2.10782589e-01
-1.34714719e-01
-6.42811018e-02
-4.78970758e-01
-5.74765093e-01
1.42134104e-01
-2.45177338e-01
6.86701329e-01
8.50291193e-01
-7.31751089e-02
0.00000000e+00
0.00000000e+00
0.00000000e+00
-1.41148794e-01
-5.55798984e-04
6.97412272e-01
-1.07205229e-02
1.03728172e-02
4.50252776e-01
4.25359086e-01
4.09450082e-03
5.06097436e-01
0.00000000e+00
0.00000000e+00
-2.13303499e-02
-5.18247012e-01
-5.93172131e-01
4.08259719e-01
4.44728518e-01
6.77507578e-01
0.00000000e+00
0.00000000e+00
0.00000000e+00
-1.30256356e-01
-1.44312599e-01
-1.45910847e-01
2.17021237e-02
-2.07663154e-02
1.23274733e-01
3.55896779e-01
1.11131339e-01
-1.84783097e-01
-4.67572903e-01
3.53023026e-01
2.89678175e-01
-1.47437108e-01
-2.91383371e-01
4.31629276e-01
0.00000000e+00
4.23769933e-02
2.29116943e-02
3.71569822e-01
0.00000000e+00
-1.59711434e-01
-7.14382378e-02
-1.16127156e-01
-2.80868929e-01
5.37467265e-02
2.86749720e-01
0.00000000e+00
-4.03922499e-01
-4.86670460e-01
2.66129780e-01
-6.68283357e-02
3.24410543e-01
6.47450937e-01
0.00000000e+00
-5.57619020e-02
-3.28082960e-01
2.88516118e-01
1.29096179e-01
-5.59039667e-02
2.73764383e-01
0.00000000e+00
2.41640105e-01
2.06022726e-01
4.05369991e-03
-2.21637532e-01
-6.88435554e-02
-1.24874913e-01
0.00000000e+00
1.42537499e-01
-2.31620645e-01
2.31586922e-01
-3.92655299e-01
-1.49022010e-01
-1.50950666e-01
0.00000000e+00
-4.95515118e-01
-2.87121060e-01
6.43360807e-01
-3.67791315e-01
2.90045595e-02
1.99993136e-01
0.00000000e+00
2.60804183e-01
-1.30946653e-01
1.80655810e-01
-4.07953924e-02
-2.09839365e-01
-3.06438422e-01
0.00000000e+00
-5.29971742e-01
-3.62039053e-01
6.12222325e-01
-2.29656687e-01
2.60957002e-01
7.30872814e-02
0.00000000e+00
0.00000000e+00
0.00000000e+00
0.00000000e+00
0.00000000e+00
0.00000000e+00
0.00000000e+00
-8.99870011e-01
-1.01024660e+00
-9.09592098e-01
0.00000000e+00
0.00000000e+00
0.00000000e+00
3.32852515e-01
6.11577921e-01
-1.16868001e-01
6.22583721e-01
-1.37811091e+00
4.47784018e-01
5.01061613e-01
-4.79380772e-02
3.29434198e-02
0.00000000e+00
-8.39075608e-02
-1.13340982e+00
-1.35994905e+00
6.79184851e-01
-2.10793585e-01
5.23367445e-01
5.67421977e-01
-9.75837303e-01
-2.31499338e-01
3.09944068e-01
-4.58398250e-01
0.00000000e+00
0.00000000e+00
0.00000000e+00
-3.40214347e-02
1.68272415e-01
-7.32416379e-02
-1.64042738e-01
-7.08259535e-01
-2.14361513e-01
-2.52477497e-02
4.80708186e-01
7.61654784e-02
0.00000000e+00
2.84488425e-01
3.90161526e-01
-2.53407539e-01
-1.61194609e-01
1.69315349e-01
9.07714454e-02
-4.75760144e-02
-4.20252943e-01
-1.18644124e-01
1.01968765e-01
-1.02631877e+00
0.00000000e+00
0.00000000e+00
0.00000000e+00
2.02480477e-01
7.45519252e-01
-9.88862449e-01
3.77670613e-01
-1.22064957e+00
4.18639506e-01
4.58209056e-01
-2.12359350e-01
-2.19780164e-01
0.00000000e+00
2.78208638e-01
-3.77954787e-01
-1.48789197e+00
9.87113702e-01
6.86805689e-01
2.72391304e-01
6.52571672e-01
-1.33295985e+00
-4.00749224e-01
1.35278679e-01
-3.97941243e-01
0.00000000e+00
0.00000000e+00
0.00000000e+00
1.42488075e-01
-1.55652549e-02
5.57689658e-01
-1.54233423e-01
-7.72578636e-01
1.03199465e-01
1.20539224e-03
2.75112357e-01
1.51433414e-01
0.00000000e+00
1.43963662e-02
-1.19981710e-01
-1.93339463e-01
-3.09134720e-01
-1.31159665e-01
3.27117781e-01
-2.61505592e-01
-7.60379782e-02
1.65248375e-02
4.64278545e-02
136
-2.79605116e-01
-3.36315615e-02
1.37492277e-02
3.47460064e-02
-2.28199488e-03
-3.16185112e-01
7.86279575e-03
3.54655513e-02
1.95138287e-03
0.00000000e+00
0.00000000e+00
1.82625774e-01
-6.27596868e-02
-2.67528936e-01
1.33800539e-01
1.07663447e-01
1.59494523e-01
0.00000000e+00
0.00000000e+00
3.18955447e-01
2.63373864e-03
-1.72617114e-01
-2.38272120e-01
-2.18488016e-01
-1.15778788e-01
-8.55848298e-02
2.29546566e-01
5.97261733e-02
5.34514006e-03
-2.33761738e-01
3.30987454e-01
3.29562405e-01
3.30121188e-03
-4.69204741e-01
-1.42683522e-01
2.46102332e-01
4.86193017e-02
-2.18973421e-01
3.96057358e-01
0.00000000e+00
1.09330661e-02
-3.49276253e-01
-3.03000228e-01
0.00000000e+00
0.00000000e+00
0.00000000e+00
0.00000000e+00
-5.58154844e-01
3.41910119e-01
-6.13210497e-02
-4.47758988e-01
0.00000000e+00
7.22397097e-01
3.19816199e-01
3.59768538e-01
-6.91042781e-01
0.00000000e+00
6.56574048e-01
-1.27932572e-02
2.14772566e-01
-3.80963630e-01
1.14486157e-01
2.56708823e-02
-5.08908086e-01
5.89897406e-02
-5.08871687e-02
0.00000000e+00
-4.19981998e-03
-1.39266889e-01
2.43589070e-01
-3.69560546e-01
0.00000000e+00
-5.18922978e-01
-3.04066981e-01
-6.60080004e-02
-1.38611030e-01
-3.54107178e-01
-1.00657726e-01
-5.97791124e-02
1.37649530e-01
8.56439595e-04
0.00000000e+00
0.00000000e+00
0.00000000e+00
0.00000000e+00
0.00000000e+00
-5.91926690e-01
-4.11138330e-01
-1.19068429e+00
0.00000000e+00
0.00000000e+00
0.00000000e+00
5.52240242e-01
6.25205011e-01
-2.39072468e-01
3.54087369e-01
-2.04995389e+00
3.29131310e-01
4.56985631e-01
2.31764073e-01
-1.35208034e-01
0.00000000e+00
4.68851916e-01
-5.66853298e-01
-1.53333826e+00
4.35501547e-01
5.50932950e-01
5.79854951e-01
2.56557215e-01
-1.66482318e+00
-2.87982826e-01
4.45435444e-01
-1.12682083e+00
0.00000000e+00
0.00000000e+00
0.00000000e+00
2.22369095e-01
8.66002855e-01
-3.60791572e-01
2.13698808e-01
-1.83036080e+00
4.73063020e-01
4.92784866e-01
2.11949447e-01
1.23488836e-02
0.00000000e+00
5.30493988e-01
-3.76237245e-01
-1.42428446e+00
6.68882880e-01
9.47836366e-02
4.21454021e-01
2.26048976e-01
-1.75646747e+00
-3.48459162e-01
5.35899397e-01
11 1
-1.0344e+00 5.0379e-01
8 0
0 1 7 5 2 9 6 10 
217
3.60177553e-01
1.18707050e-01
-4.34653741e-01
6.40699698e-02
4.97647581e-01
-6.82885861e-01
-3.24563703e-01
1.33367534e-01
-1.84285115e-01
7.29416182e-02
1.48026160e-01
-1.15937738e-02
2.23352629e-01
-1.29161835e-01
0.00000000e+00
0.00000000e+00
0.00000000e+00
-6.51695412e-02
-7.47469820e-04
-6.18280518e-02
-2.22531996e-01
7.66027547e-03
3.73313998e-02
8.24658064e-01
2.38166513e-03
7.46010949e-02
0.00000000e+00
0.00000000e+00
7.16969154e-01
1.20358450e-01
1.65027886e-03
-2.61363211e-02
-1.52946040e-01
1.28078100e-01
0.00000000e+00
0.00000000e+00
0.00000000e+00
1.35989339e-01
-1.69902387e-01
-1.91552520e-01
-1.39458611e-01
9.13785640e-03
2.03286968e-01
5.13992327e-01
0.00000000e+00
-2.45538899e-01
-1.91570345e-01
5.04032622e-01
0.00000000e+00
-1.47873423e-02
-2.27601509e-01
4.11623610e-01
0.00000000e+00
3.84416952e-02
-1.41699916e-01
4.24136644e-01
0.00000000e+00
-7.33762507e-02
2.37050732e-02
-1.01669706e-01
-1.26822171e-01
3.63006442e-03
4.84685079e-01
0.00000000e+00
-5.82684821e-01
-4.37564111e-01
3.79281058e-01
4.98071911e-01
5.63581316e-01
5.68061402e-01
0.00000000e+00
-3.14859658e-01
-4.03600685e-01
5.60424862e-01
-1.28191511e-01
1.40531612e-01
2.76762189e-01
0.00000000e+00
3.37917811e-01
-1.09675521e-01
1.32505846e-02
-1.37266869e-01
3.80839122e-02
-1.99967917e-01
0.00000000e+00
1.91021789e-01
-1.75566352e-01
4.02369497e-02
-5.33155518e-01
1.28918815e-01
-6.22507066e-02
0.00000000e+00
-7.02951421e-01
-1.98258658e-01
6.17335385e-01
-4.40436853e-01
4.45793589e-01
3.56181674e-01
0.00000000e+00
9.26255629e-02
-2.38438357e-01
-2.19612514e-02
-2.51271813e-01
2.89513242e-01
1.11155942e-01
0.00000000e+00
-2.24975641e-01
-3.86657008e-01
4.83885209e-01
1.25859836e-01
2.78976086e-01
-1.77014486e-01
0.00000000e+00
4.55897015e-01
-2.43111172e-01
-2.16938597e-01
-5.80513938e-02
1.16365937e-01
-1.75149884e-02
-9.70046968e-01
-7.53267088e-01
-1.26547772e+00
0.00000000e+00
0.00000000e+00
0.00000000e+00
4.39730391e-01
5.19652255e-01
-7.27569792e-01
4.34678799e-01
-1.17952331e+00
8.20256965e-02
3.13767617e-01
-7.73517811e-02
1.26916436e-01
0.00000000e+00
4.40780972e-01
-7.20373602e-01
-1.18532195e+00
4.36085370e-01
-9.82159960e-02
2.74457316e-01
4.91607948e-01
-8.73449262e-01
-2.35724890e-01
2.72350056e-01
-2.47634862e-01
0.00000000e+00
0.00000000e+00
0.00000000e+00
-3.23177332e-02
2.70289118e-01
2.92374810e-01
1.45440176e-02
-4.55263847e-01
2.26900144e-01
-9.95854336e-02
2.80052947e-01
-2.48909494e-02
0.00000000e+00
6.51338961e-02
-3.54559299e-02
-8.76403588e-01
-4.28795564e-03
1.94310037e-01
2.35614808e-01
1.07794334e-01
-4.60210713e-01
-2.89484367e-02
8.27156115e-02
-9.68934755e-01
0.00000000e+00
0.00000000e+00
0.00000000e+00
-8.99023951e-02
3.64317368e-01
3.84627780e-02
1.91979184e-01
-8.57885357e-01
2.13080416e-01
3.92425407e-01
2.45708759e-01
-4.74366336e-01
0.00000000e+00
4.49653907e-03
1.41339055e-01
-1.45339426e+00
7.81118223e-01
9.04880539e-03
4.49107406e-01
-3.15763716e-02
-1.01239750e+00
-3.68466493e-01
4.87970011e-01
-2.97572607e-01
0.00000000e+00
0.00000000e+00
0.00000000e+00
5.90737255e-02
3.13788450e-01
-3.51991305e-02
9.29720445e-04
-6.80389979e-01
-7.98211740e-03
7.67810967e-02
8.77013423e-02
2.40373461e-01
0.00000000e+00
2.10958389e-01
-3.65370406e-01
-4.33396620e-01
-1.15816387e-01
-1.37255865e-01
5.19824496e-03
3.55048642e-01
-1.51240123e-01
9.91575456e-03
2.69309192e-01
136
-4.75269485e-02
-2.74581069e-01
7.97816057e-03
3.77971182e-02
-1.06777392e-03
6.36477479e-03
3.41679365e-03
1.82892227e-01
-7.34446142e-04
0.00000000e+00
0.00000000e+00
-3.99010452e-02
-3.36491359e-02
1.02768652e-01
3.44683875e-01
7.88014398e-02
-1.53530156e-01
0.00000000e+00
0.00000000e+00
2.13652514e-01
9.47748276e-02
-1.18998806e-01
-1.85914373e-01
-1.79150743e-01
-6.31954214e-02
3.48487629e-02
1.56456290e-01
-2.21745942e-04
3.94561586e-02
-1.44985376e-01
2.22735870e-01
2.42274905e-01
7.14358519e-03
-2.25595323e-01
-1.23873030e-01
1.39484789e-01
1.20438603e-01
-1.97104672e-01
1.65807103e-01
0.00000000e+00
6.70042574e-02
-3.08104786e-02
-3.48750405e-01
0.00000000e+00
0.00000000e+00
0.00000000e+00
0.00000000e+00
-1.63202667e-01
2.99409107e-01
8.38914050e-02
-4.37979859e-01
0.00000000e+00
6.43635559e-01
3.38111914e-01
2.88247876e-01
-4.96208801e-01
0.00000000e+00
3.46363763e-01
-5.28913852e-02
1.12990569e-01
-2.15459294e-01
-1.22825647e-02
7.60977551e-02
-3.98410208e-01
6.97677270e-02
-2.55911971e-02
0.00000000e+00
-3.59696222e-03
-2.36115667e-01
2.84996213e-01
-3.34804296e-01
0.00000000e+00
-2.00415189e-01
-2.62014179e-01
-4.70521012e-03
-1.39991728e-01
-2.36727113e-01
3.21496958e-02
-6.25935312e-02
1.65665056e-01
1.22489379e-02
7.83476654e-03
-3.33514122e-01
-2.64432382e-01
-7.07787671e-02
-1.81849398e-01
-5.67259380e-01
-4.79872425e-01
-1.21399031e+00
0.00000000e+00
0.00000000e+00
0.00000000e+00
4.93419757e-01
6.45536356e-01
-2.51358993e-01
3.10342391e-01
-1.98471745e+00
3.11037955e-01
4.90257660e-01
3.25233899e-01
-1.22359676e-01
0.00000000e+00
4.07852896e-01
-5.70804571e-01
-1.48460490e+00
4.33077280e-01
4.34371506e-01
5.81235511e-01
2.70649660e-01
-1.65608047e+00
-2.78319551e-01
4.31240430e-01
-1.20870484e+00
0.00000000e+00
0.00000000e+00
0.00000000e+00
2.60697253e-01
8.13804270e-01
-3.00613650e-01
2.13466887e-01
-1.81331252e+00
4.98923352e-01
4.60174842e-01
1.52389131e-01
2.96285526e-02
0.00000000e+00
4.91503425e-01
-4.28932096e-01
-1.47152345e+00
6.42838017e-01
2.49596864e-01
4.90220076e-01
1.74252949e-01
-1.70139248e+00
-3.76380218e-01
4.05953948e-01
12 1
-8.8926e-01 5.0802e-01
8 1
0 1 7 5 2 9 6 10 
217
4.69456177e-01
-1.97014638e-01
-5.97905722e-01
-8.11961991e-02
8.60403722e-01
-8.26969963e-01
3.08622567e-02
-1.07685078e-01
-1.04088313e-01
6.74608793e-02
-2.61058435e-01
2.76389567e-01
-5.66630541e-02
1.17847285e+00
0.00000000e+00
0.00000000e+00
0.00000000e+00
0.00000000e+00
0.00000000e+00
0.00000000e+00
-5.86950123e-01
1.21056121e-02
-1.63743900e-01
1.19362273e+00
1.91515914e-03
-1.50396773e-01
0.00000000e+00
0.00000000e+00
-5.08249176e-02
8.10329598e-02
-4.03466511e-01
8.66253789e-02
2.62380923e-01
6.97301747e-01
0.00000000e+00
0.00000000e+00
0.00000000e+00
7.78841944e-02
-1.29385558e-01
-2.39454477e-01
-2.34732857e-01
6.80080847e-02
2.06766176e-01
5.85955816e-01
-4.18431780e-01
-1.83660843e-01
2.70947466e-02
3.75533046e-01
0.00000000e+00
-1.45826060e-01
2.58462701e-01
4.81736470e-01
0.00000000e+00
1.04534909e-01
-1.87277937e-01
3.21937559e-01
0.00000000e+00
-4.44008002e-03
-5.59817342e-01
1.22336907e-01
-7.89332674e-02
2.09649822e-01
2.04324825e-01
0.00000000e+00
-6.02254248e-01
-6.05237916e-01
5.23766130e-01
2.87200311e-01
5.48385779e-01
6.53566969e-01
0.00000000e+00
-3.38836070e-01
-6.90628228e-01
6.04597205e-01
-1.21852913e-01
2.35408947e-01
3.61037929e-01
0.00000000e+00
3.31052707e-01
-3.85632881e-01
-1.86477324e-03
-1.14655249e-01
1.28430764e-01
-1.97805449e-01
0.00000000e+00
3.80055676e-01
-1.82931427e-01
1.66918219e-02
-4.29710196e-01
7.31501637e-02
-2.48104616e-01
0.00000000e+00
-4.17142298e-01
-4.36707360e-01
6.75142931e-01
-4.22319398e-02
2.18993540e-01
1.21477872e-01
0.00000000e+00
2.25566339e-01
-1.70473402e-01
-6.51106870e-04
-1.24011890e-01
2.46731768e-01
-2.96504970e-02
0.00000000e+00
-4.41270463e-01
-3.84435892e-02
5.62446635e-01
-2.13735000e-01
4.10321449e-01
2.08408946e-01
0.00000000e+00
2.94259853e-01
-5.49251120e-02
9.62994107e-02
-3.95073755e-01
4.19037990e-02
-1.78205994e-01
-7.76132612e-01
-3.48540768e-01
-1.17781115e+00
0.00000000e+00
0.00000000e+00
0.00000000e+00
2.96447377e-01
5.62850344e-01
-7.14010374e-01
3.66560510e-01
-1.48294054e+00
3.61677520e-01
6.70654561e-01
1.99158632e-01
7.26763478e-01
0.00000000e+00
6.80824182e-01
-6.94482384e-01
-1.31059493e+00
2.14040220e-01
1.19055633e-01
1.04822658e-01
-1.18596080e-01
-1.03073464e+00
-3.81787296e-01
2.52479977e-01
-1.90482627e-01
0.00000000e+00
0.00000000e+00
0.00000000e+00
1.26838154e-01
1.62751360e-01
2.41445848e-01
7.87384453e-02
-1.11672985e+00
-6.96802865e-02
-3.28556427e-02
-2.96914650e-02
-1.93835203e-01
0.00000000e+00
-8.22365967e-03
1.37836540e-01
1.90622821e-01
3.52344013e-01
9.41282874e-02
8.75325736e-02
2.09952627e-01
-9.12338317e-01
3.40992581e-01
1.49688544e-01
-9.96878996e-01
0.00000000e+00
0.00000000e+00
0.00000000e+00
-1.27396876e-01
6.09336486e-01
-1.06100018e+00
2.44267034e-01
-1.32057529e+00
3.84013757e-01
7.95470214e-01
4.00885623e-01
2.77837548e-01
0.00000000e+00
2.19787530e-02
-2.35559289e-01
-1.28096166e+00
8.79232847e-01
3.78216851e-01
2.61132160e-01
2.44495769e-01
-1.21438346e+00
-3.09283722e-01
5.54144303e-02
-6.43664266e-02
0.00000000e+00
0.00000000e+00
0.00000000e+00
2.86500217e-01
1.34900417e-01
3.74919568e-01
-4.86008037e-03
-2.52437866e-01
1.17033477e-01
-1.16800066e-01
-1.89897255e-02
4.66433178e-02
0.00000000e+00
2.98674883e-01
1.64972052e-01
-2.41863832e-01
-2.08040024e-01
-9.22474692e-02
3.26604110e-02
-2.67799038e-03
-5.89454190e-01
-2.58092052e-01
2.64792527e-01
136
-2.72765153e-01
-3.77494973e-03
-1.40768895e-02
-1.41746547e-01
-1.24954230e-03
-3.04702157e-01
1.40012856e-03
1.77458501e-01
3.43937808e-04
0.00000000e+00
0.00000000e+00
5.18283887e-02
-8.96326286e-02
-5.33503412e-02
1.82846246e-01
-7.25191192e-03
2.32946077e-01
0.00000000e+00
0.00000000e+00
3.34455089e-01
3.36950758e-02
-1.84580468e-01
-2.03452122e-01
-1.77832673e-01
-8.62907508e-02
-5.72711155e-02
6.85118118e-02
8.89134124e-02
1.86363969e-01
-3.39345388e-01
3.70953991e-01
4.30072941e-01
-1.81957027e-02
-5.39632087e-01
-2.34893024e-01
1.77719301e-01
2.34878536e-01
-2.52799255e-01
1.92509632e-01
0.00000000e+00
4.57208034e-02
-1.15048128e-01
-5.28494658e-01
0.00000000e+00
0.00000000e+00
0.00000000e+00
0.00000000e+00
-4.34286408e-01
2.27670748e-01
-2.59123343e-03
-4.22004004e-01
0.00000000e+00
1.18824690e+00
4.20915023e-01
4.05894885e-01
-3.99316538e-01
0.00000000e+00
6.51282899e-01
4.38901939e-02
2.03853800e-01
-1.46786795e-01
-7.02369728e-02
2.45628117e-01
-3.24186539e-01
9.86618280e-02
-5.07283139e-02
0.00000000e+00
2.91150844e-01
-8.18905054e-02
2.41428158e-01
-3.38464629e-01
0.00000000e+00
-5.86073700e-01
-3.22572165e-01
-8.11910541e-02
-1.23545412e-01
-4.58641749e-01
1.12855549e-01
-1.96843464e-01
2.68175744e-01
-1.74944149e-01
1.01411413e-02
-7.69833770e-01
-3.23344815e-01
-1.66820680e-01
-1.76033668e-01
-5.48225621e-01
-5.23623086e-01
-1.28217915e+00
0.00000000e+00
0.00000000e+00
0.00000000e+00
4.82200317e-01
6.54097831e-01
-2.32430715e-01
3.50621579e-01
-2.08108613e+00
3.46666002e-01
4.73202709e-01
3.51283644e-01
-9.35732944e-02
0.00000000e+00
4.07098793e-01
-5.88520929e-01
-1.68554417e+00
4.04162036e-01
4.89719149e-01
6.27299990e-01
3.28457682e-01
-1.60586513e+00
-3.34792580e-01
4.24824075e-01
-1.30267050e+00
0.00000000e+00
0.00000000e+00
0.00000000e+00
2.07558054e-01
7.71029998e-01
-2.39647000e-01
1.93580344e-01
-1.88508055e+00
4.86347025e-01
4.75938729e-01
1.88900840e-01
3.17595793e-02
0.00000000e+00
4.62339742e-01
-4.15047870e-01
-1.51021725e+00
6.52529870e-01
2.20070379e-01
4.91837400e-01
2.23169773e-01
-1.71489054e+00
-3.84283548e-01
4.41434526e-01
13 1
-1.0536e+00 5.3125e-01
8 1
0 1 7 5 2 9 6 10 
217
5.81392655e-02
-8.51296149e-02
-1.36289528e-01
-1.97072867e-01
6.44742315e-02
-1.19657335e-01
-1.07533373e-01
-1.00661502e-01
-2.43985835e-01
-2.31077422e-01
-7.59112731e-02
2.22540973e-01
4.21095514e-01
4.06233356e-01
0.00000000e+00
0.00000000e+00
0.00000000e+00
5.34898900e-02
-5.02491619e-03
3.98937385e-01
6.99528700e-02
-2.31594367e-03
3.63469728e-01
9.33376509e-03
4.22811792e-03
3.06794709e-01
0.00000000e+00
0.00000000e+00
4.47214590e-01
-7.59209973e-01
-5.37722191e-01
6.79114466e-02
3.09890166e-01
7.76801791e-01
0.00000000e+00
0.00000000e+00
0.00000000e+00
-1.31527589e-01
-4.90908497e-02
-1.34055847e-01
-7.11531892e-02
8.90825008e-02
8.63656782e-02
2.26622033e-01
-2.67081904e-01
-6.68395305e-02
-3.22431178e-01
6.34263295e-01
1.39905666e-01
6.28788976e-02
-9.98745791e-02
7.87835915e-02
0.00000000e+00
-9.03323991e-02
-3.20425886e-01
4.56043613e-01
0.00000000e+00
-2.91090934e-01
3.40458301e-01
-2.49478777e-01
-3.55682644e-01
-1.48422885e-01
5.20348266e-01
0.00000000e+00
-4.74195203e-01
-2.74172142e-01
3.26636097e-01
2.98016994e-01
2.07591660e-01
3.99077141e-01
0.00000000e+00
-4.48609277e-01
-1.39187099e-02
4.44206237e-01
-1.40589980e-02
7.31321429e-02
5.99197253e-01
0.00000000e+00
7.09953472e-02
6.14546962e-02
-7.63155540e-02
-9.01091080e-02
7.48902016e-02
-5.66193740e-02
0.00000000e+00
1.76350341e-01
-1.69595927e-01
-1.89286443e-01
-1.30821291e-01
8.78214497e-02
-8.50649256e-02
0.00000000e+00
-1.58131609e-01
-5.73205145e-03
2.24199281e-01
-4.20742324e-01
-7.92840697e-03
1.52658042e-01
0.00000000e+00
1.22924045e-01
2.93971205e-02
-1.38476908e-01
3.87571503e-02
9.05505008e-02
-4.47079253e-02
0.00000000e+00
-5.39567754e-01
-1.96447694e-03
4.06785655e-01
-2.57939115e-01
2.87611944e-01
1.25123897e-01
0.00000000e+00
3.15918284e-01
-1.49714192e-01
-1.87412440e-01
-6.59775458e-02
-6.83077012e-02
-1.43737279e-01
-7.68453834e-02
-3.27135308e-02
-1.10320249e+00
0.00000000e+00
0.00000000e+00
0.00000000e+00
5.97037673e-01
6.96220794e-01
-6.03848248e-01
2.11008009e-01
-8.17490536e-01
-1.71788569e-01
2.37167699e-01
-5.27340339e-02
-3.88335296e-01
0.00000000e+00
2.10267459e-01
-1.70522742e-01
-1.01032950e+00
4.07913556e-01
2.48862231e-01
2.55977255e-01
-4.91818219e-01
-6.08511099e-01
-4.03495447e-02
3.88070613e-01
-7.12635072e-02
0.00000000e+00
0.00000000e+00
0.00000000e+00
-3.70463828e-02
1.28567879e-03
6.21327989e-02
-4.89693058e-02
-6.51027903e-01
1.33212961e-01
-2.39444255e-02
9.77167282e-02
3.04564900e-01
0.00000000e+00
2.04599674e-01
-8.61705954e-02
-5.07486926e-02
1.51776418e-01
2.06009232e-01
1.05709950e-01
5.14724717e-01
-5.95336708e-01
-2.89459885e-01
-7.02926666e-02
-1.25316055e+00
0.00000000e+00
0.00000000e+00
0.00000000e+00
-2.24169963e-01
1.28766461e+00
1.42460578e-01
2.81616541e-01
-6.89205125e-01
3.98697368e-02
1.42968874e-01
-4.96721054e-02
-7.26930337e-01
0.00000000e+00
4.48651343e-01
-2.05865187e-01
-7.91113120e-01
1.28642473e-01
-2.54908835e-01
1.66399275e-01
2.27345233e-02
-7.70423588e-01
-3.08951244e-01
1.07071000e-01
-3.89577366e-02
0.00000000e+00
0.00000000e+00
0.00000000e+00
1.12634079e-01
-7.76453540e-02
-8.73333154e-02
-1.37378142e-04
-6.52648585e-01
2.22083696e-01
3.86126018e-01
1.93615149e-02
5.93226201e-01
0.00000000e+00
-1.74561642e-02
9.40942103e-03
-6.95150963e-01
5.26885816e-02
1.02150239e-01
1.06531422e-01
1.66199807e-01
-5.38345026e-01
3.51267943e-02
2.24221274e-01
136
-1.26696438e-01
-7.68907650e-03
1.27791388e-02
1.15730097e-01
-7.62298160e-03
-3.36693203e-01
6.23913190e-03
1.01955745e-01
1.37204657e-03
0.00000000e+00
0.00000000e+00
5.46097919e-02
-6.73444109e-02
-2.06531891e-01
9.33092173e-02
5.58354027e-02
2.05670841e-01
0.00000000e+00
0.00000000e+00
1.97637672e-01
8.27281261e-02
-1.28913663e-01
-1.46692635e-01
-1.59859830e-01
-7.30353003e-02
3.68013479e-03
9.77590570e-02
6.46139489e-02
3.02178064e-02
-2.94910967e-01
3.32355432e-01
1.79837674e-01
1.61666822e-02
-3.10278639e-01
-8.41276252e-02
1.28834637e-01
1.94936038e-01
-3.10996337e-01
1.42925727e-01
0.00000000e+00
7.05644364e-02
8.49743172e-02
-3.68442951e-01
0.00000000e+00
0.00000000e+00
0.00000000e+00
0.00000000e+00
-4.24497855e-01
2.24420763e-01
8.29301548e-03
-4.35158591e-01
0.00000000e+00
6.93022006e-01
3.17469350e-01
3.02871916e-01
-4.50344485e-01
0.00000000e+00
2.97251306e-01
-4.15402191e-02
1.13479428e-01
-1.37235140e-01
-2.00064870e-02
1.60385026e-01
-3.15587185e-01
7.67723155e-02
-1.25404711e-02
0.00000000e+00
1.57314674e-01
-1.12305285e-01
2.61308578e-01
-2.00400473e-01
0.00000000e+00
-2.69222716e-01
-2.82015513e-01
-1.25294801e-02
-1.36587009e-01
-2.12373589e-01
8.28165770e-02
-8.03531938e-02
1.76548663e-01
-2.09943690e-01
-5.56573837e-03
-3.83555042e-01
-2.58680366e-01
-7.55810852e-02
-1.16696199e-01
-5.20771126e-01
-4.25353557e-01
-1.27445905e+00
0.00000000e+00
0.00000000e+00
0.00000000e+00
5.01848765e-01
6.44889838e-01
-2.39410189e-01
3.54468668e-01
-2.00463319e+00
3.92952609e-01
5.10300408e-01
3.49946173e-01
-2.52467147e-02
0.00000000e+00
3.58617487e-01
-6.36699465e-01
-1.61123969e+00
3.93018236e-01
3.77125533e-01
6.14153844e-01
2.67706536e-01
-1.66555527e+00
-2.73968771e-01
4.17266147e-01
-1.23625639e+00
0.00000000e+00
0.00000000e+00
0.00000000e+00
2.74118653e-01
6.91150628e-01
-2.93868348e-01
2.14927816e-01
-1.81630448e+00
4.95098509e-01
4.24140016e-01
2.74188321e-01
-1.14733736e-02
0.00000000e+00
5.11321130e-01
-3.21038137e-01
-1.51900458e+00
6.47199245e-01
2.15331665e-01
5.01914831e-01
2.12207658e-01
-1.78411808e+00
-4.05773861e-01
4.53725995e-01
8 2
-1.1302e+00 5.4086e-01
8 -1
0 1 7 5 2 9 6 10 
217
3.54152034e-01
6.79349215e-02
-1.88592369e-01
-1.76444011e-01
8.02238695e-02
7.97216750e-02
6.88885913e-02
9.80368881e-02
1.05325139e-01
4.67660314e-02
-1.40533374e-01
2.57449561e-01
2.40247809e-01
3.36032042e-02
2.02994948e-02
-3.46958204e-03
5.42765835e-01
-1.53636456e-01
6.11689138e-04
4.18616102e-01
-5.32602131e-01
1.52241126e-02
2.19630715e-01
1.02009113e+00
-2.84114197e-03
1.53494688e-01
0.00000000e+00
0.00000000e+00
-1.18577450e-01
-5.17865909e-01
-2.05789976e-01
6.87749987e-01
6.53360704e-01
7.76201494e-01
0.00000000e+00
0.00000000e+00
4.95255536e-01
-3.56079671e-01
-3.44335443e-01
-2.30764626e-01
-7.46960561e-02
1.35933557e-01
3.14949823e-01
4.13888915e-01
-2.12469964e-01
-5.22940011e-03
-6.68128310e-01
8.17655265e-01
3.02212978e-01
-1.41409518e-01
-1.83683791e-01
7.56645008e-02
0.00000000e+00
-7.83557828e-02
-2.19354938e-01
4.70002113e-01
0.00000000e+00
-8.95317564e-02
3.33964889e-01
-2.20172876e-01
-3.93215493e-01
-1.44293778e-01
3.96405769e-01
0.00000000e+00
-1.16415341e-01
-3.70073730e-01
5.31382798e-01
-1.13943310e-01
2.97239748e-01
1.87156332e-01
0.00000000e+00
-5.17948200e-02
-3.66841425e-01
1.73140706e-01
2.39120562e-01
2.32806148e-01
5.29090045e-01
0.00000000e+00
1.70162261e-01
-1.21284243e-01
7.05870721e-02
-1.01170568e-01
1.13402701e-01
-3.55559895e-02
0.00000000e+00
3.43151040e-01
-7.90064782e-03
1.11375114e-02
-1.04808192e-01
3.58402761e-01
-1.57456230e-02
0.00000000e+00
-3.60277626e-01
-5.31167419e-01
4.29593335e-01
-1.63727102e-01
2.84836325e-01
2.88590667e-02
0.00000000e+00
3.15515413e-01
-1.48602966e-01
1.11638972e-01
-2.32644474e-01
3.19771048e-01
-6.12300372e-02
0.00000000e+00
-4.00308488e-01
-4.07746920e-01
7.86469777e-01
-6.19422244e-01
5.50973667e-01
6.79584759e-02
0.00000000e+00
4.07583655e-01
-2.31083121e-01
-2.03897955e-01
8.06072751e-02
1.50466333e-01
-5.30919850e-02
-5.62047645e-01
-7.75291401e-01
-1.23447140e+00
0.00000000e+00
0.00000000e+00
0.00000000e+00
5.36085926e-01
1.12410594e+00
-4.65860122e-02
5.23989943e-01
-1.63822405e+00
2.55019457e-01
4.14644130e-01
5.70366184e-02
-1.62837671e-02
0.00000000e+00
1.25729531e-01
-4.38849070e-02
-1.93539201e+00
4.44825295e-01
4.07375087e-01
4.14252116e-01
2.13656276e-01
-1.38305727e+00
-1.02730014e+00
3.39536436e-01
-1.48292643e-01
0.00000000e+00
0.00000000e+00
0.00000000e+00
-3.90196623e-02
-1.78791371e-01
-2.51289934e-01
-2.59573996e-01
-4.49015951e-01
1.42835960e-01
1.75462553e-01
1.65111530e-01
2.11972524e-02
0.00000000e+00
1.73512194e-01
-6.82678601e-03
1.42321532e-01
-2.85303815e-02
-2.07409704e-01
-3.38535388e-02
-1.39379926e-02
6.66256054e-03
3.27251391e-01
1.65601700e-01
-1.47690357e+00
0.00000000e+00
0.00000000e+00
0.00000000e+00
1.43278983e-01
8.67139272e-01
-1.10487618e-01
1.75730765e-01
-1.33409769e+00
4.94577463e-01
6.18411212e-01
3.95252171e-02
1.63635061e-01
0.00000000e+00
3.85197932e-01
-5.15799604e-01
-1.35753418e+00
5.29421708e-01
1.36933377e-01
1.05583271e-01
2.76892232e-01
-1.72177113e+00
-6.71605858e-01
2.98066026e-01
-1.49476946e-01
0.00000000e+00
0.00000000e+00
0.00000000e+00
1.66797671e-01
5.82639432e-03
-5.81019331e-02
2.50209223e-01
-1.77110403e-01
-3.80478041e-02
-5.75555159e-02
1.01730273e-01
-1.87317967e-01
0.00000000e+00
-7.33136657e-02
-5.22363488e-02
-5.55346633e-01
-4.11826621e-02
1.21502735e-01
1.66782041e-01
-3.72902146e-02
-1.12703251e-01
2.78299683e-01
1.49581433e-01
136
-2.75993299e-01
-4.14819175e-01
5.75579119e-03
-7.10850532e-02
-2.40223489e-04
-1.25530418e-01
4.62753202e-03
3.35441347e-01
-1.12694648e-03
0.00000000e+00
0.00000000e+00
-4.26098295e-02
-6.52718820e-02
-2.25589816e-02
4.30053304e-01
2.24774122e-01
2.71825275e-01
0.00000000e+00
0.00000000e+00
4.64197564e-01
-7.80080169e-02
-2.45958877e-01
-2.45580892e-01
-1.89447920e-01
-7.45411653e-02
-1.06963928e-02
1.04042401e-01
1.61967484e-02
1.71751584e-01
-3.50959184e-01
3.79170794e-01
4.78428730e-01
2.29742055e-02
-6.19711877e-01
-1.70309651e-01
3.90411278e-01
3.32033826e-01
-4.31768670e-01
1.64962731e-01
0.00000000e+00
1.14248484e-01
-2.74442953e-01
-5.05905779e-01
0.00000000e+00
0.00000000e+00
0.00000000e+00
0.00000000e+00
-6.83260305e-01
2.11644712e-01
-1.06384542e-01
-3.63672299e-01
0.00000000e+00
1.53580342e+00
4.42902151e-01
4.78015488e-01
-3.64682268e-01
0.00000000e+00
6.74631236e-01
7.60047861e-02
1.92395570e-01
-6.62129062e-02
-4.13030246e-02
2.29594194e-01
-3.24479924e-01
8.89391318e-02
1.07694148e-02
0.00000000e+00
7.21768344e-01
-4.08880066e-02
3.15528209e-01
-2.91148756e-01
0.00000000e+00
-8.07539492e-01
-3.64915048e-01
-1.21738706e-01
-1.12426203e-01
-7.79301698e-01
1.62456406e-01
-7.05827131e-03
1.67587981e-01
-2.97018140e-02
0.00000000e+00
-1.19690247e+00
-3.82731114e-01
-2.42700373e-01
-1.04505797e-01
-4.35225875e-01
-2.94185797e-01
-1.27718759e+00
0.00000000e+00
0.00000000e+00
0.00000000e+00
4.77548255e-01
5.98679300e-01
-2.69310772e-01
3.48768978e-01
-2.03120982e+00
3.63973315e-01
4.58364648e-01
3.21964540e-01
1.83530867e-02
0.00000000e+00
4.06057924e-01
-6.82813671e-01
-1.56501495e+00
4.46987990e-01
4.26297104e-01
5.81017074e-01
3.17733279e-01
-1.63920628e+00
-2.62785792e-01
4.07408195e-01
-1.22267932e+00
0.00000000e+00
0.00000000e+00
0.00000000e+00
2.58816322e-01
7.02031348e-01
-2.87904868e-01
1.95999671e-01
-1.90399500e+00
4.89813630e-01
4.90745464e-01
2.76173693e-01
8.19600984e-02
0.00000000e+00
4.59575296e-01
-4.77127216e-01
-1.49046105e+00
6.63794264e-01
2.02009974e-01
5.21677941e-01
2.88657585e-01
-1.77705983e+00
-3.84510845e-01
4.67124201e-01
