0 7 -999999999 -1 -1
1 1 0 -1 -1
0.2633 -0.02769
356
1.57443902e+00
6.53944685e-01
9.20494330e-01
1.15754002e-01
3.20917332e-02
-2.01057405e-01
3.99573886e-01
0.00000000e+00
0.00000000e+00
-5.28541119e-01
-2.99712188e-01
2.91001974e-01
-2.73558286e-01
5.42518821e-02
5.33476255e-02
8.15449461e-03
0.00000000e+00
0.00000000e+00
0.00000000e+00
0.00000000e+00
0.00000000e+00
0.00000000e+00
0.00000000e+00
0.00000000e+00
0.00000000e+00
0.00000000e+00
0.00000000e+00
0.00000000e+00
0.00000000e+00
0.00000000e+00
0.00000000e+00
0.00000000e+00
0.00000000e+00
0.00000000e+00
0.00000000e+00
0.00000000e+00
0.00000000e+00
0.00000000e+00
0.00000000e+00
0.00000000e+00
0.00000000e+00
0.00000000e+00
0.00000000e+00
0.00000000e+00
0.00000000e+00
0.00000000e+00
0.00000000e+00
0.00000000e+00
0.00000000e+00
0.00000000e+00
0.00000000e+00
-4.92970111e-01
-1.12076987e+00
-2.79659895e+00
0.00000000e+00
0.00000000e+00
0.00000000e+00
0.00000000e+00
6.30402857e-01
3.27097738e-01
1.15747519e+00
-2.02932208e-01
9.39141013e-01
-1.31632005e+00
-1.07008985e+00
-4.81717089e-01
0.00000000e+00
0.00000000e+00
-1.38718218e-01
4.04966600e-03
-5.07390333e-01
2.62475346e-01
4.43323266e-03
-4.60948364e-01
1.11022433e+00
-4.45863360e-03
-5.99432725e-01
3.40457561e-01
-2.51393478e-03
-6.19109831e-01
2.90410122e-01
5.76465802e-01
7.07563091e-01
0.00000000e+00
0.00000000e+00
0.00000000e+00
0.00000000e+00
0.00000000e+00
0.00000000e+00
0.00000000e+00
-1.32593026e-01
2.76446044e-01
-1.46174492e-03
-3.49496949e-02
-2.97204635e-02
-2.03898489e-01
-1.08483877e-01
-3.59823059e-01
3.95325129e-01
9.74914109e-02
-5.18785145e-02
-8.74367525e-02
0.00000000e+00
0.00000000e+00
3.64129624e+00
2.95285356e+00
4.98083072e-01
2.80519819e-01
3.47877137e-01
9.05026037e-01
-3.42256446e-01
-6.28916849e-01
5.56610669e-01
-8.78908924e-02
-2.45468394e-01
-6.10403255e-01
-8.99533385e-01
-1.84050474e+00
0.00000000e+00
0.00000000e+00
0.00000000e+00
0.00000000e+00
0.00000000e+00
0.00000000e+00
-2.63488790e-01
-1.09822807e-01
-1.94024851e-01
-4.34955394e-02
-3.13243156e-01
-4.54339401e-01
4.36745152e+00
4.54050345e+00
4.60181350e+00
4.58302972e+00
4.74921966e+00
4.66691413e+00
6.96158134e-01
-2.81460440e-02
-1.07553346e-01
1.20907943e-01
2.58826226e-01
-1.57922876e-01
-4.14036490e-02
-9.19194203e-02
-5.36574162e-02
-3.18599960e-01
-3.72478562e-01
-2.73261677e-01
1.06033277e+00
0.00000000e+00
0.00000000e+00
0.00000000e+00
0.00000000e+00
0.00000000e+00
0.00000000e+00
0.00000000e+00
5.14106246e-01
1.06138411e+00
-1.17234192e+00
0.00000000e+00
-1.29097386e-01
-3.08501547e-01
-7.65417920e-01
-1.06991300e+00
-8.94515307e-01
0.00000000e+00
0.00000000e+00
0.00000000e+00
-1.07939890e-01
9.57670276e-02
-5.53909667e-01
-6.17773325e-01
-3.78397620e-01
2.62875807e-01
-8.64094530e-01
3.49634467e-01
4.67278518e-01
0.00000000e+00
-2.90869501e-01
-5.05344927e-01
-7.25509251e-01
5.54489038e-01
1.71761920e-01
4.62000288e-01
4.30927039e-01
-5.87441190e-01
4.52088546e-01
4.89941945e-01
6.11153132e-01
0.00000000e+00
0.00000000e+00
0.00000000e+00
-2.72782294e-02
4.06152216e-01
1.33472871e-02
4.31458140e-01
-5.67926815e-01
4.43661490e-02
6.53952520e-01
2.39279370e-01
-1.50578455e-01
0.00000000e+00
-2.68055178e-01
-7.13418295e-01
6.23506568e-02
-1.23982510e-01
2.41338343e-01
2.68355121e-01
3.07964625e-02
-6.84317875e-02
-1.14725558e-02
1.50900693e-01
-7.35569464e-01
-3.97544066e-02
-1.84183315e-01
-3.84153294e-01
-2.07586854e-01
2.62062321e-01
4.77286503e-02
-3.49545378e-01
-4.94154958e-01
0.00000000e+00
0.00000000e+00
0.00000000e+00
-2.45918401e-01
1.45762085e-01
-2.57708407e-02
-5.91659688e-01
2.72495107e-01
1.38409880e-02
-2.26512647e-01
3.28354192e-01
4.91269288e-01
0.00000000e+00
-4.37206303e-01
4.81284720e-01
9.27372944e-02
2.82056977e-01
-7.23778105e-01
-2.54031985e-01
-2.83038134e-02
-2.87430170e-01
1.80587116e-01
3.80692282e-02
-6.95815057e-01
1.88209918e+00
1.26747420e+00
5.87613604e-01
-1.58945843e-01
-8.93429797e-02
-1.63709960e+00
-1.15565196e+00
-5.59514645e-01
3.31579447e-01
4.31010438e-02
-4.64023470e-01
-6.96028632e-02
-4.93051747e-01
9.71687557e-02
-1.33312261e-01
-1.37841454e+00
0.00000000e+00
0.00000000e+00
0.00000000e+00
-4.40554255e-02
6.49903462e-01
-5.69943651e-01
-1.97101439e-01
-3.62455563e-01
1.03514385e-01
3.52303406e-01
-1.24873895e-01
1.27375008e-01
0.00000000e+00
2.62536375e-01
-1.03381396e+00
-1.32004434e+00
1.13297195e+00
-9.43240583e-01
1.83964313e-01
2.27565352e-02
-3.52071127e-01
4.02468587e-01
3.31391414e-01
1.62429915e-01
0.00000000e+00
0.00000000e+00
0.00000000e+00
1.19373289e-01
6.07911680e-02
3.34867181e-02
3.80008874e-01
5.43442826e-02
2.28116707e-01
1.19713675e-01
3.67510188e-02
-7.54060135e-02
0.00000000e+00
-8.26372291e-02
3.73766337e-01
1.74009144e-01
-1.23209349e-01
-8.86468625e-01
1.28813151e-01
1.14763350e-01
-4.50188584e-01
-1.08942566e-01
6.53445658e-02
-7.59993563e-01
6.00659289e-02
0.00000000e+00
1.05392026e-01
2.17571499e-01
3.24296689e-01
9.04462032e-02
-3.54676963e-01
-1.55464563e-01
0.00000000e+00
0.00000000e+00
0.00000000e+00
-3.77794228e-02
-2.18147790e-01
-6.11009040e-02
1.36807722e-01
4.23073133e-01
-1.93506886e-01
-2.02788069e-01
-6.40746944e-01
-3.70751215e-02
0.00000000e+00
3.29297674e-01
-2.13142254e-01
-3.68285418e-02
2.23759808e-01
1.99450348e-01
-1.20237502e-01
-2.31132523e-02
3.85095103e-01
7.83403300e-03
-7.63156983e-02
-8.20059492e-01
0.00000000e+00
1.17867534e+00
8.34408699e-01
-6.18420981e-01
-3.68567476e-01
0.00000000e+00
-7.51631547e-01
-3.48949381e-01
1.88930716e-01
-5.10166188e-02
-5.06481573e-01
-2.49853505e-01
0.00000000e+00
0.00000000e+00
-7.83223040e-01
247
-3.46200805e-03
8.96225436e-02
-9.30845516e-02
5.34033457e-01
-4.44410914e-01
-8.96395273e-02
-4.28404921e-01
1.50000423e-01
0.00000000e+00
0.00000000e+00
1.18337423e-01
-1.58452028e+00
-2.66773891e-01
-3.41888512e-01
0.00000000e+00
0.00000000e+00
0.00000000e+00
0.00000000e+00
0.00000000e+00
0.00000000e+00
0.00000000e+00
0.00000000e+00
0.00000000e+00
0.00000000e+00
0.00000000e+00
0.00000000e+00
0.00000000e+00
0.00000000e+00
0.00000000e+00
0.00000000e+00
0.00000000e+00
0.00000000e+00
0.00000000e+00
0.00000000e+00
0.00000000e+00
0.00000000e+00
0.00000000e+00
0.00000000e+00
0.00000000e+00
0.00000000e+00
0.00000000e+00
-6.47897818e-01
4.14243336e-02
9.48018093e-01
-8.47415702e-03
5.89670337e-01
-1.09320715e-02
-8.93252621e-01
-1.97903912e-03
-5.84750768e-02
8.12027190e-03
4.68927969e-02
0.00000000e+00
0.00000000e+00
0.00000000e+00
0.00000000e+00
0.00000000e+00
0.00000000e+00
0.00000000e+00
3.57984948e+00
2.00991302e+00
1.57707906e+00
1.11645592e+00
4.68699821e-01
3.13068963e-01
-1.38454922e+00
-2.28699554e+00
4.68630898e-01
8.58776465e-02
-4.49518473e-01
-5.49306899e-01
-1.35458365e+00
-1.58817001e+00
0.00000000e+00
0.00000000e+00
0.00000000e+00
0.00000000e+00
0.00000000e+00
0.00000000e+00
-3.31799401e-01
-2.50298777e-01
-2.36128443e-01
-2.41043524e-01
-4.20077429e-01
-5.34027452e-01
4.77184720e+00
5.45686442e+00
5.12217932e+00
5.22938970e+00
5.43100845e+00
5.12800206e+00
7.36854214e-01
-1.05836402e-01
-4.24806426e-01
-1.18686001e-01
-4.91192188e-01
-2.43484200e-01
1.12205557e-01
-3.36453418e-01
2.20342103e-02
-3.55838902e-01
-5.41199169e-02
1.38942319e-01
-1.96241004e-01
0.00000000e+00
0.00000000e+00
0.00000000e+00
1.92778996e-01
-4.56327938e-01
-2.20546874e+00
0.00000000e+00
-6.87266348e-01
-6.90576401e-01
-1.05086342e+00
-9.62511610e-01
-1.37784275e+00
0.00000000e+00
0.00000000e+00
0.00000000e+00
-1.22588680e-01
8.22780963e-01
-7.05474298e-01
-5.72324605e-01
-8.99313634e-01
5.59178383e-02
-3.54684899e-01
-2.68599792e-02
-5.54210048e-01
0.00000000e+00
-1.71950744e-01
-3.94441226e-01
-1.13194781e+00
8.82365333e-01
-5.43709265e-01
3.30967133e-01
1.08779806e+00
3.40303105e-02
5.40475932e-01
3.45326876e-01
-9.28200904e-01
-2.16448921e-01
-4.27926085e-02
2.75513545e-02
1.09806639e-01
-3.81568265e-01
0.00000000e+00
0.00000000e+00
0.00000000e+00
-1.84158631e-01
1.39872956e+00
-3.44915384e-01
1.80821939e-01
1.81118011e-01
-4.55834313e-01
5.08669994e-01
6.93518306e-01
2.22076012e-01
0.00000000e+00
3.56996044e-01
1.66150568e+00
0.00000000e+00
-2.06733749e-01
-2.38201999e-01
3.17525989e-01
-4.56604914e-01
0.00000000e+00
-8.83281218e-01
-4.53654861e-01
-7.11751983e-01
1.26806506e+00
1.21866914e+00
5.70430757e-01
-4.49641845e-01
-4.70817427e-01
-1.12355049e+00
-1.73077821e-01
3.71560766e-01
2.11755813e-02
-1.68874516e-01
-4.78150332e-01
-1.65153901e-01
-2.01337503e+00
0.00000000e+00
0.00000000e+00
0.00000000e+00
1.64750728e-01
8.08714776e-01
-3.71478597e-01
-2.83899889e-02
-1.70684885e+00
-1.84386607e-02
4.31633580e-01
-9.94667334e-02
-1.68012418e-01
0.00000000e+00
4.23360134e-01
-8.80878702e-02
-1.09443830e+00
4.95846673e-01
-1.10234938e+00
5.73457306e-02
3.54203797e-01
-7.20114087e-01
4.43675418e-01
2.04719021e-01
-9.46219522e-01
-4.27572738e-01
0.00000000e+00
8.51452423e-02
5.30465893e-01
-1.19664662e-01
0.00000000e+00
0.00000000e+00
0.00000000e+00
2.12093952e-01
5.75411116e-01
-7.74653692e-02
-9.15704551e-03
0.00000000e+00
2.31628785e-01
-1.71106014e-02
3.72331934e-01
6.19846612e-01
0.00000000e+00
-3.05795652e-01
1.55661869e-01
6.85585726e-02
8.97495809e-02
1.32157523e-01
-8.71640433e-02
-3.34854001e-01
-5.22317440e-01
2.47572269e-01
2.54118493e-02
-5.18646783e-01
0.00000000e+00
4.61367480e-01
1.55168072e-01
-1.06715550e+00
-6.23290678e-01
0.00000000e+00
0.00000000e+00
1.34111534e-01
-4.43864826e-01
0.00000000e+00
0.00000000e+00
-4.30770043e-01
8 -999999999 -999999999 0 -1
2 0 0 1 -1
-5.4074e-02 9.0611e-01
356
5.13461426e-01
0.00000000e+00
0.00000000e+00
0.00000000e+00
0.00000000e+00
0.00000000e+00
0.00000000e+00
0.00000000e+00
0.00000000e+00
0.00000000e+00
0.00000000e+00
0.00000000e+00
0.00000000e+00
0.00000000e+00
0.00000000e+00
0.00000000e+00
0.00000000e+00
0.00000000e+00
0.00000000e+00
0.00000000e+00
0.00000000e+00
0.00000000e+00
0.00000000e+00
0.00000000e+00
0.00000000e+00
0.00000000e+00
0.00000000e+00
0.00000000e+00
0.00000000e+00
0.00000000e+00
0.00000000e+00
6.16829561e-01
-1.03368134e-01
-1.16005313e+00
-1.38455118e+00
-4.05712155e-01
-1.05708662e-01
9.25098272e-01
1.29880200e-01
8.51784420e-01
5.96103605e-01
0.00000000e+00
0.00000000e+00
0.00000000e+00
0.00000000e+00
0.00000000e+00
0.00000000e+00
0.00000000e+00
0.00000000e+00
0.00000000e+00
0.00000000e+00
1.01488074e-01
-3.63152611e-01
9.81017582e-02
0.00000000e+00
0.00000000e+00
0.00000000e+00
0.00000000e+00
-4.12174470e-01
1.07257067e+00
6.13903463e-01
-4.14356946e-01
1.76069454e-01
-1.47495574e-01
1.79722666e-01
-1.01273189e+00
-4.40596868e-02
5.16708850e-02
0.00000000e+00
0.00000000e+00
0.00000000e+00
0.00000000e+00
0.00000000e+00
0.00000000e+00
0.00000000e+00
0.00000000e+00
0.00000000e+00
3.25118662e-01
-2.28212125e-04
2.85604801e-01
4.62042726e-01
6.07500369e-02
-9.33133701e-03
0.00000000e+00
0.00000000e+00
0.00000000e+00
0.00000000e+00
0.00000000e+00
0.00000000e+00
0.00000000e+00
1.23080400e-01
-1.20653209e-01
5.97910274e-02
-7.04210284e-02
-8.82755192e-02
2.28355831e-03
2.00049327e-01
2.42161811e-02
-4.41746855e-02
-9.26062047e-02
4.59478109e-01
-2.74910755e-03
3.66821345e-01
8.58552815e-01
2.28348816e+00
2.36062327e+00
1.22749845e+00
5.01947445e-01
3.10540536e-01
7.55392890e-01
-7.96891315e-01
-1.34534280e+00
1.76578113e-01
-2.56491860e-02
-1.60550642e-02
-9.98349169e-02
-7.64733937e-01
-1.69347695e+00
0.00000000e+00
0.00000000e+00
0.00000000e+00
0.00000000e+00
0.00000000e+00
0.00000000e+00
-5.16703645e-01
-2.23752243e-01
-3.10888909e-01
5.02578274e-02
-1.44471104e-01
-7.01603770e-01
5.89779700e+00
6.15140899e+00
6.16809416e+00
6.14512371e+00
6.13648401e+00
6.11345495e+00
6.96384005e-01
-2.93051088e-01
-6.05831758e-01
-2.28545289e-01
1.54568154e-01
-4.17433618e-01
-5.20992912e-01
-5.74133017e-01
-1.46287153e-01
-6.53816494e-01
-4.74925097e-01
-5.28490170e-01
6.53145206e-01
0.00000000e+00
0.00000000e+00
0.00000000e+00
0.00000000e+00
0.00000000e+00
0.00000000e+00
0.00000000e+00
-1.39683779e-01
4.33938531e-01
0.00000000e+00
0.00000000e+00
-8.57017596e-01
-1.01795201e+00
-9.13009137e-01
-8.29209835e-01
-1.77002673e+00
0.00000000e+00
0.00000000e+00
0.00000000e+00
-2.62790094e-01
1.12445755e+00
-9.95095929e-01
-3.11335148e-01
-7.07837419e-01
8.19997379e-02
-2.62508511e-02
3.90248165e-01
2.48200411e-01
0.00000000e+00
-9.83429613e-01
-6.90519016e-01
-1.10012805e+00
8.22178977e-01
-4.14981783e-01
4.04249019e-01
3.27027887e-01
-2.75805403e-01
5.65871235e-01
3.39135971e-02
-8.71038283e-02
0.00000000e+00
0.00000000e+00
0.00000000e+00
3.94507524e-01
5.48519113e-01
3.83979339e-02
2.65152816e-01
0.00000000e+00
-3.23107621e-02
2.94233846e-01
2.67755309e-01
3.33985375e-02
0.00000000e+00
4.41386198e-01
-7.14228886e-02
1.90728522e-01
-6.15565760e-02
5.65922244e-01
2.04829691e-01
-2.18224570e-02
3.58272443e-01
1.51545777e-01
2.34730163e-01
-7.98848903e-01
-4.29267390e-01
0.00000000e+00
0.00000000e+00
0.00000000e+00
-1.16721335e-01
-2.63717304e-01
-4.88287511e-02
-1.57707612e-01
0.00000000e+00
0.00000000e+00
0.00000000e+00
-7.32708157e-02
-2.59824669e-01
-3.10518315e-01
-6.96325662e-01
0.00000000e+00
5.63686742e-01
1.81253378e-01
5.31402593e-01
1.08002538e-01
0.00000000e+00
-7.60125469e-01
3.79092247e-01
-6.87391604e-01
-5.97055532e-04
5.84421983e-01
-3.63984569e-01
2.49027926e-01
4.30009809e-02
-3.10313508e-01
4.66636278e-01
-3.69581514e-01
0.00000000e+00
0.00000000e+00
-5.25045822e-02
-9.71177830e-01
-4.27750207e-01
0.00000000e+00
0.00000000e+00
0.00000000e+00
-3.08177077e-01
-1.54965708e-01
3.53925778e-02
-5.43427623e-01
0.00000000e+00
0.00000000e+00
1.87757852e-02
-1.84716184e+00
0.00000000e+00
0.00000000e+00
0.00000000e+00
4.97744592e-01
1.25446981e+00
-3.24932027e-01
4.57218888e-01
-2.36671713e+00
3.60660599e-01
2.88544176e-01
9.62518254e-02
4.39085952e-02
0.00000000e+00
3.65333262e-01
-5.71045862e-01
-1.24245701e+00
7.81607002e-01
-1.49298547e+00
4.39070315e-01
3.03025425e-01
-1.03610933e+00
-4.31348500e-03
3.03563971e-01
-7.25029081e-03
0.00000000e+00
0.00000000e+00
0.00000000e+00
3.21225053e-01
3.76364384e-01
-7.81280317e-02
9.78461619e-02
0.00000000e+00
2.18814735e-02
1.92251196e-01
2.95136657e-01
1.53640330e-01
0.00000000e+00
1.27150966e-01
2.71100241e-01
9.22671364e-02
1.90180806e-01
2.88129033e-02
1.73609419e-01
1.96536349e-01
2.02197337e-01
4.62444465e-01
1.68915198e-01
-7.67351059e-01
-4.22115355e-01
0.00000000e+00
0.00000000e+00
0.00000000e+00
-1.48543356e-01
-2.23852543e-01
-4.97194556e-02
-7.13390506e-02
0.00000000e+00
0.00000000e+00
0.00000000e+00
-6.27839454e-02
-1.46243757e-01
5.64367330e-01
5.23958270e-01
0.00000000e+00
-2.57817019e-01
-8.46146605e-02
-5.04584341e-01
6.73269593e-02
0.00000000e+00
2.82557451e-01
-3.71359800e-01
5.51929508e-01
-1.22530406e-01
-5.56487084e-01
2.80141651e-01
1.27852026e-02
2.37483914e-01
-7.06239550e-02
-2.73908244e-01
-3.45235704e-01
0.00000000e+00
0.00000000e+00
0.00000000e+00
-1.07981078e+00
-5.95836652e-01
0.00000000e+00
0.00000000e+00
0.00000000e+00
-2.38345311e-01
-3.38361768e-01
-1.91295728e-02
-4.83974131e-01
0.00000000e+00
0.00000000e+00
0.00000000e+00
247
1.61900468e-01
0.00000000e+00
0.00000000e+00
0.00000000e+00
0.00000000e+00
0.00000000e+00
0.00000000e+00
0.00000000e+00
0.00000000e+00
0.00000000e+00
0.00000000e+00
0.00000000e+00
0.00000000e+00
0.00000000e+00
0.00000000e+00
0.00000000e+00
0.00000000e+00
0.00000000e+00
0.00000000e+00
0.00000000e+00
0.00000000e+00
0.00000000e+00
0.00000000e+00
0.00000000e+00
0.00000000e+00
0.00000000e+00
0.00000000e+00
1.61900468e-01
0.00000000e+00
8.98001401e-01
-7.36100934e-01
0.00000000e+00
7.19579287e-01
-3.85606775e-01
0.00000000e+00
0.00000000e+00
0.00000000e+00
0.00000000e+00
0.00000000e+00
0.00000000e+00
0.00000000e+00
0.00000000e+00
0.00000000e+00
0.00000000e+00
0.00000000e+00
0.00000000e+00
0.00000000e+00
1.32656874e-01
-6.90588487e-04
-2.71617720e-01
2.01374144e-01
2.32144044e-01
0.00000000e+00
0.00000000e+00
0.00000000e+00
0.00000000e+00
0.00000000e+00
0.00000000e+00
0.00000000e+00
1.39693287e+00
1.51553287e+00
3.68159094e-01
-3.81367770e-02
3.43462050e-01
9.58877958e-01
-3.87830789e-01
-6.61830901e-01
3.62998011e-01
1.03675388e-01
1.37815401e-01
-4.74760377e-01
-2.22428767e-01
-1.72503269e+00
0.00000000e+00
0.00000000e+00
0.00000000e+00
0.00000000e+00
0.00000000e+00
0.00000000e+00
-2.08564042e-01
-7.20419478e-02
-2.20937248e-01
-8.78515264e-02
-3.81990727e-01
-3.82246910e-01
3.33126080e+00
3.74630503e+00
3.74263140e+00
3.72637526e+00
3.94953811e+00
3.75668556e+00
8.51626880e-01
4.97226044e-01
3.78571315e-01
5.94141453e-01
6.47746578e-01
2.82988165e-01
3.03499022e-01
1.79909706e-01
4.57431067e-01
1.94815875e-01
1.62630315e-01
3.33921605e-02
5.82700634e-01
0.00000000e+00
0.00000000e+00
0.00000000e+00
-4.20800167e-01
6.53842053e-01
0.00000000e+00
0.00000000e+00
-4.64555431e-01
-7.70476966e-01
-6.07315722e-01
-7.46316679e-01
-1.23503240e+00
0.00000000e+00
0.00000000e+00
0.00000000e+00
-1.72861136e-01
7.50485378e-01
-9.19335684e-01
-1.96374986e-01
-8.05904163e-01
2.00549036e-01
-4.01156723e-01
2.10704779e-01
4.53816219e-01
0.00000000e+00
-4.46719961e-01
-9.66433246e-02
-7.94352352e-01
4.27389158e-01
2.72215141e-01
3.16998269e-01
4.26320331e-02
-9.94304491e-01
4.85459303e-01
4.32371107e-01
-3.42432906e-01
-2.76099016e-01
0.00000000e+00
0.00000000e+00
0.00000000e+00
-3.97379745e-02
0.00000000e+00
0.00000000e+00
0.00000000e+00
1.07077869e-01
5.69234122e-01
2.56693679e-01
3.95083556e-01
-1.00073952e+00
1.21584256e-01
3.28223341e-01
9.18744332e-02
4.04099505e-02
0.00000000e+00
1.62347473e-01
-3.16521255e-01
3.21546529e-01
-5.88942063e-02
-1.43652627e+00
1.15932718e-01
5.54834727e-02
3.29739334e-01
2.99081935e-02
-1.52195645e-01
-6.63338899e-02
0.00000000e+00
0.00000000e+00
1.29168698e-01
-8.92599492e-01
-1.88456416e-01
0.00000000e+00
0.00000000e+00
0.00000000e+00
-7.04143076e-01
0.00000000e+00
0.00000000e+00
6.52484532e-02
-1.35363240e+00
0.00000000e+00
0.00000000e+00
0.00000000e+00
2.45595666e-01
2.86120982e-01
-4.58741847e-01
2.53022688e-02
5.80643343e-02
3.70958568e-01
2.99206416e-01
1.68424035e-01
-2.08651738e-02
0.00000000e+00
2.55810991e-01
-8.22493746e-01
-1.37904315e+00
9.47166750e-01
-1.80709533e+00
3.16850155e-01
2.81309299e-01
-8.65307496e-01
1.24046851e-01
6.21058026e-01
-2.34729876e-01
3.09798253e-02
0.00000000e+00
0.00000000e+00
0.00000000e+00
-2.22619417e-01
0.00000000e+00
0.00000000e+00
0.00000000e+00
4.72424319e-02
1.41328176e-01
2.94094121e-02
2.38348856e-02
-6.55798091e-01
2.76288978e-01
1.50239838e-01
3.86635070e-01
-9.84983961e-02
0.00000000e+00
-1.77858084e-01
1.82809076e-02
2.05156178e-01
-1.42475521e-01
-2.55556844e-01
1.26593399e-02
1.64832369e-03
-1.05320361e-01
5.96366062e-02
-1.39472267e-01
-2.65709701e-01
0.00000000e+00
0.00000000e+00
0.00000000e+00
-1.11890253e+00
-6.38295547e-01
0.00000000e+00
0.00000000e+00
0.00000000e+00
-4.80606978e-01
0.00000000e+00
0.00000000e+00
0.00000000e+00
3 2
6.1208e-01 2.7867e-01
2 8
0 8 
217
1.18073128e-02
1.70829857e-01
-1.73250626e-01
-2.92052279e-01
-4.65498785e-01
3.06988076e-01
3.95078198e-01
-1.16696080e-01
2.85701168e-01
-2.24441419e-01
-1.84261271e-01
-2.20730894e-01
-1.92119966e-02
-1.22511782e-03
0.00000000e+00
0.00000000e+00
0.00000000e+00
0.00000000e+00
0.00000000e+00
0.00000000e+00
0.00000000e+00
0.00000000e+00
0.00000000e+00
7.49533837e-03
2.87814508e-04
7.01069773e-02
1.93627592e-01
-6.24162366e-02
-1.19404043e-01
0.00000000e+00
0.00000000e+00
0.00000000e+00
0.00000000e+00
0.00000000e+00
0.00000000e+00
0.00000000e+00
0.00000000e+00
-5.61736911e-02
2.76598485e-02
0.00000000e+00
0.00000000e+00
0.00000000e+00
0.00000000e+00
0.00000000e+00
0.00000000e+00
1.04242407e-01
-1.60416098e-01
2.76598485e-02
0.00000000e+00
0.00000000e+00
0.00000000e+00
0.00000000e+00
0.00000000e+00
0.00000000e+00
0.00000000e+00
0.00000000e+00
0.00000000e+00
0.00000000e+00
0.00000000e+00
0.00000000e+00
2.76598485e-02
1.04242407e-01
-1.60416098e-01
4.38882743e-01
-5.58977686e-01
-1.03680251e+00
8.88469610e-03
4.12896833e-01
1.23017559e-01
5.06317769e-01
0.00000000e+00
1.44563562e-01
9.00551667e-02
-4.84219715e-02
-9.23916513e-02
-8.43342781e-02
2.04854636e-01
0.00000000e+00
0.00000000e+00
0.00000000e+00
0.00000000e+00
0.00000000e+00
0.00000000e+00
0.00000000e+00
0.00000000e+00
0.00000000e+00
0.00000000e+00
0.00000000e+00
0.00000000e+00
0.00000000e+00
0.00000000e+00
0.00000000e+00
0.00000000e+00
0.00000000e+00
0.00000000e+00
0.00000000e+00
0.00000000e+00
0.00000000e+00
0.00000000e+00
0.00000000e+00
0.00000000e+00
0.00000000e+00
0.00000000e+00
0.00000000e+00
0.00000000e+00
0.00000000e+00
0.00000000e+00
0.00000000e+00
0.00000000e+00
0.00000000e+00
0.00000000e+00
0.00000000e+00
0.00000000e+00
0.00000000e+00
0.00000000e+00
0.00000000e+00
0.00000000e+00
0.00000000e+00
0.00000000e+00
-4.23551769e-01
-3.15499110e-01
-1.17077799e+00
0.00000000e+00
0.00000000e+00
0.00000000e+00
1.39552712e-01
-4.52591071e-01
-2.39652349e-01
-2.27462108e-02
-4.25956728e-01
4.37651210e-02
-6.19559597e-02
1.25896175e-01
-9.17715020e-02
0.00000000e+00
4.32502977e-02
-1.65760085e-01
-2.35761036e-01
2.61583278e-01
-1.29812106e-01
8.87967095e-02
-2.38920589e-02
-2.34035829e-01
8.25458347e-02
1.27766820e-01
1.58117821e-01
0.00000000e+00
0.00000000e+00
0.00000000e+00
-5.12810700e-02
5.27464862e-01
-1.89529793e-01
1.07870217e-01
-7.08796688e-01
-8.51935122e-02
1.84131359e-01
2.14882884e-01
1.41569774e-01
0.00000000e+00
-2.61523836e-01
1.42108192e-01
-2.91892835e-01
2.95837949e-01
-1.42471653e-01
2.33142685e-01
2.56022871e-01
-4.60660126e-01
1.85578076e-01
6.08584671e-02
-1.10994462e+00
0.00000000e+00
0.00000000e+00
0.00000000e+00
1.01713870e-01
8.56910662e-02
-1.97094577e-01
-3.55094416e-01
-6.65108546e-01
1.85338292e-01
1.08555310e-01
2.20385433e-01
-3.38394481e-02
0.00000000e+00
-1.52448426e-01
-1.85018338e-01
-3.34100594e-01
2.24216960e-01
-2.06644846e-01
-1.09331931e-01
1.19004195e-01
-2.65950012e-01
1.44445057e-01
2.05336329e-01
-1.50971733e-03
0.00000000e+00
0.00000000e+00
0.00000000e+00
8.67743972e-02
1.57298212e-01
-1.55886201e-01
4.16712351e-01
-1.18330251e+00
7.52348171e-02
1.53751406e-01
-4.88079976e-02
3.65466863e-02
0.00000000e+00
1.42752505e-01
-3.28534830e-02
-3.19458628e-01
2.38711343e-01
3.72309194e-01
2.34761580e-01
4.11351882e-02
-5.07353619e-01
1.64163790e-01
1.26001249e-01
136
1.20837762e+00
0.00000000e+00
0.00000000e+00
0.00000000e+00
0.00000000e+00
1.65987029e-02
1.58158942e-02
1.19177891e+00
-8.73953677e-04
5.79932618e-01
3.38060175e-01
2.90384823e-01
0.00000000e+00
0.00000000e+00
0.00000000e+00
0.00000000e+00
0.00000000e+00
0.00000000e+00
0.00000000e+00
3.21299420e-01
1.09155669e-01
7.77922526e-01
0.00000000e+00
0.00000000e+00
0.00000000e+00
0.00000000e+00
0.00000000e+00
3.21299420e-01
3.24023462e-01
-2.14867793e-01
7.77922526e-01
0.00000000e+00
0.00000000e+00
0.00000000e+00
0.00000000e+00
0.00000000e+00
0.00000000e+00
0.00000000e+00
0.00000000e+00
0.00000000e+00
0.00000000e+00
0.00000000e+00
0.00000000e+00
0.00000000e+00
0.00000000e+00
0.00000000e+00
5.06619228e-01
-4.00187600e-01
5.23307939e-01
-6.01079004e-01
-1.57296195e+00
0.00000000e+00
6.45322882e-01
-2.47222440e-02
-1.67757489e-01
-6.37469644e-03
0.00000000e+00
0.00000000e+00
0.00000000e+00
0.00000000e+00
7.77922526e-01
3.24023462e-01
-2.14867793e-01
0.00000000e+00
0.00000000e+00
0.00000000e+00
0.00000000e+00
0.00000000e+00
0.00000000e+00
0.00000000e+00
0.00000000e+00
0.00000000e+00
0.00000000e+00
0.00000000e+00
0.00000000e+00
0.00000000e+00
0.00000000e+00
0.00000000e+00
0.00000000e+00
0.00000000e+00
0.00000000e+00
0.00000000e+00
0.00000000e+00
0.00000000e+00
0.00000000e+00
0.00000000e+00
-2.04707486e-01
-2.03604745e-01
-8.50779823e-01
0.00000000e+00
0.00000000e+00
0.00000000e+00
3.93782347e-01
6.78706295e-02
-7.49839626e-01
-3.38779307e-02
-1.32438413e+00
-5.55722905e-02
-2.30176075e-01
2.37041734e-01
2.53902172e-02
0.00000000e+00
2.24619127e-01
3.33736889e-01
-1.16149779e+00
6.80136281e-01
4.99158716e-02
6.10041895e-01
4.11653588e-01
-1.22543127e+00
3.29366834e-01
5.66443879e-01
-1.08947918e+00
0.00000000e+00
0.00000000e+00
0.00000000e+00
1.22283989e-01
6.18104146e-01
-6.48532452e-01
-2.53429572e-01
-5.43702778e-01
2.43897038e-01
3.22545017e-01
3.47156207e-01
-1.28853960e-02
0.00000000e+00
1.05363654e-02
-5.95286854e-01
-1.18811693e+00
6.48747272e-01
-2.92706048e-01
2.49577332e-01
1.39033953e-01
-1.03239169e+00
2.65200925e-01
5.10490302e-01
1 1
-8.1802e-02 1.6387e-01
3 -1
0 8 3 
217
-4.96995408e-01
1.52541165e-01
-3.17913127e-01
-1.77830668e-01
-3.94786906e-01
1.46454365e+00
1.00089024e+00
-6.30133951e-01
-3.58888366e-01
8.60411487e-01
0.00000000e+00
0.00000000e+00
0.00000000e+00
0.00000000e+00
7.82371910e-01
-3.55830723e-02
-4.24010626e-01
-7.91856467e-01
1.18154230e-02
-2.00418172e-01
-4.87510851e-01
-3.40801389e-02
2.17718565e-01
0.00000000e+00
0.00000000e+00
0.00000000e+00
0.00000000e+00
-1.24675253e-01
-3.72320155e-01
0.00000000e+00
0.00000000e+00
0.00000000e+00
0.00000000e+00
0.00000000e+00
0.00000000e+00
0.00000000e+00
4.01054429e-01
-2.09057624e-01
-6.78908195e-01
-1.00840175e-02
0.00000000e+00
0.00000000e+00
0.00000000e+00
0.00000000e+00
4.01054429e-01
-1.45279358e-01
6.54851929e-01
-3.91250281e-01
0.00000000e+00
6.48435238e-01
0.00000000e+00
-1.00840175e-02
0.00000000e+00
0.00000000e+00
0.00000000e+00
0.00000000e+00
0.00000000e+00
0.00000000e+00
0.00000000e+00
0.00000000e+00
2.47100939e-01
-1.45279358e-01
-9.99871418e-01
0.00000000e+00
-5.98816990e-01
0.00000000e+00
-1.61091182e-01
1.55288517e+00
2.62912764e-01
1.46913980e+00
0.00000000e+00
1.85580114e-01
1.02225226e-01
1.41463948e-01
-5.43801834e-01
-8.24039470e-01
-1.22995619e+00
0.00000000e+00
5.19376718e-01
-7.13807775e-02
-1.80520884e-01
-3.14262468e-01
-8.35851243e-01
-4.28667794e-01
0.00000000e+00
0.00000000e+00
0.00000000e+00
0.00000000e+00
0.00000000e+00
0.00000000e+00
0.00000000e+00
0.00000000e+00
0.00000000e+00
0.00000000e+00
0.00000000e+00
0.00000000e+00
0.00000000e+00
0.00000000e+00
0.00000000e+00
0.00000000e+00
0.00000000e+00
0.00000000e+00
0.00000000e+00
0.00000000e+00
0.00000000e+00
0.00000000e+00
0.00000000e+00
0.00000000e+00
0.00000000e+00
0.00000000e+00
0.00000000e+00
0.00000000e+00
0.00000000e+00
0.00000000e+00
0.00000000e+00
0.00000000e+00
0.00000000e+00
0.00000000e+00
0.00000000e+00
-3.78806421e-01
2.29110845e+00
-2.47141082e+00
0.00000000e+00
0.00000000e+00
0.00000000e+00
1.89010092e+00
2.28905589e+00
8.92334687e-01
2.07296277e+00
-4.32093413e-01
-8.50663385e-01
6.73366855e-01
-4.38199581e-01
8.54076897e-01
0.00000000e+00
-3.77877651e-02
1.86038920e+00
7.10929688e-01
1.31618209e+00
1.74506333e+00
2.30418319e+00
2.21381104e+00
-4.12248380e-02
2.16813600e+00
1.94754354e+00
-1.22018112e+00
0.00000000e+00
0.00000000e+00
0.00000000e+00
9.90798510e-01
8.87562891e-01
9.64690679e-01
8.05889727e-01
-2.75162418e-01
2.08935833e+00
1.72969371e+00
2.40848419e+00
1.11910512e+00
0.00000000e+00
1.45095370e+00
-5.40295979e-01
5.43945466e-01
1.10103949e+00
4.72539418e-01
1.49400466e+00
5.92958874e-01
-2.08284633e-02
7.05314275e-01
9.68629527e-01
-1.65373455e+00
0.00000000e+00
0.00000000e+00
0.00000000e+00
6.97689081e-01
1.26020844e+00
1.06464883e+00
7.95594688e-01
-2.75292916e-01
1.31501972e+00
1.48646888e+00
8.55185189e-01
1.15475538e+00
0.00000000e+00
2.02991683e+00
1.68289661e+00
-2.40314308e-02
1.57017513e+00
1.91350776e-03
1.34044571e+00
1.87000186e+00
2.02796495e+00
-6.20674479e-01
1.77245721e+00
-8.50470908e-01
0.00000000e+00
0.00000000e+00
0.00000000e+00
9.18609946e-01
1.14980621e+00
1.00402801e+00
1.66540253e+00
-1.34226384e-01
1.18865886e+00
1.27732678e+00
1.28610852e+00
1.07806998e+00
0.00000000e+00
7.37374026e-01
4.40064342e-01
-1.67267782e-02
1.38756404e+00
1.75980212e+00
8.16671414e-01
8.63628033e-01
-5.09363220e-01
2.15570157e+00
1.55990059e+00
136
8.89562776e-01
1.15559438e+00
-2.84682569e-02
7.76917388e-02
4.26279383e-03
-3.43723339e-01
7.50877473e-03
0.00000000e+00
0.00000000e+00
0.00000000e+00
5.14687064e-01
3.74875711e-01
0.00000000e+00
0.00000000e+00
0.00000000e+00
0.00000000e+00
0.00000000e+00
0.00000000e+00
0.00000000e+00
0.00000000e+00
-4.37182555e-01
4.80510535e-01
8.46234796e-01
0.00000000e+00
0.00000000e+00
0.00000000e+00
0.00000000e+00
0.00000000e+00
-3.48539720e-01
-8.86428352e-02
1.06396914e+00
0.00000000e+00
6.46002203e-01
-1.22946081e+00
8.46234796e-01
0.00000000e+00
0.00000000e+00
0.00000000e+00
0.00000000e+00
0.00000000e+00
0.00000000e+00
0.00000000e+00
0.00000000e+00
0.00000000e+00
0.00000000e+00
0.00000000e+00
0.00000000e+00
-1.31810364e+00
7.55016011e-01
-4.42114503e-01
0.00000000e+00
0.00000000e+00
2.97462483e-01
-7.81830733e-01
1.58931065e-01
1.51241054e-01
0.00000000e+00
6.26786582e-01
6.57695706e-02
2.15650023e-01
-1.51915124e+00
-3.48539720e-01
-1.31810364e+00
0.00000000e+00
0.00000000e+00
0.00000000e+00
0.00000000e+00
0.00000000e+00
0.00000000e+00
0.00000000e+00
0.00000000e+00
0.00000000e+00
0.00000000e+00
0.00000000e+00
0.00000000e+00
0.00000000e+00
0.00000000e+00
0.00000000e+00
0.00000000e+00
0.00000000e+00
0.00000000e+00
0.00000000e+00
0.00000000e+00
0.00000000e+00
0.00000000e+00
0.00000000e+00
-8.39255315e-01
1.70267395e+00
-1.46369938e+00
0.00000000e+00
0.00000000e+00
0.00000000e+00
3.16456644e-01
5.88318586e-01
-2.48090801e-01
4.00200078e-01
-1.81715867e+00
-1.96983791e-01
2.16020562e-01
6.26738849e-01
-5.71199315e-01
0.00000000e+00
-1.26063674e-01
5.64374737e-02
-9.89060713e-01
-7.41337482e-01
2.48846466e-01
9.07089777e-01
1.08756021e+00
-1.94705200e+00
-1.70729422e-01
8.96307847e-01
-1.45109539e+00
0.00000000e+00
0.00000000e+00
0.00000000e+00
5.70894525e-01
1.33483740e+00
9.06464951e-01
9.84044621e-01
-2.28101946e-01
1.01750941e+00
1.44380913e+00
1.22102809e+00
1.31087010e+00
0.00000000e+00
1.43187901e+00
5.74019826e-01
-1.00292466e+00
1.66042356e+00
3.68615532e-01
7.63502830e-01
1.27639372e+00
7.25267166e-01
6.12290416e-02
1.99970983e+00
6 1
-3.8915e-01 4.8379e-01
4 0
0 8 3 1 
217
1.32077812e+00
-4.97281004e-01
-1.12363830e+00
-6.10202001e-01
3.02485844e-01
4.76646736e-01
7.02231387e-01
-4.36351738e-01
9.94069122e-02
-9.02158684e-02
1.29014918e-01
1.40559562e-01
0.00000000e+00
0.00000000e+00
3.36100563e-01
-1.73171183e-03
2.14805415e-03
3.88720056e-01
-1.50426082e-03
4.96704752e-01
2.35185769e-01
7.31514850e-04
6.07096716e-01
3.60771733e-01
3.31862616e-03
6.31132225e-01
5.20480636e-01
5.12880245e-01
2.87417241e-01
0.00000000e+00
0.00000000e+00
0.00000000e+00
0.00000000e+00
0.00000000e+00
0.00000000e+00
0.00000000e+00
0.00000000e+00
3.93103505e-01
1.73699723e-01
3.17935873e-01
4.36039020e-01
0.00000000e+00
0.00000000e+00
0.00000000e+00
0.00000000e+00
1.76238969e-01
4.25473732e-01
5.84268324e-02
0.00000000e+00
-4.06859567e-03
3.95158601e-02
-2.76260117e-02
0.00000000e+00
2.78668979e-01
0.00000000e+00
-6.64709675e-02
0.00000000e+00
4.80505994e-01
0.00000000e+00
4.36039020e-01
1.15547525e+00
1.76238969e-01
-1.09360971e-02
0.00000000e+00
-1.09360971e-02
-2.88923337e+00
8.38429947e-01
1.25188873e+00
4.93284272e-01
1.92040909e+00
0.00000000e+00
7.57464051e-01
1.61610318e-01
6.55283005e-01
-2.15528129e-01
-9.19689346e-02
2.03069541e-02
0.00000000e+00
4.30157095e-01
-4.47048683e-01
9.64440807e-01
-2.57801540e-01
-7.38197800e-02
-3.80499537e-01
2.47043570e-01
4.20917215e-01
2.52572141e-02
-2.41624824e-01
-1.17783483e+00
8.94442160e-01
1.35256857e+00
0.00000000e+00
0.00000000e+00
0.00000000e+00
0.00000000e+00
0.00000000e+00
0.00000000e+00
0.00000000e+00
0.00000000e+00
0.00000000e+00
0.00000000e+00
0.00000000e+00
0.00000000e+00
0.00000000e+00
0.00000000e+00
0.00000000e+00
0.00000000e+00
0.00000000e+00
0.00000000e+00
0.00000000e+00
0.00000000e+00
0.00000000e+00
0.00000000e+00
0.00000000e+00
0.00000000e+00
0.00000000e+00
0.00000000e+00
0.00000000e+00
0.00000000e+00
-6.82448357e-01
-5.24728311e-01
-8.09057473e-01
0.00000000e+00
0.00000000e+00
0.00000000e+00
-9.05232261e-02
5.13533519e-01
-9.77980733e-01
-6.57284829e-02
-2.06019325e+00
-7.74610192e-02
5.95184017e-02
7.52785209e-01
8.00125919e-01
0.00000000e+00
-1.26211551e-01
-2.82793067e-02
-8.56485103e-01
6.89022923e-01
2.47483462e-01
2.41788947e-01
6.43941502e-01
-6.51097085e-01
4.19621709e-01
-2.42919312e-01
-4.44334635e-01
0.00000000e+00
0.00000000e+00
0.00000000e+00
2.99009041e-01
5.01078103e-02
3.57188551e-01
3.91959745e-01
-1.17435257e+00
7.17160219e-01
5.70891161e-01
4.29840126e-02
2.88023411e-01
0.00000000e+00
1.86373384e-01
-3.26284672e-02
-1.00763703e-01
4.54760910e-02
-5.32055620e-01
1.98202594e-01
-1.01997600e+00
-1.17249696e+00
-3.78986881e-01
8.19549545e-01
-8.17753464e-01
0.00000000e+00
0.00000000e+00
0.00000000e+00
1.25595023e-02
5.43292672e-02
-6.99534650e-01
1.45077686e-01
-6.03222594e-01
2.19696298e-01
6.10747387e-01
1.01004380e-01
-7.70486161e-02
0.00000000e+00
-4.73029219e-01
-7.91584592e-01
-4.76165759e-01
3.54643221e-01
-4.99102816e-02
1.12015806e-01
2.65603063e-01
-4.27749648e-01
3.87914742e-01
5.16900543e-01
-5.23081751e-01
0.00000000e+00
0.00000000e+00
0.00000000e+00
-4.30662948e-03
-3.35728697e-01
-1.91939153e-01
2.10788020e-01
-7.30136414e-01
1.40429714e-02
-4.02606337e-01
4.73504361e-01
4.24209744e-01
0.00000000e+00
4.37982106e-01
1.11621046e-02
-8.88273319e-01
4.29426265e-01
4.52040493e-02
1.64119786e-01
-4.23973119e-02
1.51392519e-01
-1.19071708e-01
-1.70454107e-01
136
4.16208784e-01
-3.74381253e-02
2.41797453e-02
3.90554842e-01
-1.12714090e-03
9.92152519e-02
-8.06414432e-04
-3.61231842e-02
1.98183862e-03
1.37788629e-01
2.38977277e-01
3.94428785e-02
0.00000000e+00
0.00000000e+00
0.00000000e+00
0.00000000e+00
0.00000000e+00
0.00000000e+00
0.00000000e+00
0.00000000e+00
-1.28960417e-01
2.49672803e-01
2.48078062e-01
4.74183354e-02
0.00000000e+00
0.00000000e+00
0.00000000e+00
0.00000000e+00
-2.10742746e-01
2.11638261e-01
3.72968986e-01
0.00000000e+00
1.87685642e-01
-4.52942886e-01
4.14077121e-01
-1.29855932e-01
1.91852626e-01
-3.28717507e-02
-7.28781321e-02
0.00000000e+00
4.86399636e-03
0.00000000e+00
4.74183354e-02
0.00000000e+00
0.00000000e+00
0.00000000e+00
0.00000000e+00
-3.33429931e-01
5.66848493e-01
-1.37486646e-01
-1.16442540e+00
0.00000000e+00
2.67837724e-02
-1.30288433e-01
-6.10793827e-02
1.14143586e-01
0.00000000e+00
3.30111312e-01
-1.46271019e-01
1.58739632e-01
-2.65509846e-01
-2.75298292e-02
-1.79565583e-01
-5.14048188e-01
7.70944338e-03
-2.95852901e-01
0.00000000e+00
0.00000000e+00
0.00000000e+00
0.00000000e+00
0.00000000e+00
0.00000000e+00
0.00000000e+00
0.00000000e+00
0.00000000e+00
0.00000000e+00
0.00000000e+00
0.00000000e+00
0.00000000e+00
0.00000000e+00
0.00000000e+00
0.00000000e+00
0.00000000e+00
0.00000000e+00
0.00000000e+00
0.00000000e+00
3.73977282e-01
-5.00300339e-02
-5.65389038e-01
0.00000000e+00
0.00000000e+00
0.00000000e+00
4.08767160e-01
1.16822000e-01
-5.56266192e-01
9.15472400e-02
-1.11364082e+00
-1.19683243e-01
1.01071649e-01
5.39678832e-01
-4.49912388e-01
0.00000000e+00
2.21363895e-01
-4.89259516e-01
-1.19781671e+00
7.09234524e-01
-2.72360261e-02
7.26802452e-01
5.37471490e-01
-1.08075673e+00
4.14407527e-01
6.02015821e-01
-1.01123597e+00
0.00000000e+00
0.00000000e+00
0.00000000e+00
1.59246372e-01
6.12467078e-01
-5.28974434e-01
-1.16607731e-02
-8.04350820e-01
3.07192012e-01
3.86206871e-01
2.02656471e-01
6.10675331e-02
0.00000000e+00
4.29865504e-02
-5.75776014e-01
-1.21075801e+00
5.46906997e-01
-9.44480926e-03
1.26346297e-01
1.73202362e-01
-1.17611409e+00
1.46451170e-01
5.41113266e-01
7 1
-6.4553e-01 3.1240e-01
5 1
0 8 3 1 6 
217
-1.27776463e-01
-1.36562044e-01
-3.86847011e-02
-4.49535042e-01
-6.46620772e-01
1.21763532e+00
4.77615618e-01
-3.33225969e-01
4.99172202e-02
4.59580705e-01
0.00000000e+00
0.00000000e+00
0.00000000e+00
0.00000000e+00
7.17769949e-01
-2.65821968e-02
5.42622956e-01
-5.52775412e-01
8.65602775e-03
8.20480103e-01
-2.92770999e-01
1.43341339e-03
5.31005980e-01
0.00000000e+00
0.00000000e+00
0.00000000e+00
0.00000000e+00
1.79110526e-02
-1.45687516e-01
0.00000000e+00
0.00000000e+00
0.00000000e+00
0.00000000e+00
0.00000000e+00
0.00000000e+00
0.00000000e+00
0.00000000e+00
-3.63500511e-01
-8.99198308e-01
-1.15149284e+00
-1.39573687e-01
2.42598889e+00
0.00000000e+00
0.00000000e+00
0.00000000e+00
-3.97173382e-01
0.00000000e+00
6.91235085e-01
0.00000000e+00
1.90913596e+00
0.00000000e+00
1.22236574e+00
0.00000000e+00
2.81387239e-02
0.00000000e+00
-1.91139366e-01
0.00000000e+00
4.08867870e-01
0.00000000e+00
-1.83232925e+00
-1.32703157e+00
-3.97173382e-01
1.59642849e+00
0.00000000e+00
-1.96687785e+00
0.00000000e+00
1.46393859e+00
1.01560956e+00
3.75162796e-01
5.22461572e-01
0.00000000e+00
-7.81600641e-01
1.08621627e-01
-1.80443094e-01
-1.94474285e-01
8.34267272e-01
2.19354978e+00
0.00000000e+00
-5.16857048e-02
-1.68709279e-01
2.52783656e-01
-1.50750519e-01
-3.28874414e-01
2.04017164e-01
-2.00717107e+00
-2.15730497e-01
-3.84755953e-01
8.62511398e-01
-8.35154556e-01
1.23261371e+00
1.01486754e+00
0.00000000e+00
-1.57109058e+00
-1.59123112e-01
4.19184148e-01
5.02817785e-02
1.02412997e+00
1.64071387e+00
0.00000000e+00
0.00000000e+00
0.00000000e+00
0.00000000e+00
0.00000000e+00
0.00000000e+00
0.00000000e+00
0.00000000e+00
0.00000000e+00
0.00000000e+00
0.00000000e+00
0.00000000e+00
0.00000000e+00
0.00000000e+00
0.00000000e+00
0.00000000e+00
0.00000000e+00
0.00000000e+00
0.00000000e+00
0.00000000e+00
0.00000000e+00
5.25254053e-03
2.22448109e+00
-1.75522813e+00
0.00000000e+00
0.00000000e+00
0.00000000e+00
8.90808097e-01
1.38163280e+00
1.55981013e+00
1.17718607e+00
1.06950661e+00
4.53986303e-01
1.46335517e+00
1.93621796e+00
4.20929641e-01
0.00000000e+00
2.11286697e+00
1.10559787e+00
-3.20570472e-02
5.74689523e-01
2.19312826e+00
2.17670880e+00
2.89550879e+00
-7.57780947e-02
1.03733392e+00
1.45240846e+00
-1.71655967e+00
0.00000000e+00
0.00000000e+00
0.00000000e+00
1.72237334e+00
1.12089358e+00
-1.81998963e-01
7.99788083e-01
-8.37175151e-01
1.41190021e+00
1.37071594e+00
7.20366976e-01
1.64248177e+00
0.00000000e+00
-6.34851594e-01
4.87438509e-01
1.16013807e+00
7.35814142e-01
5.80508192e-01
1.71377571e+00
-4.89219121e-01
-5.33142748e-02
2.96530408e-01
1.62883466e+00
-1.60598071e+00
0.00000000e+00
0.00000000e+00
0.00000000e+00
1.29971663e+00
1.32873840e+00
1.15083001e+00
1.47337563e+00
-6.40234744e-02
8.45003073e-01
1.71111552e+00
1.98141280e+00
1.81791688e+00
0.00000000e+00
2.24045481e+00
8.34357781e-01
-4.11733015e-02
1.46714373e+00
5.68817591e-01
1.14936619e+00
1.82698391e+00
1.57780283e+00
-9.86884779e-03
3.29625468e+00
-1.34691845e+00
0.00000000e+00
0.00000000e+00
0.00000000e+00
7.46534642e-01
1.20124069e+00
1.30073828e+00
1.49384159e+00
-2.38538694e-02
2.53424380e+00
1.21522447e+00
1.26964110e+00
1.08162563e+00
0.00000000e+00
6.79945530e-01
2.04277096e+00
-1.87284031e-02
4.93899516e-01
1.79305314e+00
1.87375417e+00
1.75105233e+00
3.41229935e-01
-9.00910033e-03
3.32396513e-01
136
1.04392642e+00
1.12227526e+00
-2.90120578e-02
-3.19145278e-02
4.88545733e-03
-4.64343172e-02
-2.25646266e-02
0.00000000e+00
0.00000000e+00
0.00000000e+00
5.86989148e-01
4.56937270e-01
0.00000000e+00
0.00000000e+00
0.00000000e+00
0.00000000e+00
0.00000000e+00
0.00000000e+00
0.00000000e+00
0.00000000e+00
3.53169407e-01
-2.61193544e-01
-6.07237241e-01
-2.54000971e-02
1.58458789e+00
0.00000000e+00
0.00000000e+00
0.00000000e+00
-7.78146848e-03
-4.90312720e-01
3.29507435e-01
0.00000000e+00
1.07940767e+00
-2.35402474e-01
1.01934101e+00
-6.90250752e-01
6.01634859e-01
-3.22026552e-01
5.79553628e-01
0.00000000e+00
8.50310909e-01
2.93494388e-01
-4.50283572e-01
0.00000000e+00
0.00000000e+00
0.00000000e+00
0.00000000e+00
-2.95776405e+00
4.78315425e-01
-4.14986097e-01
0.00000000e+00
0.00000000e+00
3.20055275e-01
-4.51452852e-01
2.68181417e-01
1.02957460e-01
0.00000000e+00
3.24428735e-04
-1.19415391e-01
1.08177036e-01
-1.22763355e+00
-1.57209018e+00
-1.89876425e-01
-4.16520308e-01
-8.51625915e-03
1.70377487e-01
0.00000000e+00
3.31847309e-01
2.40590176e-01
4.04302049e-01
-4.67367322e-01
0.00000000e+00
0.00000000e+00
0.00000000e+00
0.00000000e+00
0.00000000e+00
0.00000000e+00
0.00000000e+00
0.00000000e+00
0.00000000e+00
0.00000000e+00
0.00000000e+00
0.00000000e+00
0.00000000e+00
0.00000000e+00
0.00000000e+00
-4.04461945e-01
1.76340910e+00
-1.35485608e+00
0.00000000e+00
0.00000000e+00
0.00000000e+00
4.90253146e-01
6.75164424e-01
-4.25757589e-01
3.07530838e-01
-1.82569638e+00
-1.36653053e-01
2.66693450e-01
1.99508951e-01
-4.61825987e-01
0.00000000e+00
3.26870325e-02
-6.75573001e-02
-1.06516560e+00
-3.18106762e-01
3.24704677e-01
9.86600907e-01
1.02285284e+00
-2.30438897e+00
-2.86765530e-02
9.72975853e-01
-1.44116268e+00
0.00000000e+00
0.00000000e+00
0.00000000e+00
5.16219229e-01
1.57600867e+00
9.14802010e-01
1.09089123e+00
-3.37953618e-01
8.69973691e-01
1.54779362e+00
1.06007590e+00
1.59811019e+00
0.00000000e+00
1.52736560e+00
6.82843789e-01
-1.22660632e+00
1.11800494e+00
6.67554787e-01
8.82233184e-01
1.24401743e+00
1.10024141e+00
-4.01197220e-01
2.07272075e+00
2 1
-9.5917e-01 3.0758e-01
6 1
0 8 3 1 6 7 
217
1.30929293e+00
3.45740935e-02
-4.62168043e-01
-4.29807210e-01
-4.80611397e-01
1.67896736e+00
6.07749574e-01
6.98203922e-01
0.00000000e+00
0.00000000e+00
0.00000000e+00
0.00000000e+00
0.00000000e+00
0.00000000e+00
-3.61336360e-01
-1.76168973e-02
3.68755435e-01
-1.23800292e+00
2.80609862e-02
4.08728183e-01
0.00000000e+00
0.00000000e+00
0.00000000e+00
0.00000000e+00
0.00000000e+00
0.00000000e+00
0.00000000e+00
1.13608491e+00
1.73208015e-01
0.00000000e+00
0.00000000e+00
0.00000000e+00
0.00000000e+00
0.00000000e+00
0.00000000e+00
0.00000000e+00
0.00000000e+00
1.30544562e+00
-3.99964892e-01
-1.11451967e+00
-1.89115051e+00
-2.81506780e+00
0.00000000e+00
0.00000000e+00
0.00000000e+00
-2.21023964e+00
-2.37945670e+00
-2.68231956e+00
0.00000000e+00
3.44489619e+00
0.00000000e+00
1.13641557e+00
-1.37867601e+00
-7.43973797e-01
0.00000000e+00
-1.50865085e+00
0.00000000e+00
3.88843110e+00
0.00000000e+00
2.20727333e+00
-2.50547862e-01
-3.85482564e-01
1.94532335e+00
0.00000000e+00
-2.22253940e+00
0.00000000e+00
2.28284236e+00
1.11286296e+00
1.24898997e+00
1.25187078e+00
0.00000000e+00
-1.95476941e+00
3.67563356e-01
1.95021352e+00
-1.19979429e+00
1.31384882e+00
-4.61654906e-01
0.00000000e+00
1.44228188e+00
9.80968093e-02
-7.87834831e-01
-3.58852034e-01
6.54845884e-01
2.95401934e+00
0.00000000e+00
6.28018490e-01
2.72234106e-01
1.11049990e-01
-4.50251143e-01
5.70224449e-01
7.36078383e-01
0.00000000e+00
-2.79368342e+00
0.00000000e+00
2.20706188e+00
-1.63708204e+00
1.89591446e+00
2.91565552e+00
0.00000000e+00
-1.12867451e-01
-1.03980582e+00
4.47460030e-01
-2.22200510e-01
9.74700350e-01
2.36307838e-01
0.00000000e+00
0.00000000e+00
0.00000000e+00
0.00000000e+00
0.00000000e+00
0.00000000e+00
0.00000000e+00
0.00000000e+00
0.00000000e+00
0.00000000e+00
0.00000000e+00
0.00000000e+00
0.00000000e+00
0.00000000e+00
-1.13484901e+00
2.78818713e+00
-3.48759439e+00
0.00000000e+00
0.00000000e+00
0.00000000e+00
1.90764334e+00
2.86956414e+00
-3.00962720e-01
1.63553262e+00
-7.09582768e-04
-4.66077446e-01
1.35491804e+00
2.38573134e+00
-8.91829484e-01
0.00000000e+00
1.68497999e+00
-4.32949109e-03
-8.98824655e-01
0.00000000e+00
0.00000000e+00
3.19085983e+00
2.87330440e+00
-1.91407672e-01
3.09543311e+00
3.67138145e+00
-9.87103131e-01
0.00000000e+00
0.00000000e+00
0.00000000e+00
-2.20874944e-01
-2.81951980e-01
2.84064529e+00
7.24760257e-01
-8.24418741e-04
1.15928920e+00
1.80799002e-01
-5.30897891e-01
2.21759875e+00
0.00000000e+00
-5.10099511e-01
-4.01330712e-03
1.65147263e+00
0.00000000e+00
0.00000000e+00
9.44205899e-02
-3.56515646e-01
-7.64152819e-02
-3.85118080e-01
-1.41850039e+00
-1.03592604e+00
0.00000000e+00
0.00000000e+00
0.00000000e+00
1.44204710e+00
1.15289761e+00
2.17261003e+00
1.05159917e+00
-8.54891164e-04
-6.68384128e-01
7.99922955e-01
1.95722273e+00
2.89250882e+00
0.00000000e+00
3.74219372e-01
0.00000000e+00
0.00000000e+00
-5.33322804e-03
-1.62450180e-01
4.36679945e-02
3.87637087e+00
-1.29669710e-01
-4.19650732e-01
2.63761785e+00
-1.55582801e+00
0.00000000e+00
0.00000000e+00
0.00000000e+00
4.26185409e-01
1.00901866e+00
5.64543688e-01
8.16433035e-01
-9.58929422e-04
2.66784647e+00
2.40418409e+00
9.63598603e-01
1.70329911e-01
0.00000000e+00
2.79360296e+00
0.00000000e+00
0.00000000e+00
-2.42005909e-03
1.56426774e+00
2.62777654e+00
-1.10899644e+00
-1.11676742e-01
-4.08586835e-01
7.09177603e-01
136
3.71190072e-02
4.15086863e-01
-1.45063061e-02
1.62395252e-02
2.73011910e-03
-3.94207381e-01
7.86280337e-02
0.00000000e+00
0.00000000e+00
0.00000000e+00
7.38405647e-02
-3.67215575e-02
0.00000000e+00
0.00000000e+00
0.00000000e+00
0.00000000e+00
0.00000000e+00
0.00000000e+00
0.00000000e+00
0.00000000e+00
5.86128754e-01
-1.12629086e-01
-5.21968024e-01
-5.45297752e-01
-1.71597563e-01
8.02482679e-01
0.00000000e+00
0.00000000e+00
-1.20103134e-01
2.16626937e-01
5.30094031e-02
0.00000000e+00
8.26987304e-01
-5.21162361e-01
9.29284354e-01
-1.10450901e+00
6.58268493e-02
6.88029125e-01
-7.27776773e-02
0.00000000e+00
1.84186586e-02
2.28190305e-01
-2.95024060e-01
0.00000000e+00
0.00000000e+00
0.00000000e+00
0.00000000e+00
-1.36850269e+00
7.06202602e-01
-1.69001795e-01
0.00000000e+00
0.00000000e+00
-1.18905702e+00
-6.68844734e-01
-4.16625021e-02
4.30016568e-02
0.00000000e+00
-2.73897503e-01
-9.36229395e-02
5.55690129e-02
-5.96119515e-01
-1.24766976e+00
4.79254733e-01
-4.19942306e-01
2.33218889e-01
-1.06208184e-02
0.00000000e+00
3.91684290e-01
3.95155424e-01
4.14039962e-01
-7.80358669e-01
0.00000000e+00
7.07160703e-01
-5.16990499e-01
1.99155570e-01
-4.57965443e-01
0.00000000e+00
0.00000000e+00
0.00000000e+00
0.00000000e+00
0.00000000e+00
0.00000000e+00
0.00000000e+00
0.00000000e+00
0.00000000e+00
0.00000000e+00
-2.68091088e-01
1.85378545e+00
-1.09067924e+00
0.00000000e+00
0.00000000e+00
0.00000000e+00
5.62257213e-01
3.72668997e-01
-6.54792607e-01
1.48288672e-01
-1.12335667e+00
-7.36200017e-02
1.80359326e-01
6.22692342e-01
-1.39902464e-01
0.00000000e+00
-4.51815024e-02
-2.04729528e-01
-1.49058088e+00
-3.29502911e-01
1.60185116e-01
9.48311702e-01
1.39276116e+00
-2.08901833e+00
-2.88784938e-01
9.61266072e-01
-1.48877495e+00
0.00000000e+00
0.00000000e+00
0.00000000e+00
4.60479129e-01
1.29997006e+00
9.22221437e-01
1.11848360e+00
-1.06308161e-01
1.13441670e+00
1.78403056e+00
1.03654548e+00
1.43587796e+00
0.00000000e+00
1.26343041e+00
7.25705743e-02
-1.10896596e+00
1.25748147e+00
4.42906206e-01
9.13066216e-01
1.21209940e+00
9.33866948e-02
-1.49356401e-01
1.94042783e+00
13 1
-1.5500e+00 4.0344e-01
7 1
0 8 3 1 6 7 2 
217
4.10504208e+00
-7.94571456e-01
-3.99050306e+00
-2.10905052e-01
6.12927272e-01
9.84127457e-01
2.40509622e+00
-2.85281974e+00
1.09272129e+00
-2.25573559e+00
0.00000000e+00
0.00000000e+00
0.00000000e+00
0.00000000e+00
2.11495660e+00
-2.34692847e-02
2.65987352e-01
2.34299369e+00
-4.11226319e-03
3.63570906e-01
0.00000000e+00
0.00000000e+00
0.00000000e+00
0.00000000e+00
0.00000000e+00
0.00000000e+00
0.00000000e+00
2.33580776e+00
1.76923432e+00
0.00000000e+00
0.00000000e+00
0.00000000e+00
0.00000000e+00
0.00000000e+00
0.00000000e+00
0.00000000e+00
0.00000000e+00
1.75573091e-01
-1.51328444e-01
1.90616921e-01
5.38566214e-01
1.38973257e+00
1.61246084e+00
0.00000000e+00
0.00000000e+00
2.03531469e-01
0.00000000e+00
-2.35155412e+00
0.00000000e+00
2.41560198e+00
0.00000000e+00
-3.37952483e-01
0.00000000e+00
1.73746769e+00
0.00000000e+00
5.42518922e-01
0.00000000e+00
1.41893916e+00
0.00000000e+00
-1.00476925e+00
1.26574688e+00
7.90912005e-01
2.04838319e+00
0.00000000e+00
1.48125872e+00
0.00000000e+00
1.89032527e+00
1.91949013e+00
7.33458086e-01
1.70346492e+00
0.00000000e+00
-2.59299602e-01
-1.92397003e-01
2.78010518e+00
-7.07878022e-01
1.58423650e+00
3.36273154e+00
0.00000000e+00
1.31589154e+00
5.62505604e-01
2.06542406e+00
-4.19737665e-01
7.23726478e-01
5.39885176e+00
0.00000000e+00
1.41414189e+00
-1.06572958e-01
2.07697249e+00
-2.49740046e+00
6.13927697e-01
2.84592954e+00
0.00000000e+00
-3.47689400e-01
0.00000000e+00
3.40586874e+00
-1.42638043e+00
1.04686273e+00
-1.76022497e+00
0.00000000e+00
1.06589863e+00
-5.65277419e-01
2.07552680e+00
-1.74989475e+00
9.63616640e-01
5.76742731e-01
9.22604764e-01
1.47408209e+00
2.66123497e-01
5.35936936e-01
9.55559915e-01
1.17241828e+00
7.67806826e-01
0.00000000e+00
0.00000000e+00
0.00000000e+00
0.00000000e+00
0.00000000e+00
0.00000000e+00
0.00000000e+00
5.01285662e-01
3.29190027e+00
-1.32152124e+00
0.00000000e+00
0.00000000e+00
0.00000000e+00
4.62873259e-01
6.10658798e-01
-8.23720912e-01
-5.22735353e-01
-1.51471740e-02
-2.49568468e-02
1.83493618e+00
1.45682664e+00
-5.11830734e-03
0.00000000e+00
-9.68377906e-01
0.00000000e+00
-1.11265977e+00
0.00000000e+00
5.81678555e-01
9.46560438e-01
3.40164802e+00
-3.60552293e-01
-4.56018596e+00
4.81535768e-01
-3.11495049e+00
0.00000000e+00
0.00000000e+00
0.00000000e+00
3.00817335e+00
2.60187273e+00
3.18021013e+00
2.29575869e+00
-7.76517729e-03
-5.52616582e-02
-3.01733847e-01
1.06736811e+00
-5.29629335e-03
0.00000000e+00
2.66866937e+00
0.00000000e+00
4.47892630e+00
0.00000000e+00
2.01832825e+00
2.61180980e+00
-1.34608792e+00
-9.48782184e-02
7.39056595e+00
2.02937750e+00
-2.27775209e-01
0.00000000e+00
0.00000000e+00
0.00000000e+00
2.03067963e+00
-6.27438810e-01
-6.05506510e-01
-8.22273936e-01
-9.94120582e-02
0.00000000e+00
1.20452668e+00
3.09046267e+00
-1.20511449e-01
0.00000000e+00
-5.93898229e-01
0.00000000e+00
-2.18009781e-02
-1.37808490e-02
3.95390915e+00
2.57928242e+00
-8.01834660e-02
-2.18220578e-01
-2.72653779e-01
3.01109396e+00
-1.23411040e+00
0.00000000e+00
0.00000000e+00
0.00000000e+00
-1.83168200e+00
-1.46469039e-01
7.09360880e-01
-1.26423431e+00
-7.38732447e-02
0.00000000e+00
1.63864992e+00
-1.84386041e+00
3.11306048e+00
0.00000000e+00
-6.33051301e-01
0.00000000e+00
-1.45136489e-02
-8.04630141e-03
-7.46206531e+00
-1.82279595e+00
2.62760315e-01
-1.36207669e-01
-1.45745793e-01
-2.37848801e+00
136
-7.86586966e-02
3.01972283e-01
-1.45074406e-02
7.20799506e-02
-1.24019337e-03
-4.52710930e-01
5.81456032e-02
0.00000000e+00
0.00000000e+00
0.00000000e+00
-9.18482315e-03
-6.94738734e-02
0.00000000e+00
0.00000000e+00
0.00000000e+00
0.00000000e+00
0.00000000e+00
0.00000000e+00
0.00000000e+00
0.00000000e+00
9.31905979e-01
-1.74613875e-02
-4.59889271e-01
-8.73788293e-01
-8.07082864e-01
-7.91216056e-01
0.00000000e+00
0.00000000e+00
-2.25885922e-01
3.59205475e-01
4.18832912e-01
0.00000000e+00
9.23815906e-01
0.00000000e+00
1.22049974e+00
-1.17381245e+00
-1.63535859e-01
1.59457210e-01
-5.51033702e-01
6.75738114e-01
-1.10316720e-01
6.84277940e-01
-1.58676609e-01
0.00000000e+00
0.00000000e+00
0.00000000e+00
0.00000000e+00
-1.43235844e+00
6.46574259e-01
-1.15806901e-01
0.00000000e+00
0.00000000e+00
-7.39969324e-02
-4.70014218e-01
1.55253684e-01
1.02080215e-01
0.00000000e+00
-1.17677234e+00
-2.56437178e-01
-9.48184906e-02
-4.98309302e-01
-1.08678212e+00
2.33778682e-01
-1.84215060e-01
2.58624787e-01
-1.30702096e-01
0.00000000e+00
4.05253917e-01
4.24919438e-01
4.56546690e-01
-7.82216034e-01
0.00000000e+00
2.70594869e-01
-4.61954539e-01
1.33056966e-01
-3.99719445e-01
1.10439734e-01
-2.45789988e-02
-3.36334455e-01
2.23370490e-01
0.00000000e+00
0.00000000e+00
0.00000000e+00
0.00000000e+00
0.00000000e+00
0.00000000e+00
-1.96248827e-01
1.81994933e+00
-1.13931408e+00
0.00000000e+00
0.00000000e+00
0.00000000e+00
3.63105993e-01
4.59848515e-01
-4.28515961e-01
2.21383697e-01
-1.43010857e+00
2.27033593e-01
2.62523511e-01
6.05749199e-01
1.86644167e-02
0.00000000e+00
-5.60223048e-02
-1.49987068e-01
-1.24503019e+00
-6.47165814e-01
-9.25336905e-02
1.14642690e+00
1.12833308e+00
-2.01758683e+00
-3.00744622e-01
7.95312058e-01
-1.52340901e+00
0.00000000e+00
0.00000000e+00
0.00000000e+00
7.16969379e-01
1.56798715e+00
1.14965157e+00
1.14239686e+00
-6.80734133e-01
1.36914254e+00
1.85802692e+00
1.10595025e+00
1.61435781e+00
0.00000000e+00
1.26108514e+00
-2.33384417e-01
-8.04523263e-01
1.49082719e+00
5.78770016e-01
9.71571110e-01
1.28512074e+00
3.60471931e-01
-2.32646920e-01
2.13579471e+00
5 1
-1.1522e+00 5.9491e-01
8 0
0 8 3 1 6 7 2 13 
217
-2.71083313e-01
-1.47630161e-01
2.93576317e-01
-5.84866954e-01
-3.29231207e-01
4.95905833e-01
-2.29420634e-02
6.51987873e-01
7.50045319e-01
-2.79779032e-01
0.00000000e+00
0.00000000e+00
0.00000000e+00
0.00000000e+00
-2.83369576e-03
9.10265255e-04
-2.83057178e-01
1.27334399e-03
-1.30525905e-04
4.59102855e-02
-2.52002419e-01
-7.40458562e-04
4.75158900e-01
-1.75205424e-02
-6.02737517e-04
-4.23423170e-02
-2.15930788e-01
-2.04413499e-01
1.49260974e-01
0.00000000e+00
0.00000000e+00
0.00000000e+00
0.00000000e+00
0.00000000e+00
0.00000000e+00
0.00000000e+00
0.00000000e+00
2.33553620e-01
-3.19260694e-01
-5.16181270e-01
1.98526590e-01
-1.85421477e-01
1.78597547e-01
0.00000000e+00
0.00000000e+00
-2.77605351e-01
-8.28040537e-01
2.54308042e-01
0.00000000e+00
2.47252522e-01
-4.26271610e-02
4.47191145e-01
1.69355035e-01
2.40916680e-01
0.00000000e+00
-3.00927244e-01
0.00000000e+00
3.63181469e-02
0.00000000e+00
-5.59653163e-01
-1.37573256e-01
-5.54722687e-01
4.21212631e-01
0.00000000e+00
-3.58884090e-01
7.27956730e-01
3.20384223e-01
8.18584434e-01
-2.32583445e-01
1.27856726e+00
0.00000000e+00
4.01451485e-01
1.10442920e-01
-3.47879712e-01
5.11090068e-01
-3.24655086e-01
2.89652072e-01
0.00000000e+00
-4.52999159e-01
-3.24997789e-01
2.82686908e-01
-2.30731927e-01
-1.00771061e-01
2.44597922e-01
-5.98893971e-02
-1.39631943e-01
4.49733102e-02
-1.68090859e-01
-6.30804250e-01
9.65288871e-02
4.96660713e-01
-7.67867407e-01
-7.47716704e-01
-2.24199104e-01
6.97410879e-01
-5.20685872e-01
5.47089919e-01
1.71095146e-01
1.09567631e-01
6.56283802e-02
0.00000000e+00
-4.45760847e-01
5.03268108e-02
-5.18477011e-04
3.42913037e-01
-1.06039050e-02
-2.00440566e-01
1.76346437e-01
1.45068126e-01
-5.44912406e-01
-2.05106968e-01
2.68204362e-01
-2.05971503e-02
5.45270472e-02
0.00000000e+00
-1.57236292e-01
-1.88374686e-01
-1.47776918e-01
1.87180806e-01
4.43078575e-01
-3.64085296e-01
-3.07466876e-01
0.00000000e+00
0.00000000e+00
0.00000000e+00
1.54152436e-01
2.05630428e-01
-6.47384210e-01
-2.86285522e-02
-1.11876490e+00
-2.99633440e-01
-1.73678168e-01
8.80150715e-02
5.01033844e-01
0.00000000e+00
2.53461087e-01
-6.92983240e-01
-8.78628159e-01
8.58707310e-01
-6.75018061e-01
8.64912367e-01
5.58662350e-01
-7.02592700e-01
5.33579113e-01
8.91690553e-01
-3.66017741e-01
0.00000000e+00
0.00000000e+00
0.00000000e+00
7.34170019e-01
-3.65265963e-01
2.46647086e-01
2.18768547e-01
-6.29335249e-01
3.12660632e-01
4.23610919e-01
3.15686636e-01
-5.19124799e-01
0.00000000e+00
3.57364634e-02
7.27350787e-01
-4.47375093e-01
-1.34141992e-01
8.74588190e-01
-3.21716693e-01
-3.17482067e-01
-5.82785428e-01
-2.95883112e-01
-6.42126624e-01
-1.03066502e+00
0.00000000e+00
0.00000000e+00
0.00000000e+00
-1.33830548e-01
5.92293356e-02
-4.68183504e-01
9.44781077e-02
-9.06829161e-01
4.21680778e-01
2.57252456e-02
7.77583665e-01
5.35443141e-01
0.00000000e+00
-4.00480992e-01
-1.11313016e+00
-8.06839419e-01
3.00541784e-01
-3.53303368e-01
9.30682733e-01
4.69831585e-01
-6.02676579e-01
3.03632873e-01
-1.64220531e-01
-4.20150996e-01
0.00000000e+00
0.00000000e+00
0.00000000e+00
1.91299831e-01
7.26838204e-01
-4.65181132e-01
4.73590348e-01
-5.88229172e-01
-5.31831131e-01
7.25453792e-01
-2.13003128e-01
-9.63816784e-01
0.00000000e+00
4.32254742e-01
1.47164779e-01
-3.10795426e-01
1.60960739e-01
8.55911856e-02
-3.91287635e-01
-1.27969967e-01
-2.60610403e-01
1.83694255e-02
4.71050738e-01
136
2.92443257e-01
2.08906454e-01
3.90116829e-03
4.35791420e-01
-6.30764138e-03
4.77725626e-03
-3.84479258e-03
-3.57031873e-01
1.71448229e-03
3.36904840e-02
1.95022007e-01
6.37307658e-02
0.00000000e+00
0.00000000e+00
0.00000000e+00
0.00000000e+00
0.00000000e+00
0.00000000e+00
0.00000000e+00
0.00000000e+00
3.76029776e-01
-3.02629635e-01
-3.52940388e-01
5.20438580e-02
1.80193624e-01
2.91341588e-01
4.84044339e-02
0.00000000e+00
-4.80910126e-01
-6.63238316e-01
9.61535332e-01
0.00000000e+00
3.10920159e-01
-3.89907534e-01
6.20354057e-01
-1.19856290e-01
2.07162884e-01
6.69651846e-02
1.39154761e-01
3.60133806e-02
-8.89957455e-02
5.79542524e-02
-3.64708742e-01
0.00000000e+00
0.00000000e+00
0.00000000e+00
0.00000000e+00
6.00036611e-01
7.08550147e-01
5.87202952e-02
-6.64475077e-01
0.00000000e+00
-1.35665738e-01
1.11561111e-02
-1.68391093e-01
7.60281423e-02
0.00000000e+00
1.10813429e-01
-1.19688463e-01
1.22671740e-01
-2.46240726e-01
-5.80579445e-01
1.67347547e-01
-4.02215116e-01
7.83850309e-02
-1.75085493e-01
1.78329586e-01
-7.13537773e-02
-2.03993211e-01
3.19173967e-01
-4.73808603e-01
4.27151209e-01
-7.17346601e-02
-4.00551058e-01
4.88805267e-04
-1.76896711e-01
2.91365087e-01
1.99633834e-02
-3.12528877e-01
1.52779491e-01
-1.09401785e-01
2.70674280e-01
6.35983256e-02
-3.63233978e-01
9.12745066e-02
-2.68757444e-01
-1.14579775e-01
-1.77757178e-01
-7.83163509e-01
0.00000000e+00
0.00000000e+00
0.00000000e+00
1.40162099e-01
2.22019134e-01
-6.26587234e-01
6.40189296e-02
-1.23957273e+00
-4.32421296e-02
-1.19478115e-01
2.97069342e-01
1.66189357e-02
0.00000000e+00
-1.26232801e-02
2.97123270e-01
-1.07778271e+00
7.25517229e-01
-7.43867356e-02
5.61589288e-01
4.24258559e-01
-1.17927961e+00
3.84105821e-01
4.57306428e-01
-1.04829044e+00
0.00000000e+00
0.00000000e+00
0.00000000e+00
1.21682931e-01
4.55443845e-01
-5.55504152e-01
-4.30884211e-02
-8.39479028e-01
3.26772072e-01
3.18771096e-01
1.82106756e-01
3.89843053e-02
0.00000000e+00
8.17938032e-02
-4.28942788e-01
-1.22772193e+00
6.68480936e-01
3.07777244e-02
1.66253312e-01
1.31529295e-01
-1.17238907e+00
2.25902243e-01
4.70336632e-01
10 1
-1.5713e+00 4.4104e-01
8 1
0 8 3 1 6 7 2 13 
217
-3.31683741e+00
2.43899627e-01
2.01828491e+00
2.09397965e-01
-2.41026540e+00
2.38767755e+00
-1.18977027e+00
3.57803420e+00
0.00000000e+00
0.00000000e+00
0.00000000e+00
0.00000000e+00
0.00000000e+00
0.00000000e+00
-3.21590401e-01
-5.04144210e-02
1.49263193e+00
-2.59791811e+00
1.77576659e-02
2.44165286e-01
-3.97328900e-01
-2.73962503e-02
1.23700456e+00
0.00000000e+00
0.00000000e+00
0.00000000e+00
0.00000000e+00
-1.64944541e+00
-1.66739199e+00
0.00000000e+00
0.00000000e+00
0.00000000e+00
0.00000000e+00
0.00000000e+00
0.00000000e+00
0.00000000e+00
0.00000000e+00
2.82364481e-01
-2.30013986e+00
-1.82200675e+00
-1.34535262e+00
-3.83146226e-03
1.09354681e+00
7.78581999e-01
0.00000000e+00
1.70710952e+00
5.35809980e-01
9.01927837e-02
0.00000000e+00
8.07247688e-01
0.00000000e+00
-1.08010218e-01
0.00000000e+00
9.47880486e-02
0.00000000e+00
-1.56907404e-01
0.00000000e+00
-9.65060955e-01
7.52338665e-02
-2.62202513e+00
-6.90639894e-01
-2.61550581e+00
-1.06917071e-02
0.00000000e+00
-2.16417174e+00
0.00000000e+00
-4.81636225e-01
9.94282715e-01
-6.71029442e-01
2.18739805e+00
0.00000000e+00
-7.85756611e-01
-2.02173437e-01
1.35378471e+00
-1.17147910e+00
0.00000000e+00
0.00000000e+00
0.00000000e+00
-4.48260037e-01
-1.08392742e-01
8.21005970e-01
-1.29204763e-01
0.00000000e+00
0.00000000e+00
0.00000000e+00
2.47590788e+00
-3.89968767e-01
3.23695707e+00
-9.81271995e-01
2.98605069e+00
-4.17287045e-01
0.00000000e+00
-1.71373822e+00
0.00000000e+00
-9.73961111e-01
1.64854816e+00
-6.29138080e-01
-1.94870875e+00
0.00000000e+00
8.17661705e-01
1.60196536e-01
6.58347856e-01
-7.02403549e-01
-5.59444928e-01
-2.50028269e+00
-7.46563437e-01
-1.45565589e+00
-5.82069734e-01
-1.29346992e+00
-6.28899705e-02
1.78851837e-01
2.76680390e+00
-2.14910732e+00
-9.42712069e-01
-8.91450378e-02
-6.63758008e-03
-2.56253931e+00
-2.18380438e-01
1.04834842e+00
-9.30659583e-01
2.50521862e+00
-3.06219335e+00
0.00000000e+00
0.00000000e+00
0.00000000e+00
3.18439601e+00
1.79129406e+00
-1.83086559e-01
2.20713751e+00
-1.29004831e-02
2.06355790e+00
1.23039431e-01
2.73559250e+00
1.09110170e+00
0.00000000e+00
1.49089958e-02
2.60705484e+00
4.16817933e-01
1.66991756e+00
1.42459568e+00
4.17351217e+00
1.38281941e+00
-5.53284236e-03
3.26716638e+00
2.04699888e+00
-3.12101613e+00
0.00000000e+00
0.00000000e+00
0.00000000e+00
-6.22638951e-01
2.19699516e+00
2.26826802e+00
-2.21166884e+00
-1.06954813e-02
2.09162323e+00
3.76170937e+00
1.26385322e+00
2.37655160e+00
0.00000000e+00
2.96674138e+00
-9.61463499e-01
1.89879362e+00
3.35791987e+00
1.76175299e+00
-1.36937257e-01
2.75956263e+00
-4.40434146e-03
-1.23881232e+00
2.28120840e+00
-8.74980325e-01
0.00000000e+00
0.00000000e+00
0.00000000e+00
4.65949285e-01
-1.65316951e-01
4.29591785e-01
1.12305916e+00
-4.36710445e-02
-3.50856498e-04
1.40673020e+00
6.05149202e-01
1.61714106e+00
0.00000000e+00
1.15901581e+00
5.84151971e-01
-1.21441094e-01
2.27199983e+00
-1.30501374e+00
1.08650768e+00
4.61809413e-01
-4.08539143e-01
-1.36685659e-01
4.48477717e-01
-1.22229468e+00
0.00000000e+00
0.00000000e+00
0.00000000e+00
-1.23011408e+00
-4.46861034e-02
-5.00602165e-02
-5.56131038e-01
-1.67726253e-02
-6.02730912e-04
1.16389018e-01
1.08468338e+00
4.59412454e-01
0.00000000e+00
9.61135035e-01
1.29363308e+00
-6.23376145e-02
-2.86950256e+00
2.14660602e+00
-1.66774948e+00
9.07129421e-01
-2.24418862e-01
-4.82676600e-02
2.00022362e+00
136
-1.70966971e-01
9.80398002e-01
-4.41950736e-02
-5.23271098e-01
4.60199052e-03
-6.28093875e-01
-1.76264296e-02
0.00000000e+00
0.00000000e+00
0.00000000e+00
-5.47696601e-02
-1.16197311e-01
0.00000000e+00
0.00000000e+00
0.00000000e+00
0.00000000e+00
0.00000000e+00
0.00000000e+00
0.00000000e+00
0.00000000e+00
2.70170528e-01
-2.00269408e-01
-4.01345798e-01
-4.46754067e-01
7.56553715e-02
3.91159283e-01
1.40417120e-01
0.00000000e+00
-1.90139786e-01
-1.54122154e-01
3.52773334e-01
0.00000000e+00
3.81242436e-01
-9.80311195e-01
5.02577573e-01
-9.01514972e-01
3.44228809e-01
3.41690887e-01
2.64797767e-01
8.81108308e-02
-5.97967025e-02
2.36522658e-01
-3.97026457e-01
0.00000000e+00
0.00000000e+00
0.00000000e+00
0.00000000e+00
-1.36962394e+00
7.18983536e-01
-1.65984965e-01
0.00000000e+00
0.00000000e+00
-3.37869385e-01
-6.59989353e-01
9.57130214e-02
3.06392875e-01
0.00000000e+00
5.77138849e-02
-6.91190883e-02
1.55934530e-01
-2.52643876e-01
-7.62190138e-01
6.76494557e-01
-3.53354511e-02
1.09578875e-01
-2.17513713e-01
0.00000000e+00
-1.62651741e-01
3.56686628e-01
2.56512093e-01
-7.72169311e-01
-3.24313719e-01
2.86276423e-01
-2.20445468e-01
6.27066398e-02
0.00000000e+00
-6.59707428e-01
5.26696073e-01
-2.49795496e-01
2.00865555e-01
-8.95377151e-02
4.40980539e-01
-4.19882928e-01
-6.89608583e-01
2.86641944e-03
-2.06162419e-01
-3.30949708e-01
1.96852471e+00
-1.29352278e+00
0.00000000e+00
0.00000000e+00
0.00000000e+00
3.15023647e-01
7.17077778e-01
-1.87053268e-01
3.83047412e-01
-1.64163379e+00
-2.15714309e-01
2.93767727e-01
4.74686822e-01
-3.65946194e-01
0.00000000e+00
1.14439420e-01
-4.04126016e-01
-9.98545182e-01
-5.29189072e-01
2.14257655e-01
1.09826820e+00
1.14226055e+00
-2.51640359e+00
-8.05511431e-02
8.92810568e-01
-1.37609365e+00
0.00000000e+00
0.00000000e+00
0.00000000e+00
6.71821962e-01
1.46233540e+00
7.90262221e-01
9.46348009e-01
-4.24201451e-01
9.61206199e-01
1.63645953e+00
1.10997953e+00
1.70429632e+00
0.00000000e+00
1.52842704e+00
4.65499531e-01
-1.21401596e+00
1.04688067e+00
5.39790039e-01
8.13645446e-01
1.52790358e+00
6.83784103e-01
-1.13287693e-01
1.92980378e+00
