0 7 -999999999 -1 -1
1 1 0 -1 -1
-0.9027 0.5084
356
-2.89360227e-01
-1.21946048e-01
-1.67414179e-01
2.26055256e-01
-1.27677937e-01
-4.14944010e-01
2.22049926e-01
0.00000000e+00
0.00000000e+00
3.40341604e-01
-4.24193505e-01
-6.44398070e-01
-5.66933631e-02
1.15631544e-01
5.09384390e-02
5.94852736e-02
0.00000000e+00
0.00000000e+00
0.00000000e+00
0.00000000e+00
0.00000000e+00
0.00000000e+00
0.00000000e+00
0.00000000e+00
0.00000000e+00
0.00000000e+00
0.00000000e+00
0.00000000e+00
0.00000000e+00
0.00000000e+00
0.00000000e+00
0.00000000e+00
0.00000000e+00
0.00000000e+00
0.00000000e+00
0.00000000e+00
0.00000000e+00
0.00000000e+00
0.00000000e+00
0.00000000e+00
0.00000000e+00
0.00000000e+00
0.00000000e+00
0.00000000e+00
0.00000000e+00
0.00000000e+00
0.00000000e+00
0.00000000e+00
0.00000000e+00
0.00000000e+00
0.00000000e+00
-1.97909908e-01
6.07834987e-01
-2.12697485e-01
0.00000000e+00
0.00000000e+00
0.00000000e+00
0.00000000e+00
-2.12444910e-01
-4.37444984e-02
-1.48554963e-01
1.30043389e-01
1.65604846e-01
-2.81056537e-01
-1.65666898e-01
-6.44992566e-02
7.17016977e-02
-2.78352468e-02
-2.47759211e-01
-6.67764287e-03
2.27969532e-01
3.89735182e-02
3.79441739e-03
-1.37771745e-01
9.87002921e-01
-1.42707622e-02
-3.68511742e-01
-1.06757746e+00
2.91213879e-03
-3.63173694e-02
0.00000000e+00
0.00000000e+00
3.02962422e-01
-4.22061467e-02
-8.02171800e-01
-2.43213649e-01
4.95268946e-01
0.00000000e+00
0.00000000e+00
0.00000000e+00
1.61701957e-01
-3.19433356e-02
-6.61310621e-02
-6.66864829e-02
-1.75125036e-01
8.60693964e-02
1.64366502e-01
3.60890590e-01
1.19053876e-01
9.25979167e-02
6.63853914e-01
-1.44795857e-01
0.00000000e+00
0.00000000e+00
1.24173186e+00
2.65589508e+00
0.00000000e+00
0.00000000e+00
0.00000000e+00
0.00000000e+00
0.00000000e+00
0.00000000e+00
3.49140857e-01
3.37624975e-02
1.61922372e-01
-1.29326665e-01
-6.97017007e-01
-1.24957415e+00
0.00000000e+00
0.00000000e+00
0.00000000e+00
0.00000000e+00
0.00000000e+00
0.00000000e+00
1.53230866e-01
6.12798520e-02
-4.19015771e-01
-5.37649133e-01
-1.02664715e+00
-1.17645397e+00
2.17180469e+00
3.11976327e+00
2.94352139e+00
3.06194674e+00
2.71401187e+00
2.84215825e+00
5.05258969e-01
5.11493035e-01
5.42401781e-01
9.69407552e-01
7.21971039e-01
6.52339674e-02
1.16036691e-01
2.64275227e-01
3.66290456e-02
5.77255407e-01
5.62287666e-01
2.57356372e-01
0.00000000e+00
0.00000000e+00
0.00000000e+00
0.00000000e+00
0.00000000e+00
0.00000000e+00
0.00000000e+00
0.00000000e+00
-2.89360227e-01
2.32096676e-01
0.00000000e+00
-2.08443473e+00
-6.13037704e-01
-2.24303283e-01
-9.18054387e-01
-6.36517293e-01
-1.53109209e+00
0.00000000e+00
0.00000000e+00
0.00000000e+00
-1.16412394e-02
6.93145169e-01
-2.13016765e-01
1.19564711e-01
-1.13776433e+00
1.98285749e-01
6.47332587e-01
4.48694890e-01
-5.48496218e-02
0.00000000e+00
1.14029965e-01
-4.61048493e-01
-1.37299516e+00
-2.32395163e-01
2.66169815e-01
2.81047290e-01
2.11460663e-03
-1.65774014e+00
2.18228467e-01
6.21745582e-01
-1.99209679e-01
0.00000000e+00
0.00000000e+00
0.00000000e+00
1.91756149e-01
-8.57249683e-02
1.43791122e-02
-2.04543807e-01
3.94134546e-02
-4.31170279e-02
-5.99740991e-02
1.93526203e-01
9.56691213e-02
0.00000000e+00
-3.97498893e-02
8.03822288e-02
-1.42744715e-01
8.58963226e-02
8.21120978e-02
2.52343891e-01
4.39815286e-02
-5.45550339e-01
1.30082721e-03
-1.58565770e-01
-8.05355264e-01
-2.92054573e-01
0.00000000e+00
-2.78367379e-01
-2.95143377e-01
1.56128452e-01
-5.85260657e-02
-3.89656960e-01
3.15133433e-01
0.00000000e+00
0.00000000e+00
0.00000000e+00
3.33151711e-01
-6.29702474e-01
-1.58136113e-01
-1.61223127e-01
2.60753427e-01
1.48729095e-01
6.33975469e-02
-2.07601161e-01
-3.36720466e-01
0.00000000e+00
2.93033614e-01
-8.27035541e-03
4.02385990e-01
9.99724588e-02
4.68692872e-02
-8.03873326e-02
2.49250878e-01
-2.81333281e-02
3.86648736e-02
-1.09010926e-02
-5.13300691e-01
0.00000000e+00
4.75099671e-01
3.90362241e-01
-7.25736827e-01
-3.20983130e-01
0.00000000e+00
0.00000000e+00
-4.62364204e-01
7.70881820e-02
-4.23619039e-02
-3.55709408e-01
-4.04753696e-01
0.00000000e+00
0.00000000e+00
6.59795514e-01
-8.60820576e-01
0.00000000e+00
0.00000000e+00
0.00000000e+00
-3.34450085e-01
1.64321661e+00
-6.41984017e-02
1.91298283e-01
-5.69579538e-01
5.89440775e-01
1.00135137e-01
-2.34654831e-01
3.73828587e-01
0.00000000e+00
-4.60501499e-01
2.70117664e-01
-1.08356971e+00
8.52231296e-01
-1.20772799e+00
-3.84158299e-01
7.65600950e-01
-6.43573391e-01
1.35431500e-01
-7.99707644e-01
-4.67548155e-01
0.00000000e+00
0.00000000e+00
0.00000000e+00
-1.32286089e-01
6.53024540e-02
1.23295017e-01
-1.63281786e-01
-1.73178600e-02
-7.98225860e-02
2.38851897e-01
7.92057286e-02
-1.55750799e-01
0.00000000e+00
1.72258217e-02
-1.36288771e-01
-5.96395642e-01
-4.44515621e-02
-2.87209877e-01
3.80866980e-01
-2.87258444e-01
-5.82878958e-02
4.43617680e-01
1.42437578e-01
-4.36745165e-01
-3.90343584e-02
-3.58254288e-01
-4.84996913e-01
-6.59065595e-01
1.75691915e-01
1.28945621e-02
-2.27620836e-01
3.83481346e-01
0.00000000e+00
0.00000000e+00
0.00000000e+00
-3.26630398e-01
2.82646323e-01
-4.52301110e-02
3.58686022e-01
1.30089182e-01
5.68471257e-02
-3.40293783e-02
2.87835110e-02
4.12627109e-01
0.00000000e+00
-5.15054403e-01
-3.89842353e-02
7.79865071e-02
1.21808234e-01
1.46349445e-02
-9.91787500e-02
-3.09708725e-02
2.19974146e-01
-2.44618372e-01
1.40947607e-02
-3.97710806e-01
6.78135932e-01
1.25763932e-01
9.41482556e-02
-4.24075412e-01
-1.85268925e-01
-3.14694329e-01
-5.64426973e-01
-5.51339349e-01
8.22007985e-02
1.04263273e-02
-2.77896051e-01
-2.38806487e-01
2.75539811e-01
-1.66936747e-01
-1.68897359e-01
247
3.28260387e-02
6.13775641e-02
-2.85515254e-02
2.06836987e-01
-1.45459423e-01
6.36573946e-02
-5.35291369e-01
-1.49504652e-01
0.00000000e+00
0.00000000e+00
-3.45130353e-01
-2.93601483e-01
-6.18281901e-02
-3.35190135e-02
0.00000000e+00
0.00000000e+00
0.00000000e+00
0.00000000e+00
0.00000000e+00
0.00000000e+00
0.00000000e+00
0.00000000e+00
0.00000000e+00
0.00000000e+00
0.00000000e+00
0.00000000e+00
0.00000000e+00
0.00000000e+00
0.00000000e+00
0.00000000e+00
0.00000000e+00
0.00000000e+00
0.00000000e+00
0.00000000e+00
0.00000000e+00
0.00000000e+00
0.00000000e+00
0.00000000e+00
0.00000000e+00
0.00000000e+00
0.00000000e+00
1.12567123e+00
-3.24302092e-02
-4.15112101e-01
1.26643948e-02
4.05729662e-01
-2.81707335e-03
-1.08346275e+00
3.56564369e-03
0.00000000e+00
0.00000000e+00
-1.27066653e-01
-7.39938344e-01
-7.40923587e-01
6.97954693e-02
1.57095915e+00
0.00000000e+00
0.00000000e+00
0.00000000e+00
1.93079021e+00
3.52008974e+00
0.00000000e+00
0.00000000e+00
0.00000000e+00
0.00000000e+00
0.00000000e+00
0.00000000e+00
-1.45401665e-01
8.34637301e-02
3.81052126e-01
3.60869905e-01
-9.81971373e-01
-1.59597689e+00
0.00000000e+00
0.00000000e+00
0.00000000e+00
0.00000000e+00
0.00000000e+00
0.00000000e+00
4.07546456e-01
-2.16643120e-01
-4.57537860e-01
-6.74857911e-01
-1.09227010e+00
-1.45350117e+00
3.31460265e+00
3.91960558e+00
3.89942349e+00
4.02132946e+00
4.20661903e+00
4.01112763e+00
4.86920313e-01
5.61662263e-01
4.94284449e-01
5.43038195e-01
3.73011738e-01
-2.92945276e-01
2.08884415e+00
-5.32211319e-02
4.22613255e-01
4.82694015e-01
5.61892307e-01
-3.23063267e-01
0.00000000e+00
0.00000000e+00
0.00000000e+00
0.00000000e+00
3.28260387e-02
8.08265222e-02
0.00000000e+00
-2.36684001e+00
-1.05152556e+00
-8.46438611e-01
-7.20995097e-01
-3.99428598e-01
-1.89796417e+00
0.00000000e+00
0.00000000e+00
0.00000000e+00
6.75800106e-01
6.30636452e-01
-3.02243095e-01
-2.00095809e-01
-7.98539923e-01
2.34959149e-02
2.03330051e-01
8.36011957e-01
-5.27891288e-01
0.00000000e+00
4.86041398e-01
-5.49809930e-01
-1.43233193e+00
1.60581140e-02
7.58457234e-01
3.43029290e-01
2.40097995e-01
-2.33083337e+00
-7.61051305e-01
7.91873965e-01
-9.67793513e-01
-4.58020911e-01
0.00000000e+00
5.98002153e-02
7.05639046e-01
-4.39032752e-01
0.00000000e+00
0.00000000e+00
0.00000000e+00
1.10578747e-01
1.11220925e+00
2.25753876e-01
1.73809774e-01
1.86663351e-02
3.17554260e-01
-3.54629749e-02
1.41265382e-01
-5.32986056e-02
0.00000000e+00
1.32326417e-01
1.90819211e-01
-3.68854020e-01
2.40313578e-01
-1.13471297e+00
-2.20941061e-01
-7.40470392e-02
0.00000000e+00
-2.69231298e-01
-4.67288659e-01
-5.09772602e-01
0.00000000e+00
-3.78748243e-01
-1.09273739e-02
-9.30170655e-01
-5.93504646e-01
0.00000000e+00
0.00000000e+00
-5.58401242e-01
-3.36666009e-01
0.00000000e+00
0.00000000e+00
9.63009359e-01
-1.12042370e+00
0.00000000e+00
0.00000000e+00
0.00000000e+00
-4.29175770e-01
2.65577300e+00
-5.58545612e-02
2.07257047e-01
0.00000000e+00
8.70160469e-01
8.59855793e-01
-8.71284705e-02
2.15909149e-01
0.00000000e+00
-4.14432964e-01
5.62993752e-01
-1.18817139e+00
9.65230763e-01
-1.42085581e+00
-2.04123295e-01
4.48187455e-01
-1.17274608e+00
6.31412681e-01
2.96449660e-01
-3.64621481e-01
7.91527765e-02
-8.68298620e-02
-5.67306385e-01
-5.76285428e-01
-7.68580533e-01
0.00000000e+00
0.00000000e+00
0.00000000e+00
2.56430197e-01
-3.99481220e-01
4.45975452e-01
3.59145853e-01
0.00000000e+00
2.94754726e-01
3.46945306e-01
5.06326815e-01
1.74394897e-01
0.00000000e+00
1.94086125e-01
-2.50244036e-01
-1.22784724e-01
-1.42550858e-01
4.52164308e-01
3.09220816e-01
9.35191488e-02
0.00000000e+00
5.96727423e-01
2.63891757e-01
-4.43774257e-01
2.40672122e-01
-2.29295485e-01
4.27178667e-02
-7.55802215e-01
-8.00147874e-01
8.14076783e-01
-1.91247462e-01
4.34256029e-01
4.43456589e-02
3.54360616e-01
-6.24369132e-01
-1.37150425e-01
3 -999999999 5 0 -1
2 0 1 1 -1
-9.8055e-01 7.8482e-01
356
1.95391242e-01
0.00000000e+00
0.00000000e+00
0.00000000e+00
0.00000000e+00
0.00000000e+00
0.00000000e+00
0.00000000e+00
0.00000000e+00
0.00000000e+00
0.00000000e+00
0.00000000e+00
0.00000000e+00
0.00000000e+00
0.00000000e+00
0.00000000e+00
4.36662386e-01
-2.41271144e-01
-3.83596738e-01
7.77848634e-02
-1.60590523e-01
-1.68394049e-01
0.00000000e+00
0.00000000e+00
-4.18579704e-01
2.62727045e-01
1.44065227e-01
-2.91479508e-01
-1.73718214e-01
-8.60383372e-02
-1.23840188e-01
-3.16157622e-02
2.27007004e-01
-6.16597771e-01
1.07858075e-01
-8.77566058e-01
-6.24610919e-01
3.24243606e-01
-1.21342338e+00
2.60738403e-01
-1.20909659e-01
0.00000000e+00
0.00000000e+00
0.00000000e+00
0.00000000e+00
0.00000000e+00
0.00000000e+00
0.00000000e+00
0.00000000e+00
0.00000000e+00
0.00000000e+00
1.18236102e-01
7.68557980e-02
-4.73868240e-01
0.00000000e+00
0.00000000e+00
0.00000000e+00
0.00000000e+00
-8.88086798e-01
1.60475445e+00
7.06314162e-01
4.16520468e-01
1.12231704e+00
-6.51985606e-01
7.04951503e-02
-1.35008351e+00
-8.15648311e-01
-1.86727357e-01
0.00000000e+00
0.00000000e+00
0.00000000e+00
0.00000000e+00
0.00000000e+00
0.00000000e+00
-1.19073049e-02
8.36258633e-04
-2.71096541e-01
2.67318866e-01
-7.16268622e-04
7.92513817e-02
0.00000000e+00
0.00000000e+00
1.99165772e-01
-5.47184396e-01
-2.18383947e-01
2.44340278e-01
6.03610419e-01
-8.61568838e-02
0.00000000e+00
0.00000000e+00
4.24265560e-01
-8.34776046e-02
2.84055296e-01
-1.50551851e-01
-1.07599687e-01
-1.25366699e-01
1.25579456e-01
4.83408251e-02
4.13826378e-02
-1.03673657e-01
3.15011583e-01
-1.40084973e-01
3.27630282e-01
-4.01041016e-02
1.94954240e+00
2.07588606e+00
0.00000000e+00
0.00000000e+00
0.00000000e+00
0.00000000e+00
0.00000000e+00
0.00000000e+00
-2.38551762e-01
-1.04965287e-01
2.15441918e-01
4.89159046e-02
-3.98558687e-01
-1.27643324e+00
0.00000000e+00
0.00000000e+00
0.00000000e+00
0.00000000e+00
0.00000000e+00
0.00000000e+00
1.17764556e-01
2.29505590e-02
-3.23642745e-01
-3.43684195e-01
-4.33076704e-01
-9.20806289e-01
4.17473692e+00
4.33284771e+00
3.99470847e+00
4.27211598e+00
4.54238255e+00
4.26317939e+00
5.89502040e-01
1.86968171e-01
1.29178374e-01
-3.72733689e-02
-8.84425242e-02
-4.92807794e-01
4.36411804e-01
-1.20532246e-01
-1.72194254e-03
4.88525505e-02
3.49579924e-02
-1.91151781e-01
0.00000000e+00
0.00000000e+00
0.00000000e+00
0.00000000e+00
0.00000000e+00
0.00000000e+00
0.00000000e+00
0.00000000e+00
1.95391242e-01
6.60297640e-02
0.00000000e+00
0.00000000e+00
-6.35095010e-01
-6.98114461e-01
-1.11905615e+00
-1.18238036e+00
-1.75415116e+00
0.00000000e+00
0.00000000e+00
0.00000000e+00
6.75760033e-01
6.93774375e-01
-3.42700698e-01
6.43613284e-02
-1.29462529e+00
1.93542371e-01
4.19910164e-01
9.60900506e-01
-1.31437150e-01
0.00000000e+00
6.06801646e-01
-6.27744611e-01
-1.39602086e+00
1.62183536e-01
1.25642546e-01
5.76546118e-01
1.31930247e-01
-2.40656569e+00
-5.41003082e-01
3.74593353e-01
2.68751743e-02
0.00000000e+00
0.00000000e+00
0.00000000e+00
-5.20551883e-02
-3.77489851e-02
-8.97422212e-02
1.20500333e-01
-2.33138171e-01
2.16671064e-01
1.25811590e-01
-2.05336190e-01
1.59514779e-01
0.00000000e+00
-2.83890756e-01
9.05793676e-03
1.75075836e-01
5.83870556e-02
1.84363446e-01
3.72898818e-02
8.02940594e-03
-6.61745410e-02
-1.55692676e-01
5.59525729e-02
-8.43357902e-01
-1.35174750e-01
0.00000000e+00
0.00000000e+00
0.00000000e+00
-3.21794652e-02
2.16572755e-02
-1.24652561e-01
9.79076182e-02
0.00000000e+00
0.00000000e+00
0.00000000e+00
-8.06656829e-03
-5.55546139e-01
-2.05145917e-01
8.27299654e-02
-2.81398569e-02
4.67790283e-02
-2.90027391e-01
4.43720416e-01
-2.57993972e-01
0.00000000e+00
6.66203459e-02
1.35451434e+00
-1.85524193e-01
2.46362353e-01
-4.84255373e-01
5.13616169e-02
-1.08154703e-01
2.66790642e-01
-3.64243462e-02
-3.01692631e-01
-7.08183152e-01
0.00000000e+00
0.00000000e+00
0.00000000e+00
-9.10793253e-01
-4.99920259e-01
0.00000000e+00
0.00000000e+00
0.00000000e+00
-5.13450399e-02
-2.30499168e-01
-2.18076052e-01
-4.10872994e-01
0.00000000e+00
0.00000000e+00
7.75831502e-01
-1.88049482e+00
0.00000000e+00
0.00000000e+00
0.00000000e+00
-5.25416366e-01
2.04606649e+00
-1.51585850e-01
-2.52392116e-02
-1.91440828e+00
5.59249024e-01
7.68433048e-01
-2.19234316e-01
1.96987644e-01
0.00000000e+00
8.23911260e-02
-2.60813579e-01
-1.54703866e-01
5.21004040e-01
-1.78655729e+00
3.66346551e-01
-7.76361652e-03
-1.74271050e+00
2.39386820e-01
1.28073315e-01
9.91987100e-02
0.00000000e+00
0.00000000e+00
0.00000000e+00
2.82007686e-01
-2.49199573e-01
4.16037983e-02
1.16838658e-01
-4.75124178e-01
1.71810208e-01
-3.88437671e-02
8.39702037e-02
-2.15853777e-01
0.00000000e+00
-6.07108688e-02
1.62347265e-01
-5.21913856e-01
2.26695814e-01
5.18917114e-01
-3.17676354e-02
1.88993929e-01
-5.36684297e-02
-2.37144219e-01
1.90240337e-01
-8.16796622e-01
-1.17371127e-01
0.00000000e+00
0.00000000e+00
4.47585363e-02
-2.20187205e-03
-1.94806950e-01
7.96376956e-02
1.62930148e-01
0.00000000e+00
0.00000000e+00
0.00000000e+00
-1.77575142e-02
3.10608744e-01
-1.65875508e-02
-1.73421838e-01
0.00000000e+00
-2.48448914e-01
8.96530600e-02
-2.16496503e-01
-4.68525759e-03
0.00000000e+00
2.62328268e-01
-1.02674137e+00
6.34817092e-01
1.09881431e-01
4.57661962e-01
-1.34575134e-01
-3.39537156e-01
0.00000000e+00
3.83575009e-01
-5.32821373e-01
-6.99425495e-01
0.00000000e+00
8.05773386e-01
1.05880526e+00
-1.06369819e+00
-5.80743334e-01
0.00000000e+00
0.00000000e+00
-1.32947840e+00
-9.46277285e-02
-2.55368767e-01
-2.30746839e-01
-4.82954860e-01
0.00000000e+00
1.68361684e+00
6.81597203e-01
247
2.29003084e-01
0.00000000e+00
0.00000000e+00
0.00000000e+00
0.00000000e+00
0.00000000e+00
0.00000000e+00
0.00000000e+00
0.00000000e+00
-4.32985085e-01
0.00000000e+00
0.00000000e+00
0.00000000e+00
0.00000000e+00
-2.31433674e-01
4.60436758e-01
-3.16820719e-01
8.53870449e-02
5.75582281e-02
-3.79666600e-01
0.00000000e+00
0.00000000e+00
0.00000000e+00
3.09804361e-01
3.84374015e-01
-1.27911332e-02
-9.08079093e-02
-2.30544080e-01
4.59547164e-01
-1.25297867e+00
1.02243459e+00
1.36733108e-01
-1.87152007e-01
4.43067186e-01
0.00000000e+00
0.00000000e+00
0.00000000e+00
0.00000000e+00
0.00000000e+00
0.00000000e+00
0.00000000e+00
0.00000000e+00
0.00000000e+00
0.00000000e+00
0.00000000e+00
-7.92223176e-03
1.12429185e-02
2.59477575e-01
2.20613719e-06
0.00000000e+00
0.00000000e+00
4.35699518e-01
1.78949990e-01
-9.68189749e-02
-6.24516255e-01
4.31751809e-02
2.92513624e-01
0.00000000e+00
0.00000000e+00
1.70396695e+00
1.87986681e+00
0.00000000e+00
0.00000000e+00
0.00000000e+00
0.00000000e+00
0.00000000e+00
0.00000000e+00
4.17151370e-01
-5.45887428e-02
1.87450511e-01
5.13034494e-02
-6.52331677e-01
-1.42394878e+00
0.00000000e+00
0.00000000e+00
0.00000000e+00
0.00000000e+00
0.00000000e+00
0.00000000e+00
2.89619962e-01
2.74180125e-01
-4.15774168e-01
-3.82846029e-01
-6.85019465e-01
-7.31024155e-01
2.38515082e+00
3.59473393e+00
3.44755701e+00
3.46921451e+00
3.30661948e+00
3.64635229e+00
4.25994545e-01
7.24541298e-01
4.83299800e-01
8.29057318e-01
6.16247226e-01
4.29171787e-01
2.68931361e-01
5.56171500e-01
7.13725257e-01
9.95972415e-01
8.38569393e-01
2.59012571e-01
0.00000000e+00
0.00000000e+00
0.00000000e+00
0.00000000e+00
2.29003084e-01
8.26444429e-02
0.00000000e+00
0.00000000e+00
-4.73358258e-01
-1.00160561e+00
-4.59302544e-01
-1.19156118e+00
-1.47496387e+00
0.00000000e+00
0.00000000e+00
0.00000000e+00
3.48193772e-01
6.99603432e-01
-3.69921805e-01
-2.44667347e-01
-1.02308491e+00
6.33955736e-02
6.92034356e-01
8.12611239e-01
8.91288860e-02
0.00000000e+00
-6.52973810e-02
-6.16958989e-01
-1.81593790e+00
8.81055913e-02
5.63950484e-01
7.40221798e-01
-1.61375023e-01
-2.04921953e+00
2.97915930e-01
4.76337960e-01
-5.88158621e-01
9.83895157e-02
0.00000000e+00
0.00000000e+00
0.00000000e+00
-6.89671837e-01
0.00000000e+00
0.00000000e+00
0.00000000e+00
-4.56348945e-02
5.64371767e-01
2.76608859e-01
4.07050361e-01
-3.57140902e-02
2.77829878e-01
1.46099336e-01
-3.83805056e-03
1.59080593e-01
0.00000000e+00
2.20091886e-02
9.38161247e-02
-7.16769768e-01
7.16470686e-02
-9.08172331e-01
-1.00228618e-01
-9.01253085e-02
0.00000000e+00
-9.42173139e-02
1.13238715e-01
-6.86548136e-01
0.00000000e+00
0.00000000e+00
2.76380163e-01
-8.86805250e-01
-5.71747774e-01
0.00000000e+00
0.00000000e+00
0.00000000e+00
-3.15057477e-01
0.00000000e+00
0.00000000e+00
1.23831485e-01
-1.65086373e+00
0.00000000e+00
0.00000000e+00
0.00000000e+00
-4.62633551e-01
1.09815855e+00
3.51243817e-01
-2.91932994e-01
-7.06323764e-01
4.25922577e-01
7.03854317e-01
-7.94941273e-03
-1.21170873e-01
0.00000000e+00
-1.77422920e-01
-2.80009605e-01
-1.80070854e+00
1.04777505e+00
-1.38428646e+00
2.88470222e-01
4.81222158e-01
-1.39676856e+00
7.80140776e-01
-1.98444503e-01
-4.65360358e-01
2.70056069e-01
0.00000000e+00
0.00000000e+00
0.00000000e+00
-6.62348684e-01
0.00000000e+00
0.00000000e+00
0.00000000e+00
2.96617196e-01
-1.46063672e-02
1.57106188e-01
4.95185776e-02
-2.00954139e-02
2.38365224e-01
-2.72128594e-01
3.53341114e-01
-4.12685151e-02
0.00000000e+00
1.24988443e-01
2.40725338e-01
-6.72808744e-01
3.04746440e-02
-1.03981538e-01
1.43526030e-03
1.90191711e-01
0.00000000e+00
-1.69938620e-01
4.17125193e-02
-7.35416427e-01
0.00000000e+00
0.00000000e+00
-9.49391146e-02
-1.18550337e+00
-7.29358613e-01
0.00000000e+00
0.00000000e+00
0.00000000e+00
-4.56144758e-01
0.00000000e+00
0.00000000e+00
2.46343340e-01
4 2
-7.9870e-01 2.5186e-01
2 -1
0 3 
217
-2.82401061e-01
5.68001119e-02
8.16215824e-02
-4.67651452e-01
-2.62204186e-01
2.62885826e-01
-1.40229059e-01
2.60141762e-01
4.19796508e-01
-3.08050366e-01
-1.36845987e-01
-2.08398786e-01
-1.62918337e-01
-1.89137579e-02
0.00000000e+00
0.00000000e+00
0.00000000e+00
0.00000000e+00
0.00000000e+00
0.00000000e+00
3.11415948e-02
-8.90895034e-03
-1.67511089e-02
-3.11696860e-01
-1.71187409e-03
-3.56591903e-01
0.00000000e+00
0.00000000e+00
-1.32063650e+00
-5.70854331e-01
-3.57861549e-01
1.80237804e-01
1.03906918e+00
7.47644333e-01
0.00000000e+00
0.00000000e+00
-2.89162077e-01
1.02975866e-01
-9.62148500e-02
0.00000000e+00
0.00000000e+00
0.00000000e+00
0.00000000e+00
0.00000000e+00
-2.89162077e-01
-7.30745772e-02
1.76050443e-01
-9.62148500e-02
0.00000000e+00
0.00000000e+00
0.00000000e+00
0.00000000e+00
0.00000000e+00
0.00000000e+00
0.00000000e+00
0.00000000e+00
0.00000000e+00
0.00000000e+00
0.00000000e+00
0.00000000e+00
-9.62148500e-02
-7.30745772e-02
1.76050443e-01
5.76069252e-02
-1.70718559e-01
-1.28656494e-01
6.74739402e-02
-4.98174111e-01
-2.36763367e-01
-2.60681869e-01
0.00000000e+00
-3.62236654e-01
-2.29447919e-01
1.53339181e-01
-7.94031965e-01
-7.35035877e-02
3.90208971e-02
0.00000000e+00
0.00000000e+00
0.00000000e+00
0.00000000e+00
0.00000000e+00
0.00000000e+00
0.00000000e+00
0.00000000e+00
0.00000000e+00
0.00000000e+00
0.00000000e+00
0.00000000e+00
0.00000000e+00
0.00000000e+00
0.00000000e+00
0.00000000e+00
0.00000000e+00
0.00000000e+00
0.00000000e+00
0.00000000e+00
0.00000000e+00
0.00000000e+00
0.00000000e+00
0.00000000e+00
0.00000000e+00
0.00000000e+00
0.00000000e+00
0.00000000e+00
0.00000000e+00
0.00000000e+00
0.00000000e+00
0.00000000e+00
0.00000000e+00
0.00000000e+00
0.00000000e+00
0.00000000e+00
0.00000000e+00
0.00000000e+00
0.00000000e+00
0.00000000e+00
0.00000000e+00
0.00000000e+00
2.23974299e+00
1.90463244e+00
-5.08377026e-02
0.00000000e+00
0.00000000e+00
0.00000000e+00
5.26340635e-01
8.88392992e-02
7.85911515e-03
-6.19494716e-02
-6.01949548e-01
2.19294587e-01
3.31733175e-01
1.66648854e-01
-2.70166697e-01
0.00000000e+00
3.09308802e-01
-3.65871008e-02
-3.41518007e-01
-7.39687360e-02
-9.54903086e-02
3.25759846e-01
2.24287069e-01
-9.31118615e-01
-8.09473814e-02
2.42786780e-01
-3.65183958e-01
0.00000000e+00
0.00000000e+00
0.00000000e+00
2.49484614e-01
5.50990313e-02
3.34362692e-02
2.81733519e-01
-9.00387623e-01
2.18240390e-01
2.55857782e-01
3.31987227e-01
-1.42934190e-01
0.00000000e+00
1.84493354e-01
9.88333625e-02
-4.88005482e-01
2.06968976e-01
9.73856911e-02
3.21993935e-01
2.57795505e-01
-1.31010735e+00
-4.16220009e-01
2.99161038e-01
-5.09369043e-01
0.00000000e+00
0.00000000e+00
0.00000000e+00
-8.56874991e-02
5.37677908e-01
-4.00954294e-01
-5.84535119e-02
-4.77536981e-01
4.40491292e-01
5.36436533e-01
-2.47605398e-01
-6.57658806e-02
0.00000000e+00
-5.17379339e-02
7.96723979e-02
-3.98840774e-01
1.44050675e-01
-1.26939645e-01
-4.24505136e-02
1.95222529e-01
-4.92698871e-01
-8.45725780e-02
9.03235027e-02
-2.73560387e-01
0.00000000e+00
0.00000000e+00
0.00000000e+00
9.03967864e-02
2.29572753e-01
1.57849417e-01
2.91477524e-01
-6.96224341e-01
1.39603801e-01
2.46260291e-01
1.09159310e-01
-7.20535930e-02
0.00000000e+00
-4.80450513e-04
1.07555284e-02
-5.12541373e-01
3.46086117e-01
1.16802175e-01
1.71846944e-01
-8.43928414e-02
-8.47878094e-01
2.71687206e-02
3.03093736e-03
136
-6.94626369e-01
0.00000000e+00
0.00000000e+00
-2.05424344e-02
-4.13563000e-03
-3.27993928e-02
-3.49608642e-03
-6.51611848e-01
-1.70689773e-04
0.00000000e+00
0.00000000e+00
1.73759243e-01
-5.76390866e-02
-2.50837402e-01
-1.96296506e-02
2.90912551e-01
-8.31192024e-01
0.00000000e+00
0.00000000e+00
4.81138513e-01
-4.44037367e-01
-7.31727515e-01
0.00000000e+00
0.00000000e+00
0.00000000e+00
0.00000000e+00
0.00000000e+00
4.81138513e-01
-3.86387135e-01
-5.76502324e-02
-7.31727515e-01
0.00000000e+00
0.00000000e+00
0.00000000e+00
0.00000000e+00
0.00000000e+00
0.00000000e+00
0.00000000e+00
0.00000000e+00
0.00000000e+00
0.00000000e+00
0.00000000e+00
0.00000000e+00
0.00000000e+00
0.00000000e+00
0.00000000e+00
5.66094984e-01
-1.42606703e-01
1.50883365e-02
4.12871851e-01
-3.87352611e-01
0.00000000e+00
9.47513787e-02
-7.48035188e-02
4.10499925e-01
-3.24385092e-01
0.00000000e+00
0.00000000e+00
0.00000000e+00
0.00000000e+00
-7.31727515e-01
-3.86387135e-01
-5.76502324e-02
0.00000000e+00
0.00000000e+00
0.00000000e+00
0.00000000e+00
0.00000000e+00
0.00000000e+00
0.00000000e+00
0.00000000e+00
0.00000000e+00
0.00000000e+00
0.00000000e+00
0.00000000e+00
0.00000000e+00
0.00000000e+00
0.00000000e+00
0.00000000e+00
0.00000000e+00
0.00000000e+00
0.00000000e+00
0.00000000e+00
0.00000000e+00
0.00000000e+00
0.00000000e+00
1.65294942e+00
1.69127964e+00
-7.55087794e-01
0.00000000e+00
0.00000000e+00
0.00000000e+00
8.10981461e-01
-1.83499924e-01
-4.89545424e-02
1.48047178e-01
-1.75712620e+00
5.87667717e-01
8.07943188e-01
1.14263650e+00
-5.09669607e-02
0.00000000e+00
5.35893857e-01
-3.54505344e-01
-1.92087246e+00
4.74753622e-01
4.16264496e-01
1.00341402e+00
3.39650289e-01
-2.94382764e+00
-4.94394107e-01
7.31807059e-01
-9.56519462e-01
0.00000000e+00
0.00000000e+00
0.00000000e+00
1.05334224e-02
8.06187261e-01
-1.29084099e-01
3.44427420e-02
-1.73568252e+00
5.70725392e-01
9.10445508e-01
4.53740799e-01
-3.04527493e-01
0.00000000e+00
5.09033116e-01
-3.56030748e-01
-1.33261617e+00
8.10645527e-01
-9.10524915e-02
4.88404794e-01
1.23238244e-01
-2.11014702e+00
5.34945071e-02
3.31729774e-01
8 2
-7.8178e-01 2.4432e-01
3 3
0 3 4 
217
-4.54326567e-01
4.21764078e-01
-1.50626649e-01
-1.79338183e-01
-2.76214976e-01
2.07024211e-01
-1.04362087e-01
3.56960270e-01
3.21837249e-01
-3.67947469e-02
-1.85048329e-01
-4.05231476e-01
-2.10538423e-01
3.69459835e-01
0.00000000e+00
0.00000000e+00
0.00000000e+00
0.00000000e+00
0.00000000e+00
0.00000000e+00
4.31888933e-02
-1.75536772e-02
-1.19130623e-01
-5.11286029e-01
-1.29008589e-04
-2.61842808e-01
0.00000000e+00
0.00000000e+00
8.08818972e-01
-5.54953062e-01
-4.79300702e-01
-2.65984485e-01
5.46979617e-01
-5.09886908e-01
0.00000000e+00
0.00000000e+00
-3.11146468e-01
1.73238947e-01
-2.18378984e-01
-9.80400621e-02
0.00000000e+00
0.00000000e+00
0.00000000e+00
0.00000000e+00
-3.11146468e-01
6.04587133e-01
-2.37320198e-01
-1.29650387e-01
-1.94027989e-01
-3.60821873e-01
2.72093276e-01
-9.80400621e-02
0.00000000e+00
0.00000000e+00
0.00000000e+00
0.00000000e+00
0.00000000e+00
0.00000000e+00
0.00000000e+00
0.00000000e+00
4.44028270e-02
4.97372714e-02
-2.37320198e-01
3.10943754e-03
-4.73510815e-01
-2.96926608e-01
7.61756778e-02
-8.79510858e-01
-6.01008671e-02
1.11748273e-01
0.00000000e+00
-2.61409196e-01
-5.18794607e-01
-1.42292447e-01
-5.23030030e-01
-5.06249234e-02
-1.25324114e-01
0.00000000e+00
-7.35299197e-02
-3.63032933e-01
4.21008261e-02
-3.60763075e-01
-4.22897474e-01
-2.44653230e-01
0.00000000e+00
0.00000000e+00
0.00000000e+00
0.00000000e+00
0.00000000e+00
0.00000000e+00
0.00000000e+00
0.00000000e+00
0.00000000e+00
0.00000000e+00
0.00000000e+00
0.00000000e+00
0.00000000e+00
0.00000000e+00
0.00000000e+00
0.00000000e+00
0.00000000e+00
0.00000000e+00
0.00000000e+00
0.00000000e+00
0.00000000e+00
0.00000000e+00
0.00000000e+00
0.00000000e+00
0.00000000e+00
0.00000000e+00
0.00000000e+00
0.00000000e+00
0.00000000e+00
0.00000000e+00
0.00000000e+00
0.00000000e+00
0.00000000e+00
0.00000000e+00
0.00000000e+00
2.22523399e+00
1.97691269e+00
-4.90954338e-01
0.00000000e+00
0.00000000e+00
0.00000000e+00
2.96211399e-01
7.40661721e-02
-8.36381862e-02
-4.89848650e-02
-5.35152053e-01
-1.32526983e-01
1.04079282e+00
7.32105229e-01
3.05221195e-01
0.00000000e+00
2.79975916e-01
-7.90246339e-01
-5.43749252e-01
-2.15278468e-01
-1.66701629e-02
3.54507135e-01
1.00950797e-01
-1.00496332e+00
-5.51180523e-01
2.47605153e-01
-9.75493652e-02
0.00000000e+00
0.00000000e+00
0.00000000e+00
2.76051133e-01
-6.60363328e-02
1.91071605e-02
1.52695905e-01
-6.09325114e-01
3.47157096e-01
-1.64485414e-01
2.52495758e-01
-1.58693361e-01
0.00000000e+00
1.04572879e-01
4.82638033e-01
-7.55669022e-01
2.87390651e-01
1.72591186e-01
2.00284080e-01
1.92539391e-01
-1.11498111e+00
6.99414234e-02
2.14176295e-01
-6.99927227e-01
0.00000000e+00
0.00000000e+00
0.00000000e+00
-2.53759641e-01
3.37030799e-01
-3.31317495e-01
5.40568491e-02
-8.08421538e-01
2.25928821e-01
9.31667119e-01
3.79853101e-02
-4.33371862e-01
0.00000000e+00
1.87022789e-01
-3.49199021e-02
-4.13404300e-01
6.19694572e-01
-5.22694670e-01
4.26944503e-01
2.12271129e-02
-6.88492391e-01
-4.25353167e-02
-1.25679850e-02
-1.81172189e-01
0.00000000e+00
0.00000000e+00
0.00000000e+00
7.58145445e-02
2.72747413e-01
2.44951769e-01
1.75209609e-01
-1.09259311e+00
1.31233493e-01
5.14784070e-02
1.24366135e-01
2.04247743e-01
0.00000000e+00
6.84187795e-02
-1.31773462e-02
-5.45543284e-01
1.28460853e-01
4.59083349e-01
-2.37945035e-02
-2.33120021e-02
-9.10890572e-01
2.22586203e-01
2.69540331e-01
136
-9.77294562e-01
0.00000000e+00
0.00000000e+00
0.00000000e+00
0.00000000e+00
-1.77441401e-01
-1.21334999e-02
-8.01497071e-01
-1.00338381e-04
0.00000000e+00
0.00000000e+00
-3.28328368e-01
-3.29713244e-01
-3.72038678e-01
-2.02578465e-01
3.75802227e-01
-1.20438034e-01
0.00000000e+00
0.00000000e+00
4.10675031e-01
-4.90324254e-03
-6.50013007e-01
-7.33053343e-01
0.00000000e+00
0.00000000e+00
0.00000000e+00
0.00000000e+00
4.10675031e-01
7.18351794e-03
-3.21019093e-01
-1.12912313e-01
3.08932333e-01
-4.34321837e-01
-1.02778857e-01
-7.33053343e-01
0.00000000e+00
0.00000000e+00
0.00000000e+00
0.00000000e+00
0.00000000e+00
0.00000000e+00
0.00000000e+00
0.00000000e+00
0.00000000e+00
0.00000000e+00
0.00000000e+00
3.62056262e-01
-6.62468484e-02
-1.80889059e-01
2.53964420e-01
-1.12468109e-01
0.00000000e+00
2.92469045e-01
2.80663286e-01
3.93036492e-01
-3.08822792e-01
0.00000000e+00
-1.60728576e-02
-1.77027720e-01
2.50068571e-01
-5.72849871e-01
-1.18205986e-01
-3.21019093e-01
0.00000000e+00
0.00000000e+00
0.00000000e+00
0.00000000e+00
0.00000000e+00
0.00000000e+00
0.00000000e+00
0.00000000e+00
0.00000000e+00
0.00000000e+00
0.00000000e+00
0.00000000e+00
0.00000000e+00
0.00000000e+00
0.00000000e+00
0.00000000e+00
0.00000000e+00
0.00000000e+00
0.00000000e+00
0.00000000e+00
0.00000000e+00
0.00000000e+00
0.00000000e+00
1.92816243e+00
1.70542906e+00
-6.41282014e-01
0.00000000e+00
0.00000000e+00
0.00000000e+00
8.01115229e-01
5.23587537e-02
7.90474712e-02
2.51264737e-01
-1.90882925e+00
6.24435060e-01
7.62906863e-01
8.90021050e-01
-2.71729673e-01
0.00000000e+00
5.87824872e-01
-4.73894535e-01
-1.51107593e+00
3.19537911e-01
4.98365375e-01
8.75053533e-01
4.94649835e-01
-2.88403578e+00
-6.34523234e-01
8.06225693e-01
-9.80084075e-01
0.00000000e+00
0.00000000e+00
0.00000000e+00
1.01257207e-01
8.01289452e-01
-1.46101302e-01
1.92929915e-01
-1.51764554e+00
6.71918027e-01
9.10770620e-01
3.83550072e-01
-3.65137430e-01
0.00000000e+00
4.43951911e-01
-3.88473916e-01
-1.13265434e+00
6.82705588e-01
-3.21355119e-01
4.85635722e-01
2.90114169e-01
-2.42650283e+00
-1.49932283e-02
3.68656948e-01
1 1
-9.8122e-01 2.4322e-01
4 -1
0 3 4 8 
217
-3.85967731e-01
-1.65998925e-01
-2.55430866e-02
-2.25785122e-01
-2.85028781e-01
5.46103684e-01
3.95939429e-01
1.67424164e-01
1.62781888e-01
-1.88118309e-01
-3.80414053e-01
-1.16006581e-01
-2.79246213e-01
-4.19721068e-02
-2.79347152e-01
-3.07187854e-04
-2.45752800e-01
2.55758877e-01
-4.86542747e-03
-4.05672833e-01
-3.02657504e-01
2.60682951e-03
-2.54109201e-01
-5.97219529e-02
-5.57492188e-04
-2.63758125e-01
0.00000000e+00
0.00000000e+00
0.00000000e+00
-8.01102510e-01
-4.74409859e-01
-3.31384148e-01
9.30815189e-01
2.90113597e-01
0.00000000e+00
0.00000000e+00
-2.34797184e-01
5.92062688e-02
3.43690764e-02
-1.70907289e-01
-7.38386033e-02
0.00000000e+00
0.00000000e+00
0.00000000e+00
-2.34797184e-01
-2.47198913e-01
3.48347042e-01
1.14957262e-01
3.22463442e-02
1.24878237e-01
8.61740465e-02
-1.99284352e-01
-7.41882041e-02
4.36877831e-02
-2.61219468e-01
-5.37668898e-02
-7.41087849e-02
1.33962279e-01
-5.18183267e-02
-7.38386033e-02
-7.40355859e-02
-9.00743317e-02
1.29393702e-02
-1.05097292e-01
-1.24267242e-01
1.40454391e-01
1.53192668e-01
-3.99912350e-01
-3.09795865e-01
-7.28523654e-02
0.00000000e+00
-2.95518442e-01
-2.02748355e-03
-1.32983433e-01
4.24909443e-02
4.25341438e-02
6.18099062e-02
0.00000000e+00
-3.64178571e-01
-3.14003800e-01
1.06920115e-01
-4.53093678e-01
-1.28709274e-01
2.98593577e-02
0.00000000e+00
2.53224827e-02
1.29342453e-02
-3.43054150e-01
-1.76239649e-01
-6.82360643e-02
-1.39946319e-01
0.00000000e+00
0.00000000e+00
0.00000000e+00
0.00000000e+00
0.00000000e+00
0.00000000e+00
0.00000000e+00
0.00000000e+00
0.00000000e+00
0.00000000e+00
0.00000000e+00
0.00000000e+00
0.00000000e+00
0.00000000e+00
0.00000000e+00
0.00000000e+00
0.00000000e+00
0.00000000e+00
0.00000000e+00
0.00000000e+00
0.00000000e+00
0.00000000e+00
0.00000000e+00
0.00000000e+00
0.00000000e+00
0.00000000e+00
0.00000000e+00
0.00000000e+00
2.33559770e+00
2.20987658e+00
-2.69802423e-01
0.00000000e+00
0.00000000e+00
0.00000000e+00
7.92132768e-01
1.70482914e-01
4.29068325e-01
3.93598084e-01
-8.52352364e-01
7.42055128e-01
7.21323725e-01
7.60971703e-01
-1.37108905e-01
0.00000000e+00
7.54519650e-01
9.92988005e-02
-5.28662088e-01
4.23896995e-01
6.85156881e-01
5.70045631e-01
1.89571219e-01
-3.37082843e-01
1.09556289e-01
-6.93956641e-02
-8.71420556e-01
0.00000000e+00
0.00000000e+00
0.00000000e+00
5.53695572e-01
5.43005539e-01
3.38249900e-01
3.95794582e-01
-9.04425593e-01
4.80801105e-01
5.56557614e-01
6.26348205e-01
5.74360405e-01
0.00000000e+00
3.94792861e-01
6.48719795e-01
-6.80339876e-03
4.48914395e-01
3.19228726e-01
6.40225080e-01
7.12358078e-01
-4.18955870e-01
2.46694079e-01
8.91181010e-01
-4.57057534e-01
0.00000000e+00
0.00000000e+00
0.00000000e+00
-1.62510718e-01
1.22862534e+00
-1.14998136e-01
-2.71141038e-01
-7.77333081e-01
-3.68769873e-01
5.67548175e-01
1.60205975e-01
-1.72554420e-01
0.00000000e+00
-5.89671993e-02
2.28938177e-01
-7.67027934e-01
6.79593558e-01
-4.07347335e-01
1.32777800e-01
2.43984387e-01
-6.58385173e-01
1.34506354e-01
-7.42023932e-02
-3.48327588e-01
0.00000000e+00
0.00000000e+00
0.00000000e+00
1.55798707e-01
-1.02941225e-01
-6.78742121e-02
2.43610858e-01
-5.30342903e-01
5.52833127e-01
5.46652893e-02
3.30280026e-01
1.94576689e-01
0.00000000e+00
2.33926542e-01
-1.74139286e-01
-8.50842815e-01
2.29968624e-01
3.79163784e-01
1.72248003e-01
-3.44813094e-01
-9.25964578e-01
-4.50512891e-02
1.46570163e-01
136
-4.45309369e-01
-2.58630828e-01
-1.76078859e-03
1.67766527e-01
-4.72058630e-03
-4.30698722e-01
6.49502442e-03
7.62536548e-02
7.57740465e-05
0.00000000e+00
0.00000000e+00
0.00000000e+00
1.20731855e-01
-1.86403389e-01
-1.97378688e-01
2.69800722e-01
-4.52059869e-01
0.00000000e+00
0.00000000e+00
0.00000000e+00
3.07566277e-01
-1.59677677e-01
-3.27588785e-01
-2.65609184e-01
0.00000000e+00
0.00000000e+00
0.00000000e+00
0.00000000e+00
-2.71102975e-02
1.54364582e-02
-5.26368459e-02
1.72174832e-01
-2.93739063e-01
3.75670093e-01
-1.61214714e-01
1.47065284e-01
5.35417610e-01
-7.10795023e-01
-1.83363394e-01
-1.35944484e-02
-1.02094408e-01
1.19083731e-01
-2.65609184e-01
0.00000000e+00
0.00000000e+00
0.00000000e+00
1.26550177e-01
-2.15092500e-02
-1.25405487e-01
1.26220176e-01
3.26921221e-02
0.00000000e+00
4.18119509e-01
4.62586342e-01
3.34173349e-01
-7.52510771e-01
0.00000000e+00
-2.75986209e-01
-2.07976979e-01
1.86704493e-01
-4.59129464e-01
-1.48674529e-01
-5.19712818e-01
-3.59862397e-01
8.06985653e-02
-2.32201328e-01
0.00000000e+00
0.00000000e+00
0.00000000e+00
0.00000000e+00
0.00000000e+00
0.00000000e+00
0.00000000e+00
0.00000000e+00
0.00000000e+00
0.00000000e+00
0.00000000e+00
0.00000000e+00
0.00000000e+00
0.00000000e+00
0.00000000e+00
0.00000000e+00
0.00000000e+00
0.00000000e+00
0.00000000e+00
0.00000000e+00
1.43510400e+00
1.08991991e+00
-1.06229329e+00
0.00000000e+00
0.00000000e+00
0.00000000e+00
6.80386946e-01
4.31957252e-02
-2.09431511e-01
3.37629705e-01
-2.08758072e+00
4.25712823e-01
9.40962429e-01
8.90307320e-01
-1.98289235e-01
0.00000000e+00
6.89638135e-01
-4.25675191e-01
-1.38040772e+00
4.96814893e-01
4.09189455e-01
7.78216363e-01
5.48326288e-01
-2.95551130e+00
-9.87485298e-01
9.41707599e-01
-1.31723733e+00
0.00000000e+00
0.00000000e+00
0.00000000e+00
6.33516212e-02
1.05706005e+00
-4.26495777e-01
-4.83374610e-03
-1.82397044e+00
3.64653249e-01
8.42285190e-01
2.45204684e-02
-1.77630658e-02
0.00000000e+00
3.93975426e-01
-8.36907415e-02
-7.16563403e-01
7.17710890e-01
-5.55638791e-02
3.78982252e-01
1.59558088e-01
-2.24455285e+00
-3.02853052e-01
3.56952394e-01
5 1
-1.4283e+00 3.7320e-01
5 0
0 3 4 8 1 
217
-2.96295670e-01
1.76115135e-01
-3.53095522e-01
-5.78387423e-03
-4.43217704e-03
-2.13760878e-01
-2.96819594e-02
-2.36820938e-01
-1.37333526e-01
-4.55459948e-01
-1.94771873e-01
-1.66212425e-01
6.99238660e-02
6.94946931e-02
3.81530280e-01
-2.01734258e-02
-3.50329538e-01
-7.01366022e-01
9.89672779e-03
-5.91766321e-01
-2.46598812e-01
-4.60583394e-05
-3.35494313e-01
2.70138885e-01
-1.10580493e-03
-3.34138492e-01
0.00000000e+00
0.00000000e+00
2.57643033e-01
-2.70403896e-01
-2.84610700e-01
7.19521304e-02
-7.08762376e-02
0.00000000e+00
0.00000000e+00
0.00000000e+00
0.00000000e+00
5.15884347e-03
5.58192513e-02
-3.25090003e-01
-8.72998092e-02
5.51160474e-02
0.00000000e+00
0.00000000e+00
-3.93078003e-01
-5.45039652e-02
1.01034873e-01
1.76983775e-01
5.17580421e-02
1.03276339e-01
1.52149140e-01
-1.14996760e-01
7.10741908e-02
1.09561341e-01
8.52403878e-02
-2.23806437e-01
0.00000000e+00
-7.66487931e-02
-6.81688883e-02
-2.77911817e-01
2.94187176e-02
-1.89985836e-01
-1.35728551e-01
1.16151392e-01
-5.44007443e-02
1.69400063e-01
-1.85609227e-01
-1.62725820e-01
-1.72437090e-01
-1.68390854e-01
0.00000000e+00
-1.26819943e-01
8.71849130e-02
1.02952621e-01
-6.33038644e-02
-2.72428348e-01
-1.55690936e-01
0.00000000e+00
-1.27493837e-01
-1.66850925e-01
-1.64551080e-01
-1.77691445e-01
-4.25075222e-03
-2.55806361e-02
0.00000000e+00
2.26234406e-02
1.12199157e-02
-6.43286501e-02
-1.52731695e-01
-2.54590460e-01
-2.98028342e-01
-3.51992805e-01
-2.74541892e-02
-3.15246900e-01
2.87688691e-01
-7.14647830e-01
-2.04537366e-01
-1.82955377e-01
0.00000000e+00
0.00000000e+00
0.00000000e+00
0.00000000e+00
0.00000000e+00
0.00000000e+00
0.00000000e+00
0.00000000e+00
0.00000000e+00
0.00000000e+00
0.00000000e+00
0.00000000e+00
0.00000000e+00
0.00000000e+00
0.00000000e+00
0.00000000e+00
0.00000000e+00
0.00000000e+00
0.00000000e+00
0.00000000e+00
0.00000000e+00
3.03907157e+00
2.41152234e+00
1.11105173e-01
0.00000000e+00
0.00000000e+00
0.00000000e+00
7.77240535e-01
-1.20899010e-01
2.86086505e-01
1.02980894e+00
-5.47355032e-01
5.09833885e-01
7.08700763e-01
5.73308651e-01
-2.61107342e-01
0.00000000e+00
2.54102831e-01
8.87805607e-01
-7.35988516e-01
3.60012870e-01
2.26201461e-01
8.15136874e-01
7.79584196e-01
-1.55437490e-01
-1.05523779e+00
5.45215487e-01
-7.62337049e-01
0.00000000e+00
0.00000000e+00
0.00000000e+00
7.49100429e-01
6.76518892e-01
4.30073936e-01
2.83416994e-01
-1.40231641e-01
7.44746299e-01
4.15439287e-01
9.20112839e-01
1.58087657e-01
0.00000000e+00
7.01613155e-01
2.61181537e-01
-9.44028571e-01
4.98161400e-01
4.72861267e-01
7.35337127e-01
2.01283315e-01
-2.07547736e-01
1.01997467e+00
5.34146618e-01
-2.95278427e-01
0.00000000e+00
0.00000000e+00
0.00000000e+00
-2.04377914e-01
-3.21943123e-02
-1.93341874e-01
6.87121285e-01
-7.51853701e-01
4.79343187e-01
6.14528503e-01
3.34283080e-01
-4.97891482e-01
0.00000000e+00
4.11753252e-01
3.97662063e-01
-5.48912701e-01
8.97394302e-01
5.54822376e-01
1.33217881e-01
2.28353879e-01
-3.29848261e-02
-3.59525660e-02
-2.06130085e-01
-5.73274735e-01
0.00000000e+00
0.00000000e+00
0.00000000e+00
2.88022039e-01
6.41313113e-01
3.29134065e-01
1.47838690e-01
-2.69530537e-01
2.25049212e-01
3.47286773e-01
3.27930296e-01
1.75310223e-01
0.00000000e+00
1.32317478e-01
-2.58771342e-02
-3.57509161e-01
3.44307745e-01
5.61862176e-02
1.53442786e-01
-7.45995526e-02
-4.06993737e-02
4.94865280e-01
3.82696252e-01
136
-8.27190761e-01
9.71214551e-03
-1.57977681e-02
-4.38042530e-01
2.91781322e-03
-4.10169578e-01
5.63478374e-03
1.13092017e-02
5.19145225e-04
0.00000000e+00
0.00000000e+00
-3.19031524e-01
-6.42320656e-01
-5.01537179e-01
-1.23297582e-01
7.58996181e-01
0.00000000e+00
0.00000000e+00
0.00000000e+00
0.00000000e+00
1.65573705e-01
2.65714801e-02
-3.94615375e-01
-4.07564836e-01
-2.17155735e-01
0.00000000e+00
0.00000000e+00
2.20112157e-01
-2.18013028e-01
9.96527352e-02
-1.21119230e-01
3.65967124e-01
-5.48779221e-01
2.55910247e-01
-1.84726323e-01
4.09613662e-02
3.99109281e-01
-5.25944609e-01
-2.51399076e-02
7.28044749e-02
-3.39416206e-01
-7.50813183e-02
-2.43488303e-01
0.00000000e+00
0.00000000e+00
0.00000000e+00
1.63178399e-01
2.91203779e-01
7.58511128e-02
2.58075719e-01
-4.65726412e-01
0.00000000e+00
-7.25405151e-03
-1.42577484e-01
1.55712562e-01
-4.60866404e-01
0.00000000e+00
-1.30381235e-01
-1.59580684e-01
1.54309712e-01
-4.78821419e-01
-9.00599578e-01
-2.96213889e-01
-1.21331501e-01
3.44364834e-02
1.42535731e-02
-3.14663011e-01
-3.25874666e-01
-2.49746218e-01
-4.10475910e-02
-4.72084068e-02
0.00000000e+00
0.00000000e+00
0.00000000e+00
0.00000000e+00
0.00000000e+00
0.00000000e+00
0.00000000e+00
0.00000000e+00
0.00000000e+00
0.00000000e+00
0.00000000e+00
0.00000000e+00
0.00000000e+00
0.00000000e+00
0.00000000e+00
2.14402442e+00
1.95426248e+00
-4.06175462e-01
0.00000000e+00
0.00000000e+00
0.00000000e+00
8.81644317e-01
-1.53980300e-01
1.00966572e-01
2.65317296e-01
-1.60839591e+00
5.76347275e-01
6.48493985e-01
9.84341524e-01
-5.09775433e-02
0.00000000e+00
4.60333481e-01
-2.58636896e-01
-2.01492338e+00
2.47130726e-01
6.23402690e-01
7.95953917e-01
6.48430193e-01
-2.80676951e+00
-5.29646900e-01
7.84792996e-01
-7.50040134e-01
0.00000000e+00
0.00000000e+00
0.00000000e+00
3.30184755e-02
4.29762226e-01
-1.68883542e-02
2.38400002e-01
-1.56122339e+00
6.79279392e-01
9.96018951e-01
4.85408162e-01
-5.15122904e-01
0.00000000e+00
2.85490599e-01
-1.20403042e-01
-1.85518702e+00
9.04502046e-01
-9.20261637e-02
4.04435864e-01
2.44000422e-01
-1.91506084e+00
2.68343621e-01
3.57211823e-01
9 1
-1.5531e+00 3.7167e-01
6 0
0 3 4 8 1 5 
217
-3.97522238e-01
3.12121767e-01
-3.92894843e-01
4.17049413e-02
1.19396936e-01
-3.36574872e-01
-8.57987399e-02
5.17021176e-02
-1.01730544e-01
1.67144436e-01
5.34582813e-03
-2.10922122e-01
-3.34735718e-01
-2.22137634e-01
3.00461064e-01
-2.61487286e-02
-4.93891626e-01
-6.43505704e-01
1.21955708e-02
-7.30067391e-01
-3.48925142e-01
6.32999081e-04
-4.47186927e-01
2.94447544e-01
-4.97164784e-04
-4.91807347e-01
0.00000000e+00
0.00000000e+00
9.78668823e-02
-3.56713959e-01
-1.23483081e-01
1.07570475e-01
-1.22762555e-01
0.00000000e+00
0.00000000e+00
0.00000000e+00
0.00000000e+00
5.06237350e-02
1.86053165e-02
-6.64568417e-02
-1.60662188e-01
-1.29507320e-01
-1.10124939e-01
0.00000000e+00
0.00000000e+00
-1.15552634e-02
3.21061690e-01
-3.10403859e-02
-6.60479090e-02
1.11626336e-01
-1.56195820e-01
-8.02542232e-02
9.02748841e-02
-3.31163265e-02
2.71941056e-02
-2.13104251e-01
0.00000000e+00
-3.48537778e-02
-6.57466151e-02
-7.42012256e-02
1.31339532e-01
-1.61025923e-01
-3.67835847e-01
2.45765139e-03
-3.34807713e-02
1.52532170e-01
-1.44567923e-01
-1.24471950e-01
-2.21931195e-01
-2.07119246e-01
0.00000000e+00
-1.25235513e-01
-2.30537274e-03
5.51885517e-02
-1.12688997e-01
-3.27475277e-01
-3.75061075e-01
0.00000000e+00
-2.07734874e-02
4.92521097e-02
-1.17064665e-01
-1.09704830e-01
-2.59684085e-01
-3.58578092e-01
0.00000000e+00
-8.28935157e-02
-4.01723099e-02
-1.83555009e-01
-1.58875138e-02
-1.31073713e-01
-1.28104687e-02
-3.74281413e-01
1.44220472e-01
-1.53540293e-01
-2.30015284e-02
-5.19183293e-01
-1.44459768e-01
-6.86376873e-02
0.00000000e+00
3.52942580e-01
7.04713000e-03
-4.20103502e-01
-4.19028588e-01
-1.44743031e-01
-4.01817551e-01
0.00000000e+00
0.00000000e+00
0.00000000e+00
0.00000000e+00
0.00000000e+00
0.00000000e+00
0.00000000e+00
0.00000000e+00
0.00000000e+00
0.00000000e+00
0.00000000e+00
0.00000000e+00
0.00000000e+00
0.00000000e+00
2.66625066e+00
2.59936385e+00
-3.10812537e-01
0.00000000e+00
0.00000000e+00
0.00000000e+00
5.94141565e-01
-2.04573287e-01
3.49508496e-01
8.73459234e-01
-3.18628919e-01
5.29730587e-01
9.53276313e-01
4.52915895e-01
6.36103918e-02
0.00000000e+00
5.42865545e-01
9.27620876e-01
-5.61175864e-02
3.75442578e-01
4.82871853e-01
6.61396242e-01
8.09051652e-01
-1.08680630e-01
-6.95788957e-01
1.04476701e+00
-9.39936555e-01
0.00000000e+00
0.00000000e+00
0.00000000e+00
8.95194256e-01
9.39455236e-01
7.43633960e-01
4.48043306e-01
-1.84848203e-03
8.60631518e-01
5.24878426e-01
1.16508474e+00
2.16408643e-01
0.00000000e+00
9.11635108e-01
4.47091921e-01
-6.91860089e-02
7.67560574e-01
6.60184732e-01
7.67218452e-01
6.08833867e-01
-1.79157477e-01
1.25985699e+00
7.52688658e-01
-1.25568929e-01
0.00000000e+00
0.00000000e+00
0.00000000e+00
1.42220305e-02
-1.89784753e-01
-1.41374682e-01
1.18601730e-01
-4.07138626e-01
2.87470966e-01
3.09791327e-01
-1.18678016e-01
-3.55257036e-01
0.00000000e+00
-1.37084263e-01
1.26205888e-01
-6.71727894e-01
3.60485660e-01
9.36499522e-01
-2.59455952e-03
4.49327203e-01
-5.16068139e-01
-1.60122093e-01
-2.83431942e-02
-3.25395725e-01
0.00000000e+00
0.00000000e+00
0.00000000e+00
4.69331776e-02
5.96960007e-01
1.74243363e-01
5.45775796e-02
-6.27867664e-01
2.27865701e-01
1.57026614e-01
2.25978563e-01
9.18881434e-03
0.00000000e+00
2.37356999e-01
-2.85077047e-01
-6.19055212e-01
1.68582918e-01
-3.63700715e-01
1.81432888e-03
-3.13249276e-01
-4.44512288e-01
2.95856524e-01
1.31681887e-01
136
-4.48104798e-01
1.46113923e-01
-8.05860716e-03
-3.81124182e-01
4.88312265e-03
-3.26085492e-01
4.80257742e-03
1.12990953e-01
2.53830390e-05
0.00000000e+00
0.00000000e+00
-1.46517871e-02
-3.29580778e-01
-4.00942679e-01
-1.27215690e-01
4.24286136e-01
0.00000000e+00
0.00000000e+00
0.00000000e+00
0.00000000e+00
1.25357403e-01
9.60651832e-02
-2.58944936e-01
-3.85875300e-01
-1.14311940e-01
8.96047916e-02
0.00000000e+00
1.81633246e-01
-3.09835653e-01
1.53167184e-01
-9.15290884e-02
9.04073463e-02
-3.03624183e-01
8.30864183e-02
1.09491931e-01
1.21215586e-01
1.99928674e-01
-3.28968980e-01
-6.12237511e-02
4.56656689e-02
-1.68966281e-01
-9.06587460e-02
-7.78941701e-02
0.00000000e+00
0.00000000e+00
0.00000000e+00
3.30172054e-02
2.22530518e-01
8.03700652e-04
1.77591819e-01
-9.35851883e-02
0.00000000e+00
-1.43575595e-01
-2.34163685e-01
1.21304393e-01
-2.21044725e-01
0.00000000e+00
-1.35612783e-01
-1.47380621e-01
5.72492360e-02
-1.03142384e-01
-6.09414315e-01
-4.11767283e-01
-9.12822841e-02
-4.07933216e-02
6.52713453e-02
-8.16649211e-02
-1.79252036e-01
-1.85913026e-01
-1.08178425e-03
-8.07472437e-02
-1.12752473e-02
-2.68813941e-01
-5.80629718e-01
-9.85681688e-03
3.24244312e-02
0.00000000e+00
0.00000000e+00
0.00000000e+00
0.00000000e+00
0.00000000e+00
0.00000000e+00
0.00000000e+00
0.00000000e+00
0.00000000e+00
0.00000000e+00
2.25382684e+00
1.97746873e+00
-3.12108147e-01
0.00000000e+00
0.00000000e+00
0.00000000e+00
8.37256636e-01
-7.78203982e-02
2.05468076e-02
3.53876339e-01
-1.62351076e+00
7.41133648e-01
6.73611468e-01
7.80010314e-01
-1.00280600e-01
0.00000000e+00
3.53923145e-01
-3.76984018e-01
-1.96875487e+00
3.61276781e-01
4.89215073e-01
9.14008456e-01
6.45236334e-01
-2.63083369e+00
-5.30645765e-01
8.26626949e-01
-6.82467596e-01
0.00000000e+00
0.00000000e+00
0.00000000e+00
9.81202756e-03
3.15260068e-01
-2.28833437e-02
2.38020937e-01
-1.39620154e+00
7.10728863e-01
1.03379131e+00
3.77311403e-01
-6.19135613e-01
0.00000000e+00
2.76886726e-01
-9.43237397e-02
-1.75758755e+00
7.68153150e-01
-1.06807997e-01
4.17265315e-01
2.39886307e-01
-1.76524757e+00
2.46818862e-01
4.45784773e-01
7 1
-1.5459e+00 3.2812e-01
7 1
0 3 4 8 1 5 9 
217
-4.64452836e-01
3.06327746e-02
-4.06195090e-02
5.66855239e-02
-1.23659544e-01
-4.37923297e-02
1.32178917e-01
-2.98392248e-01
-2.86410454e-01
-1.36595527e-01
-2.62745692e-02
1.43433238e-01
-1.60287186e-01
-2.54247205e-03
-7.74527632e-01
6.99890880e-03
-1.45352729e-01
2.65849440e-01
-2.11776552e-03
-5.54562681e-01
-4.02635725e-01
3.92564264e-03
-3.11539200e-01
4.46861081e-01
-7.26273714e-04
-4.87049170e-01
0.00000000e+00
0.00000000e+00
0.00000000e+00
-7.60231129e-01
-6.24545704e-01
-4.18222583e-01
8.72697283e-01
4.65849297e-01
0.00000000e+00
0.00000000e+00
0.00000000e+00
-4.12544236e-02
-5.61884920e-02
-9.71022855e-02
6.77998017e-02
5.59025279e-03
-1.40855444e-01
-2.02442245e-01
0.00000000e+00
-2.79633321e-01
1.50403694e-01
6.90938523e-02
3.05911781e-01
-1.49420882e-01
-1.99686223e-02
-7.49957875e-03
2.04183361e-01
-2.14548637e-01
-4.01324159e-01
-9.40380270e-03
0.00000000e+00
-1.29282139e-01
-4.68375076e-01
2.99128355e-01
6.80791368e-02
-4.35582471e-01
-9.69495012e-02
-1.74961552e-02
-2.53905276e-02
-6.12633704e-02
-6.20196928e-02
-1.57403144e-01
-3.59546460e-01
-3.81649279e-02
0.00000000e+00
-7.65074986e-02
9.10721087e-05
-2.13216348e-01
1.90652894e-01
-1.74728989e-01
-1.52180630e-02
0.00000000e+00
-3.90672933e-01
-3.27358974e-01
9.17635917e-02
-4.64130044e-01
-1.65543494e-01
1.44556277e-01
0.00000000e+00
1.59443003e-01
4.26445227e-02
-1.96501890e-01
-8.92264250e-02
-4.27393949e-01
-5.53461686e-01
-3.03645493e-01
7.79708558e-02
3.76869410e-02
-7.64549782e-02
-2.40584221e-01
-1.62323220e-01
-5.49331328e-02
-1.27498556e-01
-1.97078076e-03
-1.79036149e-01
1.01731769e-01
-3.71498631e-01
-4.36715268e-01
-3.10136219e-01
-1.26423475e-01
-1.09621169e-02
1.87449667e-01
-1.29222084e-01
-2.11328490e-02
-1.97845160e-01
3.12093708e-02
0.00000000e+00
0.00000000e+00
0.00000000e+00
0.00000000e+00
0.00000000e+00
0.00000000e+00
0.00000000e+00
2.43757704e+00
2.38409594e+00
-5.44001617e-01
0.00000000e+00
0.00000000e+00
0.00000000e+00
2.62360908e-01
1.76409936e-01
1.84855055e-01
4.41904488e-01
-8.04864993e-01
6.85752853e-01
6.99696334e-01
4.13633764e-01
-3.88544422e-01
0.00000000e+00
5.36308828e-01
1.32878865e-01
-8.87586611e-01
4.76020708e-01
4.80551005e-01
4.30239752e-01
3.66218855e-01
-2.74096923e-01
-3.67821369e-02
1.62782577e-01
-5.43104245e-01
0.00000000e+00
0.00000000e+00
0.00000000e+00
7.92949351e-01
3.48116333e-01
4.04780204e-01
3.35232246e-01
-9.79280466e-01
3.33639259e-01
3.25534127e-01
4.27120214e-01
4.09333481e-01
0.00000000e+00
4.47153100e-01
3.45363768e-01
-4.11568498e-01
1.86300050e-01
1.12217941e-01
4.80623709e-01
4.85808799e-01
-3.16197629e-01
2.21116488e-01
5.53220457e-01
-6.78876716e-01
0.00000000e+00
0.00000000e+00
0.00000000e+00
1.89086894e-01
6.35621375e-01
-1.71994230e-01
3.36358246e-01
-3.62128515e-01
8.87883528e-02
3.25164192e-01
-7.90114779e-02
-2.38566797e-01
0.00000000e+00
-1.45121833e-01
2.22773269e-01
-6.22537014e-01
5.70730013e-01
8.25396743e-02
2.38426371e-01
-2.58448752e-01
-7.20513021e-02
6.32947431e-01
1.00693720e-01
-3.61490975e-01
0.00000000e+00
0.00000000e+00
0.00000000e+00
2.80796139e-01
2.10846558e-01
9.25614247e-02
-3.83644775e-03
-8.36059231e-02
5.98527769e-01
4.09388713e-01
6.11027302e-01
2.61258634e-01
0.00000000e+00
1.77495499e-01
-3.51752947e-01
-3.98801658e-01
1.66623617e-01
2.66796753e-01
2.68188085e-01
3.79804259e-01
-8.39864823e-02
-2.54416673e-01
6.40148367e-02
136
-1.61305633e-01
-1.20710094e-01
-5.61888406e-04
2.28984739e-01
-3.19070536e-03
-4.17835163e-01
8.45972779e-03
1.48254885e-01
7.29991420e-04
0.00000000e+00
0.00000000e+00
0.00000000e+00
3.90957506e-01
6.86863364e-02
-9.12972098e-02
8.39538225e-02
-6.13606088e-01
0.00000000e+00
0.00000000e+00
0.00000000e+00
-1.03840124e-01
2.47878448e-03
1.36018127e-01
7.97754985e-02
7.57967085e-02
1.10092516e-01
-4.61627143e-01
4.34377276e-01
1.64306075e-01
1.94184491e-01
-2.48973042e-02
2.61244858e-02
-1.81762746e-01
1.17987443e-01
-2.85304688e-01
1.59318876e-01
-1.04871363e-01
-7.35792107e-01
-1.84473331e-01
1.60767000e-01
2.97830152e-02
-1.60862575e-01
2.29809820e-01
0.00000000e+00
0.00000000e+00
0.00000000e+00
1.29853566e-01
6.62513231e-02
-8.43312680e-02
8.63388595e-02
4.07186880e-02
0.00000000e+00
6.88042618e-01
4.66879818e-01
2.58091821e-01
-5.11647789e-01
0.00000000e+00
-9.78473887e-02
-1.77133562e-01
1.70594603e-01
-3.48003444e-01
-3.86874209e-01
-3.96585079e-01
-4.12568026e-01
8.37886728e-02
-2.76694989e-01
2.85966903e-01
-2.01896169e-01
-3.31132445e-01
6.38514082e-02
-3.27223220e-01
-1.30543192e-01
-2.40312651e-01
-3.19566416e-01
-4.04713200e-02
-1.49926188e-01
-8.72079178e-02
-4.22884013e-01
1.70089563e-03
-9.36958443e-02
8.36192155e-02
0.00000000e+00
0.00000000e+00
0.00000000e+00
0.00000000e+00
0.00000000e+00
1.51868081e+00
1.10560428e+00
-1.02526094e+00
0.00000000e+00
0.00000000e+00
0.00000000e+00
6.24914943e-01
1.83694505e-01
-2.18631060e-01
4.09819538e-01
-2.19826359e+00
4.68438869e-01
7.44333005e-01
9.19088617e-01
-1.25543872e-01
0.00000000e+00
7.77184444e-01
-3.88365867e-01
-1.31731018e+00
4.72438350e-01
3.06001092e-01
7.06566551e-01
5.21422461e-01
-3.00985111e+00
-7.47104924e-01
8.45907287e-01
-1.33330044e+00
0.00000000e+00
0.00000000e+00
0.00000000e+00
8.26753458e-02
1.10220566e+00
-4.89463253e-01
1.01715601e-01
-2.12724904e+00
4.31308491e-01
8.22272951e-01
2.15633201e-01
-2.22097956e-02
0.00000000e+00
5.62343674e-01
-2.01941701e-01
-8.45992236e-01
8.73516098e-01
-6.47092988e-02
5.17174343e-01
5.94381828e-02
-2.36613250e+00
-2.67190642e-01
2.83304466e-01
2 1
-1.5627e+00 3.3548e-01
8 1
0 3 4 8 1 5 9 7 
217
-1.62030404e-01
-2.58125208e-01
-1.50257642e-01
4.31896108e-02
3.00978642e-01
-3.30712672e-01
-1.20478724e-01
-3.51095176e-01
-2.86740839e-01
7.75079674e-01
-2.65234598e-01
2.76446979e-01
2.09445116e-01
1.40589833e-02
2.85425352e-01
-1.45144740e-03
-5.98407557e-01
-4.87110696e-01
-4.08436758e-03
6.35241452e-02
-2.89001802e-01
-3.21290939e-03
3.38539664e-01
3.28656742e-01
-1.95230580e-04
-7.17621976e-02
0.00000000e+00
0.00000000e+00
0.00000000e+00
1.67491576e-01
-6.45034671e-03
-1.01653231e-01
1.82739268e-01
-4.04157671e-01
0.00000000e+00
0.00000000e+00
0.00000000e+00
-1.49138270e-02
-9.23742846e-03
-7.60193008e-03
-2.75241974e-01
2.29195069e-01
1.26472985e-01
-2.10703299e-01
3.44986273e-01
-3.63416603e-01
-1.96479747e-01
3.40341838e-01
4.50635631e-01
-2.96031317e-01
-2.46646204e-01
8.63399897e-02
-3.78365267e-01
3.91535887e-01
-6.94765522e-01
-1.00112000e-01
0.00000000e+00
-7.19422709e-01
4.30700684e-01
6.83771237e-01
1.40712590e-01
-4.49379236e-01
1.46636242e-01
1.74911960e-01
-3.59948687e-01
2.48345363e-01
3.01530292e-01
-6.08793053e-01
-2.78523969e-01
7.43393805e-02
0.00000000e+00
-4.65180679e-01
6.09556728e-02
1.31664145e-01
-6.47721414e-02
1.71486130e-01
6.57700161e-01
0.00000000e+00
-6.56275142e-01
-9.99319798e-01
2.66569642e-01
-4.19202265e-01
2.27675096e-01
8.04339734e-01
0.00000000e+00
1.19729860e-01
-2.80604751e-01
-4.20320785e-02
-1.71043846e-01
-2.39728185e-01
2.72906474e-02
0.00000000e+00
-3.62578306e-02
-1.06642136e-01
2.93685584e-01
-2.79345095e-01
-4.19458158e-01
-3.94611813e-01
8.03898990e-02
1.91281405e-01
-2.13255217e-01
-3.95188153e-01
3.41958758e-01
-3.85135545e-02
3.06942098e-01
8.29360206e-02
7.77224660e-02
2.42124671e-01
-2.92147463e-01
-3.70862160e-01
-3.05414280e-02
-6.98434142e-01
0.00000000e+00
8.93288287e-02
4.17602029e-02
1.32165233e-01
-5.95446896e-01
-3.83524466e-01
-1.29343950e-01
2.38697485e+00
2.38949123e+00
-1.08427149e+00
0.00000000e+00
0.00000000e+00
0.00000000e+00
3.81722239e-01
3.63630810e-01
-6.01328359e-02
2.14783717e-01
-5.46123354e-01
2.27127112e-02
2.47740812e-01
7.74184249e-01
-1.67751245e-01
0.00000000e+00
2.81891598e-01
-2.01802057e-01
-1.00330211e-01
5.00920177e-01
1.03497061e-01
1.99661088e-01
8.10449388e-01
-3.25140645e-02
-2.82474937e-02
1.27692746e+00
-4.87655234e-01
0.00000000e+00
0.00000000e+00
0.00000000e+00
7.60198196e-01
6.09932030e-01
4.65214088e-01
5.70035077e-01
-5.80172806e-01
6.47103881e-01
5.88902784e-01
5.97642906e-01
5.68410954e-01
0.00000000e+00
6.71584960e-01
1.61928989e-01
-1.51082059e-01
5.41462152e-01
1.05942133e+00
8.50097753e-01
4.34330741e-01
-4.86538601e-02
3.10602510e-01
1.16726484e+00
-7.47483564e-01
0.00000000e+00
0.00000000e+00
0.00000000e+00
-9.10834186e-02
6.20844215e-01
-2.61095739e-01
-3.45225673e-01
-1.83033610e-01
1.53187894e-01
-1.54256306e-01
2.90649229e-01
-1.22528498e-01
0.00000000e+00
-2.07560347e-01
3.08366114e-02
-3.41635869e-01
7.54013054e-01
2.81416557e-01
9.46932212e-02
3.87127528e-02
-5.29443705e-03
5.55131494e-02
2.51318012e-01
-2.63478037e-01
0.00000000e+00
0.00000000e+00
0.00000000e+00
6.94826556e-02
1.39951086e-01
2.32354385e-01
2.83374388e-01
-3.09955430e-01
5.04096835e-01
6.97120239e-01
1.00611379e-01
1.25204086e-01
0.00000000e+00
6.79540033e-01
-1.77669796e-01
-8.81812418e-02
-3.94890108e-02
-5.05943638e-01
2.07577970e-01
2.34574309e-01
-7.89930969e-03
-2.81492127e-01
-1.28806269e-01
136
-1.11897967e-01
-1.24559642e-01
-9.89974538e-03
1.96794021e-01
-6.08091142e-03
-2.38312643e-01
2.84050791e-03
5.41802967e-02
2.55598038e-04
0.00000000e+00
0.00000000e+00
0.00000000e+00
2.12789618e-01
-1.68222175e-01
-1.45533376e-01
3.44322805e-01
-3.55254838e-01
0.00000000e+00
0.00000000e+00
0.00000000e+00
-1.53208951e-04
3.51647116e-03
9.96344271e-02
2.93628510e-03
2.52994174e-02
-3.62809753e-02
-2.06850384e-01
2.38054254e-01
1.01336285e-01
1.98537436e-01
-1.56546819e-01
-6.29207957e-02
7.04046107e-03
9.91474590e-02
-2.45953409e-01
1.14743252e-01
1.02317579e-01
-4.36976750e-01
-1.86937542e-01
9.90038925e-02
-2.44041415e-02
-5.90244113e-02
1.00685284e-01
0.00000000e+00
0.00000000e+00
0.00000000e+00
1.23758042e-01
6.68062944e-02
-2.75718998e-02
5.98494728e-02
1.42936994e-01
0.00000000e+00
5.75170786e-01
3.53074465e-01
2.38590879e-01
-3.45211926e-01
0.00000000e+00
-2.54723056e-02
-1.83818114e-01
1.68548023e-01
-2.43582237e-01
-3.23292577e-01
-4.76508359e-01
-2.89346132e-01
7.61102355e-03
-2.04662296e-01
0.00000000e+00
1.26209839e-01
-2.21379085e-01
1.14741076e-01
1.69986864e-02
-1.21073535e-01
-1.54812228e-01
-2.35310876e-01
-3.33939239e-02
-6.99550174e-02
-9.37766709e-02
-2.65921570e-01
6.84280235e-03
-7.06704503e-02
1.54347897e-01
0.00000000e+00
-3.62621316e-02
-2.82355554e-01
2.32536473e-02
-2.05531339e-01
1.53038318e+00
1.12995656e+00
-1.00081118e+00
0.00000000e+00
0.00000000e+00
0.00000000e+00
6.12250442e-01
2.26919613e-02
-1.58071757e-01
3.58603668e-01
-2.07037033e+00
5.29387160e-01
8.14695656e-01
7.75249163e-01
-1.81681753e-01
0.00000000e+00
6.41921106e-01
-1.95148803e-01
-1.27380533e+00
4.18434562e-01
3.28595244e-01
6.93918492e-01
5.13898539e-01
-2.75097273e+00
-6.80558140e-01
6.00151664e-01
-1.28214526e+00
0.00000000e+00
0.00000000e+00
0.00000000e+00
-5.05646379e-02
1.02398715e+00
-4.21238839e-01
4.99369572e-02
-1.55831870e+00
4.13848362e-01
7.34153893e-01
2.30070061e-01
-3.59758948e-02
0.00000000e+00
2.75371780e-01
-6.60849152e-02
-1.01422115e+00
7.20207721e-01
-3.34766497e-03
4.05795612e-01
4.57457697e-02
-2.01482018e+00
-2.71105505e-01
2.54414923e-01
6 1
-1.6187e+00 3.6650e-01
8 0
0 3 4 8 1 5 9 7 
217
-3.42442204e-01
-4.96543639e-03
-2.71795100e-01
-1.61381424e-01
-9.02130493e-02
-2.20534353e-01
2.00633258e-02
-2.38465391e-01
-1.34352471e-01
5.15186706e-01
9.18361546e-02
1.79179927e-01
0.00000000e+00
0.00000000e+00
2.05714123e-01
8.79031773e-03
-2.82587810e-01
-3.60227977e-02
2.77046639e-03
-3.68944611e-01
-5.81791093e-01
5.10531216e-03
-3.21724536e-02
6.96575636e-02
-1.46298699e-03
3.35092672e-02
0.00000000e+00
0.00000000e+00
9.02775426e-01
-3.45848876e-01
-4.46411530e-01
-5.74797258e-01
1.21840034e-01
0.00000000e+00
0.00000000e+00
0.00000000e+00
0.00000000e+00
2.65233911e-01
9.72057782e-02
-9.43492437e-02
-6.00304555e-01
1.45560462e-02
1.70948830e-01
-1.95732971e-01
0.00000000e+00
-3.23452965e-01
9.45473348e-03
-2.28569407e-01
2.49194609e-01
-2.46518049e-01
-2.59349250e-01
6.14606379e-01
1.61619246e-01
-3.75545358e-02
-1.82947386e-01
3.39293749e-01
0.00000000e+00
-1.55068077e-01
-7.53890127e-01
2.34274206e-01
2.92469274e-01
-4.61077074e-01
-1.73834404e-01
-6.04449132e-02
-4.79008592e-01
-5.76346483e-01
3.96246229e-02
-1.37510823e-01
1.57386678e-01
7.57899986e-01
0.00000000e+00
-1.15315103e-01
-7.06595343e-01
-2.43195677e-01
1.23063647e-01
1.60685749e-02
1.20346979e-01
0.00000000e+00
-3.19848432e-01
-6.51762585e-01
-1.31165932e-01
-6.37567117e-02
1.08572159e-01
3.74223921e-01
0.00000000e+00
-2.42325815e-01
-3.31842259e-03
-1.25845995e-01
-1.66142744e-01
2.57296055e-02
-2.73505597e-01
-1.21808691e-01
-9.08020131e-02
-2.14788033e-02
-1.81697515e-01
-2.81732373e-01
5.18660153e-02
-3.38093716e-01
1.03600612e-01
5.40022873e-01
3.09360253e-01
-7.23360890e-01
-4.64303629e-01
-2.62704800e-01
-2.97228271e-01
2.91774780e-01
1.08375011e-01
3.04391332e-01
-2.40510518e-01
3.92653244e-02
-5.02081478e-01
2.16808362e-01
-1.10530666e-01
7.88238981e-02
-7.56653878e-01
-5.56771559e-02
-6.68906247e-01
-2.55058281e-01
-7.54559869e-03
2.36569184e+00
2.50029806e+00
-6.75135644e-01
0.00000000e+00
0.00000000e+00
0.00000000e+00
9.20054890e-01
-3.33891445e-01
7.83091195e-02
8.12860444e-01
-1.27711841e-01
-4.03778579e-01
1.48998229e+00
1.44001057e+00
1.74288025e+00
0.00000000e+00
2.62553217e-01
5.83766251e-01
-1.49927722e-01
1.03119080e+00
-2.28082752e-01
9.66658728e-01
8.92285638e-01
-9.13727880e-02
2.02799769e-01
4.29324329e-01
-1.14353655e+00
0.00000000e+00
0.00000000e+00
0.00000000e+00
1.10436445e+00
1.13823708e+00
8.83293212e-01
8.34980192e-01
-2.34472702e-01
1.88128627e+00
1.22094067e+00
5.39351342e-01
5.17927813e-01
0.00000000e+00
9.86319185e-01
2.55659300e-01
-7.93259005e-02
7.90530350e-01
1.83599987e+00
6.71690675e-01
1.42593282e+00
-1.65005090e-01
8.76504977e-01
1.39217650e+00
-2.98432653e-01
0.00000000e+00
0.00000000e+00
0.00000000e+00
1.57414873e-01
-1.03041471e-02
-3.54587514e-01
4.42045207e-01
-1.61054935e-01
3.06326101e-01
8.29479938e-01
6.55210232e-01
-5.08476586e-02
0.00000000e+00
-3.75188070e-01
1.34204229e-01
-4.30908243e-01
9.89673780e-01
-1.41847859e-01
1.52123940e+00
1.59610108e-01
-9.91613396e-03
2.33275786e-02
-4.56177314e-01
-6.49333298e-01
0.00000000e+00
0.00000000e+00
0.00000000e+00
1.13292030e-01
7.74465952e-02
7.07211277e-01
7.80190845e-02
-1.14871273e-01
2.81270065e-01
4.30587724e-01
2.65451476e-01
5.47962190e-02
0.00000000e+00
3.58048283e-01
-9.97307911e-02
-2.32706761e-01
6.21028414e-01
-1.22846862e-01
-6.54354969e-03
1.88696105e-01
-1.29827687e-02
4.45275432e-01
1.33361251e+00
136
-3.11873183e-01
1.53977120e-01
2.14105044e-03
-3.75017056e-01
1.73330279e-03
-1.45620895e-01
4.54045172e-04
5.47876476e-02
-2.70200525e-04
0.00000000e+00
0.00000000e+00
1.49828453e-01
-1.29729082e-01
-2.28108301e-01
-2.08359378e-01
1.04495125e-01
0.00000000e+00
0.00000000e+00
0.00000000e+00
0.00000000e+00
2.26684095e-01
1.00209309e-01
-1.36309979e-01
-2.77547654e-01
-2.18886749e-01
-1.15996779e-01
1.09974573e-01
1.05417904e-01
-2.63670426e-01
2.13713094e-01
-7.09420758e-02
1.09254052e-01
-1.36153215e-01
9.27489466e-02
3.66683867e-02
1.13202694e-01
3.00882039e-01
-2.12681316e-01
-1.61222504e-01
5.93479452e-02
-2.43398082e-01
-5.92023929e-02
-1.95838232e-01
0.00000000e+00
0.00000000e+00
0.00000000e+00
1.46272696e-01
2.75528231e-01
7.14297874e-02
1.56948299e-01
-3.55246645e-02
0.00000000e+00
4.48829106e-02
-1.42539058e-01
1.29742678e-01
-3.83461203e-02
0.00000000e+00
2.46994080e-02
-1.19000639e-01
9.94704898e-02
-9.67385822e-02
-5.55057257e-01
-4.69165409e-01
-1.33844597e-01
-3.14875189e-02
7.40126064e-02
-1.76545051e-01
-2.02890244e-02
3.24609305e-02
3.06678151e-03
-5.50858338e-02
-1.23325985e-01
-1.83905767e-01
-3.57923069e-01
-4.10021920e-02
1.57954226e-01
-6.45887566e-02
-3.02038947e-01
-2.79626576e-01
-4.70474320e-02
1.13601912e-01
-1.35922121e-01
-1.09482853e-01
-2.93780687e-01
-9.08949930e-03
-1.59606553e-02
2.22694055e+00
1.96446344e+00
-3.73325030e-01
0.00000000e+00
0.00000000e+00
0.00000000e+00
8.84003322e-01
-1.45149948e-02
3.56892918e-02
3.94406329e-01
-1.51769392e+00
6.05041346e-01
6.00804661e-01
8.35576578e-01
-3.00807600e-01
0.00000000e+00
4.39744764e-01
-1.60060677e-01
-2.00199742e+00
3.69613292e-01
3.96842025e-01
8.16830212e-01
5.84114271e-01
-2.68494785e+00
-3.94565354e-01
7.38596699e-01
-7.44158270e-01
0.00000000e+00
0.00000000e+00
0.00000000e+00
3.97662002e-02
5.57013759e-01
-1.01460776e-01
2.59161686e-01
-1.45592367e+00
6.92939550e-01
1.01957125e+00
3.62528994e-01
-5.16096323e-01
0.00000000e+00
2.39846753e-01
-1.08500544e-01
-1.78750122e+00
9.56840735e-01
2.45013950e-02
2.51615555e-01
1.69077023e-01
-1.84480952e+00
2.69575333e-01
2.27695544e-01
