0 7 -999999999 -1 -1
1 1 0 -1 -1
0.4759 -0.3216
356
1.35807024e+00
5.65143104e-01
7.92927138e-01
1.14005790e-01
-7.42328084e-02
-3.45780558e-03
6.09647167e-01
0.00000000e+00
0.00000000e+00
-7.83457110e-02
-2.99584201e-01
5.31085252e-01
-1.73783391e-01
1.86245673e-02
2.12312573e-02
7.41499653e-02
0.00000000e+00
0.00000000e+00
0.00000000e+00
0.00000000e+00
0.00000000e+00
0.00000000e+00
0.00000000e+00
0.00000000e+00
0.00000000e+00
0.00000000e+00
0.00000000e+00
0.00000000e+00
0.00000000e+00
0.00000000e+00
0.00000000e+00
0.00000000e+00
0.00000000e+00
0.00000000e+00
0.00000000e+00
0.00000000e+00
0.00000000e+00
0.00000000e+00
0.00000000e+00
0.00000000e+00
0.00000000e+00
0.00000000e+00
0.00000000e+00
0.00000000e+00
0.00000000e+00
0.00000000e+00
0.00000000e+00
0.00000000e+00
0.00000000e+00
0.00000000e+00
0.00000000e+00
-5.15529456e-01
-8.26441457e-01
-2.42910726e+00
0.00000000e+00
0.00000000e+00
0.00000000e+00
0.00000000e+00
3.02988001e-01
4.70706810e-01
9.71921490e-01
-7.63946017e-02
7.77248053e-01
-9.08124300e-01
-4.33993632e-01
-8.82015046e-01
0.00000000e+00
0.00000000e+00
-4.32470072e-01
-2.77061983e-03
-1.45526080e-01
-3.41246330e-02
4.21510433e-03
-5.65338868e-02
1.26278414e+00
-7.80632974e-03
-4.22856857e-01
5.61880806e-01
-3.65663539e-03
-6.30816867e-01
4.41824517e-01
3.61200708e-01
5.55045017e-01
0.00000000e+00
0.00000000e+00
0.00000000e+00
0.00000000e+00
0.00000000e+00
0.00000000e+00
0.00000000e+00
-1.90552097e-02
2.48094220e-01
-2.92171534e-01
-1.24389326e-01
-4.08447902e-02
-2.29214568e-02
-3.42439749e-02
-8.90292833e-02
7.84678253e-02
1.10128323e-02
-2.26869846e-01
-2.86033973e-01
0.00000000e+00
0.00000000e+00
3.84635602e+00
3.03033374e+00
1.10544881e+00
5.71012080e-01
6.40645573e-01
6.06754330e-01
-7.73545530e-01
-1.06814346e+00
5.32469597e-01
-2.61563198e-01
-4.75899224e-01
-9.64785113e-01
-7.99175342e-01
-1.60150430e+00
0.00000000e+00
0.00000000e+00
0.00000000e+00
0.00000000e+00
0.00000000e+00
0.00000000e+00
-6.02933780e-01
-2.63771173e-01
-1.20895904e-02
-9.13111251e-02
-8.14381936e-02
-6.20719639e-01
5.40288007e+00
5.22379888e+00
5.33092948e+00
5.27707621e+00
5.60808045e+00
5.32558601e+00
6.02251775e-01
-1.23224384e-02
3.87719843e-01
1.71102428e-01
1.22900245e-02
-2.74629716e-03
-4.53025455e-01
-1.52352520e-01
-4.15618061e-01
-6.78280210e-01
-6.23678497e-01
-8.08988087e-01
1.08217181e+00
0.00000000e+00
0.00000000e+00
0.00000000e+00
0.00000000e+00
0.00000000e+00
0.00000000e+00
0.00000000e+00
2.75898436e-01
1.33088907e+00
-1.35697349e+00
0.00000000e+00
-5.32112324e-01
-7.24671468e-01
-5.99199967e-01
-9.47592033e-01
-1.13131229e+00
0.00000000e+00
0.00000000e+00
0.00000000e+00
-5.49211573e-01
-5.38836211e-02
-6.00022694e-01
-2.77503688e-01
-2.53650851e-01
-4.64672851e-01
-1.80244515e+00
6.54373607e-02
7.13043612e-01
0.00000000e+00
-7.35925959e-01
-4.14271636e-01
-8.97274299e-02
1.51487089e+00
7.12597686e-03
4.46852979e-01
8.52985842e-01
-4.71587224e-01
6.98409524e-01
2.82864204e-01
7.91818499e-01
0.00000000e+00
0.00000000e+00
0.00000000e+00
7.47868061e-02
7.91211889e-02
1.67645568e-01
3.18340544e-01
-3.43685227e-01
6.55936311e-01
1.14814779e+00
1.13610114e-01
-3.06318696e-02
0.00000000e+00
-2.36914146e-02
-4.90711425e-01
-2.01530287e-01
-3.57878944e-01
2.16437658e-01
3.53478144e-01
-1.02157140e-01
-6.98689676e-01
-1.83026543e-01
9.63169028e-02
-4.42308080e-01
-4.14711261e-02
-4.79617305e-01
-5.80683028e-01
-3.11168934e-01
2.45848084e-01
4.94408837e-02
-3.36760093e-01
-5.97369412e-01
0.00000000e+00
0.00000000e+00
0.00000000e+00
-8.84165208e-02
3.03181351e-01
-2.70916147e-01
-2.18610185e-01
5.17824324e-02
-1.66287108e-01
-4.35731414e-01
6.37310555e-01
3.77286376e-01
0.00000000e+00
-3.56045696e-01
3.93678856e-01
-4.40126163e-01
1.31385235e-01
-3.62871358e-01
-5.66703771e-01
1.47559567e-01
1.50627326e-01
9.77883764e-03
1.05748416e-01
-4.00836954e-01
5.82467964e-01
-4.89175816e-02
-1.75558850e-01
-6.89004210e-01
-4.90641197e-01
-7.77041817e-01
3.22061558e-02
3.95162051e-01
3.39491495e-01
3.77062320e-02
-8.67838925e-01
-1.98363013e-01
-4.93478724e-01
3.59062700e-01
-4.89094706e-02
-1.67226350e+00
0.00000000e+00
0.00000000e+00
0.00000000e+00
2.21451500e-01
1.18330930e+00
-5.95168480e-01
3.88974699e-01
-1.51919893e+00
1.41871946e-01
8.03768519e-01
-2.24115325e-01
5.58943698e-01
0.00000000e+00
6.43176781e-01
-6.75083547e-01
-1.99389728e+00
7.96488656e-01
-3.66001483e-01
2.27668501e-01
2.60266866e-01
-1.56953189e+00
-2.44720473e-01
2.89533447e-01
1.66387543e-01
0.00000000e+00
0.00000000e+00
0.00000000e+00
8.81704218e-03
2.38575105e-02
4.47230158e-02
1.04107749e-01
3.09648078e-01
4.78677780e-02
-5.27749096e-02
1.18690691e-01
-3.10356745e-01
0.00000000e+00
-1.13415324e-01
2.55744767e-01
5.10414117e-01
-4.86653551e-02
-8.62867343e-01
2.35050185e-01
-1.39175394e-01
1.51475145e-02
8.17026206e-02
-6.21284555e-02
-9.39933582e-01
-2.39528547e-01
0.00000000e+00
5.43447334e-01
5.60081778e-01
2.59372015e-01
-6.35763538e-03
-4.92542927e-01
-2.07951739e-01
0.00000000e+00
0.00000000e+00
0.00000000e+00
-4.82781372e-02
-1.21632903e-01
-3.21524010e-02
1.63034429e-01
2.64875847e-01
-1.57518107e-01
3.31913499e-02
-5.35698578e-01
-1.37787608e-03
0.00000000e+00
1.99605209e-01
-6.70848084e-02
2.04276571e-01
1.34307300e-01
-1.02701416e-01
3.06067011e-02
-1.11603175e-01
1.05154121e-01
1.64938807e-01
-3.29894671e-01
-7.00405035e-01
0.00000000e+00
-3.57272646e-01
1.49675402e-01
-7.32329919e-01
-4.85142921e-01
0.00000000e+00
-1.05563915e+00
9.23745791e-02
1.87237917e-01
-6.67948939e-02
-6.05585944e-01
-2.47186998e-01
0.00000000e+00
0.00000000e+00
-1.44008992e+00
247
-5.45486616e-01
-1.11512628e-01
-4.33973989e-01
5.13351916e-01
-6.24864543e-01
1.00343981e-02
-5.69804993e-01
7.09131600e-01
0.00000000e+00
0.00000000e+00
-2.91319938e-01
-1.60913968e+00
6.61890406e-01
-4.90369123e-01
0.00000000e+00
0.00000000e+00
0.00000000e+00
0.00000000e+00
0.00000000e+00
0.00000000e+00
0.00000000e+00
0.00000000e+00
0.00000000e+00
0.00000000e+00
0.00000000e+00
0.00000000e+00
0.00000000e+00
0.00000000e+00
0.00000000e+00
0.00000000e+00
0.00000000e+00
0.00000000e+00
0.00000000e+00
0.00000000e+00
0.00000000e+00
0.00000000e+00
0.00000000e+00
0.00000000e+00
0.00000000e+00
0.00000000e+00
0.00000000e+00
-1.51245707e+00
5.01414495e-02
6.03377794e-01
-7.07647759e-03
4.32926046e-01
-3.86201977e-03
-6.93333901e-02
-5.33605455e-03
2.01032584e-01
-3.09110165e-01
-4.37409035e-01
0.00000000e+00
0.00000000e+00
0.00000000e+00
0.00000000e+00
0.00000000e+00
0.00000000e+00
0.00000000e+00
4.48706863e+00
2.40128891e+00
4.85871099e+00
5.05897515e+00
4.18877370e+00
3.46878088e+00
1.79617847e+00
0.00000000e+00
-6.36559377e-04
-1.78588233e-01
-1.50317627e-01
-9.34685536e-01
-6.90725795e-01
-1.48606433e+00
0.00000000e+00
0.00000000e+00
0.00000000e+00
0.00000000e+00
0.00000000e+00
0.00000000e+00
-6.96277434e-01
-6.38600880e-01
-4.64675961e-01
-3.92030849e-01
-2.19524715e-01
-5.35665690e-01
6.74347687e+00
6.67410391e+00
6.64764968e+00
6.44007973e+00
6.79041006e+00
6.54015584e+00
-3.61978142e-01
-8.74586573e-01
-1.87594642e-01
-3.02067636e-01
-1.82305102e-01
1.94790635e-01
0.00000000e+00
-3.00710854e-01
-1.89254985e-01
-5.72072674e-01
-1.57144953e-01
-2.90406906e-01
-1.59153717e+00
0.00000000e+00
0.00000000e+00
0.00000000e+00
1.04605056e+00
-1.41416736e-01
-3.05333150e+00
0.00000000e+00
-8.73032853e-01
-1.10619089e+00
-1.77725884e+00
-1.16951669e+00
-1.97922375e+00
0.00000000e+00
0.00000000e+00
0.00000000e+00
8.65996687e-01
2.29892984e+00
2.45173320e-01
9.90154439e-01
0.00000000e+00
1.31757469e+00
1.04523556e+00
4.85374362e-01
1.17187087e+00
0.00000000e+00
9.08231257e-01
-6.98673336e-01
-1.13030945e-01
1.60196364e+00
5.81493032e-01
1.33873209e+00
1.39382792e+00
2.43303335e-01
1.47164396e+00
2.25733718e+00
-5.62373716e-01
-4.28508087e-01
-9.54226730e-01
-6.94297134e-01
-6.19264713e-01
-6.90713591e-01
0.00000000e+00
0.00000000e+00
0.00000000e+00
9.15522913e-01
4.70677875e-01
7.14110104e-01
7.65273182e-01
0.00000000e+00
-1.22020833e-01
6.90401558e-01
9.26929341e-01
9.85937460e-01
0.00000000e+00
5.17817115e-01
1.97095962e+00
0.00000000e+00
4.80616240e-01
5.71648276e-01
8.76224014e-01
1.95704474e-01
0.00000000e+00
-1.07672728e+00
-9.06000445e-01
-1.33865629e-01
-8.83907129e-01
-8.30950892e-01
-9.46155798e-01
-1.41685003e+00
-4.44524766e-01
-9.72886251e-01
1.13491923e-02
5.29563558e-01
-9.72325264e-01
-2.21644942e-01
4.56713546e-01
0.00000000e+00
-2.94677553e+00
0.00000000e+00
0.00000000e+00
0.00000000e+00
1.66434218e+00
2.70555897e+00
1.21276597e+00
2.32985240e+00
0.00000000e+00
1.76711495e+00
2.78441635e+00
1.24098449e+00
1.83232800e+00
0.00000000e+00
2.15188560e+00
6.85815768e-01
3.89977979e-03
2.05326817e+00
1.29362785e+00
2.19166398e+00
2.29749891e+00
1.00036064e+00
1.33829284e+00
2.35335990e+00
-1.47479152e+00
-7.43678469e-01
0.00000000e+00
5.18402869e-01
6.69319006e-01
-9.41020405e-01
0.00000000e+00
0.00000000e+00
0.00000000e+00
9.81926991e-01
1.14583114e+00
7.90293017e-01
5.18006565e-01
0.00000000e+00
1.07605214e+00
9.05404483e-01
1.23116389e+00
1.03057244e+00
0.00000000e+00
6.48615590e-01
9.72769415e-01
1.00304243e+00
7.88708074e-01
8.49664857e-01
6.99637830e-01
9.37288014e-01
9.09429338e-01
9.94285748e-01
6.36755204e-01
-7.31113052e-01
0.00000000e+00
-8.90582830e-01
-4.60169432e-01
-1.47198401e+00
-1.03358038e+00
0.00000000e+00
0.00000000e+00
3.68780636e-01
-4.38403633e-01
0.00000000e+00
0.00000000e+00
0.00000000e+00
8 -999999999 -999999999 0 -1
2 0 0 1 -1
-4.8032e-02 7.3521e-01
356
3.66249984e-01
0.00000000e+00
0.00000000e+00
0.00000000e+00
0.00000000e+00
0.00000000e+00
0.00000000e+00
0.00000000e+00
0.00000000e+00
0.00000000e+00
0.00000000e+00
0.00000000e+00
0.00000000e+00
0.00000000e+00
0.00000000e+00
0.00000000e+00
0.00000000e+00
0.00000000e+00
0.00000000e+00
0.00000000e+00
0.00000000e+00
0.00000000e+00
0.00000000e+00
0.00000000e+00
0.00000000e+00
0.00000000e+00
0.00000000e+00
0.00000000e+00
0.00000000e+00
0.00000000e+00
0.00000000e+00
3.98696136e-01
-3.24461522e-02
-1.56491539e+00
-1.98303268e+00
2.64153710e-01
2.21084070e-01
9.50676828e-01
3.66659032e-01
1.01293470e+00
8.43877363e-01
0.00000000e+00
0.00000000e+00
0.00000000e+00
0.00000000e+00
0.00000000e+00
0.00000000e+00
0.00000000e+00
0.00000000e+00
0.00000000e+00
0.00000000e+00
8.66972221e-02
-6.30350806e-01
1.22762651e-01
0.00000000e+00
0.00000000e+00
0.00000000e+00
0.00000000e+00
-5.67320674e-01
1.40980316e+00
9.38825964e-01
-3.82807594e-01
4.52935172e-01
-4.11954333e-01
1.02599257e-01
4.38447238e-03
-5.60789736e-01
-7.84744485e-02
0.00000000e+00
0.00000000e+00
0.00000000e+00
0.00000000e+00
0.00000000e+00
0.00000000e+00
0.00000000e+00
0.00000000e+00
0.00000000e+00
3.66249984e-01
1.25142370e-03
4.50286398e-01
2.65990999e-01
2.38595279e-02
7.63994572e-02
0.00000000e+00
0.00000000e+00
0.00000000e+00
0.00000000e+00
0.00000000e+00
0.00000000e+00
0.00000000e+00
7.40079335e-02
-2.73213154e-02
2.53691150e-01
8.44852353e-02
-9.01329715e-02
-6.58936744e-02
-7.35178029e-02
-1.78156645e-02
-2.88334830e-01
-7.61576153e-02
2.47372155e-01
-1.57449751e-01
8.48063781e-01
7.49255798e-01
1.98295225e+00
2.25304542e+00
8.84432779e-01
5.78524468e-01
4.85652319e-01
3.14370104e-01
-5.26508119e-01
-1.18485028e+00
2.60431371e-01
-2.61865814e-02
-1.97168374e-02
-4.35085560e-01
-6.14928096e-01
-1.33283783e+00
0.00000000e+00
0.00000000e+00
0.00000000e+00
0.00000000e+00
0.00000000e+00
0.00000000e+00
-6.29812335e-01
-3.26343097e-01
-1.50903010e-01
-1.00371225e-01
8.73524870e-02
-7.66718255e-01
5.79010699e+00
5.45862550e+00
5.49811425e+00
5.47504481e+00
5.53325364e+00
5.39155761e+00
6.72502691e-01
1.29316062e-01
4.55885104e-01
5.28032988e-01
2.56087943e-01
3.55418822e-01
-6.84858591e-01
-3.85137405e-01
-5.16263789e-01
-8.87043603e-01
-6.38190012e-01
-8.93151755e-01
5.51621268e-01
0.00000000e+00
0.00000000e+00
0.00000000e+00
0.00000000e+00
0.00000000e+00
0.00000000e+00
0.00000000e+00
-1.85371284e-01
5.43296944e-01
0.00000000e+00
0.00000000e+00
-6.25231062e-01
-1.08206549e+00
-9.91471206e-01
-8.04729943e-01
-1.61670227e+00
0.00000000e+00
0.00000000e+00
0.00000000e+00
-3.56053139e-01
9.65930165e-01
-1.32237808e+00
-3.47955509e-02
-5.59738584e-01
-1.95979356e-02
-4.29601619e-01
-1.41972474e-01
6.28631121e-01
0.00000000e+00
-1.18419550e+00
-4.22633221e-01
-9.15565950e-01
1.48674401e+00
-5.07681517e-01
4.76306311e-01
3.47213225e-01
-3.96063214e-01
7.64133065e-01
4.61662926e-03
-2.73418559e-01
0.00000000e+00
0.00000000e+00
0.00000000e+00
2.38738817e-01
2.55082104e-01
3.60461891e-01
1.21074061e-01
0.00000000e+00
3.92662559e-03
4.00070087e-01
3.79105826e-01
6.87756538e-02
0.00000000e+00
4.40045897e-01
5.52432301e-02
2.17772231e-02
-2.30440210e-01
2.83318144e-01
1.29641964e-01
9.85015349e-02
6.01138174e-02
-3.41112879e-02
1.04385507e-01
-5.40817018e-01
-2.30393873e-01
0.00000000e+00
0.00000000e+00
0.00000000e+00
-1.18639105e-01
-1.26634097e-01
1.48793286e-02
-2.71931781e-01
0.00000000e+00
0.00000000e+00
0.00000000e+00
2.68737930e-01
-2.71403298e-02
-1.37339071e-01
-5.11762006e-01
0.00000000e+00
3.51465838e-01
3.00298987e-01
2.65345115e-01
-5.10348144e-02
0.00000000e+00
1.22734920e-01
3.20051979e-01
-4.92550269e-01
-5.68965392e-01
6.09681703e-01
-1.36128457e-01
2.64969763e-01
-7.14946801e-01
-8.62804275e-01
3.23677040e-01
-3.10423145e-01
0.00000000e+00
0.00000000e+00
0.00000000e+00
-1.07588525e+00
-3.94837190e-01
0.00000000e+00
0.00000000e+00
0.00000000e+00
-2.07554983e-03
-3.69719928e-01
-2.30417117e-02
-6.81048061e-01
0.00000000e+00
0.00000000e+00
0.00000000e+00
-1.88679544e+00
0.00000000e+00
0.00000000e+00
0.00000000e+00
5.75597004e-01
1.55828913e+00
-2.93093931e-01
5.10720106e-01
-3.42954521e+00
1.26620527e-01
6.07982056e-01
1.85800650e-01
3.72572418e-01
0.00000000e+00
4.64706178e-01
-5.15022128e-01
-9.73024690e-01
5.65241325e-01
-8.55806609e-01
7.03891279e-01
3.62447216e-01
-1.78746697e+00
-4.24720887e-01
3.58017096e-01
5.40999611e-02
0.00000000e+00
0.00000000e+00
0.00000000e+00
1.92284763e-01
1.61519621e-01
1.36974470e-02
4.16583045e-02
0.00000000e+00
4.01217060e-02
6.62160092e-02
3.95104851e-01
1.59255192e-01
0.00000000e+00
1.47897171e-01
7.00168099e-02
-1.57774533e-01
9.61024118e-02
-2.61238573e-01
2.34827011e-01
2.74219159e-01
2.67293782e-01
2.59394085e-01
1.24363047e-01
-8.05746459e-01
-4.01642501e-01
0.00000000e+00
0.00000000e+00
0.00000000e+00
-2.35078414e-01
-1.96106149e-01
2.95420617e-02
2.87397158e-01
0.00000000e+00
0.00000000e+00
0.00000000e+00
-2.16379170e-01
6.99160723e-02
3.99325583e-02
3.45219500e-01
0.00000000e+00
-3.45784414e-01
-5.55196196e-01
-5.96308113e-01
1.55882780e-01
0.00000000e+00
-2.51578820e-01
-1.24210861e-01
6.91664284e-01
3.92540015e-01
6.68498283e-01
-1.56409669e-01
-5.08044159e-01
6.84270800e-01
3.26457703e-01
-3.60710015e-01
-4.04103958e-01
0.00000000e+00
0.00000000e+00
0.00000000e+00
-1.08104898e+00
-6.80422992e-01
0.00000000e+00
0.00000000e+00
0.00000000e+00
-1.62034728e-01
-4.89809459e-01
-2.85788061e-02
-4.00625985e-01
0.00000000e+00
0.00000000e+00
0.00000000e+00
247
-1.59495460e-01
0.00000000e+00
0.00000000e+00
0.00000000e+00
0.00000000e+00
0.00000000e+00
0.00000000e+00
0.00000000e+00
0.00000000e+00
0.00000000e+00
0.00000000e+00
0.00000000e+00
0.00000000e+00
0.00000000e+00
0.00000000e+00
0.00000000e+00
0.00000000e+00
0.00000000e+00
0.00000000e+00
0.00000000e+00
0.00000000e+00
0.00000000e+00
0.00000000e+00
0.00000000e+00
0.00000000e+00
0.00000000e+00
0.00000000e+00
-1.59495460e-01
0.00000000e+00
6.84977930e-01
-8.44473391e-01
-2.62781707e-01
9.65412301e-01
-2.65104812e-01
0.00000000e+00
0.00000000e+00
0.00000000e+00
0.00000000e+00
0.00000000e+00
0.00000000e+00
0.00000000e+00
0.00000000e+00
0.00000000e+00
0.00000000e+00
0.00000000e+00
0.00000000e+00
0.00000000e+00
-1.59495460e-01
7.59676399e-04
-1.91779036e-01
5.95089378e-02
-2.72253626e-02
0.00000000e+00
0.00000000e+00
0.00000000e+00
0.00000000e+00
0.00000000e+00
0.00000000e+00
0.00000000e+00
1.04314430e+00
1.12884119e+00
8.94373456e-01
1.58521083e-01
5.11336964e-01
6.88246552e-01
-8.74142425e-01
-9.34840882e-01
6.08693577e-01
2.94319943e-01
4.94411757e-02
-6.29309368e-01
-4.22341108e-01
-1.54693873e+00
0.00000000e+00
0.00000000e+00
0.00000000e+00
0.00000000e+00
0.00000000e+00
0.00000000e+00
-2.52025807e-01
-6.45380206e-02
6.14307290e-02
-9.51987569e-02
-2.84806230e-01
-6.53198560e-01
3.04516006e+00
2.79627414e+00
3.05774532e+00
2.98892486e+00
3.16201824e+00
3.08199300e+00
1.33836265e+00
7.84841985e-01
9.41717297e-01
6.55069354e-01
2.70181088e-01
2.09879328e-01
-1.22575475e-01
-6.33825171e-02
-1.54908264e-01
-3.78759744e-01
-3.31162039e-01
-5.97483943e-01
4.43494749e-01
0.00000000e+00
0.00000000e+00
0.00000000e+00
-6.02990209e-01
7.90171540e-01
0.00000000e+00
0.00000000e+00
-4.50276044e-01
-7.52363720e-01
-5.57046515e-01
-7.31290131e-01
-1.20263976e+00
0.00000000e+00
0.00000000e+00
0.00000000e+00
-5.86205103e-01
7.22161850e-01
-6.66533180e-01
1.46832328e-02
-8.38347118e-01
-2.02864061e-01
-1.06096015e+00
-1.14152171e-01
7.07311968e-01
0.00000000e+00
-8.19636346e-01
6.80096908e-02
-3.95215244e-01
1.23424636e+00
-3.58675735e-01
4.75593604e-01
5.79204753e-01
-8.17944781e-01
8.26705933e-01
2.99767353e-02
-2.60806705e-01
-2.05738380e-01
0.00000000e+00
0.00000000e+00
0.00000000e+00
-1.62320706e-02
0.00000000e+00
0.00000000e+00
0.00000000e+00
1.33004053e-01
3.96159864e-01
3.03499139e-01
2.71764247e-01
0.00000000e+00
1.29887706e-01
5.60382346e-01
4.87872507e-02
2.87715340e-01
0.00000000e+00
2.13851304e-01
-3.26797191e-01
2.16618276e-01
3.04204509e-02
-7.94148962e-01
6.35022439e-02
-1.71084527e-01
2.51544984e-01
-2.01296131e-01
-1.37852584e-01
-5.50683244e-02
0.00000000e+00
0.00000000e+00
0.00000000e+00
-9.41833059e-01
-2.44537664e-01
0.00000000e+00
0.00000000e+00
0.00000000e+00
-6.97295396e-01
0.00000000e+00
0.00000000e+00
0.00000000e+00
-1.28833665e+00
0.00000000e+00
0.00000000e+00
0.00000000e+00
3.58920617e-01
9.55719286e-01
-5.79225397e-01
1.39140588e-01
-8.03190424e-01
1.64529009e-01
4.79298392e-01
8.35026811e-02
2.31524282e-01
0.00000000e+00
3.19670646e-01
-1.92980937e-01
-1.67539823e+00
6.56594394e-01
-8.99938450e-01
5.48915584e-01
2.16902294e-01
-1.46706751e+00
-2.40429235e-01
4.15175765e-01
-2.55900450e-01
1.28462106e-01
0.00000000e+00
0.00000000e+00
0.00000000e+00
-2.73420874e-01
0.00000000e+00
0.00000000e+00
0.00000000e+00
3.14153065e-02
3.39240686e-02
1.25668928e-02
1.17435511e-01
-2.39039730e-01
7.21494496e-02
9.93812330e-02
3.32406112e-01
5.30274006e-02
0.00000000e+00
-1.87508238e-02
-8.17937944e-02
-4.56441007e-01
-8.82374502e-02
-7.12674862e-02
-3.47983420e-02
8.88381979e-02
-1.89312848e-01
5.04295232e-02
1.46469124e-02
-3.84362555e-01
0.00000000e+00
0.00000000e+00
0.00000000e+00
-1.03243620e+00
-6.85508621e-01
0.00000000e+00
0.00000000e+00
0.00000000e+00
-3.46927575e-01
0.00000000e+00
0.00000000e+00
0.00000000e+00
3 2
6.7355e-01 9.0958e-02
2 8
0 8 
217
1.11657931e-02
-3.27532840e-02
-2.67546704e-01
-4.07417797e-01
-8.10533426e-01
-2.76845239e-01
4.07970396e-01
1.58388609e-01
5.48614021e-01
-5.31414159e-01
-4.23025155e-02
-1.41984387e-01
-9.25826822e-02
-1.91891586e-02
0.00000000e+00
0.00000000e+00
0.00000000e+00
0.00000000e+00
0.00000000e+00
0.00000000e+00
0.00000000e+00
0.00000000e+00
0.00000000e+00
1.11657931e-02
-4.14648516e-05
1.96915829e-01
6.15111264e-01
-1.99437758e-01
-4.04507713e-01
0.00000000e+00
0.00000000e+00
0.00000000e+00
0.00000000e+00
0.00000000e+00
0.00000000e+00
0.00000000e+00
2.20328929e-01
-2.80363740e-01
7.12006040e-02
0.00000000e+00
0.00000000e+00
0.00000000e+00
0.00000000e+00
0.00000000e+00
2.20328929e-01
9.53683284e-02
-3.75732069e-01
7.12006040e-02
0.00000000e+00
0.00000000e+00
0.00000000e+00
0.00000000e+00
0.00000000e+00
0.00000000e+00
0.00000000e+00
0.00000000e+00
0.00000000e+00
0.00000000e+00
0.00000000e+00
0.00000000e+00
7.12006040e-02
9.53683284e-02
-3.75732069e-01
1.87223724e-01
-3.42626864e-01
-6.86257588e-01
1.50717232e-02
5.71786741e-01
1.51497209e-01
7.95941073e-01
0.00000000e+00
3.15697258e-01
1.67504113e-01
-1.86339038e-01
2.21774173e-01
-1.18192426e-01
2.01941014e-01
0.00000000e+00
0.00000000e+00
0.00000000e+00
0.00000000e+00
0.00000000e+00
0.00000000e+00
0.00000000e+00
0.00000000e+00
0.00000000e+00
0.00000000e+00
0.00000000e+00
0.00000000e+00
0.00000000e+00
0.00000000e+00
0.00000000e+00
0.00000000e+00
0.00000000e+00
0.00000000e+00
0.00000000e+00
0.00000000e+00
0.00000000e+00
0.00000000e+00
0.00000000e+00
0.00000000e+00
0.00000000e+00
0.00000000e+00
0.00000000e+00
0.00000000e+00
0.00000000e+00
0.00000000e+00
0.00000000e+00
0.00000000e+00
0.00000000e+00
0.00000000e+00
0.00000000e+00
0.00000000e+00
0.00000000e+00
0.00000000e+00
0.00000000e+00
0.00000000e+00
0.00000000e+00
0.00000000e+00
-8.24778290e-02
3.00017153e-01
-7.45273576e-01
0.00000000e+00
0.00000000e+00
0.00000000e+00
-1.39294234e-01
1.08965062e-01
-1.23142315e-01
1.09204758e-01
-3.44257618e-01
-1.71465040e-01
-1.40319723e-01
-2.32034739e-01
7.97280043e-02
0.00000000e+00
-1.90888317e-01
4.37682786e-02
-2.46789570e-01
4.64858771e-01
-1.81599470e-01
2.16011845e-01
2.78531520e-01
-2.68466664e-01
1.02022177e-01
-1.10106301e-01
7.25065278e-02
0.00000000e+00
0.00000000e+00
0.00000000e+00
8.14781256e-02
2.35322524e-01
-2.11042548e-01
1.61245340e-01
-7.17102189e-01
6.56138871e-02
1.30090267e-01
2.50493073e-01
2.67920571e-01
0.00000000e+00
-1.99282140e-01
1.58811389e-01
-4.55742711e-01
4.73706442e-01
-3.17921086e-01
1.79561851e-01
2.26215516e-01
-4.04401817e-01
1.21040871e-01
2.64991631e-02
-9.01687358e-01
0.00000000e+00
0.00000000e+00
0.00000000e+00
3.15269146e-02
1.93308986e-01
-1.86329134e-01
-1.52656814e-01
-4.82764244e-01
8.23388062e-02
2.07397641e-01
4.72143343e-02
-5.72167262e-03
0.00000000e+00
-4.06750114e-02
-1.49485321e-01
-2.92197539e-01
-6.83994165e-03
-1.50861285e-01
2.16435833e-01
1.79864695e-01
-4.14411695e-01
-1.23381830e-01
1.45549919e-01
-7.95352520e-02
0.00000000e+00
0.00000000e+00
0.00000000e+00
1.77342574e-01
1.83095313e-01
-7.22851062e-02
3.33644949e-01
-9.53711657e-01
9.06647218e-02
1.58050950e-01
7.15176368e-02
1.20408541e-01
0.00000000e+00
1.54913499e-01
5.22757946e-03
-3.42777851e-01
2.90503458e-01
1.67232527e-01
2.17525489e-01
6.73810659e-02
-7.81188378e-01
-4.51184863e-02
7.80379238e-02
136
5.65741540e-01
0.00000000e+00
0.00000000e+00
0.00000000e+00
0.00000000e+00
0.00000000e+00
0.00000000e+00
5.65741540e-01
1.46269527e-03
6.90712822e-01
5.13826380e-02
-1.76353920e-01
0.00000000e+00
0.00000000e+00
0.00000000e+00
0.00000000e+00
0.00000000e+00
0.00000000e+00
0.00000000e+00
1.04433659e-01
-1.22228234e-02
4.73530704e-01
0.00000000e+00
0.00000000e+00
0.00000000e+00
0.00000000e+00
0.00000000e+00
1.04433659e-01
1.41844365e-01
-1.54067188e-01
4.73530704e-01
0.00000000e+00
0.00000000e+00
0.00000000e+00
0.00000000e+00
0.00000000e+00
0.00000000e+00
0.00000000e+00
0.00000000e+00
0.00000000e+00
0.00000000e+00
0.00000000e+00
0.00000000e+00
0.00000000e+00
0.00000000e+00
0.00000000e+00
5.54002625e-01
-6.03636154e-01
7.53761347e-01
-3.96936115e-01
-2.20342052e+00
0.00000000e+00
2.46278024e-01
1.28053041e-01
-1.70391192e-01
-1.28714427e-02
0.00000000e+00
0.00000000e+00
0.00000000e+00
0.00000000e+00
4.73530704e-01
1.41844365e-01
-1.54067188e-01
0.00000000e+00
0.00000000e+00
0.00000000e+00
0.00000000e+00
0.00000000e+00
0.00000000e+00
0.00000000e+00
0.00000000e+00
0.00000000e+00
0.00000000e+00
0.00000000e+00
0.00000000e+00
0.00000000e+00
0.00000000e+00
0.00000000e+00
0.00000000e+00
0.00000000e+00
0.00000000e+00
0.00000000e+00
0.00000000e+00
0.00000000e+00
0.00000000e+00
0.00000000e+00
-3.63385474e-01
-4.05420572e-01
-7.37894204e-01
0.00000000e+00
0.00000000e+00
0.00000000e+00
1.92575825e-01
1.02818086e-01
-7.00124666e-01
1.22718032e-01
-1.59901989e+00
-3.12008269e-01
-8.41532128e-01
-2.23291820e-01
1.32885036e-01
0.00000000e+00
1.99351784e-01
9.18837101e-01
-7.50398964e-01
1.14813330e+00
-2.07783434e-01
5.61273035e-01
7.17285852e-01
-1.39636299e+00
6.47008060e-01
5.49741842e-01
-1.42811029e+00
0.00000000e+00
0.00000000e+00
0.00000000e+00
1.38194181e-01
6.91931785e-01
-4.54382335e-01
1.11790204e-01
-1.15988804e+00
2.81378776e-01
3.86344478e-01
2.74459734e-01
3.58812336e-01
0.00000000e+00
1.51322689e-01
-4.28550676e-01
-1.88160391e+00
6.97660755e-01
5.63669221e-02
4.59918174e-01
4.93893660e-01
-1.85920868e+00
-2.76048350e-01
5.29498011e-01
1 1
3.6228e-01 1.8811e-01
3 -1
0 8 3 
217
-5.33003256e-02
2.02442352e-01
-3.87128324e-01
-1.49060129e-01
-6.08539916e-01
1.43222141e+00
7.41786766e-01
-2.73862466e-01
1.96139947e-01
-1.36529676e-01
0.00000000e+00
0.00000000e+00
0.00000000e+00
0.00000000e+00
3.54011461e-01
-4.64473029e-03
1.60547345e-01
-2.71988406e-01
4.85843309e-04
4.30692738e-01
-1.49629595e-01
3.04679416e-03
2.12892174e-01
1.43062149e-02
-9.12310791e-04
5.35166738e-02
4.48349478e-01
-1.97655989e-01
-3.03993815e-01
0.00000000e+00
0.00000000e+00
0.00000000e+00
0.00000000e+00
0.00000000e+00
0.00000000e+00
0.00000000e+00
3.26216211e-01
-1.95921923e-01
-1.84664766e-01
1.07015192e-03
0.00000000e+00
0.00000000e+00
0.00000000e+00
0.00000000e+00
3.26216211e-01
-9.80086334e-02
9.66511004e-02
-9.08877623e-02
-1.94564390e-01
1.19615775e-01
-2.13392778e-01
1.07015192e-03
0.00000000e+00
0.00000000e+00
0.00000000e+00
0.00000000e+00
0.00000000e+00
0.00000000e+00
0.00000000e+00
0.00000000e+00
2.97981646e-02
-9.80086334e-02
-3.11306068e-01
2.43984942e-01
-2.29074799e-01
-1.52432419e+00
-7.77502909e-02
1.08390578e+00
9.53982205e-03
8.55194709e-01
0.00000000e+00
1.53258963e-01
1.30984750e-01
7.76067611e-03
1.09964668e-01
-2.14319964e-01
9.57540303e-02
0.00000000e+00
2.33970915e-01
5.56617653e-02
-2.67379774e-02
9.04298394e-02
-2.60533264e-01
-2.28500719e-01
0.00000000e+00
0.00000000e+00
0.00000000e+00
0.00000000e+00
0.00000000e+00
0.00000000e+00
0.00000000e+00
0.00000000e+00
0.00000000e+00
0.00000000e+00
0.00000000e+00
0.00000000e+00
0.00000000e+00
0.00000000e+00
0.00000000e+00
0.00000000e+00
0.00000000e+00
0.00000000e+00
0.00000000e+00
0.00000000e+00
0.00000000e+00
0.00000000e+00
0.00000000e+00
0.00000000e+00
0.00000000e+00
0.00000000e+00
0.00000000e+00
0.00000000e+00
0.00000000e+00
0.00000000e+00
0.00000000e+00
0.00000000e+00
0.00000000e+00
0.00000000e+00
0.00000000e+00
1.12228466e-02
1.55699034e-01
-2.43422885e-01
0.00000000e+00
0.00000000e+00
0.00000000e+00
8.42473649e-02
1.99017326e-01
-6.91408105e-01
2.42295003e-01
-8.04500330e-01
-2.12812199e-01
-1.23173065e+00
-5.70047267e-01
3.54190610e-01
0.00000000e+00
-2.45161579e-01
7.37905143e-01
-6.09243723e-01
1.50566503e+00
-6.19143611e-02
3.21397105e-01
7.73553775e-01
-8.27704281e-01
7.09490090e-01
8.33381706e-02
-2.49231728e-01
0.00000000e+00
0.00000000e+00
0.00000000e+00
-4.46079997e-02
2.64584469e-01
-8.43133809e-02
1.03559959e-01
-6.10253362e-01
1.12016703e-01
7.67469528e-01
6.14993721e-01
7.72984892e-02
0.00000000e+00
-1.41514560e-01
-6.10153376e-02
-4.24566724e-01
8.15131939e-02
-4.69217043e-01
7.98535704e-02
-1.50470183e-02
-2.84566196e-01
-1.93191862e-01
-2.22278785e-02
-1.06468765e+00
0.00000000e+00
0.00000000e+00
0.00000000e+00
-1.28862981e-01
6.50142486e-01
-4.34942408e-01
1.64024226e-01
-1.35508250e+00
1.80234687e-01
1.03107256e+00
3.67798538e-01
2.63984280e-01
0.00000000e+00
-1.56709396e-01
-2.96549855e-01
-1.09739794e+00
3.55691862e-01
-5.42469145e-01
5.58163159e-01
5.22227779e-01
-1.17817004e+00
-2.29065238e-01
2.61222279e-01
-1.12836893e-01
0.00000000e+00
0.00000000e+00
0.00000000e+00
4.96982413e-01
-4.74123140e-02
5.54272190e-02
2.39684940e-01
-1.16999605e+00
3.07376645e-02
-3.79318438e-01
5.89443634e-03
1.15380904e-01
0.00000000e+00
4.28520231e-01
9.55921567e-02
-2.13633711e-01
4.21257213e-01
4.91866637e-01
-1.79719302e-02
-1.55668395e-01
-5.97051319e-01
2.17765884e-02
6.50948604e-02
136
1.06142009e+00
1.73987410e-01
1.42262828e-02
5.55716613e-01
-2.32223226e-03
3.01404345e-01
8.43412910e-04
3.03117206e-02
-1.55613514e-03
7.06780072e-01
2.52058943e-01
1.02581074e-01
0.00000000e+00
0.00000000e+00
0.00000000e+00
0.00000000e+00
0.00000000e+00
0.00000000e+00
0.00000000e+00
-1.47894688e-01
-3.71223704e-03
4.94637070e-01
7.18389945e-01
0.00000000e+00
0.00000000e+00
0.00000000e+00
0.00000000e+00
-1.47894688e-01
-2.99830497e-01
1.23480062e-01
8.32960395e-01
1.72638198e-01
3.34178644e-01
-6.72501969e-01
7.18389945e-01
0.00000000e+00
0.00000000e+00
0.00000000e+00
0.00000000e+00
0.00000000e+00
0.00000000e+00
0.00000000e+00
0.00000000e+00
0.00000000e+00
0.00000000e+00
0.00000000e+00
2.92926980e-01
-8.17205377e-01
9.21677952e-01
-2.85222329e-01
-2.67172245e+00
0.00000000e+00
5.90916568e-02
1.20929107e-02
-1.62561781e-01
1.40432383e-01
0.00000000e+00
5.08715271e-01
3.79805924e-01
8.65513948e-02
-6.29707637e-01
-2.99830497e-01
-3.76383709e-01
0.00000000e+00
0.00000000e+00
0.00000000e+00
0.00000000e+00
0.00000000e+00
0.00000000e+00
0.00000000e+00
0.00000000e+00
0.00000000e+00
0.00000000e+00
0.00000000e+00
0.00000000e+00
0.00000000e+00
0.00000000e+00
0.00000000e+00
0.00000000e+00
0.00000000e+00
0.00000000e+00
0.00000000e+00
0.00000000e+00
0.00000000e+00
0.00000000e+00
0.00000000e+00
-2.88569831e-01
-3.73725430e-01
-7.90735522e-01
0.00000000e+00
0.00000000e+00
0.00000000e+00
1.74042555e-01
8.99673982e-02
-6.39805873e-01
2.21948132e-01
-1.42125855e+00
-3.62212597e-01
-6.32447674e-01
-2.05540684e-01
1.35349538e-01
0.00000000e+00
3.90932604e-02
7.32988204e-01
-9.27890910e-01
1.12456921e+00
-1.96929728e-01
5.92761354e-01
7.36587450e-01
-1.34392723e+00
6.12122013e-01
4.79848608e-01
-1.49055462e+00
0.00000000e+00
0.00000000e+00
0.00000000e+00
2.08528405e-01
6.11131196e-01
-4.22125869e-01
2.79016233e-01
-1.27031141e+00
2.86746282e-01
4.78937575e-01
3.07886468e-01
2.77243948e-01
0.00000000e+00
1.28786388e-01
-3.32285350e-01
-1.99725330e+00
6.92830561e-01
8.40288462e-02
5.06083074e-01
4.52005507e-01
-1.90754816e+00
-4.44478826e-01
5.70223814e-01
7 1
-1.1658e-01 3.5399e-01
4 1
0 8 3 1 
217
1.01671150e-01
-4.92540318e-02
-3.57947803e-01
-1.67727544e-01
-3.60343691e-01
6.28492193e-01
2.22335083e-01
-2.86341118e-01
2.60161124e-01
2.20098493e-01
0.00000000e+00
0.00000000e+00
0.00000000e+00
0.00000000e+00
3.50827432e-01
-7.45841443e-03
3.21996090e-01
-3.41447582e-02
3.69581646e-04
3.45164172e-01
-1.25010070e-01
2.21810347e-03
4.40578000e-01
-9.00014543e-02
-2.86878016e-04
1.33468085e-01
5.63811414e-01
-1.66145621e-01
-2.95994642e-01
0.00000000e+00
0.00000000e+00
0.00000000e+00
0.00000000e+00
0.00000000e+00
0.00000000e+00
0.00000000e+00
1.37430556e-01
-6.54751846e-02
-3.20837562e-02
9.86479271e-02
-3.68483918e-02
0.00000000e+00
0.00000000e+00
0.00000000e+00
1.37430556e-01
-1.58004100e-01
1.23190116e-01
-4.44918344e-01
0.00000000e+00
3.26789869e-01
8.07314432e-02
1.36373462e-01
4.95088058e-02
1.92056222e-01
3.06121895e-01
1.31633233e-01
-4.92864843e-01
1.17654744e-01
-2.87013512e-01
-3.68483918e-02
4.22740795e-01
-1.58004100e-01
-3.00496101e-01
7.31585513e-02
-2.36224097e-01
-1.48102369e+00
2.05991723e-01
1.05399462e+00
5.87449728e-02
1.37106036e+00
0.00000000e+00
9.24012480e-02
1.16458936e-02
1.58635373e-01
1.84431645e-01
-1.49365471e-01
2.51492069e-01
0.00000000e+00
3.37018384e-01
5.49362294e-02
2.11014008e-01
1.90138920e-01
-4.46361243e-01
1.07321462e-01
-3.51615900e-01
4.73038896e-01
-7.41418218e-02
1.10759732e-01
-1.02914490e+00
-1.30511578e-01
2.29604716e-01
0.00000000e+00
0.00000000e+00
0.00000000e+00
0.00000000e+00
0.00000000e+00
0.00000000e+00
0.00000000e+00
0.00000000e+00
0.00000000e+00
0.00000000e+00
0.00000000e+00
0.00000000e+00
0.00000000e+00
0.00000000e+00
0.00000000e+00
0.00000000e+00
0.00000000e+00
0.00000000e+00
0.00000000e+00
0.00000000e+00
0.00000000e+00
0.00000000e+00
0.00000000e+00
0.00000000e+00
0.00000000e+00
0.00000000e+00
0.00000000e+00
0.00000000e+00
-1.03145569e-01
-1.60512342e-01
-5.04923692e-01
0.00000000e+00
0.00000000e+00
0.00000000e+00
1.16863601e-02
2.56918149e-01
-3.65552063e-01
-4.56102791e-02
-1.23297116e+00
-5.22555140e-02
-8.36537508e-01
6.45869149e-03
1.50009714e-01
0.00000000e+00
-2.20425298e-01
8.61104446e-01
-6.96221201e-01
1.04601664e+00
-1.78940820e-01
6.45100024e-01
6.79480990e-01
-1.16631075e+00
5.24950680e-01
1.08175196e-01
-2.90163498e-01
0.00000000e+00
0.00000000e+00
0.00000000e+00
1.00089658e-01
8.13515503e-02
-2.72880649e-01
6.10483731e-01
-5.21724998e-01
-8.74202584e-02
4.79347686e-01
2.15113431e-01
4.32289913e-01
0.00000000e+00
7.61274147e-02
2.62692815e-02
-8.61103997e-01
3.44960555e-01
-1.30950441e-01
-1.47699580e-01
-2.10507641e-02
-5.02774819e-01
-2.18344125e-01
1.07752914e-01
-1.22589272e+00
0.00000000e+00
0.00000000e+00
0.00000000e+00
7.45147980e-02
4.45669616e-01
-4.77283801e-01
3.93777359e-01
-1.37766250e+00
1.92001680e-01
5.02181987e-01
3.55085636e-01
2.77535685e-01
0.00000000e+00
9.26754429e-02
-3.40926849e-01
-1.17536061e+00
7.20707687e-01
-8.64998634e-02
5.29481354e-01
4.08180895e-01
-1.55149553e+00
-2.87814752e-01
7.93390452e-02
-8.39026496e-02
0.00000000e+00
0.00000000e+00
0.00000000e+00
3.31924692e-01
1.55493261e-01
1.23784946e-01
-5.37347268e-02
-8.78057647e-01
9.31008192e-02
-9.40191467e-02
-3.34559724e-02
1.27887539e-01
0.00000000e+00
3.27587254e-01
2.61536278e-02
-4.69534350e-01
2.52763733e-01
3.58192441e-01
-1.61776530e-01
-5.98022981e-02
-6.38710617e-01
-9.13238868e-02
5.99624212e-01
136
4.61062078e-01
3.07101049e-01
6.84940464e-04
2.99411787e-01
-1.57228748e-03
6.42362349e-03
2.50585912e-03
-1.51874382e-01
-9.83144593e-04
5.08091317e-01
4.38757153e-02
-9.09049546e-02
0.00000000e+00
0.00000000e+00
0.00000000e+00
0.00000000e+00
0.00000000e+00
0.00000000e+00
0.00000000e+00
3.20163514e-01
-4.18316528e-01
-1.49312597e-01
3.55451935e-01
3.53075754e-01
0.00000000e+00
0.00000000e+00
0.00000000e+00
3.20163514e-01
5.72851638e-02
-3.33208230e-01
1.70346675e-01
-1.66725773e-03
3.99014568e-01
-3.12340377e-01
6.65096774e-01
-1.40726204e-01
-2.93949754e-01
1.52565755e-01
2.17307013e-01
-2.64949464e-01
-2.95360571e-01
-2.31591280e-01
3.53075754e-01
0.00000000e+00
0.00000000e+00
0.00000000e+00
1.79704902e-01
-9.91458446e-01
9.50221508e-01
-4.50396064e-02
-1.97545873e+00
0.00000000e+00
-2.20190005e-01
-1.04417944e-01
-2.13385483e-01
1.09485063e-01
0.00000000e+00
1.49783932e-01
6.50930819e-02
-2.81368461e-02
-2.53608936e-01
-1.20182437e+00
1.09188330e+00
-4.37458901e-01
1.96555431e-01
-1.10756093e-01
0.00000000e+00
0.00000000e+00
0.00000000e+00
0.00000000e+00
0.00000000e+00
0.00000000e+00
0.00000000e+00
0.00000000e+00
0.00000000e+00
0.00000000e+00
0.00000000e+00
0.00000000e+00
0.00000000e+00
0.00000000e+00
0.00000000e+00
0.00000000e+00
0.00000000e+00
0.00000000e+00
0.00000000e+00
0.00000000e+00
-1.16979290e-01
-2.46697262e-01
-6.30079553e-01
0.00000000e+00
0.00000000e+00
0.00000000e+00
1.15366067e-01
2.90091737e-01
-6.95696037e-01
2.12683598e-01
-1.32839027e+00
-2.44666889e-01
-5.54965386e-01
-1.68931634e-01
2.22301319e-01
0.00000000e+00
-1.08858923e-01
5.88507295e-01
-9.05610411e-01
1.11175022e+00
-2.35269122e-01
5.06940034e-01
7.51942986e-01
-1.21946536e+00
6.42703663e-01
3.89487562e-01
-1.38924550e+00
0.00000000e+00
0.00000000e+00
0.00000000e+00
2.58855823e-01
5.25074806e-01
-3.88243142e-01
3.33840882e-01
-1.40384664e+00
2.94648555e-01
5.66419285e-01
2.81594472e-01
3.11609761e-01
0.00000000e+00
1.57667654e-01
-3.35337470e-01
-1.72005339e+00
6.20744328e-01
-1.70832495e-02
5.75175444e-01
4.52172035e-01
-1.81483041e+00
-5.10876918e-01
4.23222679e-01
6 1
-3.4548e-01 3.7144e-01
5 0
0 8 3 1 7 
217
8.70487848e-01
-6.98348248e-01
-7.29146920e-01
-4.68803679e-01
1.06620505e-01
5.45963406e-01
5.26462289e-01
3.74408679e-02
4.42600787e-01
-3.83362307e-01
-2.05195733e-01
-2.74741423e-02
0.00000000e+00
0.00000000e+00
4.64126087e-01
2.71613084e-03
-1.62007897e-01
-5.69291324e-02
2.76101755e-03
2.71742718e-01
2.92746044e-01
-1.10956768e-03
2.79290445e-01
1.70544850e-01
4.51195186e-05
5.79619222e-01
3.31061838e-01
3.28311484e-01
2.11114527e-01
0.00000000e+00
0.00000000e+00
0.00000000e+00
0.00000000e+00
0.00000000e+00
0.00000000e+00
0.00000000e+00
1.78227072e-01
1.61249476e-01
-9.45611959e-02
-1.13630590e-02
2.21610678e-01
4.15324877e-01
0.00000000e+00
0.00000000e+00
3.01150840e-01
-4.74470371e-01
1.65234422e-01
1.06622696e-01
0.00000000e+00
6.43477659e-01
-7.69666955e-01
4.56185696e-01
-3.14015402e-01
6.11650830e-02
4.09845797e-01
7.55521898e-02
1.21669437e-01
2.51453778e-01
2.62576677e-01
-2.06925312e-01
5.72919929e-01
3.40141491e-01
-2.20800643e-01
0.00000000e+00
-4.25735715e-02
-2.12365782e+00
5.64569135e-01
1.27238518e+00
3.48492285e-01
2.45910286e+00
0.00000000e+00
3.71062637e-01
1.73778191e-01
3.30025285e-01
5.42127809e-02
1.69399926e-01
-7.17783354e-02
0.00000000e+00
3.31085255e-01
-1.20607564e-01
6.09411437e-01
-6.30145118e-02
-7.00088431e-02
4.63084129e-01
1.37429826e-02
1.95422617e-01
-6.35627440e-03
3.50032890e-01
-1.15797321e+00
3.11289358e-01
4.27658808e-01
3.09647836e-01
2.72946480e-01
-7.39276872e-02
1.17000403e-01
-2.44624489e-01
1.70893130e-01
-2.96719713e-01
0.00000000e+00
0.00000000e+00
0.00000000e+00
0.00000000e+00
0.00000000e+00
0.00000000e+00
0.00000000e+00
0.00000000e+00
0.00000000e+00
0.00000000e+00
0.00000000e+00
0.00000000e+00
0.00000000e+00
0.00000000e+00
0.00000000e+00
0.00000000e+00
0.00000000e+00
0.00000000e+00
0.00000000e+00
0.00000000e+00
0.00000000e+00
9.55632924e-02
-4.25281681e-01
-2.37824723e-01
0.00000000e+00
0.00000000e+00
0.00000000e+00
-3.27095910e-02
-1.01186987e-01
-5.49307387e-01
1.47031450e-01
-1.55068944e+00
-1.38747541e-01
-3.82803492e-01
-1.08368341e-01
1.17259502e+00
0.00000000e+00
-9.90483012e-02
5.84468270e-01
-1.14710063e+00
1.51129990e+00
5.74503135e-02
6.82374717e-01
5.98256163e-01
-1.00788701e+00
2.18951390e-01
-9.24032264e-02
-4.68911203e-01
0.00000000e+00
0.00000000e+00
0.00000000e+00
-1.41893859e-01
8.63127216e-01
-1.14171829e-01
-1.39005405e-01
-8.61616956e-01
6.54489603e-01
9.28911266e-01
7.95895060e-01
4.20293569e-01
0.00000000e+00
3.19798760e-01
-2.32981869e-01
4.18369642e-01
-1.23812507e+00
-4.64391661e-01
-9.98633025e-01
-6.57215140e-01
-4.33359832e-01
2.78654051e-01
1.32944278e-01
-1.05812702e+00
0.00000000e+00
0.00000000e+00
0.00000000e+00
2.78503467e-01
1.58063711e-01
-1.26394968e-01
2.34796940e-02
-1.35983539e+00
9.11895869e-02
1.06735269e+00
1.09511391e-01
6.73609596e-01
0.00000000e+00
2.35730985e-01
-2.97154199e-01
-1.61536343e+00
8.80986551e-01
8.27103499e-02
6.01034968e-01
3.83698735e-01
-1.89905143e+00
-9.25842380e-01
5.79643056e-01
-6.06562020e-01
0.00000000e+00
0.00000000e+00
0.00000000e+00
5.95347001e-02
1.07170354e-01
-4.25971200e-01
3.66159027e-01
-2.27860620e-01
-2.20775264e-01
-8.39507613e-01
7.87118168e-01
-4.02355734e-01
0.00000000e+00
-2.08692175e-01
-7.39789612e-01
6.81035482e-01
-2.88257261e-01
-2.74340803e-01
-1.68651278e-01
1.10615988e-01
2.68855528e-01
7.83343804e-01
2.58064872e-02
136
4.65898426e-01
-8.34327997e-02
3.17669327e-02
3.20531537e-01
-4.06360845e-04
2.61257357e-01
-2.66673819e-03
-3.24576683e-02
-8.91455371e-04
4.43998009e-01
4.66340212e-02
-2.47336044e-02
0.00000000e+00
0.00000000e+00
0.00000000e+00
0.00000000e+00
0.00000000e+00
0.00000000e+00
0.00000000e+00
3.35999435e-01
-2.62870244e-01
-3.08707984e-02
6.11578480e-03
1.38716737e-01
2.78807513e-01
0.00000000e+00
0.00000000e+00
7.69699650e-02
-4.77752370e-01
-7.53531756e-02
4.19182935e-01
6.37429704e-02
5.84714164e-01
-2.30969226e-01
9.69436888e-01
1.87550209e-01
-2.60410101e-01
-3.01861295e-01
1.43427224e-01
-2.70319523e-01
-1.93350093e-01
-1.57335552e-01
-1.17745935e-02
0.00000000e+00
0.00000000e+00
0.00000000e+00
0.00000000e+00
-3.73531764e-01
8.93554007e-01
-1.05547721e-01
-1.39356808e+00
0.00000000e+00
-2.88854779e-01
-8.14745884e-02
-1.43183068e-01
1.14405198e-01
0.00000000e+00
-2.88246609e-01
-4.49180946e-02
-3.29256397e-02
-7.03047742e-02
1.04463927e-01
2.94082313e-01
-5.95249682e-01
1.75353871e-01
5.34390425e-03
2.99200296e-01
3.42356676e-01
-3.70462963e-01
6.44999536e-02
-1.42263623e-01
0.00000000e+00
0.00000000e+00
0.00000000e+00
0.00000000e+00
0.00000000e+00
0.00000000e+00
0.00000000e+00
0.00000000e+00
0.00000000e+00
0.00000000e+00
0.00000000e+00
0.00000000e+00
0.00000000e+00
0.00000000e+00
0.00000000e+00
2.16362278e-02
4.02668781e-02
-6.09667861e-01
0.00000000e+00
0.00000000e+00
0.00000000e+00
1.84034397e-01
2.92350651e-01
-5.99425504e-01
2.54427792e-01
-1.23692836e+00
-3.84997650e-01
-2.07911972e-01
2.68971166e-02
-6.83209440e-03
0.00000000e+00
6.97024822e-02
-1.09623157e-01
-9.88442524e-01
1.29113336e+00
-2.31510486e-01
5.71819473e-01
7.06947277e-01
-1.22566950e+00
5.90792802e-01
3.93568030e-01
-1.34154902e+00
0.00000000e+00
0.00000000e+00
0.00000000e+00
3.45760850e-01
7.07811626e-01
-3.04896050e-01
3.58770045e-01
-1.47370846e+00
4.74676691e-01
6.52070666e-01
1.55047574e-01
2.38803052e-01
0.00000000e+00
1.93807717e-01
-6.20006566e-01
-1.63833095e+00
4.34955177e-01
9.47923520e-02
6.02727668e-01
5.22830163e-01
-2.22016835e+00
-5.18323999e-01
6.51831772e-01
2 1
-6.4825e-01 4.3234e-01
6 1
0 8 3 1 7 6 
217
5.04798687e-01
-1.14649392e-01
-8.79177358e-02
-3.69934241e-02
3.75894349e-01
-2.05812459e-02
3.57336552e-01
-3.33942277e-01
-1.67718947e-02
-2.86835427e-01
0.00000000e+00
0.00000000e+00
0.00000000e+00
0.00000000e+00
1.48612876e-01
-7.04450939e-03
-1.93389142e-01
1.84455818e-01
-2.80087350e-03
-1.28715790e-01
4.46677344e-01
-7.98125740e-03
-2.96726410e-01
-2.74947352e-01
3.70924860e-03
-3.75690482e-01
4.16976391e-01
-1.80737816e-02
1.05896078e-01
0.00000000e+00
0.00000000e+00
0.00000000e+00
0.00000000e+00
0.00000000e+00
0.00000000e+00
0.00000000e+00
5.80193025e-01
-5.05434768e-01
-4.96301246e-01
-2.44380170e-01
-1.11662770e-01
4.17595246e-01
8.64789369e-01
0.00000000e+00
2.38870151e-01
-5.47460199e-01
-1.17248607e-01
2.25157464e-01
-4.55763778e-01
7.39705360e-01
-6.42657988e-01
7.38615345e-01
-1.02539809e-01
-8.29011441e-02
1.51201471e-01
2.11536672e-01
1.07436788e-01
2.90315070e-01
-2.35000078e-01
-1.44680295e-02
-4.17172534e-01
-6.22290178e-01
9.64068373e-01
-1.21275136e-01
-9.34426715e-01
-2.27863313e+00
8.26889842e-01
1.06126725e+00
7.33610695e-01
1.80168484e+00
0.00000000e+00
1.87662439e-01
1.35749957e-01
1.31240267e-01
1.02503023e-01
1.85895981e-01
5.99827557e-01
0.00000000e+00
-2.33840016e-02
-3.90613718e-01
5.37285731e-01
-3.07256778e-01
-9.10304302e-03
1.72293775e+00
0.00000000e+00
1.79217747e-01
-3.01902211e-02
2.89361793e-01
-8.49103657e-01
3.62191465e-02
5.00364902e-01
0.00000000e+00
3.88572263e-01
-1.89340973e-01
-1.64275214e-02
-6.60637969e-01
1.32653945e-01
-1.46764962e-02
-5.82956880e-01
-6.63501190e-01
-4.73952677e-01
1.08119545e+00
-7.32112377e-01
6.70061303e-01
2.15251472e-01
0.00000000e+00
0.00000000e+00
0.00000000e+00
0.00000000e+00
0.00000000e+00
0.00000000e+00
0.00000000e+00
0.00000000e+00
0.00000000e+00
0.00000000e+00
0.00000000e+00
0.00000000e+00
0.00000000e+00
0.00000000e+00
-5.40236675e-02
-1.72696121e-01
-1.03852704e+00
0.00000000e+00
0.00000000e+00
0.00000000e+00
2.26837551e-01
2.82644046e-01
-4.83842840e-01
-1.30423440e-01
-9.64014368e-01
-6.05534167e-02
-8.88457125e-01
-1.19461100e-01
5.95990765e-01
0.00000000e+00
-1.40008594e-01
1.39401640e-01
-1.06474580e+00
1.37917668e+00
-2.02740962e-01
7.55705488e-01
6.96495113e-01
-1.41345757e+00
2.53858787e-01
9.90681023e-02
3.11141501e-01
0.00000000e+00
0.00000000e+00
0.00000000e+00
-2.50039366e-01
1.21583914e-01
-2.72869070e-01
1.34165831e-01
-3.29571097e-01
2.77675685e-01
3.42219282e-01
1.24460918e-01
-1.02770713e-01
0.00000000e+00
2.51551925e-02
1.31008514e+00
1.04370167e-01
-4.96708024e-01
-2.14404412e-02
-6.45189493e-01
-2.06243355e-01
1.46408445e-01
4.89956475e-02
8.52840480e-04
-1.51142405e+00
0.00000000e+00
0.00000000e+00
0.00000000e+00
9.89869374e-02
2.64121153e-01
-4.88533392e-01
1.39577558e-01
-1.14634435e+00
2.27843452e-01
6.42967814e-01
3.50569840e-01
8.95227133e-01
0.00000000e+00
-2.47172850e-01
-6.51308740e-01
-1.12699332e+00
4.83578836e-01
-3.65829206e-01
4.35583123e-01
7.99911340e-01
-1.70165031e+00
-6.30162329e-01
5.08203261e-01
2.37231301e-01
0.00000000e+00
0.00000000e+00
0.00000000e+00
-3.73853705e-02
2.36403413e-01
2.26707524e-03
2.47606223e-01
-4.57311349e-01
-1.01870148e-01
-1.28312695e-01
2.56852219e-01
-4.83697828e-01
0.00000000e+00
3.09115280e-01
7.70300891e-01
-8.16812050e-01
6.58547191e-01
2.26593253e-01
1.43050904e-01
-5.36426073e-01
-4.07728320e-01
7.02141710e-01
-3.46103023e-01
136
1.64977008e-01
-5.54804456e-02
4.38571708e-03
1.73437942e-01
-4.91884407e-03
2.60912542e-01
-6.97322037e-03
-2.13893030e-01
-2.73183892e-03
4.93512293e-01
-1.17191777e-01
-2.11343507e-01
0.00000000e+00
0.00000000e+00
0.00000000e+00
0.00000000e+00
0.00000000e+00
0.00000000e+00
0.00000000e+00
1.30467542e-01
-2.03689523e-02
-1.78405874e-01
-1.77312521e-01
-7.43503285e-02
8.90616482e-02
3.95885494e-01
0.00000000e+00
1.42426336e-01
-4.97248560e-01
-4.52858982e-01
3.10123861e-01
0.00000000e+00
4.42673887e-01
-1.76876958e-01
8.25548542e-01
5.17387291e-02
-1.60676482e-01
9.49379949e-02
3.16965864e-01
-2.53868865e-01
-2.40226889e-01
-1.10620819e-01
-6.10744892e-02
0.00000000e+00
0.00000000e+00
0.00000000e+00
-4.30615549e-02
-7.28047170e-01
9.25556193e-01
-7.00381419e-02
-1.53079364e+00
0.00000000e+00
-5.81168006e-01
-1.08872534e-01
-2.08370483e-01
9.29732613e-02
0.00000000e+00
-1.94591240e-01
3.28613422e-02
-1.72140457e-02
-1.50952967e-01
-4.63230588e-01
8.02819650e-01
-4.05452225e-01
2.14124837e-01
-6.42663834e-03
0.00000000e+00
1.12883319e+00
-2.18549140e-01
2.09753597e-01
-1.15737132e-01
1.12567377e-01
7.08153745e-02
-1.92599980e-01
2.11855165e-01
-3.36727773e-01
0.00000000e+00
0.00000000e+00
0.00000000e+00
0.00000000e+00
0.00000000e+00
0.00000000e+00
0.00000000e+00
0.00000000e+00
0.00000000e+00
0.00000000e+00
-1.29248343e-01
-1.83329831e-01
-7.05189926e-01
0.00000000e+00
0.00000000e+00
0.00000000e+00
1.50379416e-01
1.37159731e-01
-6.82306576e-01
2.66713070e-01
-1.38020505e+00
-2.32285586e-01
-3.39680839e-01
-1.23120726e-01
2.04719969e-01
0.00000000e+00
-1.78789345e-02
4.04145922e-01
-1.02234450e+00
1.20794769e+00
-2.22387404e-01
6.04435771e-01
7.44028144e-01
-1.31209399e+00
5.52793485e-01
3.54790477e-01
-1.44539870e+00
0.00000000e+00
0.00000000e+00
0.00000000e+00
3.26671632e-01
6.20196376e-01
-3.40172526e-01
3.37688909e-01
-1.57578148e+00
3.27617821e-01
5.82229340e-01
2.62717144e-01
2.87402474e-01
0.00000000e+00
1.91410351e-01
-4.20223003e-01
-1.75821108e+00
6.62808602e-01
5.42964240e-02
5.49305021e-01
4.66350123e-01
-2.08669264e+00
-5.49718273e-01
6.16706085e-01
5 1
-8.7687e-01 4.8845e-01
7 0
0 8 3 1 7 6 2 
217
8.82871914e-02
-2.60829224e-01
-6.96677759e-02
-5.33039410e-01
3.23109714e-02
1.82367632e-01
2.74215984e-02
3.08317648e-01
3.49732813e-01
2.90512309e-01
-3.17784924e-01
-1.22412471e-01
0.00000000e+00
0.00000000e+00
6.41057249e-01
-1.04190179e-02
-1.08494417e+00
1.28381273e-01
-9.39260341e-03
7.63331972e-01
-6.90109612e-02
-5.49241286e-03
2.99385794e-01
-6.12140370e-01
-1.64461283e-03
4.40223009e-01
8.20526405e-02
-3.07504951e-02
3.69850459e-02
0.00000000e+00
0.00000000e+00
0.00000000e+00
0.00000000e+00
0.00000000e+00
0.00000000e+00
0.00000000e+00
0.00000000e+00
2.34248383e-01
-1.88103034e-01
-2.97706379e-01
-3.33099477e-01
-1.95914105e-01
1.29840238e-01
7.48275703e-01
8.16251542e-02
-3.80322963e-01
-8.23319775e-01
2.24129058e-01
0.00000000e+00
2.38972016e-01
-6.14032098e-01
5.83416356e-01
3.23930937e-01
-1.89171327e-01
-8.63544487e-02
4.57115650e-01
3.91079175e-01
-1.33898800e-01
-1.11506088e-01
-1.38514995e-01
1.86651483e-02
-4.80459519e-01
5.59335699e-01
0.00000000e+00
-5.73437804e-01
1.12260419e+00
6.03595570e-01
9.69842432e-01
5.81294255e-02
1.88166735e+00
0.00000000e+00
5.97353532e-01
2.24453205e-01
-3.15014761e-01
6.19800579e-01
-1.94051579e-01
1.18423167e-01
0.00000000e+00
-3.92367714e-01
-6.40307431e-02
7.30097966e-01
-3.41278992e-01
-2.49443061e-01
1.09769570e-01
-3.50420759e-01
-7.39721542e-02
3.16165277e-02
3.20192318e-01
-7.76307596e-01
1.92487786e-01
1.86844310e-01
-2.23537239e-02
1.77510411e-03
-3.42528042e-02
7.97227373e-02
-4.07098241e-01
2.91430738e-02
-1.34882281e-01
-7.93713324e-01
-3.86716220e-01
-9.83027889e-02
7.22587595e-01
-2.54155376e-01
5.46129140e-01
1.84149496e-01
1.09378378e-01
-1.67441066e-01
-3.10290488e-02
2.15290632e-01
-8.17762118e-01
-6.89407531e-02
-3.90078579e-01
0.00000000e+00
0.00000000e+00
0.00000000e+00
0.00000000e+00
0.00000000e+00
0.00000000e+00
0.00000000e+00
3.19478185e-01
-1.69906402e-01
-2.22048104e-02
0.00000000e+00
0.00000000e+00
0.00000000e+00
-2.12623145e-02
2.44511579e-01
-3.57449138e-01
5.31803110e-01
-7.58969179e-01
-4.67060291e-01
-5.51718541e-01
-2.65307827e-01
3.81025774e-01
0.00000000e+00
-4.66381014e-01
1.07920710e-01
-5.57805569e-01
1.46663494e+00
-2.91188622e-01
5.20003763e-01
9.70565108e-01
-7.24406651e-01
1.38766814e-01
7.81125410e-02
-4.60643110e-01
0.00000000e+00
0.00000000e+00
0.00000000e+00
4.75503384e-02
3.10918967e-01
1.43053449e-02
-3.19146222e-01
-7.28095890e-01
5.82057923e-01
5.94164340e-01
6.36180234e-01
-6.13981874e-01
0.00000000e+00
4.87119378e-01
1.70790765e-01
-5.94644295e-01
-7.89491482e-01
1.10988591e-01
3.93137540e-02
-3.26182005e-02
-3.84325105e-01
-1.81246202e-01
1.89516526e-01
-1.12539139e+00
0.00000000e+00
0.00000000e+00
0.00000000e+00
-3.16312313e-01
4.33674312e-01
-8.83407946e-02
3.70927724e-01
-5.92467092e-01
2.70631972e-01
2.06665347e-01
3.68345251e-01
7.68473663e-01
0.00000000e+00
6.19324829e-02
-2.33191179e-01
-1.58115025e+00
-1.14710116e-01
-2.02014962e-01
5.27523519e-01
5.05841779e-01
-1.70587514e+00
4.39811086e-02
1.50673288e-01
-5.15217581e-01
0.00000000e+00
0.00000000e+00
0.00000000e+00
8.00237375e-01
1.95384149e-01
-7.95985068e-02
4.11331011e-01
-1.14092152e+00
-4.07359424e-01
8.32066407e-01
3.93816030e-01
1.63940956e-01
0.00000000e+00
4.71423042e-02
-5.09512089e-01
-4.50157793e-01
6.05314565e-01
3.95462659e-01
2.93622279e-01
-1.48219797e-01
-1.24641326e+00
-7.16199752e-01
4.48468294e-02
136
2.05417500e-01
6.08731761e-01
-1.75670289e-03
4.38039275e-01
-1.16359878e-02
-3.54823981e-01
-1.77822125e-03
-4.86529554e-01
-1.26744051e-03
1.88868170e-01
4.49845902e-02
-2.84352605e-02
0.00000000e+00
0.00000000e+00
0.00000000e+00
0.00000000e+00
0.00000000e+00
0.00000000e+00
0.00000000e+00
4.79714624e-01
-1.15582821e-01
-3.75570645e-01
-5.02545255e-01
-3.93583350e-01
-1.96416199e-01
4.42426244e-01
8.66974902e-01
-9.26638206e-01
-2.69911558e-01
-6.18553291e-01
8.29391282e-01
-1.74385406e-01
9.12660442e-01
-2.84871471e-01
1.02321896e+00
-2.01766027e-01
5.91758701e-02
-5.37829858e-02
5.24072281e-01
-1.02668511e-01
1.39422983e-02
-3.03842170e-01
-2.20624006e-01
0.00000000e+00
0.00000000e+00
0.00000000e+00
0.00000000e+00
1.56549184e+00
1.13529173e+00
1.90625466e-01
-1.10714600e+00
0.00000000e+00
-6.89591098e-01
7.89138009e-02
-2.28676590e-01
6.12591016e-02
0.00000000e+00
-6.58012634e-01
-6.78023254e-02
-9.35580138e-02
-8.22376772e-02
-2.04651393e-01
2.95379559e-01
-5.46460377e-01
2.18243468e-01
-9.61042889e-02
3.39883574e-01
1.18163216e-01
-2.71524268e-01
4.33550028e-02
-1.63829406e-01
-1.21310353e-01
2.88606862e-01
-7.26027362e-02
2.57315568e-01
-3.18348528e-01
3.67649440e-01
1.75523301e-01
-6.45097761e-01
1.59697045e-01
2.38665211e-02
0.00000000e+00
0.00000000e+00
0.00000000e+00
0.00000000e+00
0.00000000e+00
-2.29979413e-01
-2.44464736e-01
-7.53707049e-01
0.00000000e+00
0.00000000e+00
0.00000000e+00
1.36457060e-02
1.64790319e-01
-6.69919582e-01
2.84812368e-01
-1.28053380e+00
-2.77807253e-01
-4.66782689e-01
-1.51247595e-01
3.02171992e-01
0.00000000e+00
-1.37294127e-01
9.07245989e-01
-8.74784182e-01
1.15136954e+00
-3.77678744e-01
4.67682584e-01
6.22608400e-01
-1.27446606e+00
5.40312130e-01
3.02167955e-01
-1.36907911e+00
0.00000000e+00
0.00000000e+00
0.00000000e+00
2.17235884e-01
5.15950274e-01
-4.44973352e-01
2.48810629e-01
-1.41940960e+00
3.63069856e-01
3.81316925e-01
1.64992087e-01
1.89829751e-01
0.00000000e+00
2.72104903e-01
-3.81258373e-01
-1.54303888e+00
6.43030639e-01
1.44185580e-01
4.12730423e-01
4.52645220e-01
-1.77482163e+00
-3.70412070e-01
5.58932621e-01
9 1
-9.9750e-01 4.9232e-01
8 0
0 8 3 1 7 6 2 5 
217
-1.40489451e-01
-3.88207251e-01
3.27299664e-01
-2.10834581e-01
-2.08052117e-02
-3.65021638e-01
-3.34672992e-01
3.99426199e-01
-3.99721935e-01
8.53992906e-01
6.14721031e-01
5.60755687e-02
0.00000000e+00
0.00000000e+00
4.93684142e-01
-7.79939813e-03
1.04496972e+00
-2.73818286e-01
-4.46880309e-03
5.21625448e-01
-7.81034664e-02
-4.31557167e-03
1.15799869e-01
-2.82251841e-01
-5.88514399e-04
-2.79178069e-02
-3.12622925e-02
-2.59723069e-01
1.50495910e-01
0.00000000e+00
0.00000000e+00
0.00000000e+00
0.00000000e+00
0.00000000e+00
0.00000000e+00
0.00000000e+00
0.00000000e+00
-1.50033427e-02
-4.09630966e-01
-6.16496582e-01
-5.79077104e-01
-3.01888807e-01
1.68404266e-01
1.09906300e+00
-3.01278793e-01
-2.86543817e-01
-9.64109415e-01
2.63235713e-01
0.00000000e+00
3.97888134e-01
-2.38294210e-01
6.89509169e-01
6.59746484e-01
2.39024609e-02
-5.91172574e-02
2.44571629e-01
7.11213721e-02
-1.93669427e-01
-3.19695059e-02
-3.40758496e-01
-3.52164750e-01
-8.29479046e-01
5.27014261e-01
0.00000000e+00
-9.38624816e-01
-9.54468395e-01
5.37812449e-01
9.83882727e-01
2.60322916e-01
1.73853046e+00
0.00000000e+00
2.96442922e-01
1.88988734e-01
-3.31612103e-01
3.42462876e-01
-1.05320270e-01
-4.83578340e-02
0.00000000e+00
-4.19592995e-01
-1.92767353e-01
4.34220506e-01
-3.85370425e-01
-1.55116962e-01
1.67645544e-01
-2.67949472e-01
-2.46367239e-01
1.05398191e-01
2.25004680e-01
-1.26364741e+00
1.48822580e-01
4.47135257e-01
-3.60511851e-01
1.77372242e-01
-2.77622988e-01
7.94102661e-02
-3.35779752e-01
-3.67601087e-02
-3.84408719e-01
-9.50110961e-01
-1.43443669e-01
-2.77446145e-01
6.98894706e-01
-1.29949113e-01
2.54170473e-01
-4.86096366e-01
-3.20409062e-01
-2.33713663e-01
-2.09419884e-01
3.43745915e-01
-9.91168594e-01
6.98873587e-02
1.51640239e-01
0.00000000e+00
1.72908223e-02
-1.42660603e-01
4.79604669e-02
-8.94644898e-01
-2.05740741e-01
-5.06776532e-01
5.25115634e-01
8.60417411e-02
-5.52047590e-02
0.00000000e+00
0.00000000e+00
0.00000000e+00
-1.14831091e-01
3.71300619e-01
-9.69328197e-01
5.29924920e-01
-9.02820851e-01
-1.68810079e-01
-1.09663820e-01
3.87034885e-01
4.30213818e-01
0.00000000e+00
-4.60388078e-01
-2.59255689e-01
-8.30357860e-01
1.80909557e+00
-5.13737972e-01
6.65173460e-01
8.64607988e-01
-1.34035331e+00
7.49390675e-01
-1.92399748e-01
-3.65365444e-01
0.00000000e+00
0.00000000e+00
0.00000000e+00
1.98505049e-01
1.85256765e-01
6.33467384e-01
-5.19289635e-02
-3.21175269e-01
1.13660200e-01
5.95433763e-01
-1.91585631e-01
-2.28379934e-01
0.00000000e+00
4.46364284e-01
5.37084644e-01
4.31082265e-01
-1.58573752e+00
1.18598757e-01
-1.44807242e-01
-7.81924498e-02
-8.69355203e-02
-1.06929242e+00
1.33216393e-01
-1.16359273e+00
0.00000000e+00
0.00000000e+00
0.00000000e+00
2.53157705e-01
9.04891364e-01
-1.12731663e-01
2.41394071e-01
-1.33851708e+00
2.98095243e-01
5.98360300e-01
5.07845061e-01
2.63486398e-01
0.00000000e+00
-2.20478466e-02
-8.34442590e-01
-1.94652307e+00
6.88204101e-01
-4.77849456e-01
4.10968548e-01
5.43176671e-01
-7.83285799e-01
-7.43901583e-01
3.86126903e-01
-2.58514830e-01
0.00000000e+00
0.00000000e+00
0.00000000e+00
-1.51904442e-01
-6.51333750e-02
1.14866553e-01
2.40079585e-01
-1.77106578e-01
-1.02471131e-01
1.24050001e-01
-1.12254278e-02
1.59585737e-01
0.00000000e+00
6.53628934e-02
4.23810264e-01
3.21288935e-01
-3.44570066e-01
-3.35385332e-01
-1.52415734e-01
1.63669834e-01
-1.10341334e+00
6.97308947e-01
-1.24912157e-01
136
3.14157377e-01
6.53946460e-01
-7.40808289e-04
4.55601542e-01
-1.09623328e-02
-3.10246754e-01
-2.33969624e-03
-4.85143871e-01
-9.91035893e-04
1.84645710e-01
1.25913029e-01
3.59863793e-03
0.00000000e+00
0.00000000e+00
0.00000000e+00
0.00000000e+00
0.00000000e+00
0.00000000e+00
0.00000000e+00
2.83355689e-01
2.00447467e-03
-2.35190146e-01
-4.21379367e-01
-3.60687029e-01
-1.98480189e-01
3.27068668e-01
9.17465276e-01
-8.08155060e-01
-2.03138140e-01
-5.60726018e-01
8.93665902e-01
-3.92254046e-01
8.34601727e-01
-3.83446765e-01
1.12711818e+00
-2.56834766e-01
9.30777117e-03
-8.81824507e-02
4.68514922e-01
-4.79238994e-02
2.66408457e-02
-1.65524386e-01
-1.39506443e-01
0.00000000e+00
0.00000000e+00
0.00000000e+00
0.00000000e+00
1.39835358e+00
1.04431604e+00
1.27906723e-01
-4.88822652e-01
0.00000000e+00
-8.37755568e-01
5.32059623e-02
-2.64138124e-01
4.89316756e-02
0.00000000e+00
-5.45547839e-01
-2.40061811e-02
-6.88040334e-02
-1.11538259e-01
-2.72303859e-01
1.47973633e-01
-3.89590769e-01
1.58671344e-01
-1.65303996e-02
3.20414622e-01
1.55817957e-01
-2.22028197e-01
4.25375234e-02
-1.48198185e-01
-1.64961924e-01
3.80939658e-01
6.07461780e-02
2.49765276e-01
-2.67928193e-01
3.93113824e-01
1.40343141e-01
-5.86568449e-01
1.39600534e-01
3.88954901e-02
3.61937504e-01
2.60415315e-01
-8.50811530e-01
5.85418134e-02
-3.52055784e-01
-2.76601927e-01
-2.04713250e-01
-7.74795277e-01
0.00000000e+00
0.00000000e+00
0.00000000e+00
5.08715815e-02
1.64144486e-01
-6.53025292e-01
2.48345117e-01
-1.37830114e+00
-2.70267476e-01
-5.59743635e-01
-1.54387510e-01
3.51615844e-01
0.00000000e+00
-1.26463427e-01
9.54328389e-01
-9.47270759e-01
1.07395547e+00
-3.81548116e-01
4.90389180e-01
7.39037396e-01
-1.26335597e+00
5.71150818e-01
3.15729765e-01
-1.38876118e+00
0.00000000e+00
0.00000000e+00
0.00000000e+00
2.49437891e-01
5.20829560e-01
-4.42952060e-01
3.01861456e-01
-1.42242990e+00
3.31939381e-01
4.78834422e-01
2.32793744e-01
2.69850631e-01
0.00000000e+00
2.37565958e-01
-4.04538783e-01
-1.61428720e+00
6.50529048e-01
1.61467386e-01
5.01117505e-01
4.10306304e-01
-1.93982351e+00
-4.17934796e-01
5.06671785e-01
10 1
-8.4557e-01 4.8873e-01
8 1
0 8 3 1 7 6 2 5 
217
2.70225419e-01
-1.21052640e-01
-2.66121643e-01
-1.37053695e-01
-8.11072229e-02
1.34718745e-01
4.91307255e-02
7.46279355e-02
1.24392384e-01
2.92436724e-01
0.00000000e+00
0.00000000e+00
0.00000000e+00
0.00000000e+00
2.24818925e-01
-1.01677900e-03
5.29311187e-01
8.20885178e-02
4.14926943e-04
1.24944138e-01
2.19896003e-02
2.33306157e-03
4.56299612e-01
-5.86716241e-02
-9.30514489e-04
2.61636170e-01
5.81219932e-01
-1.98836657e-01
-1.12157857e-01
0.00000000e+00
0.00000000e+00
0.00000000e+00
0.00000000e+00
0.00000000e+00
0.00000000e+00
0.00000000e+00
0.00000000e+00
1.18479844e-01
-4.95154683e-02
-2.75363770e-01
-3.29608136e-01
-2.39386326e-01
9.58628869e-02
7.68913381e-01
-1.47208018e-01
-3.99927387e-01
-4.66882792e-01
3.41781888e-01
0.00000000e+00
4.41369088e-01
-6.62750362e-02
3.66362866e-01
3.03795826e-01
1.71788144e-01
3.59747868e-01
7.04108761e-02
8.40350376e-02
6.72383371e-02
7.98671396e-02
-5.03013412e-01
3.13843095e-03
2.18916342e-02
6.43523458e-02
-5.27927449e-01
2.42142466e-01
-3.37880096e-01
4.44080574e-01
6.14173988e-01
1.11929827e-01
7.96027795e-01
0.00000000e+00
8.82260210e-02
7.13786060e-02
2.38481689e-01
1.97454646e-01
-5.64822905e-02
-1.49516590e-02
0.00000000e+00
2.33506406e-01
1.53562844e-01
4.75869568e-01
3.85288551e-02
-4.39150555e-01
3.58646220e-01
-5.10011921e-01
1.46367524e-01
1.24782714e-01
3.69281547e-01
-6.37167323e-01
2.64588269e-01
7.54164373e-01
3.76069171e-02
9.81259552e-02
3.99573792e-02
1.64260571e-01
-4.96646588e-01
-2.97680242e-02
-4.71070321e-01
-5.62331559e-01
-4.49798307e-01
-4.88436416e-01
7.62894118e-01
9.21628061e-02
5.19461167e-01
2.01019273e-03
-1.22913742e-01
-3.17574715e-03
-3.04384722e-02
3.84421566e-01
-4.80345995e-01
1.18933420e-02
2.02637165e-02
5.01032378e-01
1.50681764e-01
-2.25015886e-01
-2.80116230e-01
-1.14875612e-01
-1.01372494e-01
1.00791391e-01
-1.72435327e-01
8.24866912e-02
-5.48468714e-01
0.00000000e+00
0.00000000e+00
0.00000000e+00
-2.32619974e-02
8.57584381e-01
-6.66481761e-01
-1.94686640e-01
-1.07549001e+00
-2.33649835e-01
-4.58236166e-01
3.31437013e-01
5.90569445e-01
0.00000000e+00
-6.06018166e-01
1.10641134e+00
-1.04162685e+00
1.13124120e+00
-3.46434601e-01
3.22919978e-01
7.13225013e-01
-1.20488365e+00
5.77747884e-01
-3.28835295e-01
-4.88042270e-01
0.00000000e+00
0.00000000e+00
0.00000000e+00
-1.32840444e-01
-4.28304481e-01
-2.87996183e-01
8.45755797e-01
-7.80544747e-01
-9.76713266e-02
4.86928177e-01
-1.19404844e-01
1.19993519e-01
0.00000000e+00
6.86699215e-01
-1.99425221e-01
-5.23863566e-01
7.72343584e-01
1.52698048e-01
-1.29770558e-01
-2.61565503e-01
-8.59565189e-01
-4.14853460e-01
6.83344914e-01
-1.11023209e+00
0.00000000e+00
0.00000000e+00
0.00000000e+00
-1.07903693e-01
8.85298385e-02
-3.18361874e-01
6.23799953e-01
-1.24905929e+00
1.28415729e-01
7.67680912e-01
1.48077955e-01
1.80338470e-01
0.00000000e+00
2.21585233e-01
1.48029384e-02
-1.01694869e+00
8.02316315e-01
5.96584561e-01
5.29821455e-01
2.20148677e-01
-1.78227797e+00
-5.13008789e-01
-4.44773824e-01
-3.79017087e-01
0.00000000e+00
0.00000000e+00
0.00000000e+00
7.36989116e-01
5.36848214e-01
-1.32981275e-01
-2.21156828e-01
-9.02257036e-01
6.59665960e-02
-4.40963554e-01
3.36976815e-01
-6.63065725e-02
0.00000000e+00
2.02141018e-01
-1.68831252e-01
-3.17922943e-01
-2.86976632e-01
-2.27991823e-01
-9.33526981e-02
-8.84712821e-02
-8.12986458e-01
8.77328515e-02
1.41452665e+00
136
9.33883241e-02
-3.60901454e-02
7.61088655e-03
2.43567856e-01
-1.79109457e-03
6.53498455e-02
5.20712205e-04
-1.79439232e-01
-1.12219249e-03
4.09456074e-01
-1.06639229e-01
-2.09428521e-01
0.00000000e+00
0.00000000e+00
0.00000000e+00
0.00000000e+00
0.00000000e+00
0.00000000e+00
0.00000000e+00
1.19322024e-01
3.08692393e-01
2.26890178e-02
-2.86742992e-01
-3.65243329e-01
-3.24354125e-01
1.02520609e-01
5.16504727e-01
-3.73914658e-01
-4.25265267e-01
-2.71931732e-01
5.05998561e-01
-3.21370867e-02
5.52382749e-01
-2.58896085e-01
7.36318723e-01
7.18891485e-02
-1.45448355e-01
2.08529268e-01
3.43227411e-01
8.30073020e-02
-2.90922023e-01
-9.84273032e-02
-5.11022330e-01
0.00000000e+00
0.00000000e+00
0.00000000e+00
-1.91889931e-02
-6.52692153e-01
8.69809547e-01
-9.11047953e-02
-6.44012172e-01
0.00000000e+00
-5.60408189e-01
7.92485435e-02
-1.65974478e-01
8.51493342e-02
0.00000000e+00
-8.69156228e-02
1.38976814e-01
4.48302984e-02
-1.15251527e-01
-2.40612071e-01
3.16296662e-01
-3.40506822e-01
2.01552939e-01
-9.67060227e-02
-7.59998558e-01
8.89307138e-01
-7.29473895e-02
2.02687920e-01
-1.67514522e-01
-9.65712410e-02
8.36950584e-02
-7.80548256e-03
2.09083504e-01
-2.38071652e-01
3.28078143e-01
9.49968881e-03
-5.68151033e-01
1.35649153e-01
-6.55165059e-03
2.30243357e-01
1.40450040e-01
-7.91978641e-01
5.19957129e-02
-6.75414690e-01
-1.99816154e-01
-1.20873833e-01
-7.30448283e-01
0.00000000e+00
0.00000000e+00
0.00000000e+00
1.11953347e-01
2.15719327e-01
-6.37795589e-01
2.25874911e-01
-1.41655348e+00
-2.34563546e-01
-4.02893737e-01
-1.41060773e-01
2.28339141e-01
0.00000000e+00
-1.20101483e-01
7.51895287e-01
-9.53525003e-01
1.07072191e+00
-3.15259204e-01
5.12699343e-01
7.62936827e-01
-1.28040974e+00
5.75759751e-01
3.15814429e-01
-1.44913448e+00
0.00000000e+00
0.00000000e+00
0.00000000e+00
2.86636020e-01
5.78690494e-01
-3.63085921e-01
3.20331325e-01
-1.62910523e+00
2.37264553e-01
5.78086883e-01
3.20651667e-01
3.15759386e-01
0.00000000e+00
1.95368909e-01
-3.14069505e-01
-1.81655838e+00
6.72979342e-01
6.74362606e-02
5.51111020e-01
4.46011596e-01
-1.97101792e+00
-4.24177213e-01
4.98552236e-01
12 1
-1.0791e+00 5.0395e-01
8 1
0 8 3 1 7 6 2 5 
217
1.03406532e-01
9.13404502e-03
-6.75501903e-02
-1.57020881e-02
-4.91628750e-02
5.78029962e-02
9.90419889e-02
-8.05277175e-02
4.09411740e-01
1.20138102e+00
0.00000000e+00
0.00000000e+00
0.00000000e+00
0.00000000e+00
-4.01104727e-02
-5.04726534e-03
4.42177290e-01
-3.45142925e-01
3.27598634e-03
2.95445041e-01
3.06665764e-01
-9.56351392e-03
3.04871706e-01
1.81994165e-01
-6.91961823e-03
-1.04608118e-01
2.61938384e-01
-2.65377924e-01
1.06846072e-01
0.00000000e+00
0.00000000e+00
0.00000000e+00
0.00000000e+00
0.00000000e+00
0.00000000e+00
0.00000000e+00
0.00000000e+00
2.46907949e-01
-4.32907632e-02
-1.61095187e-01
-2.25163088e-01
-1.24594867e-01
1.79667722e-01
2.38034356e-01
-3.39682034e-01
-2.68644662e-01
1.42129017e-01
1.56331862e-03
0.00000000e+00
8.31739910e-01
-1.02829976e-01
4.06933689e-01
1.61286173e-01
1.35174479e-01
-9.17273566e-02
2.50469826e-01
9.79636737e-02
1.04096055e-01
2.10181013e-01
-5.70802791e-01
-9.71756645e-02
-1.48291883e-01
3.55933669e-01
-3.84769081e-01
-4.02354212e-01
-1.09120660e+00
4.98777902e-01
1.02897586e+00
3.91751923e-01
1.74136574e+00
0.00000000e+00
-1.42510208e-01
1.70415086e-01
2.75136537e-01
1.37720494e-01
-2.92197968e-02
7.04195927e-01
0.00000000e+00
-9.43123939e-03
6.55352496e-03
3.45679012e-01
1.39580106e-01
-2.32841240e-01
9.38641795e-01
0.00000000e+00
-1.93234540e-01
1.25418360e-01
1.74529553e-01
-9.14725554e-01
1.22111518e-01
3.32505383e-01
0.00000000e+00
5.13952174e-02
-2.12991498e-01
-7.71295606e-03
-3.25967448e-01
5.97242706e-02
-6.80538932e-02
-4.57327759e-01
-4.25406129e-01
3.08485472e-02
5.71320057e-01
-5.09678748e-01
4.14820363e-01
-1.65163830e-01
0.00000000e+00
-1.15284303e-01
-2.86255667e-02
1.44582086e-01
-2.68184060e-01
7.41087493e-02
9.37858713e-02
6.79427586e-01
6.18561843e-02
-5.01408299e-01
-4.91913575e-01
-6.54446896e-01
-1.45963663e-01
-1.07220035e-02
5.11718352e-02
-1.70702268e-01
-6.68727982e-01
0.00000000e+00
0.00000000e+00
0.00000000e+00
-6.26654212e-01
2.85480254e-01
-5.73480642e-01
1.03736778e-01
-1.58032430e+00
2.76763030e-01
5.17327576e-01
4.11470737e-01
6.69987094e-01
0.00000000e+00
1.99087060e-01
8.59461157e-02
-1.22620721e+00
1.12302951e+00
-4.05556272e-01
-3.66486778e-02
5.63749566e-01
-1.51041137e+00
4.10537960e-01
6.43439010e-01
-2.16515466e-01
0.00000000e+00
0.00000000e+00
0.00000000e+00
7.63438963e-01
5.19207226e-01
1.07936758e-01
-1.73308976e-02
-2.51456708e-02
-2.10501767e-02
-5.85955347e-01
-1.58162797e-01
1.28042584e-01
0.00000000e+00
-8.08439698e-02
-1.10911641e-01
-6.68441604e-01
-3.00323987e-01
3.59811402e-01
5.90623849e-01
-2.57718200e-02
-2.17345304e-01
-3.38322980e-01
-1.35970054e-01
-1.66827675e+00
0.00000000e+00
0.00000000e+00
0.00000000e+00
-4.23196974e-02
5.81210873e-01
-3.46981114e-01
6.06476063e-01
-1.04988022e+00
2.54081885e-01
9.40116782e-01
4.59811981e-01
1.33985231e-01
0.00000000e+00
-1.94586410e-02
-8.67965013e-01
-1.71484276e+00
6.87520946e-01
-7.14091045e-01
5.99337668e-01
2.84728391e-01
-1.41169561e+00
-2.79436937e-01
2.31124477e-01
2.22315020e-01
0.00000000e+00
0.00000000e+00
0.00000000e+00
3.49895327e-01
-2.02435796e-01
-2.69791674e-01
-4.61689214e-01
-4.91952200e-01
1.86304987e-01
-4.26155082e-01
-1.48016441e-01
8.01501631e-01
0.00000000e+00
1.49983994e-01
5.19099671e-01
6.84342979e-01
-1.19618839e-01
9.65624330e-01
-3.29174755e-01
-2.03477388e-01
-7.18397172e-01
-2.70120601e-01
2.06391262e-01
136
2.54801277e-02
-2.48836336e-01
1.37046483e-02
1.40475033e-01
2.41541277e-04
2.00382878e-01
-5.62799211e-03
-6.65414478e-02
-2.83631991e-03
3.63269281e-01
-1.46953815e-01
-1.90835338e-01
0.00000000e+00
0.00000000e+00
0.00000000e+00
0.00000000e+00
0.00000000e+00
0.00000000e+00
0.00000000e+00
1.75068886e-01
2.49063061e-01
-2.75357214e-02
-3.23124430e-01
-3.76688091e-01
-3.33494406e-01
9.88995209e-02
5.63291309e-01
-4.27639892e-01
-3.60057513e-01
-2.96306712e-01
5.27963133e-01
-1.74528919e-01
5.65585389e-01
-2.03567533e-01
7.51301915e-01
1.49570862e-01
-1.17148514e-01
9.95874638e-02
2.73593530e-01
1.51735462e-01
-3.56359518e-01
-8.14636960e-02
-4.76785328e-01
0.00000000e+00
0.00000000e+00
0.00000000e+00
-6.94035495e-02
-7.13209415e-01
7.31757222e-01
-1.25866278e-01
-3.97047774e-01
0.00000000e+00
-5.68842645e-01
5.76233855e-02
-1.78258868e-01
7.52064932e-02
0.00000000e+00
-1.50437643e-01
1.32521456e-01
2.55740841e-02
-8.61530654e-02
-2.80829215e-01
1.54679322e-01
-3.66273460e-01
1.68905750e-01
4.58261055e-03
0.00000000e+00
5.69553380e-01
-1.78573473e-01
1.44865754e-01
-1.69167409e-01
-1.71093500e-01
7.37100025e-02
-2.71355787e-02
2.20799922e-01
-3.67392569e-01
0.00000000e+00
1.03754611e+00
-3.77346533e-01
3.15234327e-01
8.50439572e-02
2.06256302e-01
1.28531803e-01
-6.62024170e-01
2.80249887e-02
-5.12875452e-01
-2.43949878e-01
-3.17807174e-02
-7.78625941e-01
0.00000000e+00
0.00000000e+00
0.00000000e+00
1.22784661e-01
1.70638865e-01
-7.29698528e-01
2.54127435e-01
-1.29319335e+00
-2.84567816e-01
-4.36118270e-01
-1.44602152e-01
2.15906847e-01
0.00000000e+00
-1.08369312e-01
7.74840438e-01
-9.49711755e-01
1.06535043e+00
-2.82902221e-01
5.78087994e-01
8.03384208e-01
-1.39261976e+00
5.33115490e-01
3.24920856e-01
-1.45056630e+00
0.00000000e+00
0.00000000e+00
0.00000000e+00
3.38270099e-01
5.87684747e-01
-3.36005669e-01
3.92189584e-01
-1.64412345e+00
3.48947814e-01
6.44717301e-01
3.55647071e-01
2.83786454e-01
0.00000000e+00
1.67726560e-01
-2.75363572e-01
-1.88966635e+00
7.05213879e-01
7.32747093e-02
5.86140314e-01
4.38175450e-01
-2.30357778e+00
-4.72180437e-01
5.48576974e-01
13 1
-1.0002e+00 5.1364e-01
8 1
0 8 3 1 7 6 2 5 
217
4.51917317e-01
-2.28438899e-02
-3.90364606e-01
-1.02573126e-01
7.56920281e-02
2.88584484e-01
3.11543853e-01
-7.41084322e-02
3.29917093e-01
5.56182007e-01
0.00000000e+00
0.00000000e+00
0.00000000e+00
0.00000000e+00
3.87759411e-01
5.65721670e-04
-1.63833390e-02
6.88322196e-02
-4.46979260e-03
5.01340902e-01
-6.20957295e-03
-3.34200468e-03
3.41777021e-01
1.53525906e-03
-7.86298759e-04
5.40270106e-02
4.54903402e-01
-4.04037561e-03
1.05429049e-03
0.00000000e+00
0.00000000e+00
0.00000000e+00
0.00000000e+00
0.00000000e+00
0.00000000e+00
0.00000000e+00
0.00000000e+00
1.23123329e-01
-1.96385907e-02
-1.89126154e-01
-2.58520548e-01
-1.06646122e-01
3.36368393e-01
5.69727260e-01
-8.33425653e-01
-5.70855566e-01
-3.39982989e-01
2.62579444e-01
0.00000000e+00
4.94754764e-01
9.26220418e-02
5.24516184e-01
2.59170343e-01
1.19552847e-01
5.84813281e-01
4.18255466e-01
2.15372856e-01
6.89296356e-02
-7.21210728e-01
-5.51595664e-01
1.08853833e-01
5.82355425e-02
2.88198193e-01
-1.04353986e-01
-2.09865806e-01
-1.35422784e+00
3.60078670e-01
9.16971841e-01
4.06058439e-01
1.59230018e+00
0.00000000e+00
1.81920283e-01
-7.08559618e-03
1.41974640e-01
2.96707599e-01
1.28022394e-01
8.42953332e-01
0.00000000e+00
-9.98928275e-02
5.42774656e-02
5.85549316e-01
-5.75424011e-02
-3.37391711e-02
1.03138256e+00
0.00000000e+00
5.86292802e-02
1.54974095e-01
2.88586703e-01
-5.73701259e-01
1.04701334e-01
5.91625450e-01
0.00000000e+00
7.01598756e-02
-3.10813152e-02
2.70341376e-01
-9.96404652e-01
1.11416066e-01
-4.68541347e-02
-2.15521659e-01
-3.58493249e-01
-4.71078250e-01
4.38169383e-01
9.87385561e-02
5.87762842e-01
-1.14935968e-01
1.61868257e-01
2.04143740e-01
1.02021999e-01
1.42792098e-01
-9.88062447e-01
-5.68867778e-02
-7.80901537e-02
5.27675187e-01
2.45991479e-01
-3.89820798e-02
-2.62144728e-01
-4.33359390e-01
-5.96046211e-02
9.84963984e-02
-8.87275714e-02
-1.12225343e-01
-6.28869085e-01
0.00000000e+00
0.00000000e+00
0.00000000e+00
1.00663428e-01
5.99839033e-01
-1.55587013e-01
2.70010162e-01
-4.63198600e-01
-2.35705421e-01
-5.03844540e-01
-3.43460761e-01
2.06855830e-01
0.00000000e+00
-9.24718311e-02
2.71523980e-01
-9.44548947e-01
4.76099644e-01
-5.14202215e-01
9.19909977e-01
4.64184949e-01
-1.25717200e+00
-1.62839182e-01
7.35074418e-01
-1.65551995e-01
0.00000000e+00
0.00000000e+00
0.00000000e+00
-5.30786278e-02
-2.80411580e-01
-6.64214659e-01
2.84650459e-01
-3.53089746e-01
2.65258180e-01
1.72598781e-01
2.49828215e-01
1.02541840e-01
0.00000000e+00
4.40400826e-02
1.07365099e+00
-3.69130446e-01
1.22500629e-01
1.43063547e-02
-3.79970519e-01
1.53335190e-01
-1.52815432e-01
2.30937735e-01
-6.26489444e-01
-1.50877695e+00
0.00000000e+00
0.00000000e+00
0.00000000e+00
4.93245567e-03
6.18777733e-01
-2.92543171e-01
4.96285095e-01
-8.06907315e-01
3.64005562e-01
6.06493139e-01
5.34473162e-01
7.93577737e-01
0.00000000e+00
-7.11768076e-02
-7.63448207e-01
-1.30428380e+00
-1.01125164e-01
-6.64919197e-01
1.86828611e-01
7.15687926e-01
-1.54325201e+00
-3.75465322e-01
9.32826275e-02
1.31824141e-01
0.00000000e+00
0.00000000e+00
0.00000000e+00
2.57744919e-01
-7.02880383e-02
-1.93597854e-01
-1.25611117e-01
-2.12136988e-01
-2.96786292e-01
-2.19338454e-02
-1.84188430e-02
-3.88853606e-01
0.00000000e+00
3.14118771e-01
7.90216066e-01
-7.34605146e-01
9.60040878e-01
5.55893283e-01
1.52946542e-01
-3.80594511e-01
-8.16812096e-01
3.72484360e-01
-1.19823435e-02
136
8.31463824e-02
-2.05855337e-02
8.84398946e-04
1.21860784e-01
-4.25218514e-03
2.22024175e-01
-6.69680982e-03
-2.40153044e-01
-2.50171711e-03
3.58540597e-01
-9.89934618e-02
-1.76400753e-01
0.00000000e+00
0.00000000e+00
0.00000000e+00
0.00000000e+00
0.00000000e+00
0.00000000e+00
0.00000000e+00
1.93892843e-01
2.30077329e-01
-1.34842505e-02
-3.20077086e-01
-3.61168305e-01
-3.24749383e-01
8.90309280e-02
5.89624308e-01
-3.78038365e-01
-3.50133636e-01
-2.57856791e-01
4.93240534e-01
-7.04805653e-02
5.44775435e-01
-2.96299352e-01
7.56533640e-01
5.27817712e-03
-1.07119492e-01
1.90289286e-01
3.07869836e-01
-3.03202450e-03
-3.07004254e-01
4.92580333e-02
-4.94134078e-01
0.00000000e+00
0.00000000e+00
0.00000000e+00
-6.39197335e-02
-6.96961869e-01
7.28432142e-01
-1.35434255e-01
-3.73394379e-01
0.00000000e+00
-6.65754725e-01
3.95489597e-02
-1.90012850e-01
7.71010613e-02
0.00000000e+00
-9.64704512e-02
1.32275196e-01
4.55117764e-02
-9.16197005e-02
-2.36976605e-01
1.15259834e-01
-3.31638960e-01
1.50151978e-01
-6.72594691e-02
0.00000000e+00
1.10478130e+00
-6.09092554e-02
2.42616247e-01
-1.55728953e-01
-1.18558264e-02
7.34209805e-02
-3.72220664e-02
2.03252185e-01
-2.19742156e-01
-3.11308062e-01
5.33053026e-01
-4.23947316e-01
2.35468461e-01
-2.27563284e-01
2.15831863e-01
1.64361978e-01
-6.31844387e-01
4.24020815e-02
-5.57465909e-01
-1.66126701e-01
-4.03225892e-02
-7.41680074e-01
0.00000000e+00
0.00000000e+00
0.00000000e+00
1.58522598e-01
1.99433673e-01
-6.65440912e-01
2.73082463e-01
-1.46383926e+00
-2.21367897e-01
-2.98873602e-01
-8.62560269e-02
3.30867286e-01
0.00000000e+00
-1.17580281e-01
5.35448552e-01
-9.82214022e-01
1.07653288e+00
-2.99307267e-01
5.15250053e-01
7.40190182e-01
-1.25153243e+00
4.93015579e-01
3.22388367e-01
-1.45504151e+00
0.00000000e+00
0.00000000e+00
0.00000000e+00
3.10884405e-01
5.46489120e-01
-3.25791822e-01
4.01729439e-01
-1.69676118e+00
2.85609916e-01
6.41239028e-01
3.40345988e-01
2.96417892e-01
0.00000000e+00
2.04500389e-01
-3.17677444e-01
-1.74308474e+00
6.12720779e-01
9.24274078e-02
5.87458348e-01
3.93503280e-01
-2.09406872e+00
-5.72960944e-01
5.81977358e-01
11 1
-1.1464e+00 5.2889e-01
8 0
0 8 3 1 7 6 2 5 
217
-1.15803012e-01
-6.27304815e-01
3.56680440e-01
-3.72229395e-02
-3.25352872e-01
-7.51847073e-02
-1.58979494e-01
-1.76623708e-01
-5.42934611e-01
1.87364486e+00
9.11463966e-01
3.97967100e-01
0.00000000e+00
0.00000000e+00
6.84987349e-01
-5.12123734e-03
1.15345567e+00
-1.98460358e-01
-3.86813392e-03
8.50202051e-01
-9.82825146e-02
-2.77699168e-03
6.22713526e-01
-5.04047488e-01
-4.91979207e-03
8.82975477e-01
-1.79285485e-01
-2.10388842e-01
2.73871316e-01
0.00000000e+00
0.00000000e+00
0.00000000e+00
0.00000000e+00
0.00000000e+00
0.00000000e+00
0.00000000e+00
0.00000000e+00
-6.12195403e-02
-3.70396035e-01
-3.34536064e-01
-1.90105435e-01
2.14566434e-02
5.74095642e-01
2.46129159e-01
-7.84653634e-01
-1.93297630e-01
-3.95388580e-01
4.63803298e-01
0.00000000e+00
7.80539853e-01
-3.78340928e-02
3.94466164e-01
5.30380010e-02
1.74267976e-01
4.60425383e-01
1.94508204e-02
2.63999742e-01
-2.10215236e-01
-5.34956562e-02
-7.97616929e-01
-3.18598163e-01
-2.42668736e-01
4.46691267e-01
0.00000000e+00
-7.47201327e-01
-1.00800494e-01
3.96684477e-01
1.08602155e+00
2.34713839e-01
1.45168116e+00
0.00000000e+00
-1.69613419e-01
1.85189473e-01
-4.80018096e-01
5.03637926e-01
5.33828503e-01
1.05001503e+00
0.00000000e+00
-2.02354366e-01
-3.83972749e-01
6.12985885e-01
-2.88156350e-01
-5.26434531e-01
9.33096445e-03
1.69609138e-01
-1.95266250e-01
-1.70441911e-02
-6.23826742e-02
-8.69113384e-02
-2.77632247e-02
1.42536659e-01
-4.95713028e-01
2.74539037e-01
-9.95666987e-02
1.88223090e-01
-1.56496655e-01
-8.28521105e-02
-5.22486348e-01
-1.13475174e+00
-8.75859248e-02
1.02010455e-01
5.20405918e-01
2.03593258e-01
5.86128736e-01
-6.44062364e-02
3.93235032e-02
-2.88148437e-01
-1.08834442e-01
1.21611573e-01
-8.27664489e-01
1.14103488e-02
6.08559606e-02
0.00000000e+00
-1.01373728e-01
-5.55402471e-01
4.37282133e-02
-1.41340532e+00
-5.81574967e-02
-1.35088174e-01
2.98886992e-01
-2.54707313e-01
-9.62487392e-02
0.00000000e+00
0.00000000e+00
0.00000000e+00
-6.04798582e-02
3.61413858e-02
-2.44514988e-01
5.81869509e-01
-2.89812408e-01
-9.11784707e-01
-2.28121305e-01
-5.39803833e-01
5.31960054e-01
0.00000000e+00
-1.21592071e+00
6.12013451e-01
2.71065960e-01
1.84733236e+00
-8.44481453e-01
1.01047453e-01
7.27268428e-01
-1.22949169e+00
1.44860861e+00
-6.89144999e-01
-5.03827256e-01
0.00000000e+00
0.00000000e+00
0.00000000e+00
9.46801922e-02
2.32875267e-01
-3.66961983e-01
-5.21713225e-01
-3.22424182e-01
8.21558423e-01
4.10161086e-01
6.85271458e-01
-3.11391094e-01
0.00000000e+00
1.09865577e+00
-8.07345629e-01
-1.67761349e+00
-8.56857643e-01
7.54379331e-01
3.95904287e-01
2.64073478e-01
-2.90816961e-01
-1.30046857e+00
1.19420623e+00
-1.13468528e+00
0.00000000e+00
0.00000000e+00
0.00000000e+00
5.71415392e-01
3.39762128e-01
-2.94146506e-01
5.46670869e-02
-1.22573109e+00
4.13182854e-01
-1.58824381e-01
2.65143875e-01
4.50488104e-01
0.00000000e+00
-5.63782825e-01
-3.52843780e-01
-1.46054503e+00
4.58874629e-01
1.27040129e-01
4.89985897e-01
5.03392000e-01
-1.36661453e+00
2.85534665e-01
3.28316103e-01
-7.79455342e-01
0.00000000e+00
0.00000000e+00
0.00000000e+00
-3.62097968e-01
6.61759710e-03
-3.03159442e-01
5.49334809e-01
-8.18873087e-01
5.89953331e-02
8.04100329e-01
6.41192140e-01
6.34798879e-01
0.00000000e+00
9.41847820e-01
-7.32116208e-01
-8.99685183e-01
1.99716746e-01
-5.82777011e-01
5.23023015e-02
5.43253951e-02
-4.67945951e-01
-3.74897044e-01
-1.81134799e-01
136
-9.50521816e-02
-4.79155030e-01
2.88884531e-02
5.35914117e-01
-8.38457754e-03
1.06415607e-02
-3.23368252e-03
-1.62452829e-01
-2.03393034e-03
6.37160880e-02
-4.40002202e-02
-1.14768049e-01
0.00000000e+00
0.00000000e+00
0.00000000e+00
0.00000000e+00
0.00000000e+00
0.00000000e+00
0.00000000e+00
2.46567208e-01
9.77784690e-02
-1.28094660e-01
-3.47285172e-01
-3.74295056e-01
-3.10014165e-01
1.23643178e-01
5.96648016e-01
-4.28000840e-01
-1.75463250e-01
-2.32086941e-01
6.71827877e-01
-3.54144080e-01
7.02198157e-01
-2.89363975e-01
8.36260939e-01
-1.98611242e-01
-9.72150795e-02
4.58797795e-02
2.32948507e-01
-7.34893744e-03
-2.82550176e-01
4.67348962e-02
-5.66117818e-01
0.00000000e+00
0.00000000e+00
0.00000000e+00
0.00000000e+00
-7.87504432e-01
6.58381380e-01
-2.10307764e-01
-3.94351317e-01
0.00000000e+00
-8.41135447e-01
3.19776231e-03
-2.05507569e-01
9.85607937e-02
0.00000000e+00
-1.80721188e-01
1.09292102e-01
1.68567659e-02
-1.19406641e-01
-2.82353211e-01
3.43764813e-02
-3.39905171e-01
1.60063853e-01
-3.44493545e-02
1.48856139e-01
3.87122955e-02
-1.73576302e-01
3.63975859e-02
-1.37214437e-01
1.36372772e-01
-2.86381151e-01
-6.97489166e-02
1.26281841e-01
-3.25229524e-01
2.21096240e-01
1.12912199e-02
-5.92507920e-01
1.46417309e-01
-9.09872728e-03
0.00000000e+00
2.74901135e+00
-2.95528311e-01
5.14931849e-01
-5.25626922e-01
-1.42356282e-01
-1.65181556e-02
-7.12912893e-01
0.00000000e+00
0.00000000e+00
0.00000000e+00
3.84299929e-02
2.15121751e-01
-5.94228151e-01
3.03585547e-01
-1.39238571e+00
-2.64890683e-01
-3.52555857e-01
-5.11119497e-02
2.79990258e-01
0.00000000e+00
-1.90880569e-02
6.87519524e-01
-8.76255553e-01
1.13352770e+00
-3.97870081e-01
4.82239425e-01
5.65902424e-01
-1.25465833e+00
5.78455965e-01
2.05358892e-01
-1.38948306e+00
0.00000000e+00
0.00000000e+00
0.00000000e+00
2.86543512e-01
5.43776608e-01
-3.66367877e-01
3.54664542e-01
-1.51553832e+00
2.91130632e-01
5.96136115e-01
2.82971578e-01
1.70289747e-01
0.00000000e+00
1.75105834e-01
-3.74086959e-01
-1.55391600e+00
5.22450173e-01
1.11650745e-01
5.34676796e-01
4.11523335e-01
-1.93819723e+00
-4.61691439e-01
5.39395151e-01
