0 7 -999999999 -1 -1
1 1 0 -1 -1
0.1609 0.2524
356
4.06060293e-01
4.06060293e-01
0.00000000e+00
1.40878866e-01
-4.56900984e-02
-2.58238180e-01
5.59021786e-01
0.00000000e+00
0.00000000e+00
5.97638769e-01
-3.25600396e-01
-6.88476663e-02
6.46959951e-02
4.95894966e-02
4.22822324e-02
4.90071369e-02
0.00000000e+00
0.00000000e+00
0.00000000e+00
0.00000000e+00
0.00000000e+00
0.00000000e+00
0.00000000e+00
0.00000000e+00
0.00000000e+00
0.00000000e+00
0.00000000e+00
0.00000000e+00
0.00000000e+00
0.00000000e+00
0.00000000e+00
0.00000000e+00
0.00000000e+00
0.00000000e+00
0.00000000e+00
0.00000000e+00
0.00000000e+00
0.00000000e+00
0.00000000e+00
0.00000000e+00
0.00000000e+00
0.00000000e+00
0.00000000e+00
0.00000000e+00
0.00000000e+00
0.00000000e+00
0.00000000e+00
0.00000000e+00
0.00000000e+00
0.00000000e+00
0.00000000e+00
-1.18552091e-01
-1.60583374e-02
-7.85759441e-01
0.00000000e+00
0.00000000e+00
0.00000000e+00
0.00000000e+00
-1.69663333e-01
5.38565737e-01
3.80514499e-01
6.38287880e-01
9.42981614e-01
-8.58363998e-01
-1.39805130e-01
-4.97971597e-01
-6.07967356e-01
2.06279018e-01
0.00000000e+00
0.00000000e+00
0.00000000e+00
-5.22145994e-03
-2.29060978e-03
1.31727727e-02
2.17771813e-01
-6.44478308e-03
-3.12898928e-01
1.95432319e-01
-2.11442987e-03
-2.52790755e-01
0.00000000e+00
0.00000000e+00
6.78055139e-02
6.52089296e-02
2.62953335e-01
-1.52437758e-01
-3.59288900e-01
5.21819173e-01
0.00000000e+00
0.00000000e+00
-3.70520704e-01
-6.39373356e-02
-2.07691598e-01
-4.90315339e-02
-1.01203695e-01
-1.79691317e-02
-3.06428285e-02
7.93581362e-02
6.77046142e-02
8.33453930e-02
4.75235334e-01
-2.16242303e-02
0.00000000e+00
0.00000000e+00
1.96917449e+00
2.56172711e+00
0.00000000e+00
0.00000000e+00
0.00000000e+00
0.00000000e+00
0.00000000e+00
0.00000000e+00
2.11443102e-01
-2.04708609e-01
-8.77138915e-02
-2.13316344e-01
-1.65539892e-01
-1.10327856e+00
0.00000000e+00
0.00000000e+00
0.00000000e+00
0.00000000e+00
0.00000000e+00
0.00000000e+00
-1.66283807e-01
-2.74293399e-01
-2.61389731e-01
-3.93425160e-01
-3.33100429e-01
-7.27174294e-01
3.82571295e+00
4.01177889e+00
3.77303815e+00
3.81175208e+00
3.97497476e+00
3.92719065e+00
1.59971427e-01
3.90248387e-02
2.65177178e-01
-1.26654488e-01
-5.12994706e-02
-3.42632941e-01
2.49137264e-01
-1.48020593e-01
-4.26506990e-02
-2.26032673e-02
1.87242966e-02
-1.10323577e-01
0.00000000e+00
0.00000000e+00
0.00000000e+00
0.00000000e+00
0.00000000e+00
0.00000000e+00
0.00000000e+00
0.00000000e+00
4.06060293e-01
4.42509989e-01
0.00000000e+00
-1.00475047e+00
-6.26635473e-01
-3.78553208e-01
-8.14241806e-01
-7.72363140e-01
-1.44087728e+00
0.00000000e+00
0.00000000e+00
0.00000000e+00
4.54106541e-01
1.28095705e+00
-1.44332218e-01
1.06094749e-01
-2.60985203e+00
5.23923520e-01
6.85179020e-01
9.81770100e-01
2.98261015e-02
0.00000000e+00
3.37450882e-01
-8.31784715e-01
-1.55885889e+00
2.07655355e-01
4.26415048e-01
7.83102740e-01
1.63985865e-01
-2.61574317e+00
-6.20822674e-01
9.60049455e-01
4.28285688e-02
0.00000000e+00
0.00000000e+00
0.00000000e+00
3.04898877e-02
-2.62192189e-01
-9.18652761e-03
2.40492016e-02
3.53859844e-01
-4.05701163e-02
4.38587803e-02
-7.52769790e-02
-6.81471650e-02
0.00000000e+00
-8.65065974e-02
1.01352819e-01
-3.21169311e-02
-3.61747467e-02
-6.65178028e-02
5.01257401e-02
1.56724167e-01
-1.79225037e-02
-1.20034940e-02
-1.10168171e-02
-7.77226928e-01
-2.46692485e-01
0.00000000e+00
5.87396639e-02
-6.34928283e-02
1.75270326e-01
-6.25339093e-02
-3.59428902e-01
2.78180034e-02
0.00000000e+00
0.00000000e+00
0.00000000e+00
4.93412759e-02
-1.93175911e-02
-9.24853071e-02
-1.47101059e-01
-3.73175075e-01
9.14709349e-02
-1.20847577e-01
1.60617784e-01
5.74624693e-02
0.00000000e+00
-1.71692367e-01
-1.88598380e-01
-3.90487419e-02
1.22852118e-01
1.08313131e-01
-9.33447318e-02
3.13552211e-01
2.21983268e-01
1.16592980e-01
3.12426619e-02
-5.30534443e-01
0.00000000e+00
0.00000000e+00
-8.67892282e-01
-6.63650351e-01
-3.79942988e-01
-5.34008410e-01
-1.56170447e+00
-5.80202696e-01
1.42587908e-01
-7.14381388e-02
-4.51092758e-01
-2.83707363e-01
0.00000000e+00
0.00000000e+00
-1.06206389e+00
-1.15091635e+00
0.00000000e+00
0.00000000e+00
0.00000000e+00
-1.35569768e-01
1.56808635e+00
-4.31121055e-01
1.00232225e-01
-1.50542667e+00
3.36966339e-01
7.45707985e-01
-8.35179462e-02
6.03048883e-01
0.00000000e+00
2.27839143e-01
-3.42012394e-01
-7.78962920e-01
7.87555680e-01
-1.52938246e+00
2.76233568e-01
-1.42445583e-01
-1.53814945e+00
4.12717405e-01
2.77284318e-01
6.74387256e-02
0.00000000e+00
0.00000000e+00
0.00000000e+00
7.03967852e-02
-3.02944923e-02
8.15082045e-02
5.95392292e-02
3.98956325e-01
1.02661694e-02
9.66117992e-02
-4.23379603e-02
-6.94933181e-02
0.00000000e+00
-6.74521404e-02
1.65820204e-01
-1.60433880e-01
-6.11858060e-02
-1.41522492e-01
-9.28307910e-03
-2.46099146e-02
-4.63533021e-02
-1.23686347e-01
-3.90072598e-02
-6.10477773e-01
-1.87830723e-01
1.73363709e-01
6.60848731e-01
3.89076698e-01
1.33143363e-01
-3.64241115e-02
-2.84549974e-01
-8.16117665e-02
0.00000000e+00
0.00000000e+00
0.00000000e+00
5.33358763e-02
2.80262005e-01
4.63699309e-02
-4.96367152e-02
1.26314726e-01
-5.78925947e-02
-9.78277851e-02
-1.65716239e-01
8.13011331e-02
0.00000000e+00
1.52462279e-01
-1.21971459e-01
8.89991791e-02
1.29945129e-01
-2.10304318e-01
-2.04711843e-02
-1.86692368e-01
-8.50553661e-03
5.66371420e-02
-1.78220967e-01
-4.22647050e-01
-3.44558637e-02
-3.60741851e-01
-1.03484503e-01
-5.40438575e-01
-1.90722485e-01
1.01866044e-01
4.80596799e-01
5.91995324e-01
1.37662609e-01
-4.52482646e-02
-2.83136830e-01
-3.49716090e-01
1.01304775e-02
-3.24207645e-01
-7.68350480e-02
247
2.53409995e-01
2.53409995e-01
0.00000000e+00
4.39963384e-01
-1.86553390e-01
-3.00698190e-01
-6.00280071e-01
6.16629253e-01
0.00000000e+00
0.00000000e+00
-2.07856068e-01
-6.50345807e-01
1.56805539e-01
2.95637513e-02
0.00000000e+00
0.00000000e+00
0.00000000e+00
0.00000000e+00
0.00000000e+00
0.00000000e+00
0.00000000e+00
0.00000000e+00
0.00000000e+00
0.00000000e+00
0.00000000e+00
0.00000000e+00
0.00000000e+00
0.00000000e+00
0.00000000e+00
0.00000000e+00
0.00000000e+00
0.00000000e+00
0.00000000e+00
0.00000000e+00
0.00000000e+00
0.00000000e+00
0.00000000e+00
0.00000000e+00
0.00000000e+00
0.00000000e+00
0.00000000e+00
0.00000000e+00
0.00000000e+00
0.00000000e+00
0.00000000e+00
5.11610343e-02
-2.90452777e-03
1.72954976e-01
-2.51446723e-03
0.00000000e+00
0.00000000e+00
8.64410811e-01
1.31614336e+00
8.27020558e-01
-9.97704684e-01
-1.53410675e+00
-2.22353297e-01
0.00000000e+00
0.00000000e+00
1.58797362e+00
1.82776461e+00
0.00000000e+00
0.00000000e+00
0.00000000e+00
0.00000000e+00
0.00000000e+00
0.00000000e+00
7.13212572e-01
-1.67517307e-02
4.82038396e-02
-2.61300657e-01
-4.89261034e-01
-1.32866662e+00
0.00000000e+00
0.00000000e+00
0.00000000e+00
0.00000000e+00
0.00000000e+00
0.00000000e+00
-2.06395932e-02
-1.61006504e-01
-1.60783468e-01
-2.97411629e-01
-3.15140498e-01
-6.19372921e-01
2.66476517e+00
3.16581432e+00
2.81539575e+00
2.82024363e+00
3.14589861e+00
3.19158865e+00
1.50579265e-01
2.32204776e-01
3.77853859e-01
1.91384091e-01
3.97792191e-01
-1.03190869e-01
3.41827910e-01
3.45084355e-01
3.95099505e-01
1.90778093e-01
2.56833205e-01
4.03740524e-02
0.00000000e+00
0.00000000e+00
0.00000000e+00
0.00000000e+00
2.53409995e-01
3.19587263e-01
0.00000000e+00
-4.34573433e-01
-9.30714683e-01
-3.10833414e-01
-6.61058322e-01
-4.78722857e-01
-1.24154810e+00
0.00000000e+00
0.00000000e+00
0.00000000e+00
-2.30706468e-02
1.16836816e+00
-9.61710602e-02
2.33670635e-01
-2.08020691e+00
4.00350879e-01
5.75431393e-01
5.57156610e-01
2.38212973e-01
0.00000000e+00
1.44830108e-01
-8.39261755e-01
-8.24105105e-01
-4.07489012e-02
2.78767954e-01
8.58604976e-01
3.84059078e-01
-2.17694435e+00
-7.68593214e-01
7.68101085e-01
-5.60856471e-01
-2.92947770e-01
0.00000000e+00
0.00000000e+00
-1.09115532e+00
-3.45601976e-01
0.00000000e+00
0.00000000e+00
0.00000000e+00
-6.64826927e-02
3.36731115e-01
-7.83304496e-02
-1.45914022e-01
4.59714510e-01
-1.89228379e-02
-1.34827978e-01
5.81421999e-02
7.56774818e-02
0.00000000e+00
7.39321073e-02
-1.16769239e-02
-2.71398508e-01
2.57155271e-01
-4.28053454e-01
3.11765859e-02
-2.45093903e-01
-3.27569147e-01
1.57469786e-01
-6.73311177e-02
-2.67908701e-01
0.00000000e+00
0.00000000e+00
-7.28570970e-01
-6.80691626e-01
-6.37766913e-01
0.00000000e+00
-1.25440425e+00
-1.41054819e+00
-4.29247130e-02
0.00000000e+00
-6.24840165e-01
-9.60967232e-01
-1.13978118e+00
0.00000000e+00
0.00000000e+00
0.00000000e+00
-1.41505120e-01
1.67688290e+00
-1.69629281e-01
4.05284777e-01
-1.96818226e+00
4.31010046e-01
9.83833945e-01
-4.74110534e-01
5.69036721e-01
0.00000000e+00
3.94638749e-01
-1.22864734e-01
-6.93442122e-01
6.76509517e-01
-1.77901502e+00
3.73065243e-01
4.07998008e-02
-1.47300297e+00
-2.82264637e-02
1.59135624e-01
-4.28246313e-01
-1.43307243e-01
7.56907462e-02
5.83277936e-01
8.12827126e-01
-5.17959583e-01
0.00000000e+00
0.00000000e+00
0.00000000e+00
3.10512608e-02
-6.63875064e-03
-1.10880538e-02
-2.68886232e-02
-5.54251231e-01
1.77334412e-01
1.33295059e-01
3.42464857e-01
-4.15487075e-02
0.00000000e+00
-1.39921020e-01
-8.85072637e-02
1.10447224e-02
1.53594977e-01
4.03021300e-02
-5.73272410e-02
-9.59680806e-03
-2.89934210e-01
-7.71808421e-02
-1.04164250e-01
-2.84939071e-01
6.00108907e-02
-4.27478440e-01
-4.69180094e-01
-7.11534866e-01
-5.17751080e-01
2.22163326e-02
2.88829210e-01
3.84778427e-01
-1.93783786e-01
-4.59772582e-02
-4.51288991e-01
-4.96772465e-01
1 -999999999 5 0 -1
1 0 1 1 -1
-1.5515e-01 9.7916e-01
356
9.93512409e-02
0.00000000e+00
0.00000000e+00
0.00000000e+00
0.00000000e+00
0.00000000e+00
0.00000000e+00
0.00000000e+00
0.00000000e+00
0.00000000e+00
0.00000000e+00
0.00000000e+00
0.00000000e+00
0.00000000e+00
0.00000000e+00
0.00000000e+00
9.93512409e-02
0.00000000e+00
-3.78037535e-01
-7.04950035e-02
-2.25963325e-01
-1.57735402e-01
0.00000000e+00
0.00000000e+00
-2.57532201e-01
-5.07918407e-01
-9.45335765e-02
-8.29052878e-02
-1.50487502e-01
-1.07179162e-01
-1.20370872e-01
9.93512409e-02
0.00000000e+00
-9.14287664e-01
-1.32685008e-01
0.00000000e+00
5.20055308e-01
4.08595213e-01
-5.25708925e-01
6.05043692e-01
2.22539813e-01
0.00000000e+00
0.00000000e+00
0.00000000e+00
0.00000000e+00
0.00000000e+00
0.00000000e+00
0.00000000e+00
0.00000000e+00
0.00000000e+00
0.00000000e+00
-1.53567277e-02
3.24327813e-03
-6.99160153e-01
0.00000000e+00
0.00000000e+00
0.00000000e+00
0.00000000e+00
-1.02383622e+00
2.36599270e+00
1.11913579e+00
-1.29478788e-01
1.07003781e+00
-7.78149252e-01
2.31524206e-02
-7.26592549e-01
-1.08913856e+00
-2.56038608e-01
0.00000000e+00
0.00000000e+00
0.00000000e+00
0.00000000e+00
0.00000000e+00
0.00000000e+00
1.78502304e-02
1.00399024e-03
-3.71566566e-01
8.53345792e-02
-7.77690906e-04
-1.77982143e-01
0.00000000e+00
0.00000000e+00
-4.06727535e-01
1.74585516e-01
6.85125162e-02
9.88983287e-02
-2.62942234e-02
1.90376638e-01
0.00000000e+00
0.00000000e+00
3.49617168e-01
-3.96596446e-02
6.11841226e-02
-7.30070917e-02
-1.35970872e-02
1.09000848e-01
7.58169823e-02
-3.43393005e-02
1.42386330e-01
-4.48563369e-02
6.50694907e-01
7.20171020e-02
0.00000000e+00
0.00000000e+00
2.06465899e+00
1.49334934e+00
0.00000000e+00
0.00000000e+00
0.00000000e+00
0.00000000e+00
0.00000000e+00
0.00000000e+00
7.82266461e-02
-4.46147032e-01
-7.40710498e-02
-1.15629854e-01
-1.74804685e-01
-1.23288178e+00
0.00000000e+00
0.00000000e+00
0.00000000e+00
0.00000000e+00
0.00000000e+00
0.00000000e+00
2.14613733e-01
-7.35517952e-02
-1.86601087e-01
-3.62428425e-01
-2.09624007e-01
-7.76406522e-01
3.27589660e+00
3.49395113e+00
3.23024977e+00
3.24465353e+00
3.47923444e+00
3.45122420e+00
2.88309609e-01
5.00595775e-01
5.50117880e-01
2.61694055e-01
3.41680913e-01
-1.05288144e-01
3.01046610e-01
1.40878473e-01
3.13437063e-01
2.28245660e-01
6.09552768e-01
1.43535217e-01
0.00000000e+00
0.00000000e+00
0.00000000e+00
0.00000000e+00
0.00000000e+00
0.00000000e+00
0.00000000e+00
0.00000000e+00
9.93512409e-02
3.97148237e-01
-1.04092746e+00
0.00000000e+00
-5.28092640e-01
-6.74287841e-01
-3.96287646e-01
-6.82946555e-01
-9.24380286e-01
0.00000000e+00
0.00000000e+00
0.00000000e+00
1.39827093e-01
1.69324156e+00
-7.19684251e-01
2.46167545e-01
-1.69520150e+00
8.84634760e-02
7.09180790e-01
8.30862485e-01
2.25127106e-01
0.00000000e+00
-5.84233645e-03
-1.08368911e+00
-1.25471672e+00
2.30381996e-01
1.47290499e-01
5.56333644e-01
4.29745423e-01
-1.72526920e+00
-5.08020627e-01
7.71421841e-01
9.61610884e-02
0.00000000e+00
0.00000000e+00
0.00000000e+00
1.30803494e-01
-2.01198629e-01
3.13536704e-01
1.68282625e-01
-1.06478016e+00
1.72144942e-01
1.40578019e-01
-7.71076649e-03
-1.57414451e-01
0.00000000e+00
1.12542861e-01
8.07037080e-02
-8.54678395e-02
1.45434172e-01
1.30445605e-01
1.14565619e-01
-4.88492335e-02
-9.14416140e-02
2.00366627e-01
4.36194105e-02
-4.08923761e-01
-2.08943429e-01
0.00000000e+00
1.32309892e-01
-1.48959255e-01
1.84261060e-01
-5.16056825e-02
-3.41598806e-01
2.56472123e-02
0.00000000e+00
0.00000000e+00
0.00000000e+00
-2.47179262e-01
3.07004868e-01
-2.95329258e-01
-3.25024279e-01
2.63549816e-01
-5.41390915e-02
-1.01600576e-01
7.86259196e-02
2.17259650e-01
0.00000000e+00
-7.73612938e-02
2.73375206e-01
1.81571342e-01
5.66160836e-02
-3.17838487e-01
-1.86828169e-01
9.45483266e-02
4.52343723e-02
9.40384445e-02
1.91235990e-02
-1.99980332e-01
0.00000000e+00
2.99962901e-01
2.73846478e-01
-5.15456525e-01
-3.19149212e-01
-2.58116802e-01
-4.85469058e-01
-7.29659015e-01
9.60620198e-02
-8.71168423e-02
-3.28094389e-01
-1.96307314e-01
-3.42637982e-01
-9.24248728e-01
-1.21199705e+00
-1.35723440e+00
0.00000000e+00
0.00000000e+00
0.00000000e+00
1.19685550e-02
1.61212710e+00
-2.46131123e-01
5.35587922e-02
-1.83035496e+00
3.38634503e-01
4.80271512e-01
1.36605359e-01
5.40969118e-01
0.00000000e+00
7.20354067e-02
3.05887819e-04
-1.01284648e+00
5.52253040e-01
-1.27501925e+00
6.38262679e-01
-1.16207549e-01
-1.51721219e+00
-2.45514002e-02
2.28096608e-01
2.65297954e-01
0.00000000e+00
0.00000000e+00
0.00000000e+00
3.90568776e-02
-7.58791327e-02
1.77922896e-01
1.52083578e-01
-1.19329419e+00
1.62791345e-01
1.54328646e-01
-1.01510312e-01
8.96236916e-02
0.00000000e+00
1.00677248e-01
7.50809959e-02
1.16906715e-01
1.99272450e-01
-8.08582511e-02
-1.10094658e-01
2.53251994e-01
6.84574525e-02
1.35592577e-01
1.01888026e-01
-6.09903855e-01
-2.73851358e-01
0.00000000e+00
6.85041666e-01
6.96296197e-01
2.46241935e-01
-3.39423083e-02
-4.86150985e-01
-1.43961919e-01
0.00000000e+00
0.00000000e+00
0.00000000e+00
1.61545512e-01
-2.68887862e-02
-8.43178341e-02
6.76602387e-02
1.16500018e-01
-1.16930839e-01
6.57372364e-02
-1.52623000e-01
1.83241587e-01
0.00000000e+00
6.12797115e-02
-1.51749079e-01
4.92718062e-02
-2.47266117e-01
2.49012924e-01
1.35124643e-01
-1.77568119e-01
6.03812891e-02
-1.30388235e-01
-2.05984875e-01
-3.36052496e-01
0.00000000e+00
-1.10947812e-01
-1.21619705e+00
-7.47330541e-01
-4.00436483e-01
-8.89427669e-02
1.81987192e-01
1.14092388e-01
1.51463616e-01
-9.84140208e-02
-4.53486077e-01
-3.46894059e-01
-7.37242119e-02
-7.53836382e-01
-1.44705648e+00
247
-5.32995505e-01
0.00000000e+00
0.00000000e+00
0.00000000e+00
0.00000000e+00
0.00000000e+00
0.00000000e+00
0.00000000e+00
0.00000000e+00
-4.53792998e-01
0.00000000e+00
0.00000000e+00
0.00000000e+00
0.00000000e+00
-5.32995505e-01
0.00000000e+00
-7.49923110e-01
2.16927605e-01
-1.90951048e-01
4.19070247e-03
0.00000000e+00
0.00000000e+00
0.00000000e+00
-3.43018294e-01
-4.26728213e-01
-3.08431831e-01
-2.15058620e-01
-5.32995505e-01
0.00000000e+00
-2.13103479e+00
1.59803929e+00
-4.51040737e-02
7.47473876e-01
8.34018856e-01
0.00000000e+00
0.00000000e+00
0.00000000e+00
0.00000000e+00
0.00000000e+00
0.00000000e+00
0.00000000e+00
0.00000000e+00
0.00000000e+00
0.00000000e+00
0.00000000e+00
1.58481828e-01
-4.03691873e-03
-7.09616934e-01
5.66874656e-04
0.00000000e+00
0.00000000e+00
4.84856860e-01
-4.60342722e-02
-2.30778364e-01
2.15910631e-01
-5.58013137e-02
-9.01149046e-01
0.00000000e+00
0.00000000e+00
2.05114700e+00
1.06374929e+00
0.00000000e+00
0.00000000e+00
0.00000000e+00
0.00000000e+00
0.00000000e+00
0.00000000e+00
1.40570656e-02
-4.74296357e-01
-1.78697124e-01
-2.29823708e-01
-2.26809699e-01
-1.48857268e+00
0.00000000e+00
0.00000000e+00
0.00000000e+00
0.00000000e+00
0.00000000e+00
0.00000000e+00
2.40854383e-01
-1.19022104e-01
-3.97263459e-01
-4.24423668e-01
-2.13222767e-01
-6.83667181e-01
3.92934417e+00
4.07165639e+00
3.85480054e+00
3.83018732e+00
4.00053408e+00
3.97560479e+00
3.64831629e-01
2.91473593e-01
4.46871601e-01
1.80658368e-01
1.44352320e-01
-1.74956886e-01
3.63982724e-03
-1.70361576e-01
4.41199649e-02
3.59661491e-02
2.85778601e-01
-4.72040591e-02
0.00000000e+00
0.00000000e+00
0.00000000e+00
0.00000000e+00
-5.32995505e-01
2.45688073e-01
-1.63416136e+00
0.00000000e+00
-5.85504427e-01
-3.64476716e-01
-7.53383581e-01
-7.39871402e-01
-9.49981143e-01
0.00000000e+00
0.00000000e+00
0.00000000e+00
2.50740768e-01
1.30536725e+00
-4.56535520e-01
3.42602956e-01
-1.44372186e+00
3.16807568e-01
8.57978818e-01
4.05478772e-01
2.58413072e-02
0.00000000e+00
5.59216737e-02
-7.95280230e-01
-1.13888822e+00
1.57341994e-01
2.60273922e-01
6.67391418e-01
3.15972077e-01
-2.11277553e+00
-6.18892124e-01
6.54393809e-01
-4.17888455e-01
-1.89078968e-01
0.00000000e+00
6.63045451e-01
7.26762264e-01
-2.49279087e-01
0.00000000e+00
0.00000000e+00
0.00000000e+00
1.38923805e-01
2.49999701e-01
2.84791556e-01
2.29340046e-01
-8.13733829e-01
3.58573055e-02
2.56478062e-01
1.25140454e-01
-9.18398993e-02
0.00000000e+00
1.65268543e-01
9.51916779e-02
-2.09265213e-01
8.53619019e-02
-7.83967616e-01
1.88150630e-01
-2.58863924e-01
-1.88685552e-02
2.08191092e-01
-1.35434824e-01
-2.28809487e-01
0.00000000e+00
7.82683998e-01
8.06356942e-01
-5.32092688e-01
-3.96425459e-01
-1.65113291e-01
-2.78136598e-01
-5.04846050e-01
-1.35667229e-01
-4.91118697e-01
-5.61430862e-01
-9.54635855e-01
-1.49325498e+00
0.00000000e+00
0.00000000e+00
0.00000000e+00
-9.54877216e-02
1.37950570e+00
-1.64588003e-01
2.19839961e-01
-1.02976188e+00
6.21440045e-01
5.98318817e-01
-1.89652469e-01
4.54925022e-01
0.00000000e+00
1.82519479e-01
-5.71435116e-02
-6.62013076e-01
5.73177655e-01
-1.73452534e+00
3.94872392e-01
1.29370672e-01
-2.03094055e+00
-3.00952568e-01
2.17840394e-01
-6.98589008e-01
-3.36300292e-01
0.00000000e+00
3.88336273e-01
8.66500227e-01
4.42787793e-02
0.00000000e+00
0.00000000e+00
0.00000000e+00
-6.15304671e-02
2.76838145e-01
6.27863440e-02
-5.24225028e-02
-2.25619284e-01
-6.93962869e-02
-1.33407167e-01
3.20872234e-01
2.91800508e-02
0.00000000e+00
-1.66655262e-01
-5.85276880e-03
-1.66607763e-01
7.38676280e-02
2.86548462e-03
-5.65683893e-02
3.16948124e-02
-5.67084341e-02
1.66608049e-01
7.43343582e-02
-3.62288716e-01
0.00000000e+00
0.00000000e+00
-8.95512594e-01
-7.94665976e-01
-4.17083289e-01
9.58374604e-02
5.21712168e-01
4.39217421e-01
-3.77582686e-01
6.45139705e-02
-5.56062513e-01
-1.38223560e+00
3 2
1.5912e-01 2.6336e-01
2 -1
0 1 
217
-2.87330584e-01
1.58865328e-01
-4.78228972e-02
-9.16771233e-01
-8.60873020e-01
8.36788581e-01
2.91155680e-01
7.80747429e-01
1.00054498e+00
-3.60629371e-01
3.16461225e-01
-1.17413796e+00
-1.03461945e+00
-3.54732633e-01
0.00000000e+00
0.00000000e+00
0.00000000e+00
5.81211792e-02
-1.45347462e-03
-4.80316413e-01
-3.31734666e-02
-8.51613260e-04
-3.25638723e-01
-2.34937648e-01
2.32014275e-04
-2.99000131e-01
0.00000000e+00
0.00000000e+00
-4.99798738e-01
-3.70983563e-01
-9.81106159e-02
6.32506117e-01
3.24458695e-01
-2.75402480e-01
0.00000000e+00
0.00000000e+00
-1.94507141e-01
8.44623969e-02
-1.77285840e-01
0.00000000e+00
0.00000000e+00
0.00000000e+00
0.00000000e+00
0.00000000e+00
-1.94507141e-01
3.89080914e-01
-3.04618517e-01
-1.77285840e-01
0.00000000e+00
0.00000000e+00
0.00000000e+00
0.00000000e+00
0.00000000e+00
0.00000000e+00
0.00000000e+00
0.00000000e+00
0.00000000e+00
0.00000000e+00
0.00000000e+00
0.00000000e+00
-1.77285840e-01
3.89080914e-01
-3.04618517e-01
0.00000000e+00
-4.99125658e-01
-5.14189238e-01
2.53519942e-01
-7.91173458e-01
-4.17248673e-02
9.52072843e-01
0.00000000e+00
1.94573773e-01
-3.73383668e-01
-1.08665364e-01
6.17383441e-02
-3.73238994e-01
-5.44820962e-01
0.00000000e+00
0.00000000e+00
0.00000000e+00
0.00000000e+00
0.00000000e+00
0.00000000e+00
0.00000000e+00
0.00000000e+00
0.00000000e+00
0.00000000e+00
0.00000000e+00
0.00000000e+00
0.00000000e+00
0.00000000e+00
0.00000000e+00
0.00000000e+00
0.00000000e+00
0.00000000e+00
0.00000000e+00
0.00000000e+00
0.00000000e+00
0.00000000e+00
0.00000000e+00
0.00000000e+00
0.00000000e+00
0.00000000e+00
0.00000000e+00
0.00000000e+00
0.00000000e+00
0.00000000e+00
0.00000000e+00
0.00000000e+00
0.00000000e+00
0.00000000e+00
0.00000000e+00
0.00000000e+00
0.00000000e+00
0.00000000e+00
0.00000000e+00
0.00000000e+00
0.00000000e+00
0.00000000e+00
2.68251236e-01
7.04053813e-01
-6.94096752e-01
0.00000000e+00
0.00000000e+00
0.00000000e+00
5.10724886e-01
4.94412398e-01
-4.38090332e-01
-1.84179922e-01
-8.54974396e-01
1.27660272e-01
4.89446262e-01
4.04356880e-01
-4.89781646e-02
0.00000000e+00
2.93447280e-01
-3.84161431e-01
-1.33763743e+00
2.99567293e-01
8.00731253e-02
6.36877179e-01
1.99073891e-01
-9.35706816e-01
-3.71680417e-01
3.25672691e-01
1.21465231e-02
0.00000000e+00
0.00000000e+00
0.00000000e+00
-9.55899705e-03
-1.11307425e-02
6.97193070e-02
2.74866866e-01
-4.97566350e-01
1.19851067e-01
1.80604745e-01
7.63408241e-02
6.09242237e-02
0.00000000e+00
1.03843789e-01
-1.29125272e-02
2.37401564e-01
-1.59600482e-02
-9.25313554e-02
3.07892532e-02
1.55116299e-01
-6.31046035e-01
-9.25318753e-02
6.59265155e-02
-5.24025842e-01
0.00000000e+00
0.00000000e+00
0.00000000e+00
2.27919742e-01
1.07117970e+00
-4.81200559e-01
-4.33993805e-01
-9.22167334e-01
2.47780719e-01
2.96194433e-01
2.57576177e-01
6.02368269e-01
0.00000000e+00
1.53598972e-01
-2.17558222e-01
-7.23017223e-01
1.63148874e-01
-6.12933283e-01
4.66591467e-01
-8.63858941e-02
-6.86076671e-01
-1.11572824e-01
2.64521621e-01
-3.71955100e-03
0.00000000e+00
0.00000000e+00
0.00000000e+00
3.50346931e-02
-1.30745421e-02
2.10246586e-01
4.10369962e-01
-8.56580530e-01
1.06264445e-01
2.70197507e-01
-6.82060750e-02
-1.73738591e-01
0.00000000e+00
2.45173721e-01
1.04026135e-01
-9.43785820e-02
1.92137194e-01
2.39330373e-01
-2.07066124e-03
2.87127963e-02
-6.93279285e-01
-5.72164103e-02
1.13331711e-01
136
-1.63697528e+00
1.78934805e-02
-1.27273681e-02
-2.92297292e-01
-4.16246099e-03
-4.89248520e-01
-1.88969731e-03
-8.73322945e-01
6.21607303e-04
0.00000000e+00
0.00000000e+00
-3.85278648e-01
-5.98839707e-01
-5.15359885e-01
-4.97133933e-02
-8.21523053e-02
-5.63133805e-03
0.00000000e+00
0.00000000e+00
6.88250987e-01
-6.97733266e-01
-1.62749300e+00
0.00000000e+00
0.00000000e+00
0.00000000e+00
0.00000000e+00
0.00000000e+00
6.88250987e-01
-6.97815277e-01
8.20104184e-05
-1.62749300e+00
0.00000000e+00
0.00000000e+00
0.00000000e+00
0.00000000e+00
0.00000000e+00
0.00000000e+00
0.00000000e+00
0.00000000e+00
0.00000000e+00
0.00000000e+00
0.00000000e+00
0.00000000e+00
0.00000000e+00
0.00000000e+00
0.00000000e+00
0.00000000e+00
6.88867566e-01
9.82011348e-01
8.25322373e-01
-5.22967328e-01
0.00000000e+00
-9.56428917e-03
4.66679877e-01
4.95288827e-01
-7.80168944e-01
0.00000000e+00
0.00000000e+00
0.00000000e+00
0.00000000e+00
-1.62749300e+00
-6.97815277e-01
8.20104184e-05
0.00000000e+00
0.00000000e+00
0.00000000e+00
0.00000000e+00
0.00000000e+00
0.00000000e+00
0.00000000e+00
0.00000000e+00
0.00000000e+00
0.00000000e+00
0.00000000e+00
0.00000000e+00
0.00000000e+00
0.00000000e+00
0.00000000e+00
0.00000000e+00
0.00000000e+00
0.00000000e+00
0.00000000e+00
0.00000000e+00
0.00000000e+00
0.00000000e+00
0.00000000e+00
6.46328015e-01
6.56133759e-01
-6.09810655e-01
0.00000000e+00
0.00000000e+00
0.00000000e+00
7.47236917e-01
8.58348689e-01
-2.36549029e-01
1.72293193e-01
-2.04385176e+00
3.39826969e-01
7.00278794e-01
6.09155758e-01
1.11645793e-01
0.00000000e+00
5.64078643e-01
-1.11001018e-01
-1.76924383e+00
4.48906133e-01
1.69146476e-01
6.61917812e-01
2.78645266e-01
-2.51674768e+00
-3.89875828e-01
7.95978058e-01
-6.15681561e-01
0.00000000e+00
0.00000000e+00
0.00000000e+00
1.79309178e-01
7.68396303e-01
-4.41534818e-01
3.28204165e-02
-1.40579663e+00
3.16238619e-01
7.32715168e-01
2.26087367e-01
3.98108076e-01
0.00000000e+00
4.21903215e-01
-3.95110454e-01
-1.14928902e+00
6.88131297e-01
-2.75145464e-01
4.23196425e-01
8.79111893e-02
-1.78118070e+00
5.79420142e-02
4.99616256e-01
4 2
9.1621e-02 3.3510e-01
3 -1
0 1 3 
217
-1.60154059e-01
1.10165663e-01
5.33431982e-03
-9.08718710e-01
-4.24385055e-01
4.82035617e-01
1.49455625e-01
2.35192848e-01
4.40217113e-01
1.09281218e-02
2.43336905e-01
-8.84939226e-01
-5.68778647e-01
-6.95534960e-02
0.00000000e+00
0.00000000e+00
0.00000000e+00
-2.40614747e-01
-2.95023858e-03
-8.99564889e-02
-1.96765457e-01
4.58182648e-03
-3.27181712e-01
2.73989094e-01
-1.29521568e-03
-3.23807254e-01
0.00000000e+00
0.00000000e+00
-1.01102570e-01
-7.52307566e-01
-6.10321399e-01
4.48852206e-01
3.80024588e-01
4.74700681e-01
0.00000000e+00
0.00000000e+00
-2.86096825e-01
1.42692639e-01
2.65564225e-03
-1.94055155e-02
0.00000000e+00
0.00000000e+00
0.00000000e+00
0.00000000e+00
-2.86096825e-01
-1.26352650e-01
1.98662020e-01
1.88723722e-01
7.03832696e-02
-1.95351788e-02
-1.66532901e-01
-1.94055155e-02
0.00000000e+00
0.00000000e+00
0.00000000e+00
0.00000000e+00
0.00000000e+00
0.00000000e+00
0.00000000e+00
0.00000000e+00
1.49783028e-01
-1.26352650e-01
1.02512389e-01
0.00000000e+00
-1.83584437e-01
-3.98020682e-01
3.61123539e-02
8.95934239e-03
-1.26819765e-02
1.46096117e-01
0.00000000e+00
-3.60319321e-01
-3.48258200e-01
6.34181693e-03
-1.12825730e+00
1.95105509e-01
7.38715815e-01
1.90768965e-02
-4.41406302e-02
-5.46249666e-01
2.66395635e-01
-1.24404368e-01
-4.01485961e-01
-2.39237698e-01
0.00000000e+00
0.00000000e+00
0.00000000e+00
0.00000000e+00
0.00000000e+00
0.00000000e+00
0.00000000e+00
0.00000000e+00
0.00000000e+00
0.00000000e+00
0.00000000e+00
0.00000000e+00
0.00000000e+00
0.00000000e+00
0.00000000e+00
0.00000000e+00
0.00000000e+00
0.00000000e+00
0.00000000e+00
0.00000000e+00
0.00000000e+00
0.00000000e+00
0.00000000e+00
0.00000000e+00
0.00000000e+00
0.00000000e+00
0.00000000e+00
0.00000000e+00
0.00000000e+00
0.00000000e+00
0.00000000e+00
0.00000000e+00
0.00000000e+00
0.00000000e+00
0.00000000e+00
2.29338617e-01
3.30608284e-01
-5.94674713e-01
0.00000000e+00
0.00000000e+00
0.00000000e+00
4.05153488e-01
6.84492602e-01
-4.69555491e-01
-3.01012869e-01
-7.49020807e-01
7.29385182e-02
5.26478738e-01
2.81665656e-01
4.09744742e-02
0.00000000e+00
2.87231056e-01
-3.08934022e-01
-7.76576788e-01
1.13748293e-01
1.15312555e-01
3.48986314e-01
2.86383098e-03
-8.57541819e-01
-3.11045893e-01
2.99167450e-01
-4.00816956e-02
0.00000000e+00
0.00000000e+00
0.00000000e+00
1.23615170e-01
1.44652779e-01
1.25028868e-01
2.19572708e-01
-7.91502576e-01
1.52651464e-01
1.02271998e-01
2.25569816e-01
8.07182877e-02
0.00000000e+00
-2.35289328e-02
4.28602419e-02
-4.19895992e-01
1.97189760e-01
-7.36477924e-02
1.32050382e-01
1.44902918e-01
-6.85220269e-01
4.52128699e-02
2.17416605e-01
-5.93436134e-01
0.00000000e+00
0.00000000e+00
0.00000000e+00
1.88272898e-01
5.45248045e-01
-4.06074338e-01
-2.34452432e-01
-6.49345060e-01
9.59126896e-02
4.15184192e-01
3.07674819e-01
2.34455491e-01
0.00000000e+00
1.29646827e-01
-2.79609396e-01
-7.71929901e-01
3.61009025e-01
-5.06983764e-01
2.92821966e-01
-2.70977750e-02
-6.25498003e-01
3.96949805e-02
2.97633603e-01
-7.99446002e-03
0.00000000e+00
0.00000000e+00
0.00000000e+00
5.99342568e-02
2.53586343e-02
5.70658170e-02
2.54927206e-01
-4.37313194e-01
1.15096874e-01
1.92613230e-01
-1.00231302e-01
-4.92142721e-02
0.00000000e+00
1.22705328e-01
-6.00651021e-02
-1.53775320e-01
1.65623612e-01
2.23581080e-01
1.84672203e-02
3.08895792e-02
-4.90476598e-01
-4.88551976e-03
2.17040119e-02
136
-1.35258201e+00
-7.39742149e-02
-2.17511609e-02
-7.36771789e-01
1.96632122e-03
-3.82330226e-01
2.24319084e-03
-1.59505786e-01
4.98544056e-04
0.00000000e+00
0.00000000e+00
3.17182205e-02
-3.01787826e-01
-2.92650198e-01
-1.55097804e-01
-3.75877495e-01
-2.58886912e-01
0.00000000e+00
0.00000000e+00
2.66463344e-01
1.93489394e-02
-6.78785916e-01
-9.59608382e-01
0.00000000e+00
0.00000000e+00
0.00000000e+00
0.00000000e+00
2.66463344e-01
-4.63899700e-01
3.74188929e-01
-3.68731803e-01
1.09059710e-01
1.12010049e-01
-4.22064163e-01
-9.59608382e-01
0.00000000e+00
0.00000000e+00
0.00000000e+00
0.00000000e+00
0.00000000e+00
0.00000000e+00
0.00000000e+00
0.00000000e+00
0.00000000e+00
0.00000000e+00
0.00000000e+00
0.00000000e+00
3.27647820e-01
6.33377542e-01
4.58391423e-01
-4.68377993e-01
0.00000000e+00
2.36334042e-02
-1.20263855e-02
2.21576470e-01
-4.46917555e-01
8.07620036e-03
-2.00055429e-01
1.17952331e-01
2.59296893e-01
-9.21480137e-01
-4.63899700e-01
6.11844760e-02
0.00000000e+00
0.00000000e+00
0.00000000e+00
0.00000000e+00
0.00000000e+00
0.00000000e+00
0.00000000e+00
0.00000000e+00
0.00000000e+00
0.00000000e+00
0.00000000e+00
0.00000000e+00
0.00000000e+00
0.00000000e+00
0.00000000e+00
0.00000000e+00
0.00000000e+00
0.00000000e+00
0.00000000e+00
0.00000000e+00
0.00000000e+00
0.00000000e+00
0.00000000e+00
6.25167390e-01
7.63156677e-01
-6.37125080e-01
0.00000000e+00
0.00000000e+00
0.00000000e+00
6.60770430e-01
4.83048309e-01
-2.73534657e-01
3.19027963e-01
-1.88023095e+00
3.55845514e-01
8.52601487e-01
4.99822109e-01
3.51477357e-03
0.00000000e+00
6.61198328e-01
-2.47890070e-01
-1.22297348e+00
2.66918042e-01
1.14578600e-01
7.01238943e-01
4.39456710e-01
-2.42786015e+00
-6.22872398e-01
6.80215411e-01
-5.89517414e-01
0.00000000e+00
0.00000000e+00
0.00000000e+00
1.63190363e-01
1.06603452e+00
-3.14424165e-01
8.28617863e-02
-1.73698769e+00
3.83914397e-01
6.97466665e-01
2.05721518e-01
4.51247810e-01
0.00000000e+00
5.52015561e-01
-1.97010257e-01
-1.06590320e+00
5.32440402e-01
-3.33129989e-01
4.84545416e-01
1.05887682e-01
-2.06812788e+00
-1.63150308e-01
5.63889959e-01
7 1
-7.0443e-02 4.0698e-01
4 1
0 1 3 4 
217
-3.11612554e-01
1.49308937e-01
-8.14679676e-02
-1.46193110e-01
-2.63472378e-01
3.88507271e-01
8.20300854e-02
8.63535957e-03
6.86242332e-02
-1.62788708e-01
-2.30892354e-01
-8.39957552e-02
3.20978588e-02
9.16781079e-02
0.00000000e+00
0.00000000e+00
0.00000000e+00
0.00000000e+00
0.00000000e+00
0.00000000e+00
3.38706450e-02
-1.18868145e-03
-1.39106334e-01
-3.46322647e-01
1.26314049e-04
3.54769695e-02
0.00000000e+00
0.00000000e+00
-3.19613503e-01
-4.03748325e-01
-3.97523332e-01
4.84108413e-01
2.34303323e-01
9.08608700e-02
0.00000000e+00
0.00000000e+00
6.91785376e-03
-2.87200619e-02
-1.38993067e-01
-8.48459085e-02
-6.59713701e-02
0.00000000e+00
0.00000000e+00
0.00000000e+00
6.91785376e-03
-1.51666922e-01
1.15674099e-01
-2.81426496e-01
0.00000000e+00
4.90839047e-01
-4.48222573e-01
3.18055066e-02
8.81640062e-03
-1.09281281e-01
2.07324147e-01
3.26023985e-01
0.00000000e+00
-3.55251489e-02
-4.07150251e-01
-6.59713701e-02
2.67693509e-01
-2.52131802e-01
-3.34092114e-01
0.00000000e+00
-5.16295418e-01
-4.94570422e-01
3.63210042e-01
-1.21192750e-01
-1.58412722e-01
5.64706662e-01
0.00000000e+00
2.10330399e-01
1.33553470e-01
-1.87770565e-01
2.32062455e-01
-3.34172388e-01
1.58231790e-01
0.00000000e+00
1.32208748e-01
-4.93266899e-01
-6.30570998e-02
6.87514345e-03
-3.70937241e-01
-2.75672514e-01
0.00000000e+00
-2.31074061e-01
-8.83594223e-01
1.25229862e-01
-5.20569769e-01
-1.99219291e-01
-9.49217621e-02
0.00000000e+00
0.00000000e+00
0.00000000e+00
0.00000000e+00
0.00000000e+00
0.00000000e+00
0.00000000e+00
0.00000000e+00
0.00000000e+00
0.00000000e+00
0.00000000e+00
0.00000000e+00
0.00000000e+00
0.00000000e+00
0.00000000e+00
0.00000000e+00
0.00000000e+00
0.00000000e+00
0.00000000e+00
0.00000000e+00
0.00000000e+00
0.00000000e+00
0.00000000e+00
0.00000000e+00
0.00000000e+00
0.00000000e+00
0.00000000e+00
0.00000000e+00
3.22970953e-01
5.39938206e-01
-3.43585294e-01
0.00000000e+00
0.00000000e+00
0.00000000e+00
4.27921951e-01
4.73133586e-01
-4.51265017e-01
2.74444479e-01
-1.23757177e+00
3.36142852e-01
7.89282801e-01
4.61582902e-01
-7.43720850e-02
0.00000000e+00
3.96014389e-01
-2.31470920e-01
-9.32008625e-01
2.52180013e-01
-8.03703318e-02
5.89053188e-01
4.37227718e-01
-1.42568547e+00
-7.59778214e-01
4.11953253e-01
-3.08926287e-01
0.00000000e+00
0.00000000e+00
0.00000000e+00
2.11053320e-01
1.80980189e-01
2.33710596e-01
3.37633149e-02
-8.28961887e-01
-1.62161729e-03
2.10389882e-02
1.31416268e-01
5.51920162e-02
0.00000000e+00
1.53306461e-01
-2.55782879e-02
-4.89840160e-01
9.46697814e-02
8.92707665e-02
1.21913840e-01
-2.03906134e-03
-8.97953068e-01
3.62210796e-01
2.48541457e-01
-2.64330750e-01
0.00000000e+00
0.00000000e+00
0.00000000e+00
-3.45336002e-02
1.04841847e+00
-4.11986902e-01
1.80914189e-01
-9.69455517e-01
1.78499589e-01
5.02773967e-01
6.07181343e-03
4.79350019e-01
0.00000000e+00
3.97365562e-01
-2.59478421e-01
-6.53371544e-01
4.11792821e-01
-4.82181728e-01
4.20981136e-01
5.99021464e-02
-1.15495376e+00
-3.09108222e-01
3.24669233e-01
-2.44375839e-01
0.00000000e+00
0.00000000e+00
0.00000000e+00
2.22437263e-01
-2.14687002e-01
1.03908883e-01
5.54975701e-02
-7.83457265e-01
1.55605859e-01
1.48077380e-01
1.81476052e-01
-6.96539881e-02
0.00000000e+00
9.62019083e-02
8.13774207e-02
-3.21493250e-01
1.45628720e-01
2.55113902e-01
1.52675358e-02
1.95976254e-02
-6.98478515e-01
2.36498885e-01
1.26705176e-01
136
-5.73827658e-01
0.00000000e+00
0.00000000e+00
0.00000000e+00
0.00000000e+00
3.60002779e-02
-3.24946232e-03
-6.04959496e-01
-1.63869043e-04
0.00000000e+00
0.00000000e+00
-4.46828460e-02
-1.96064926e-01
-4.36202645e-02
-8.65956602e-02
-2.03967351e-01
1.10339019e-03
0.00000000e+00
0.00000000e+00
3.85415185e-03
2.58818361e-01
8.54018000e-02
-3.90422408e-01
-5.31479563e-01
0.00000000e+00
0.00000000e+00
0.00000000e+00
3.85415185e-03
-5.12533528e-03
-1.23092032e-02
-2.93569886e-01
7.61518815e-02
6.08823358e-01
-3.91578535e-01
-1.80311576e-01
2.00101018e-01
-6.13222469e-01
6.58035407e-01
2.87114382e-01
1.16913926e-01
1.20610389e-01
-6.17835602e-01
-5.31479563e-01
0.00000000e+00
0.00000000e+00
0.00000000e+00
0.00000000e+00
3.33330433e-02
1.11636560e-01
2.60077380e-01
-5.45351778e-01
0.00000000e+00
5.08106919e-01
3.10379088e-01
2.60265857e-01
-5.38409550e-01
1.45144283e-02
2.10363637e-01
3.05153880e-02
2.55604584e-01
-7.28710746e-01
-3.93356404e-01
-5.46691384e-01
-9.57700792e-02
2.93298096e-02
-8.08445268e-01
0.00000000e+00
0.00000000e+00
0.00000000e+00
0.00000000e+00
0.00000000e+00
0.00000000e+00
0.00000000e+00
0.00000000e+00
0.00000000e+00
0.00000000e+00
0.00000000e+00
0.00000000e+00
0.00000000e+00
0.00000000e+00
0.00000000e+00
0.00000000e+00
0.00000000e+00
0.00000000e+00
0.00000000e+00
0.00000000e+00
6.10141607e-01
7.36149518e-01
-6.24571395e-01
0.00000000e+00
0.00000000e+00
0.00000000e+00
6.45149268e-01
6.51414018e-01
-2.65328128e-01
2.53986857e-01
-1.96726349e+00
4.20109533e-01
7.73503171e-01
5.63202798e-01
1.19982364e-01
0.00000000e+00
6.14060173e-01
-2.36627642e-01
-1.33892722e+00
3.24247151e-01
1.27838107e-01
6.63074656e-01
3.31763238e-01
-2.46535736e+00
-5.64144873e-01
7.24745985e-01
-5.95529699e-01
0.00000000e+00
0.00000000e+00
0.00000000e+00
1.67071345e-01
9.18096830e-01
-2.94835516e-01
1.91033670e-01
-1.67464005e+00
3.95057831e-01
7.89638184e-01
1.86528749e-01
3.43943642e-01
0.00000000e+00
4.83021987e-01
-3.15499406e-01
-1.11171533e+00
6.32229807e-01
-2.35568850e-01
4.21607594e-01
2.42220517e-02
-1.92664904e+00
-1.29827768e-01
5.40754569e-01
9 1
-4.4582e-01 4.4536e-01
5 0
0 1 3 4 7 
217
-2.48703219e-01
-4.03329438e-02
1.22000078e-01
1.18744381e-01
1.70370043e-01
-2.88038717e-01
-1.77861966e-01
-3.29252248e-01
-4.16476828e-01
1.43201747e-01
-7.24285329e-02
1.50047721e-01
2.47694065e-01
9.03601306e-02
0.00000000e+00
0.00000000e+00
0.00000000e+00
0.00000000e+00
0.00000000e+00
0.00000000e+00
1.49574679e-01
-9.58110150e-03
-2.32311929e-01
-4.02631562e-01
-1.53712069e-05
-2.43471110e-01
0.00000000e+00
0.00000000e+00
-3.64187406e-02
3.36063470e-01
3.00200856e-01
-2.12277139e-01
-4.18698126e-01
-2.17573538e-01
0.00000000e+00
0.00000000e+00
-1.37606655e-01
1.30368045e-01
4.78012977e-02
-1.78819959e-01
1.60818794e-03
-1.12054135e-01
0.00000000e+00
0.00000000e+00
-1.30512367e-01
-7.13610641e-02
-2.20296968e-01
-2.90343832e-01
1.05452899e-02
7.41942215e-01
5.09826925e-02
-9.92439192e-02
-4.51586862e-02
-6.45519139e-01
5.46959720e-01
5.09234063e-01
0.00000000e+00
-3.34243883e-02
-3.28412009e-01
-2.38962804e-01
2.16717168e-01
-1.76139034e-01
-1.51674698e-01
0.00000000e+00
-1.21024350e-01
-2.73006543e-01
1.35578754e-01
2.32284217e-01
-2.63257622e-01
1.20401685e-01
0.00000000e+00
-1.78620162e-01
-2.49607393e-01
1.35578318e-01
-3.45610187e-01
-2.05661375e-01
-3.65069692e-03
0.00000000e+00
-3.38903851e-01
-5.82714270e-01
1.91669250e-01
-4.26486085e-01
-9.33741955e-02
-4.83601102e-02
0.00000000e+00
7.90592074e-04
-3.38568124e-01
-1.24996685e-01
-1.17169043e-01
-1.15418581e-01
1.94339783e-02
0.00000000e+00
2.75741807e-01
-3.03461024e-01
-2.11474077e-01
-4.34735944e-01
-3.12970949e-01
-1.97365277e-01
0.00000000e+00
0.00000000e+00
0.00000000e+00
0.00000000e+00
0.00000000e+00
0.00000000e+00
0.00000000e+00
0.00000000e+00
0.00000000e+00
0.00000000e+00
0.00000000e+00
0.00000000e+00
0.00000000e+00
0.00000000e+00
0.00000000e+00
0.00000000e+00
0.00000000e+00
0.00000000e+00
0.00000000e+00
0.00000000e+00
0.00000000e+00
5.05013306e-01
7.44795700e-01
-3.11800710e-01
0.00000000e+00
0.00000000e+00
0.00000000e+00
2.58612952e-01
9.21372365e-01
-5.68616346e-01
9.15300473e-02
-1.35457604e+00
4.81133817e-02
7.14797552e-01
3.60501513e-01
1.35141619e-01
0.00000000e+00
3.19446917e-01
-3.92747752e-01
-9.04600593e-01
5.15676210e-01
-4.39299949e-02
6.67853204e-01
3.35959068e-01
-1.43138861e+00
-4.68261729e-01
4.83315534e-01
-3.11220106e-01
0.00000000e+00
0.00000000e+00
0.00000000e+00
2.54685015e-01
-9.81001934e-02
1.49299072e-01
1.62607757e-01
-9.64719943e-01
3.25435135e-01
4.45050960e-02
3.06576606e-01
-1.29382590e-01
0.00000000e+00
2.54622281e-01
2.20565330e-01
-1.64345101e-01
-1.08586919e-01
2.38253129e-01
-8.95991835e-03
8.08726440e-02
-1.04216609e+00
4.48361711e-02
1.22782416e-01
-2.07107877e-01
0.00000000e+00
0.00000000e+00
0.00000000e+00
7.85950122e-02
9.24084943e-01
-2.79913971e-01
4.07089872e-01
-1.30713845e+00
3.43998185e-01
7.58159375e-01
-1.72599916e-01
4.31829993e-01
0.00000000e+00
2.10417323e-01
-2.52389108e-01
-8.07409780e-01
2.70414342e-01
-8.01464226e-02
2.87401459e-01
-6.68304459e-02
-1.11475649e+00
5.08281907e-02
1.11258007e-01
-3.49486065e-01
0.00000000e+00
0.00000000e+00
0.00000000e+00
8.92561616e-02
6.88494917e-02
6.42544369e-02
-2.37863595e-02
-7.75428380e-01
1.12609432e-01
6.46164257e-03
1.96342459e-01
-8.56068165e-02
0.00000000e+00
2.29332901e-01
6.54287671e-04
-3.69140578e-01
3.78990672e-01
7.75788018e-02
2.18772099e-01
1.63886484e-01
-8.31223772e-01
-1.05818093e-01
2.34529064e-01
136
-7.84958046e-01
0.00000000e+00
0.00000000e+00
3.94652163e-03
-8.01755146e-04
4.80255618e-02
-8.65687679e-03
-8.42484891e-01
9.33227261e-05
0.00000000e+00
0.00000000e+00
-2.03144764e-01
-5.00173086e-01
-3.29191373e-01
1.11807427e-01
1.88713163e-02
1.16872434e-01
0.00000000e+00
0.00000000e+00
3.04989051e-02
4.18380230e-01
1.36544994e-01
-4.17859475e-01
-5.35372405e-01
-4.17150296e-01
0.00000000e+00
0.00000000e+00
5.68197199e-02
-5.57066387e-02
-9.99251243e-02
-3.28494459e-01
9.03008917e-02
4.26071188e-01
-1.02506964e-01
-3.52679526e-01
1.42916685e-01
-2.69150815e-01
6.47768953e-01
7.76103388e-02
1.44968214e-01
-1.56420627e-01
-1.85269429e-01
-8.21260455e-01
0.00000000e+00
0.00000000e+00
0.00000000e+00
0.00000000e+00
6.95072947e-01
4.44048739e-01
3.64368221e-01
-5.20941107e-01
0.00000000e+00
3.80433727e-01
2.40686128e-01
2.22592240e-01
-2.10326956e-01
2.58338138e-03
1.69255279e-01
9.61736401e-02
1.97734862e-01
-6.28106222e-01
-8.20534459e-01
-4.64493920e-01
-5.41766988e-02
6.36115119e-02
-5.72731215e-01
0.00000000e+00
-1.53951332e-02
-4.99127316e-01
3.51318428e-02
-2.21544899e-01
0.00000000e+00
0.00000000e+00
0.00000000e+00
0.00000000e+00
0.00000000e+00
0.00000000e+00
0.00000000e+00
0.00000000e+00
0.00000000e+00
0.00000000e+00
0.00000000e+00
0.00000000e+00
0.00000000e+00
0.00000000e+00
0.00000000e+00
5.69345579e-01
6.67876031e-01
-6.14382082e-01
0.00000000e+00
0.00000000e+00
0.00000000e+00
6.69644862e-01
6.43542053e-01
-1.98064874e-01
2.85758781e-01
-1.92540853e+00
3.59305487e-01
7.58304713e-01
5.04659155e-01
9.34577596e-02
0.00000000e+00
5.73811763e-01
-2.09985681e-01
-1.41763045e+00
3.39753074e-01
6.76444512e-02
6.61343831e-01
3.67196219e-01
-2.43071332e+00
-4.59245771e-01
7.02244397e-01
-5.60936171e-01
0.00000000e+00
0.00000000e+00
0.00000000e+00
1.91414266e-01
8.45817146e-01
-2.85125630e-01
1.43280139e-01
-1.54369347e+00
3.10823744e-01
7.09897667e-01
2.07616390e-01
3.84093919e-01
0.00000000e+00
4.94392818e-01
-2.38382615e-01
-1.12263754e+00
6.01383899e-01
-2.26926474e-01
3.88550986e-01
6.32082118e-02
-1.91547231e+00
-9.73392875e-02
5.28161966e-01
5 1
-4.5772e-01 4.6314e-01
6 0
0 1 3 4 7 9 
217
-2.32556484e-01
1.89380009e-01
-9.04086780e-02
-9.19808476e-02
6.99920517e-02
-4.53053074e-02
-6.18727492e-02
-1.12093938e-02
-1.37393675e-01
-1.35701252e-01
-6.19456064e-02
2.53779520e-01
-4.13365055e-02
8.51586354e-02
0.00000000e+00
0.00000000e+00
0.00000000e+00
0.00000000e+00
0.00000000e+00
0.00000000e+00
1.91002511e-01
-1.08794496e-02
-2.23447566e-01
-4.22169469e-01
-5.32983876e-04
-3.16767703e-01
0.00000000e+00
0.00000000e+00
-3.59107610e-01
-4.21228306e-02
1.06258244e-01
2.26302878e-02
-3.70853077e-02
7.68707317e-02
0.00000000e+00
0.00000000e+00
0.00000000e+00
-6.14702288e-02
1.49606157e-01
-1.33071880e-01
-3.51541853e-02
5.83566752e-02
-1.72486472e-01
0.00000000e+00
-2.72927839e-02
3.17277515e-02
-3.00482400e-01
-1.86031494e-01
0.00000000e+00
3.62493447e-01
1.29535912e-01
1.20392381e-01
0.00000000e+00
-4.71614469e-01
3.10050442e-01
3.01986144e-01
0.00000000e+00
-2.89739787e-01
-7.40798310e-02
-1.18785827e-01
1.67874592e-01
-2.13971640e-01
-1.48122885e-01
0.00000000e+00
1.70153692e-02
2.83183084e-01
-4.36637974e-02
5.36036779e-01
-2.05908056e-01
1.20457699e-02
0.00000000e+00
-4.15141812e-01
-1.38941848e-01
4.32440423e-01
-2.77364564e-01
-2.49855095e-01
7.86367842e-02
0.00000000e+00
-3.32719562e-01
-2.25826982e-01
2.68960098e-01
-5.21625839e-01
-1.34840196e-01
-8.90727584e-02
0.00000000e+00
1.27637828e-01
-2.82749194e-01
-9.12065130e-02
1.29617268e-01
-2.74943274e-01
-2.09079280e-01
0.00000000e+00
1.91862103e-01
-1.65810012e-01
-1.38989020e-01
-5.67833557e-01
-2.85429568e-01
-9.16907559e-02
0.00000000e+00
8.92342674e-02
-8.89323147e-02
-1.53402562e-01
-1.65020521e-01
-1.68388190e-01
-2.23025505e-01
0.00000000e+00
0.00000000e+00
0.00000000e+00
0.00000000e+00
0.00000000e+00
0.00000000e+00
0.00000000e+00
0.00000000e+00
0.00000000e+00
0.00000000e+00
0.00000000e+00
0.00000000e+00
0.00000000e+00
0.00000000e+00
8.58922870e-01
9.03182023e-01
-3.83170720e-01
0.00000000e+00
0.00000000e+00
0.00000000e+00
5.43600066e-01
9.05245317e-01
-4.51462203e-01
2.38745670e-03
-1.37292151e+00
1.38391918e-01
5.83966948e-01
4.91926531e-01
2.43689870e-01
0.00000000e+00
3.62435037e-01
-4.05708392e-01
-1.38036102e+00
2.43946428e-01
9.42931317e-02
6.14378638e-01
3.74128024e-02
-1.48748921e+00
-2.28277317e-01
6.81374788e-01
-1.55685882e-01
0.00000000e+00
0.00000000e+00
0.00000000e+00
7.18284476e-02
-1.49217935e-01
1.66761081e-01
1.24882567e-01
-7.26742096e-01
2.56629203e-01
5.25457943e-02
1.68550174e-01
-6.40752144e-02
0.00000000e+00
1.51074065e-01
1.54999118e-01
-1.54858574e-02
8.51392115e-02
2.32397340e-02
-3.02176051e-02
3.09846969e-01
-5.81104231e-01
-1.32680816e-01
-2.16584914e-02
-4.26814290e-01
0.00000000e+00
0.00000000e+00
0.00000000e+00
1.19643707e-01
8.14773700e-01
-2.22840917e-01
1.91718260e-01
-1.57697624e+00
4.94463550e-01
7.88133154e-01
2.38904203e-01
2.45944558e-01
0.00000000e+00
3.20010957e-01
-6.52609941e-01
-1.04073009e+00
3.48126507e-01
-2.70228090e-01
4.14882548e-01
1.58468918e-01
-1.14014520e+00
-7.92823536e-02
4.20928480e-01
-1.33538654e-01
0.00000000e+00
0.00000000e+00
0.00000000e+00
-4.34982351e-02
6.04858965e-02
-4.02123143e-02
1.63986712e-02
1.35811663e-01
-9.14244284e-02
-7.45140190e-02
3.08580268e-02
7.91364241e-02
0.00000000e+00
8.49445582e-02
1.69678524e-01
-1.53804295e-01
2.72221391e-01
1.77015028e-01
5.68504386e-02
-9.04461719e-02
-6.70797867e-01
-7.52555935e-02
2.30136491e-02
136
-6.30516758e-01
0.00000000e+00
0.00000000e+00
-1.70894880e-03
1.32788042e-02
1.04773955e-01
-9.02127080e-03
-7.39720870e-01
4.30783325e-04
0.00000000e+00
0.00000000e+00
-1.23557840e-01
-4.46860870e-01
-3.35778779e-01
1.15245585e-01
8.98116274e-02
7.06235192e-02
0.00000000e+00
0.00000000e+00
-3.78719610e-02
3.22541524e-01
2.05915531e-01
-1.87907430e-01
-2.91753965e-01
-3.68720105e-01
-2.72720353e-01
0.00000000e+00
1.99817539e-02
-9.38097450e-02
2.06772608e-01
-2.48319503e-01
1.22436969e-01
3.36158489e-01
-9.18211424e-02
-4.68676649e-01
2.08702216e-01
-4.38750515e-01
6.68725700e-01
2.40295677e-01
1.18467713e-01
-3.22453884e-01
-3.18705196e-01
-5.69521251e-01
0.00000000e+00
0.00000000e+00
0.00000000e+00
0.00000000e+00
9.34560623e-01
5.96664329e-01
3.28488506e-01
-2.88782017e-01
0.00000000e+00
-4.79752941e-02
-1.51967802e-01
2.23602307e-01
-2.86771060e-01
3.84810247e-02
5.25117169e-01
2.18584754e-01
2.15645739e-01
-5.67201689e-01
-6.75161827e-01
-4.92296416e-01
-1.29441668e-02
3.16926860e-02
-4.19321538e-01
0.00000000e+00
-4.27842900e-02
-4.05393651e-01
6.24221510e-03
-2.18594715e-01
0.00000000e+00
-4.94350941e-01
-5.98380628e-01
5.97479914e-02
2.60270143e-02
0.00000000e+00
0.00000000e+00
0.00000000e+00
0.00000000e+00
0.00000000e+00
0.00000000e+00
0.00000000e+00
0.00000000e+00
0.00000000e+00
0.00000000e+00
5.44531947e-01
6.01719167e-01
-5.92027929e-01
0.00000000e+00
0.00000000e+00
0.00000000e+00
6.45982675e-01
6.32333855e-01
-2.56651678e-01
3.37067821e-01
-1.87242567e+00
3.24133339e-01
8.11519966e-01
4.80247255e-01
5.54964567e-02
0.00000000e+00
5.71550308e-01
-2.29141115e-01
-1.27581993e+00
3.34200968e-01
7.00149832e-02
7.06729300e-01
3.22633667e-01
-2.44344493e+00
-4.96801193e-01
6.90345995e-01
-5.46272485e-01
0.00000000e+00
0.00000000e+00
0.00000000e+00
2.39919552e-01
8.90740301e-01
-3.17280271e-01
1.69939097e-01
-1.65780903e+00
3.76355690e-01
7.20113723e-01
1.62413825e-01
3.77233947e-01
0.00000000e+00
5.51194571e-01
-2.00836564e-01
-1.09201477e+00
5.78770923e-01
-3.19158730e-01
3.68337304e-01
4.47442383e-02
-1.89173670e+00
-6.80547578e-02
5.20855165e-01
8 2
-5.2604e-01 4.5658e-01
7 3
0 1 3 4 7 9 5 
217
-4.52586558e-01
1.15165658e-01
9.32131946e-02
-7.24502657e-02
-5.38983216e-01
6.48259901e-01
1.95361495e-01
2.46690645e-01
3.58767564e-01
-4.80283902e-01
-1.75259875e-01
-7.79542591e-02
-2.92472527e-01
-4.65001289e-01
1.10813555e-02
2.17699007e-02
-1.42336233e-02
1.35109312e-01
-6.25418523e-03
-1.91800481e-01
-2.43319574e-01
-1.71015836e-03
-3.30515413e-01
-3.55457652e-01
1.14548788e-03
-3.74512494e-01
0.00000000e+00
0.00000000e+00
-4.13199599e-01
-2.88539490e-01
4.46322742e-02
2.42715243e-01
3.97260711e-02
-7.79210575e-02
0.00000000e+00
0.00000000e+00
-2.45186722e-01
2.15167451e-01
7.55462053e-02
-4.58333720e-02
-9.01904587e-02
-1.11277738e-02
-3.09884455e-03
-3.47863044e-01
-4.86637370e-01
1.55886594e-01
7.27749730e-02
-1.63025198e-01
-2.85274485e-02
3.99172450e-01
-9.73961725e-02
4.66784440e-02
-1.60526984e-01
-2.10026253e-01
4.02915950e-01
5.21918762e-02
-1.41792477e-02
2.14211910e-02
-2.87057494e-01
-1.56251868e-01
5.55102663e-02
-3.99895332e-02
-2.22920569e-01
0.00000000e+00
-5.98633794e-01
-2.82267527e-01
3.87858475e-01
-1.92850735e-01
-2.41811239e-01
2.19439542e-01
0.00000000e+00
-3.23417069e-01
-7.85905529e-02
1.91441674e-03
5.36834648e-02
-1.31083906e-01
-9.76632827e-02
0.00000000e+00
-3.40105953e-01
-3.64674572e-01
5.69869781e-03
-3.76429307e-01
-1.21838844e-01
9.41411275e-02
0.00000000e+00
-8.50085552e-02
-5.83469813e-02
-6.79044996e-02
-3.56488682e-02
-2.83608330e-01
-1.63232337e-01
0.00000000e+00
1.86485974e-01
-1.47496424e-01
-3.20205171e-01
-3.02771827e-01
-3.18867361e-01
-2.52772124e-01
0.00000000e+00
3.69961734e-02
1.03502444e-01
-4.02049077e-01
-7.42953108e-02
-8.75336545e-02
-2.96756644e-01
0.00000000e+00
6.09258280e-01
-1.32886070e-01
-5.85175968e-01
-2.29466481e-01
-4.76668870e-01
-5.56993168e-01
0.00000000e+00
0.00000000e+00
0.00000000e+00
0.00000000e+00
0.00000000e+00
0.00000000e+00
0.00000000e+00
2.45687488e-01
5.64512813e-01
-5.67612265e-01
0.00000000e+00
0.00000000e+00
0.00000000e+00
2.26838568e-01
6.03592847e-01
-3.31487203e-01
1.05799804e-01
-1.02936567e+00
4.11359842e-01
8.41898826e-01
2.64390615e-01
-4.70291415e-02
0.00000000e+00
2.72031256e-01
-4.34338501e-01
-1.45068458e+00
1.92389733e-01
4.73813927e-02
8.11514023e-01
3.49246884e-01
-1.08148501e+00
-6.30406638e-01
3.10740686e-01
-7.93060661e-02
0.00000000e+00
0.00000000e+00
0.00000000e+00
1.20039479e-01
-9.05520808e-02
4.28294327e-02
1.55415321e-01
-4.27313011e-01
1.42463950e-03
-1.93416931e-03
1.44719841e-01
1.40350646e-02
0.00000000e+00
1.59786659e-01
1.24469342e-01
3.28649498e-01
7.41247115e-02
-2.74467524e-02
-5.53425438e-02
8.27722278e-02
-7.76291369e-01
-5.93629672e-02
1.10670611e-01
-3.60373633e-01
0.00000000e+00
0.00000000e+00
0.00000000e+00
1.50074132e-01
1.07081841e+00
-2.52867545e-01
-6.03968636e-02
-9.43354732e-01
2.92010965e-01
4.39172932e-01
1.00076161e-02
2.50302939e-01
0.00000000e+00
3.67015399e-01
-1.25472204e-01
-7.08374458e-01
9.73345525e-02
-2.87032844e-01
4.07562679e-01
-5.80261347e-02
-9.17217439e-01
-4.19494682e-01
3.27563640e-01
-1.18126395e-01
0.00000000e+00
0.00000000e+00
0.00000000e+00
6.63244707e-03
-9.94586888e-03
1.12362376e-01
2.32241741e-01
-4.46687468e-01
-1.76867451e-04
1.33191909e-01
8.59823018e-02
-2.64189442e-02
0.00000000e+00
1.56537069e-01
5.68954080e-02
-2.06147229e-01
2.83227592e-01
1.36862146e-01
1.20589408e-02
2.79645008e-02
-7.77637293e-01
4.41157624e-02
6.08150822e-02
136
-4.93328201e-01
1.52697395e-02
-5.07966945e-03
4.41832668e-02
-3.50522204e-03
-2.27345054e-01
-5.09330464e-06
-3.25436154e-01
3.91274267e-04
0.00000000e+00
0.00000000e+00
-1.74150083e-01
-2.99366427e-01
-1.39598842e-01
8.04179193e-02
1.70622569e-02
2.23069750e-02
0.00000000e+00
0.00000000e+00
-1.52633032e-02
2.82627839e-01
1.89554846e-01
-7.28278182e-02
-2.57117989e-01
-2.87776849e-01
-2.54587513e-01
-7.79374145e-02
3.24568293e-03
-2.00234242e-02
2.20787224e-01
-4.16064180e-01
2.27814736e-02
5.21576317e-01
1.70945365e-01
-4.88321420e-01
2.23916322e-01
-1.90472875e-01
4.38209880e-01
-7.41934938e-02
1.07299470e-01
-4.98212213e-02
-3.51438347e-01
-6.11754975e-01
0.00000000e+00
0.00000000e+00
0.00000000e+00
0.00000000e+00
8.35747070e-01
5.42712714e-01
2.93681237e-01
-1.13722575e-01
0.00000000e+00
6.18501745e-01
2.46031099e-01
2.96517884e-01
-2.30000413e-01
0.00000000e+00
1.86537449e-01
1.86927863e-01
1.20620383e-01
-3.61493897e-01
-5.76745964e-01
-7.55307764e-01
-5.15261590e-02
-3.99882377e-02
-5.13143864e-01
0.00000000e+00
1.00940702e-01
-3.97466849e-01
2.65770003e-02
-1.74904581e-01
0.00000000e+00
-6.56742391e-01
-3.24252153e-01
-6.85023559e-02
-6.71027289e-02
0.00000000e+00
-4.54887607e-01
-6.74062530e-01
-7.10884909e-02
-1.50984330e-01
0.00000000e+00
0.00000000e+00
0.00000000e+00
0.00000000e+00
0.00000000e+00
6.99562844e-01
6.81363502e-01
-5.47631930e-01
0.00000000e+00
0.00000000e+00
0.00000000e+00
6.65835592e-01
6.68619287e-01
-2.44212995e-01
2.65146345e-01
-1.94012500e+00
3.25978201e-01
7.19830837e-01
5.54702270e-01
8.81334143e-02
0.00000000e+00
5.63795228e-01
-1.93907126e-01
-1.48511051e+00
3.50515146e-01
1.44330038e-01
6.45257745e-01
3.76752784e-01
-2.37169163e+00
-4.01629094e-01
7.20147535e-01
-5.56901008e-01
0.00000000e+00
0.00000000e+00
0.00000000e+00
2.05485662e-01
8.02615840e-01
-3.44622899e-01
1.16466587e-01
-1.62056067e+00
3.89355445e-01
6.97663756e-01
2.24142798e-01
4.11285660e-01
0.00000000e+00
4.55665168e-01
-3.13130884e-01
-1.11647626e+00
6.21654950e-01
-2.47075172e-01
4.31249758e-01
8.18267648e-02
-1.83519320e+00
-4.01343057e-02
5.22880004e-01
10 1
-5.3175e-01 4.6476e-01
8 1
0 1 3 4 7 9 5 8 
217
-2.86184311e-01
-4.03132066e-02
1.44977742e-01
-1.86258826e-02
5.71348894e-02
-1.83240051e-01
-1.79659905e-01
-3.06470371e-01
-4.08664548e-01
2.15554527e-01
-5.13635981e-02
-6.70988311e-04
2.96368851e-01
3.15591154e-01
0.00000000e+00
0.00000000e+00
0.00000000e+00
0.00000000e+00
0.00000000e+00
0.00000000e+00
2.54417241e-02
-1.03535166e-03
-5.07529832e-03
-3.13723592e-01
-1.36965628e-04
7.35243026e-02
0.00000000e+00
0.00000000e+00
-6.33373720e-01
-7.58486527e-01
-4.00019274e-01
6.39343373e-01
6.15097102e-01
2.51254735e-01
0.00000000e+00
0.00000000e+00
9.57478398e-03
5.75495821e-02
4.17772043e-02
-2.06880445e-01
-1.34343652e-01
-4.66373808e-02
-2.29363356e-02
1.57119323e-02
1.14871674e-02
-2.95258554e-01
-8.55237733e-02
-5.78589396e-02
2.51010187e-02
4.25666226e-01
-3.23822015e-01
1.62964811e-01
-7.58917907e-03
-3.76305167e-01
2.94438184e-01
3.13128533e-01
1.53749728e-02
-1.58499464e-02
-4.15351138e-01
4.32134895e-02
1.33114672e-01
-4.24389807e-02
-3.86434786e-01
0.00000000e+00
-4.85884763e-01
-2.59108528e-01
2.25093817e-01
-5.46491382e-02
-2.53933649e-02
4.39927904e-01
0.00000000e+00
-2.17373462e-01
-1.18902536e-01
2.79298926e-02
-6.29640928e-02
-9.67407412e-02
3.24344836e-01
0.00000000e+00
-2.03860872e-01
4.11835839e-02
-5.32153310e-02
-3.58582833e-02
-2.94872515e-02
9.71325339e-02
0.00000000e+00
-1.07276436e-01
-4.24156499e-01
-2.31861852e-02
-2.07047894e-01
-1.25754065e-01
-6.40947114e-02
0.00000000e+00
1.96547382e-01
1.13134915e-01
-2.08837265e-01
-2.99518416e-01
-2.73894428e-01
-2.51564062e-01
0.00000000e+00
4.46262403e-03
-1.25240608e-01
-1.06716303e-01
-4.41310614e-02
-1.83930632e-01
-6.67138277e-02
0.00000000e+00
3.43918727e-01
-2.25175744e-01
-3.61819750e-01
-2.56921674e-01
-2.68283288e-01
-2.15772542e-01
0.00000000e+00
9.46771920e-03
2.14866690e-02
-2.99668613e-02
-1.49599573e-01
-2.66064313e-01
-1.02333999e-01
1.90521298e-01
5.08398416e-01
-5.67773093e-01
0.00000000e+00
0.00000000e+00
0.00000000e+00
4.43540691e-01
5.77677932e-01
-5.10934652e-01
2.70006562e-01
-1.35374799e+00
3.27570672e-01
8.87940726e-01
4.99657921e-01
2.23462106e-01
0.00000000e+00
2.21038466e-01
-4.72870701e-01
-9.95996488e-01
3.52342708e-01
-2.13025463e-01
5.67974082e-01
6.66122694e-01
-1.37928868e+00
-9.28137932e-01
2.48894246e-01
-2.53642474e-01
0.00000000e+00
0.00000000e+00
0.00000000e+00
2.62358982e-01
3.75368789e-02
2.26123532e-01
1.45864977e-01
-9.18444436e-01
-1.02516194e-01
-1.90039296e-02
1.48880623e-01
-2.26842000e-01
0.00000000e+00
2.12657071e-01
4.35556351e-02
-4.77509596e-01
1.04802177e-02
1.13075738e-01
6.48098145e-02
6.54397452e-02
-8.04635196e-01
5.22616199e-01
4.41909463e-01
-3.37021311e-01
0.00000000e+00
0.00000000e+00
0.00000000e+00
1.75686770e-01
7.55912308e-01
-3.95206538e-01
4.93582184e-01
-9.85147568e-01
2.27449700e-01
8.19823259e-01
6.08971954e-02
2.69819732e-01
0.00000000e+00
3.46279297e-01
-1.74667287e-01
-8.29885587e-01
4.16243464e-01
-2.75871201e-01
3.34250002e-01
-1.57590153e-01
-1.09544803e+00
-7.19482508e-01
3.96333646e-01
-2.15320144e-01
0.00000000e+00
0.00000000e+00
0.00000000e+00
4.56070272e-02
-4.73181500e-02
1.44723258e-01
-2.86143116e-01
-5.85136692e-01
8.74747232e-02
-6.95685956e-02
1.52234898e-01
2.82352832e-01
0.00000000e+00
1.02344727e-01
-2.90650076e-02
-4.10867183e-01
1.50311774e-01
1.25681279e-01
1.22802411e-02
1.65051974e-01
-7.27330281e-01
5.43545314e-01
1.28500834e-01
136
-4.34310676e-01
0.00000000e+00
0.00000000e+00
0.00000000e+00
0.00000000e+00
2.68485255e-02
-5.55964660e-04
-4.65411550e-01
1.83536923e-04
0.00000000e+00
0.00000000e+00
3.63461217e-02
-1.84651395e-01
-8.32055199e-02
-6.11640003e-02
-1.61757539e-01
2.01216569e-02
0.00000000e+00
0.00000000e+00
-6.77896924e-02
2.63345093e-01
2.67809011e-01
2.41886706e-02
-1.73283578e-01
-2.79806921e-01
-2.54271011e-01
-2.14502247e-01
2.19216441e-02
1.43788682e-02
2.31275314e-01
-3.04845758e-01
1.24062206e-01
3.75139817e-01
-2.11508425e-02
-4.06970325e-01
2.02334587e-01
-2.12873634e-01
4.26892020e-01
4.50036954e-02
8.01609378e-02
-6.18543204e-02
-3.63123254e-01
-5.84661633e-01
0.00000000e+00
0.00000000e+00
0.00000000e+00
0.00000000e+00
7.02372613e-01
5.49229166e-01
2.39509780e-01
-1.28503504e-01
0.00000000e+00
5.43270107e-01
1.96960568e-01
2.82253129e-01
-2.17122016e-01
3.84613772e-04
4.23702124e-01
1.68154944e-01
2.08080354e-01
-4.65838050e-01
-5.96493746e-01
-7.03185719e-01
-1.26439926e-02
-4.81313621e-02
-4.30244883e-01
0.00000000e+00
2.74694911e-02
-3.35630988e-01
2.96308487e-02
-2.45236381e-01
0.00000000e+00
-6.38974192e-01
-2.90129938e-01
-5.56929291e-02
-2.72208058e-02
0.00000000e+00
-3.77374734e-01
-6.71514907e-01
-4.45010055e-02
-1.53586853e-01
-2.96003694e-03
-3.86036120e-02
-2.15512479e-01
4.76110776e-02
-2.22678631e-03
7.32138255e-01
7.09197304e-01
-5.23661872e-01
0.00000000e+00
0.00000000e+00
0.00000000e+00
6.20849610e-01
6.45903762e-01
-2.34130269e-01
2.88811782e-01
-1.91630118e+00
3.78985119e-01
7.36268851e-01
5.20201270e-01
9.76916052e-02
0.00000000e+00
6.06580647e-01
-1.83046216e-01
-1.30172378e+00
3.68406735e-01
1.25182047e-01
6.65342130e-01
3.24784424e-01
-2.45743995e+00
-4.66525456e-01
6.56496998e-01
-5.64981059e-01
0.00000000e+00
0.00000000e+00
0.00000000e+00
1.79573958e-01
9.16739946e-01
-3.15236531e-01
1.89830150e-01
-1.70586375e+00
4.11939381e-01
6.89109194e-01
1.96589391e-01
3.03386154e-01
0.00000000e+00
5.22294567e-01
-2.71495319e-01
-1.06628718e+00
6.57234693e-01
-2.19453826e-01
4.48143868e-01
6.51781992e-02
-1.92236014e+00
-1.38876112e-01
4.94572306e-01
2 1
-5.7942e-01 4.8846e-01
8 1
0 1 3 4 7 9 5 8 
217
-2.16189517e-01
6.53681786e-02
-1.36304746e-01
-2.85057780e-01
-5.20541647e-02
2.83163372e-01
1.36182258e-01
-4.98214414e-01
-4.59710120e-01
2.04274076e-01
2.96615697e-03
1.89181718e-01
1.56426353e-01
1.95842652e-01
0.00000000e+00
0.00000000e+00
0.00000000e+00
0.00000000e+00
0.00000000e+00
0.00000000e+00
4.00175154e-02
-7.63060328e-04
-7.61942040e-02
-2.63111896e-01
6.46319026e-04
2.99183142e-01
0.00000000e+00
0.00000000e+00
-4.14858998e-01
-2.52514243e-01
-3.19088017e-02
5.06417045e-02
1.67543897e-01
2.64906924e-01
0.00000000e+00
0.00000000e+00
-2.65717869e-01
7.16552053e-02
1.62063731e-02
-2.53660227e-02
1.67062753e-02
-5.15921184e-03
4.74412992e-02
-7.19555672e-02
-2.08920390e-01
-7.88052088e-02
-7.58178475e-02
-2.07402713e-01
4.35575179e-03
3.91068405e-01
-6.26309445e-02
-1.75929505e-02
-3.08691785e-01
-4.25241802e-01
4.20813894e-01
5.13058852e-01
5.54983363e-02
1.63740584e-02
-3.86797529e-01
1.54542356e-01
2.23814451e-01
-1.33961383e-03
-1.72946486e-01
0.00000000e+00
-5.62190514e-01
-1.80102775e-01
3.40954662e-01
1.64812906e-01
5.04633489e-03
6.18077576e-01
0.00000000e+00
-5.54362634e-01
-1.82121280e-01
2.87741783e-01
-2.77078993e-01
5.04313341e-02
7.19240557e-01
0.00000000e+00
-3.66700463e-01
-4.87996847e-01
1.86586460e-01
-1.32138955e-01
-3.17689772e-02
1.32526712e-01
0.00000000e+00
-2.27317546e-01
-5.24953592e-01
1.65409887e-01
-1.72670221e-01
-1.25853506e-01
2.41211271e-02
0.00000000e+00
2.05336735e-01
-3.30029565e-01
-2.60472922e-01
-5.08552102e-01
-1.61053330e-01
-1.55333134e-01
0.00000000e+00
-3.94722210e-02
-1.08781587e-01
-2.74710150e-01
1.23485209e-01
9.79928533e-02
4.54233729e-02
0.00000000e+00
3.42925152e-01
-3.00217262e-01
-3.74949681e-01
-5.34775951e-01
-1.84164988e-01
-1.86103921e-01
0.00000000e+00
3.69795274e-02
1.22617478e-02
3.04960872e-03
-1.43501448e-01
-2.51912116e-01
-6.97708243e-02
3.18175887e-01
6.35766894e-01
-6.33716841e-01
0.00000000e+00
0.00000000e+00
0.00000000e+00
4.91749695e-01
5.14559807e-01
-7.54116050e-01
4.80289631e-02
-1.12202367e+00
3.11048944e-01
7.73324428e-01
-1.35937172e-01
-2.85702393e-02
0.00000000e+00
1.35940666e-01
-2.95563084e-01
-7.69249384e-01
2.09722891e-01
2.77197547e-01
2.94072764e-01
5.90718131e-01
-1.20052303e+00
-3.72646201e-01
3.98548154e-01
-8.96998672e-02
0.00000000e+00
0.00000000e+00
0.00000000e+00
2.41480852e-02
1.18383115e-01
2.44278899e-01
3.46380463e-02
-5.69287487e-01
1.62776161e-01
-5.55532119e-02
3.79726888e-01
4.35052185e-03
0.00000000e+00
1.33074671e-01
3.11460172e-02
-4.40137345e-01
7.18552726e-02
-1.52870077e-01
1.17308542e-01
-7.65531521e-02
-5.48991679e-01
6.51039589e-02
3.66902908e-01
-5.15167392e-01
0.00000000e+00
0.00000000e+00
0.00000000e+00
-2.55764970e-01
7.59795816e-01
-6.88926076e-01
2.25173852e-02
-8.27222229e-01
1.92899221e-01
6.76416762e-01
2.72595153e-03
6.33374084e-01
0.00000000e+00
2.62553023e-01
-1.24326442e-01
-8.37232916e-01
3.95744480e-01
-1.44129756e-01
2.34211806e-01
-2.66338188e-01
-9.37801870e-01
-1.17399742e-01
5.03736270e-01
-3.34252889e-02
0.00000000e+00
0.00000000e+00
0.00000000e+00
2.67182564e-01
-3.65187017e-02
7.73337859e-02
1.57859715e-01
-6.52719010e-01
3.04932557e-02
8.68936317e-02
2.55772083e-01
-6.94290494e-02
0.00000000e+00
7.90577217e-02
6.04589942e-02
-3.76716278e-01
1.03611864e-01
3.24493241e-02
2.09196025e-01
1.99364206e-01
-1.93228611e-01
-9.63210566e-02
-1.68165753e-01
136
-4.15667801e-01
0.00000000e+00
0.00000000e+00
0.00000000e+00
0.00000000e+00
1.50023492e-01
-8.89141595e-03
-5.55240369e-01
5.82231760e-05
0.00000000e+00
0.00000000e+00
-5.56960517e-02
-2.56246932e-01
-1.13908971e-01
7.44891900e-02
-4.49229459e-02
-1.93820904e-02
0.00000000e+00
0.00000000e+00
0.00000000e+00
2.95528766e-01
2.12770091e-01
-1.99241555e-02
-1.83185678e-01
-2.58904367e-01
-3.06631594e-01
-1.55320865e-01
1.01801476e-02
4.26295043e-02
2.83743001e-01
-3.86548034e-01
6.45031593e-02
4.09144242e-01
6.45910889e-02
-4.32839628e-01
2.34141515e-01
-1.31835983e-01
4.02072416e-01
-4.09939754e-03
7.72272672e-02
-7.19417012e-02
-3.56122328e-01
-6.20513072e-01
0.00000000e+00
0.00000000e+00
0.00000000e+00
0.00000000e+00
7.80336268e-01
4.74457377e-01
2.97599522e-01
-1.50704376e-01
0.00000000e+00
6.34389911e-01
2.46546974e-01
2.85134915e-01
-1.85051388e-01
3.55740208e-02
4.14709149e-01
1.78130286e-01
1.89356497e-01
-3.60366926e-01
-5.61573329e-01
-6.43562724e-01
-9.27342300e-02
-1.66771439e-02
-3.69632048e-01
0.00000000e+00
9.37327178e-02
-3.76595529e-01
4.15705939e-02
-2.71500352e-01
0.00000000e+00
-7.21176139e-01
-2.68064191e-01
-7.64743110e-02
-6.24513774e-03
0.00000000e+00
-4.68064011e-01
-5.77984771e-01
-7.16251814e-02
-1.23049351e-01
2.98713723e-02
-7.43049794e-03
-1.70069012e-01
5.46669142e-02
-2.30279941e-02
6.24907931e-01
6.71112046e-01
-5.61198657e-01
0.00000000e+00
0.00000000e+00
0.00000000e+00
6.29446429e-01
6.27559788e-01
-1.88364798e-01
3.17915552e-01
-1.96822724e+00
3.24972410e-01
7.46636387e-01
5.67190861e-01
9.19122394e-02
0.00000000e+00
5.96090132e-01
-2.21540390e-01
-1.37443571e+00
3.69246361e-01
1.22463467e-01
6.69150994e-01
3.77943056e-01
-2.44033300e+00
-4.99138269e-01
6.90313070e-01
-5.73987485e-01
0.00000000e+00
0.00000000e+00
0.00000000e+00
1.97120057e-01
8.86309449e-01
-2.43914701e-01
1.62720574e-01
-1.64691420e+00
4.11162878e-01
6.86996473e-01
1.69204372e-01
3.53502686e-01
0.00000000e+00
5.18392880e-01
-3.00651659e-01
-1.08864075e+00
6.23885645e-01
-2.22856525e-01
3.95643580e-01
8.83440356e-02
-2.02948112e+00
-6.45400374e-02
5.29728877e-01
6 1
-6.8957e-01 5.2135e-01
8 0
0 1 3 4 7 9 5 8 
217
-2.72042631e-01
1.04446464e-01
-1.47114331e-01
-1.44730503e-01
-1.65623706e-01
3.81965789e-01
2.98089258e-02
-1.74733532e-01
-1.25901325e-01
-1.08253944e-01
-1.40958570e-01
-1.85060139e-01
1.30632045e-01
5.14965865e-01
0.00000000e+00
0.00000000e+00
0.00000000e+00
0.00000000e+00
0.00000000e+00
0.00000000e+00
7.06693021e-02
2.89549511e-03
6.26497554e-02
-3.41428414e-01
2.49639757e-04
2.45399044e-01
0.00000000e+00
0.00000000e+00
2.72984727e-01
-3.28819722e-01
-2.33172673e-01
1.66288886e-01
-7.10003004e-02
-7.83235489e-02
0.00000000e+00
0.00000000e+00
-1.45435343e-01
-7.41590711e-02
1.20177465e-02
2.25402108e-04
4.48024686e-02
1.76958249e-01
1.47496854e-01
-4.33948937e-01
-1.02203966e-01
-6.38318624e-02
-1.40088255e-01
-1.72844834e-02
7.91580461e-02
3.90918654e-01
-3.17321188e-01
1.38071053e-02
-1.89563603e-01
-5.56285691e-01
3.59071297e-01
2.98680479e-01
0.00000000e+00
1.51158868e-01
-2.87600098e-01
1.03178071e-01
5.91813928e-02
-1.15090007e-01
-7.06986740e-02
0.00000000e+00
-5.92383770e-01
-3.16160452e-01
2.97280683e-01
-2.73473111e-02
2.30604566e-02
5.53541871e-01
0.00000000e+00
-2.84485559e-01
-1.84299603e-01
1.00088400e-01
9.80447305e-03
-8.76454724e-02
1.27704683e-01
0.00000000e+00
-4.30380316e-01
-7.15342799e-01
8.26789098e-02
-1.20608225e-01
5.67845452e-02
2.35761057e-01
0.00000000e+00
-1.84551948e-01
-4.92201525e-01
3.82664754e-02
8.24563970e-03
-1.53463157e-01
1.80555097e-01
0.00000000e+00
2.00590637e-01
-3.84726366e-01
-1.33878076e-01
-4.82254665e-01
-3.38755193e-01
-2.53778740e-01
0.00000000e+00
1.43218156e-01
5.19172048e-02
-3.11145456e-01
-2.67571896e-03
-1.04115331e-01
-4.46948892e-01
0.00000000e+00
4.17269663e-01
-1.45065508e-01
-5.39842427e-01
-4.19551282e-01
-1.49469867e-01
-2.42629474e-01
0.00000000e+00
-2.96562464e-02
3.73367020e-02
-6.97810361e-02
-3.38416830e-01
-1.91479579e-01
-1.02215059e-01
2.40580224e-01
6.49269370e-01
-5.93356119e-01
0.00000000e+00
0.00000000e+00
0.00000000e+00
-1.26474358e-01
3.14636903e-01
-4.96340334e-01
-1.70053737e-01
-1.04647845e+00
6.33150723e-02
8.78671778e-01
2.99488737e-01
4.51916105e-01
0.00000000e+00
5.75270641e-01
-3.27980025e-01
-9.32457477e-01
6.71170921e-01
1.35517456e-01
3.30957968e-01
-2.74491560e-01
-1.16566365e+00
-5.29689958e-01
7.55327844e-01
-1.78287967e-01
0.00000000e+00
0.00000000e+00
0.00000000e+00
5.12083765e-01
2.29006058e-01
2.19021020e-01
2.52362242e-01
-1.02600648e+00
4.24123650e-01
6.82104869e-02
8.40118955e-02
-7.71095093e-02
0.00000000e+00
3.96487105e-02
1.38389681e-01
-6.54302838e-01
-1.56028971e-02
-5.39964745e-02
1.05529907e-02
2.88230233e-01
-8.26322601e-01
2.06059640e-01
3.35246277e-03
-2.71148615e-01
0.00000000e+00
0.00000000e+00
0.00000000e+00
-2.18740739e-02
6.00247127e-01
-4.63206378e-01
1.40192287e-01
-7.68982337e-01
3.37771181e-01
7.97186647e-01
2.12337852e-02
3.89590271e-01
0.00000000e+00
7.55099449e-02
-8.80477233e-02
-1.74574725e+00
7.91905425e-01
-3.78802406e-01
4.19554145e-01
3.06742040e-02
-8.88654269e-01
7.41671254e-02
4.06133675e-01
-1.74604199e-01
0.00000000e+00
0.00000000e+00
0.00000000e+00
1.69976542e-01
1.17707876e-01
-8.15808354e-02
3.28883862e-02
-7.07164775e-01
-8.93821489e-02
-6.60073062e-02
8.62700038e-02
3.06759224e-02
0.00000000e+00
1.44624751e-01
-9.58548082e-02
5.16523010e-01
-7.88076939e-02
1.11920660e-01
-2.42943764e-02
-1.65703558e-02
-2.91000311e-01
1.17281111e-01
-5.18098511e-02
136
-6.03259184e-01
0.00000000e+00
0.00000000e+00
0.00000000e+00
0.00000000e+00
-6.29443804e-02
9.81942007e-04
-5.53824424e-01
1.52919363e-05
0.00000000e+00
0.00000000e+00
-2.01867159e-01
-2.79737622e-01
-1.17407896e-01
7.03932241e-02
-3.91506040e-02
-3.54891270e-02
0.00000000e+00
0.00000000e+00
3.49626667e-02
3.49127345e-01
2.06846692e-01
-1.61964596e-02
-1.80486168e-01
-3.04682268e-01
-3.94522834e-01
-2.98308160e-01
2.41575280e-01
4.89515770e-02
3.00492289e-01
-3.61063535e-01
1.85500487e-01
3.10911077e-01
-5.61232926e-02
-4.80772957e-01
3.67323000e-01
-2.13411305e-01
3.71277698e-01
-3.12707006e-02
1.57441169e-01
-2.36108261e-01
-4.53163372e-01
-7.54818337e-01
0.00000000e+00
0.00000000e+00
0.00000000e+00
0.00000000e+00
1.11432326e+00
5.63622213e-01
3.42012220e-01
-1.06599207e-01
0.00000000e+00
8.69437223e-01
2.98398890e-01
3.26057318e-01
-1.78385554e-01
2.16583033e-02
7.02215999e-01
2.51729742e-01
2.54590834e-01
-3.65935745e-01
-5.21112225e-01
-6.03165190e-01
-7.63484761e-02
9.60549425e-03
-3.73454648e-01
0.00000000e+00
6.68916318e-02
-3.31171904e-01
3.58937354e-02
-2.25238264e-01
0.00000000e+00
-1.13530977e+00
-3.27036339e-01
-1.43037998e-01
-3.03532505e-02
0.00000000e+00
-8.05334591e-01
-6.19119813e-01
-1.22657630e-01
-1.03169869e-01
1.64176113e-02
-1.25037791e-02
-1.39715917e-01
5.28656873e-02
-2.65880375e-02
6.18625302e-01
6.81334585e-01
-5.72613152e-01
0.00000000e+00
0.00000000e+00
0.00000000e+00
6.09684298e-01
6.54775430e-01
-2.37713123e-01
2.89818617e-01
-1.89910547e+00
3.11474307e-01
7.33489654e-01
5.50536423e-01
5.71247948e-02
0.00000000e+00
5.73818093e-01
-2.20907745e-01
-1.30928100e+00
2.97158647e-01
1.08672212e-01
7.14185048e-01
3.95239701e-01
-2.41202602e+00
-4.90027198e-01
7.00470171e-01
-5.62710768e-01
0.00000000e+00
0.00000000e+00
0.00000000e+00
1.98329174e-01
9.03664099e-01
-2.94177853e-01
1.54074306e-01
-1.68662279e+00
4.07746539e-01
7.44818355e-01
1.90699228e-01
3.83298365e-01
0.00000000e+00
5.37906153e-01
-2.50866734e-01
-1.15328877e+00
6.24389106e-01
-2.00230395e-01
4.24286225e-01
7.39800972e-02
-2.02060080e+00
-1.30287746e-01
5.30172675e-01
11 1
-8.5686e-01 5.4760e-01
8 0
0 1 3 4 7 9 5 8 
217
-1.83478421e-01
-2.63628059e-02
-9.76958772e-03
-4.10845552e-02
2.10748600e-01
-5.71455136e-01
-3.73133944e-01
-1.66675729e-01
-7.07516960e-01
5.33127607e-01
2.30722527e-01
4.51551258e-02
4.55701357e-01
-4.30097916e-01
0.00000000e+00
0.00000000e+00
0.00000000e+00
0.00000000e+00
0.00000000e+00
0.00000000e+00
1.81474300e-01
-1.89655122e-04
-9.83468166e-02
-4.08782110e-01
2.17082149e-04
2.00967773e-01
0.00000000e+00
0.00000000e+00
-3.39163411e-01
7.87172925e-02
1.76214633e-01
3.27149721e-02
-7.13385120e-02
-6.06233959e-02
0.00000000e+00
0.00000000e+00
0.00000000e+00
-7.12252374e-02
-9.36507151e-02
3.21334860e-02
3.48037840e-02
1.03975761e-01
5.85752142e-02
-2.48090714e-01
0.00000000e+00
-8.35803665e-02
-6.24313617e-02
-1.28722069e-01
0.00000000e+00
4.84692500e-01
-3.28145444e-01
2.26046382e-01
-2.21954920e-02
-5.45131479e-01
2.23326344e-01
4.11484499e-01
0.00000000e+00
-1.18921732e-01
-9.30393410e-02
-3.64417967e-02
1.95984052e-02
-2.34322371e-03
-2.00733603e-01
0.00000000e+00
-3.92904358e-01
-3.76856815e-01
1.40932871e-01
7.56220092e-02
6.84930660e-02
6.03896336e-01
0.00000000e+00
-3.95555633e-01
-1.41656581e-01
3.31314087e-01
-6.97991011e-02
-1.19236875e-01
2.61891611e-01
0.00000000e+00
-3.04922800e-01
-2.63871897e-01
1.09764342e-01
-1.24714204e-01
-4.01606658e-03
3.76697573e-02
0.00000000e+00
-1.65291445e-02
-4.94827105e-01
-5.49600936e-03
5.42994524e-02
-1.84282618e-01
-1.20284008e-01
0.00000000e+00
1.97878957e-01
-2.64217875e-01
-5.85302643e-02
-4.48752355e-01
-3.22827114e-01
-2.65850914e-01
0.00000000e+00
8.30415896e-02
-1.68324913e-01
-2.81231331e-01
6.96396671e-02
1.47113201e-02
-1.77255799e-01
0.00000000e+00
3.89603505e-01
-1.91693026e-01
-4.42639689e-01
-3.47481308e-01
-1.30442238e-01
-1.38568007e-01
0.00000000e+00
-1.95931482e-02
-9.32098929e-03
-1.77723974e-01
-1.76843112e-01
-1.85740214e-03
6.59107702e-02
3.27254848e-01
6.00038060e-01
-5.55890301e-01
0.00000000e+00
0.00000000e+00
0.00000000e+00
5.42718680e-01
8.19493964e-01
-4.12645618e-01
1.54938295e-02
-2.02742582e+00
4.91962617e-01
9.42224675e-01
3.04392798e-01
8.90798270e-02
0.00000000e+00
1.94201055e-01
-1.25002083e-01
-2.05340709e+00
4.67218276e-01
5.09013214e-01
1.20018849e-01
7.34602980e-01
-1.94065892e+00
-1.51922482e-01
9.24750947e-01
-1.34895801e-01
0.00000000e+00
0.00000000e+00
0.00000000e+00
7.32423214e-02
-1.86416081e-01
1.47603387e-01
1.31903389e-01
1.95977931e-01
-7.46279944e-02
-2.54784967e-01
5.29282339e-02
-1.27703150e-01
0.00000000e+00
1.72851847e-01
-2.73693858e-01
5.37188932e-01
-1.85627716e-01
-1.70900975e-01
2.03415758e-01
-2.77194082e-01
1.11046199e-01
-1.45870320e-01
-6.42346559e-02
-3.34026433e-01
0.00000000e+00
0.00000000e+00
0.00000000e+00
9.03356039e-02
6.68627586e-01
-7.56765046e-01
2.91233071e-01
-1.01919125e+00
2.74737429e-01
6.74785169e-01
1.25790508e-01
6.48881608e-01
0.00000000e+00
4.58235484e-01
-2.16827037e-01
-1.04681812e+00
7.10110876e-01
-5.00140595e-01
3.52164057e-01
5.79059344e-02
-1.10302647e+00
-2.98925784e-01
2.54860542e-01
-1.90232240e-01
0.00000000e+00
0.00000000e+00
0.00000000e+00
6.17292359e-02
1.65361322e-01
2.48986791e-01
-4.92940444e-02
-4.64294718e-01
4.88585141e-02
2.16995814e-02
5.35663103e-02
-3.80528091e-01
0.00000000e+00
-1.63328936e-01
-8.54813591e-02
-1.86855892e-01
7.20159384e-02
2.19572997e-01
1.66518748e-01
3.92117189e-03
-7.55243207e-02
8.95262312e-02
6.33182792e-02
136
-4.12231856e-01
0.00000000e+00
0.00000000e+00
-1.80804452e-03
3.86986741e-03
1.11680979e-01
-5.72765193e-03
-5.26096529e-01
1.42544195e-04
0.00000000e+00
0.00000000e+00
-4.08817099e-02
-2.60791804e-01
-1.32661912e-01
5.13354661e-02
-2.95167583e-02
2.84862017e-04
0.00000000e+00
0.00000000e+00
-6.77258048e-02
3.04047833e-01
1.66666712e-01
1.57760172e-02
-1.27867058e-01
-2.16489289e-01
-2.81713943e-01
-2.04926323e-01
8.29340662e-02
-9.36377741e-03
3.06913643e-01
-3.43001363e-01
1.31119705e-01
3.17915335e-01
-2.92765406e-02
-3.89618267e-01
2.15331438e-01
-2.02424665e-01
3.68847574e-01
7.69511936e-02
8.77080950e-02
-8.85757027e-02
-4.17051904e-01
-5.20640687e-01
0.00000000e+00
0.00000000e+00
0.00000000e+00
0.00000000e+00
7.46526077e-01
4.67576460e-01
2.75510982e-01
-1.38847627e-01
0.00000000e+00
5.35030181e-01
2.08680502e-01
2.52204155e-01
-1.86706150e-01
2.36411943e-02
4.72546916e-01
2.12569797e-01
1.91093711e-01
-4.14005740e-01
-5.16891731e-01
-6.11500048e-01
-7.87701524e-02
-1.44284360e-02
-3.72470664e-01
0.00000000e+00
7.90467636e-02
-3.19068368e-01
3.64097919e-02
-2.24615386e-01
0.00000000e+00
-7.17992363e-01
-2.50328945e-01
-7.43854306e-02
-2.12354282e-02
0.00000000e+00
-4.96735547e-01
-5.29388857e-01
-7.07784884e-02
-1.13993549e-01
1.83167555e-02
2.46919641e-02
-1.57266011e-01
5.75237686e-02
-4.91250219e-03
6.35212742e-01
6.64419784e-01
-5.77313990e-01
0.00000000e+00
0.00000000e+00
0.00000000e+00
6.28688084e-01
6.60625549e-01
-2.25773287e-01
2.94065419e-01
-1.96573360e+00
3.40372555e-01
7.76979626e-01
5.45728242e-01
1.34587874e-01
0.00000000e+00
5.65335769e-01
-2.00814818e-01
-1.42457045e+00
3.86962567e-01
7.09050737e-02
6.64114186e-01
3.92800103e-01
-2.45392205e+00
-4.52609025e-01
6.84944196e-01
-5.70236447e-01
0.00000000e+00
0.00000000e+00
0.00000000e+00
2.02124285e-01
8.69142003e-01
-2.75271976e-01
1.58226171e-01
-1.72288469e+00
3.67133663e-01
6.80458312e-01
1.96320460e-01
4.15372945e-01
0.00000000e+00
5.17781452e-01
-2.61656692e-01
-1.09915512e+00
6.26168100e-01
-2.24920694e-01
4.10340927e-01
9.37618668e-02
-1.98331382e+00
-8.27629043e-02
5.42899252e-01
13 1
-9.3697e-01 5.6298e-01
8 1
0 1 3 4 7 9 5 8 
217
-1.07863164e-01
1.24791084e-01
-1.49820140e-01
-6.13106088e-02
2.29657304e-01
-3.15268278e-01
-3.47276485e-02
-4.41162881e-01
-5.35591532e-01
4.93145695e-01
-1.21724138e-01
2.16685515e-01
3.54522850e-01
6.90112481e-02
0.00000000e+00
0.00000000e+00
0.00000000e+00
0.00000000e+00
0.00000000e+00
0.00000000e+00
1.87695129e-02
-4.14241228e-03
-9.24408481e-02
-1.03092191e-01
-5.16934529e-05
9.89547376e-02
0.00000000e+00
0.00000000e+00
-5.45203308e-01
-2.44075990e-01
7.13289111e-02
3.30675729e-01
2.28871733e-01
5.05397606e-02
0.00000000e+00
0.00000000e+00
-2.56739589e-01
6.03883865e-02
4.76656529e-02
3.87910315e-02
-4.86390341e-03
1.50138864e-02
-4.07584496e-02
3.26398201e-02
-3.09428332e-01
-1.82989874e-01
1.27428948e-01
-1.08574390e-01
0.00000000e+00
3.39355373e-01
-1.44781569e-01
5.79946667e-02
-1.52346456e-02
-3.96925695e-01
8.39412446e-02
4.07382335e-01
0.00000000e+00
8.91451305e-02
-2.46290615e-01
1.52151137e-01
1.76557561e-01
1.17162402e-01
-1.44843538e-01
0.00000000e+00
-4.65401849e-01
-2.63543983e-01
3.10934909e-01
2.29849078e-02
4.66037756e-02
4.67582498e-01
0.00000000e+00
-4.37114922e-01
-1.68964793e-01
2.07559607e-01
-1.00429426e-01
1.21692151e-01
5.54098178e-01
0.00000000e+00
-3.64906969e-01
-1.79237707e-01
2.75727040e-01
-2.27304460e-01
1.08102037e-02
5.71403439e-02
0.00000000e+00
-1.89475327e-01
-5.54264553e-01
8.24967590e-02
-3.39235252e-02
1.11606061e-02
-1.11551422e-01
0.00000000e+00
1.64110561e-01
-1.32409320e-01
-1.84683163e-01
-3.99554877e-01
-8.72905623e-02
-2.09768608e-01
0.00000000e+00
-2.71447657e-02
-8.80680069e-02
-1.48294356e-01
1.12535935e-01
6.75759572e-02
1.18023299e-01
0.00000000e+00
2.61273903e-01
-1.27657206e-01
-1.83600985e-01
-4.39988139e-01
-1.85536082e-01
-1.28395788e-01
0.00000000e+00
-3.51729240e-02
-4.39079055e-02
1.08782837e-01
-2.01017248e-01
-1.52557862e-01
-9.34895984e-02
5.09784430e-01
7.57941647e-01
-8.27644442e-01
0.00000000e+00
0.00000000e+00
0.00000000e+00
5.36480805e-01
9.59050611e-01
-5.66629008e-01
1.32042143e-01
-1.53219083e+00
3.87187378e-01
4.78687845e-01
2.83974461e-01
-2.70731413e-01
0.00000000e+00
2.10384090e-01
-3.73213569e-01
-1.41199108e+00
5.32399400e-02
3.01744024e-01
5.46722539e-01
4.17654753e-01
-1.31321611e+00
-1.48399355e-01
4.81558322e-01
2.47821312e-02
0.00000000e+00
0.00000000e+00
0.00000000e+00
-2.87777747e-03
-1.93215783e-01
1.48606752e-01
2.45847464e-02
-4.87156456e-05
8.67079971e-02
5.75273020e-03
2.31207926e-01
2.03950089e-01
0.00000000e+00
8.32241057e-02
-1.68005263e-02
2.09714801e-02
1.42438737e-01
-9.18121932e-02
-2.55477492e-02
-1.32916254e-01
-4.74238877e-01
-6.71915914e-02
8.19870349e-02
-5.78323643e-01
0.00000000e+00
0.00000000e+00
0.00000000e+00
-1.05210972e-03
6.13455977e-01
-3.98348575e-01
1.47630155e-01
-9.33531468e-01
5.87356273e-01
7.77077660e-01
1.02026208e-01
5.98944443e-01
0.00000000e+00
2.94853390e-01
-4.46017765e-01
-1.29491456e+00
5.47574328e-01
-5.45893188e-01
2.52275599e-01
-5.59555693e-01
-8.88469937e-01
2.05337729e-01
3.62927892e-01
-1.88163136e-02
0.00000000e+00
0.00000000e+00
0.00000000e+00
1.11388187e-01
9.01544011e-02
-5.20287392e-03
-3.99517407e-04
-2.32166771e-01
-9.92588078e-02
-1.52359305e-02
2.26888150e-02
-4.65162758e-02
0.00000000e+00
1.85231288e-01
-1.46343738e-02
1.46678000e-01
-1.50521284e-02
2.15986248e-01
9.99075785e-02
4.17073635e-01
-4.02883947e-01
-3.19853582e-01
-1.56720258e-01
136
-4.34946008e-01
0.00000000e+00
0.00000000e+00
0.00000000e+00
0.00000000e+00
1.70693827e-01
-8.58928849e-03
-5.82814693e-01
5.04469649e-05
0.00000000e+00
0.00000000e+00
-7.44540887e-02
-2.36313885e-01
-1.22031849e-01
5.11462410e-02
-5.84155534e-02
5.12312705e-03
0.00000000e+00
0.00000000e+00
-3.82869871e-02
3.15942713e-01
1.56641152e-01
1.11280478e-04
-1.11839342e-01
-2.27195181e-01
-3.14366144e-01
-2.15953500e-01
1.70460549e-01
2.51272844e-03
2.93619076e-01
-3.29334771e-01
1.04620671e-01
3.22850490e-01
-7.08604705e-02
-4.07506673e-01
2.40253192e-01
-2.26149536e-01
3.20779797e-01
6.13147659e-02
1.32219939e-01
-1.35309835e-01
-3.75919168e-01
-5.38496764e-01
0.00000000e+00
0.00000000e+00
0.00000000e+00
0.00000000e+00
8.15173585e-01
4.68364880e-01
2.85236673e-01
-1.73521616e-01
0.00000000e+00
6.11934866e-01
2.27950347e-01
2.66157321e-01
-2.09820533e-01
3.78331093e-02
4.95622693e-01
2.27690235e-01
1.93998163e-01
-3.84587991e-01
-4.92517858e-01
-5.81038419e-01
-7.54456824e-02
-7.44975368e-03
-3.58115157e-01
0.00000000e+00
8.20576754e-02
-3.02941670e-01
3.94345396e-02
-2.03555024e-01
0.00000000e+00
-7.25775689e-01
-2.57017647e-01
-7.06889883e-02
-2.48168724e-02
0.00000000e+00
-5.53724244e-01
-5.07250916e-01
-8.83232688e-02
-1.22766558e-01
3.47017506e-02
2.83309949e-02
-1.28028469e-01
5.42894478e-02
-1.96213496e-02
5.96629388e-01
6.41328474e-01
-6.06881585e-01
0.00000000e+00
0.00000000e+00
0.00000000e+00
6.47054644e-01
6.52375988e-01
-2.72992482e-01
2.78280663e-01
-2.05103624e+00
3.51350937e-01
7.82544981e-01
5.28459383e-01
8.47957391e-02
0.00000000e+00
6.05344775e-01
-1.79735142e-01
-1.33465106e+00
3.53609868e-01
6.12390632e-02
6.85369882e-01
3.78924492e-01
-2.42812305e+00
-4.58651344e-01
7.08957330e-01
-5.81802002e-01
0.00000000e+00
0.00000000e+00
0.00000000e+00
2.12150787e-01
9.01887009e-01
-3.40212528e-01
1.64543779e-01
-1.77181044e+00
3.72226645e-01
6.85749854e-01
2.15362468e-01
3.71823117e-01
0.00000000e+00
4.93324259e-01
-2.33267680e-01
-1.10281202e+00
6.24900668e-01
-2.27394662e-01
4.39878177e-01
4.57820776e-02
-1.93260918e+00
-6.23103306e-02
5.60985992e-01
12 1
-9.5389e-01 5.7136e-01
8 1
0 1 3 4 7 9 5 8 
217
3.14933040e-02
9.86696402e-02
-3.14125067e-01
6.34013222e-02
3.37614216e-01
-6.69274651e-01
-2.72725545e-01
-3.50159358e-01
-4.45348922e-01
1.63602646e-01
6.96797845e-02
1.71107265e-01
3.42273771e-01
4.90918129e-01
0.00000000e+00
0.00000000e+00
0.00000000e+00
0.00000000e+00
0.00000000e+00
0.00000000e+00
1.50158012e-01
-8.81245639e-03
3.80704900e-01
-1.16131359e-01
5.63260687e-04
-1.57208257e-01
0.00000000e+00
0.00000000e+00
5.23579735e-02
-3.74989181e-01
-2.53335213e-01
4.67648889e-02
2.31326766e-01
3.29368070e-01
0.00000000e+00
0.00000000e+00
-1.17238362e-01
1.26667480e-02
-1.79722876e-02
2.93182330e-02
-7.93836618e-02
1.68726537e-02
6.39960909e-02
1.23233889e-01
-1.91858090e-01
-2.66914475e-01
1.00832895e-01
-2.83624592e-02
0.00000000e+00
2.77968824e-01
-1.14644703e-01
-5.13294302e-03
-6.01857004e-02
-4.93485949e-01
1.43727052e-01
4.67191921e-01
0.00000000e+00
3.12293064e-01
-5.47487823e-01
3.15262562e-01
1.47109783e-01
1.69426662e-01
-1.67804779e-01
0.00000000e+00
-5.47327240e-01
-3.14643725e-01
3.88472064e-01
-8.36553892e-02
1.90348480e-01
4.77205191e-01
0.00000000e+00
-2.99893198e-01
-2.09589969e-01
2.28456610e-01
-1.57601804e-01
1.02929892e-01
4.36706830e-01
0.00000000e+00
-2.35426202e-01
-7.21571820e-01
2.79913103e-01
3.04383767e-02
8.06350080e-02
2.38532670e-01
0.00000000e+00
-1.75338044e-01
-9.49034277e-01
1.31514849e-01
-1.13751723e-01
5.05717239e-02
1.11438462e-02
0.00000000e+00
2.69600886e-01
-3.70201122e-01
-1.75297950e-01
-2.95901640e-01
-6.28096328e-02
-1.96566241e-01
0.00000000e+00
-1.40194212e-02
7.95762299e-02
-1.72473249e-01
7.34882612e-03
2.17985974e-01
1.72667379e-01
0.00000000e+00
3.08821515e-01
-2.36358151e-01
-1.13509881e-01
-4.12214109e-01
-1.63818330e-01
-1.46877532e-01
0.00000000e+00
5.24108558e-02
-7.60360910e-02
1.90021199e-01
-2.27284520e-01
-1.17310146e-01
-1.92014825e-01
7.24811355e-01
7.72678624e-01
-5.29940588e-01
0.00000000e+00
0.00000000e+00
0.00000000e+00
7.57632410e-01
5.03177102e-01
-1.98707452e-01
1.19254552e-01
-1.38770168e+00
3.82903691e-01
9.04489081e-01
1.83427789e-01
-1.79513891e-02
0.00000000e+00
6.83630406e-02
-2.77156236e-01
-1.01720868e+00
4.28669278e-01
-6.50688007e-01
1.02493728e-01
1.51733397e-01
-1.37819891e+00
2.81728230e-02
7.67354875e-01
-6.42987057e-02
0.00000000e+00
0.00000000e+00
0.00000000e+00
-1.58660610e-02
9.28059170e-02
8.72278207e-02
1.22402339e-01
-2.69022373e-02
2.00651149e-02
-2.17797468e-02
1.21425991e-01
1.11749918e-01
0.00000000e+00
4.10823708e-01
-7.06481292e-02
-5.04178692e-01
1.42685667e-01
5.68532963e-01
2.27023235e-01
6.40562269e-02
-1.12774336e+00
-2.93680443e-01
2.77010631e-02
-4.69691585e-01
0.00000000e+00
0.00000000e+00
0.00000000e+00
-1.50736356e-01
6.95970994e-01
-8.46892831e-01
9.62659577e-02
-1.06263971e+00
1.53854120e-01
7.78528294e-01
1.30058485e-01
6.18454786e-01
0.00000000e+00
6.53701338e-02
-4.93219992e-02
1.91488857e-02
3.90806320e-01
-2.85920816e-01
1.87383578e-01
-3.05342363e-01
-9.19895947e-01
-1.68549308e-01
1.83766192e-01
-3.01723577e-02
0.00000000e+00
0.00000000e+00
0.00000000e+00
7.26419998e-02
6.89463522e-02
2.31698883e-01
-2.27534656e-02
-8.41423576e-02
1.43426337e-01
4.37452909e-02
-9.29606906e-02
-9.32906880e-02
0.00000000e+00
2.17499926e-01
-4.52021370e-01
-1.94423810e-01
4.58954330e-02
3.43300562e-02
2.40094225e-01
5.85645544e-02
-5.43954415e-01
1.69012401e-01
1.27518981e-01
136
-4.22967642e-01
0.00000000e+00
0.00000000e+00
-8.59828304e-04
-1.05156722e-02
9.39922048e-02
-6.53165291e-03
-5.12595479e-01
-1.08238735e-04
0.00000000e+00
0.00000000e+00
-1.66719529e-01
-2.29926071e-01
-6.09998083e-02
1.17793555e-01
-3.35754008e-02
-4.95403881e-02
0.00000000e+00
0.00000000e+00
-7.36839388e-04
2.81919469e-01
1.14508734e-01
1.50748688e-02
-9.86576858e-02
-2.09492321e-01
-3.18083474e-01
-2.07500395e-01
1.63338214e-01
3.16465962e-02
3.04619776e-01
-3.41346216e-01
1.01778863e-01
3.13983081e-01
-5.57205027e-02
-3.70975265e-01
2.67337523e-01
-2.14860158e-01
2.92929805e-01
3.59755893e-02
1.17736035e-01
-1.29295308e-01
-3.84684413e-01
-5.55431263e-01
0.00000000e+00
0.00000000e+00
0.00000000e+00
0.00000000e+00
8.07335301e-01
4.81131613e-01
2.79915666e-01
-1.37986199e-01
0.00000000e+00
6.55150342e-01
2.42034813e-01
2.68564107e-01
-1.65416324e-01
2.35647062e-02
5.16076423e-01
2.25047379e-01
1.90459538e-01
-3.79455550e-01
-5.08455634e-01
-5.28915917e-01
-5.87993551e-02
1.71810986e-03
-3.10603784e-01
0.00000000e+00
6.69508937e-02
-2.83044733e-01
2.77210061e-02
-1.89255174e-01
0.00000000e+00
-7.63002449e-01
-2.57140380e-01
-8.04180726e-02
-4.16424493e-02
0.00000000e+00
-5.19758754e-01
-4.95778180e-01
-7.53346971e-02
-9.80698225e-02
1.73153203e-02
-4.55908696e-02
-1.37166077e-01
4.55302816e-02
-3.64528337e-02
5.53517732e-01
6.53140679e-01
-6.33004555e-01
0.00000000e+00
0.00000000e+00
0.00000000e+00
5.91814934e-01
6.48095621e-01
-2.28126513e-01
2.75416270e-01
-1.98447769e+00
3.53265380e-01
7.10617012e-01
5.24969589e-01
1.06110215e-01
0.00000000e+00
5.42316529e-01
-2.19279654e-01
-1.32658376e+00
3.50051166e-01
9.61270289e-02
6.65129858e-01
3.96694865e-01
-2.37266206e+00
-4.38444896e-01
6.75961548e-01
-6.02555620e-01
0.00000000e+00
0.00000000e+00
0.00000000e+00
2.08598484e-01
8.57830796e-01
-2.68863028e-01
1.65305841e-01
-1.70429157e+00
3.73370976e-01
6.74880455e-01
2.09083258e-01
3.82175683e-01
0.00000000e+00
4.90059593e-01
-2.23023350e-01
-1.21641614e+00
6.54094071e-01
-2.11763208e-01
4.25337221e-01
9.72681404e-02
-1.93061082e+00
-9.60375014e-02
5.10445488e-01
