1 5 -999999999 -1 -1
1 1 0 -1 -1
0.3162 -0.7135
356
1.49296773e+00
7.29653287e-01
7.63314443e-01
-5.08542916e-02
-1.95400195e-02
-4.29296345e-01
2.62330308e-01
0.00000000e+00
0.00000000e+00
1.87129049e-01
-5.69122690e-01
1.53785896e-01
1.51326010e-01
-5.88027475e-02
-6.45984390e-02
7.25468950e-02
0.00000000e+00
0.00000000e+00
0.00000000e+00
0.00000000e+00
0.00000000e+00
0.00000000e+00
0.00000000e+00
0.00000000e+00
0.00000000e+00
0.00000000e+00
0.00000000e+00
0.00000000e+00
0.00000000e+00
0.00000000e+00
0.00000000e+00
0.00000000e+00
0.00000000e+00
0.00000000e+00
0.00000000e+00
0.00000000e+00
0.00000000e+00
0.00000000e+00
0.00000000e+00
0.00000000e+00
0.00000000e+00
0.00000000e+00
0.00000000e+00
0.00000000e+00
0.00000000e+00
0.00000000e+00
0.00000000e+00
0.00000000e+00
0.00000000e+00
0.00000000e+00
0.00000000e+00
-4.55775045e-01
-1.37785814e+00
1.49063748e+00
0.00000000e+00
0.00000000e+00
0.00000000e+00
0.00000000e+00
3.29108159e-01
5.76677805e-01
1.23572444e+00
-2.23469167e-02
1.16942390e+00
-2.23198877e+00
-1.24128878e+00
-4.36320460e-01
0.00000000e+00
0.00000000e+00
6.76276780e-01
-3.68005986e-02
-8.49346556e-01
-5.04506965e-02
-3.17077391e-04
-4.01286696e-01
-1.32664596e-01
1.46963012e-02
-5.00377172e-01
9.99806243e-01
1.40094922e-04
-5.12261997e-01
0.00000000e+00
0.00000000e+00
0.00000000e+00
0.00000000e+00
0.00000000e+00
0.00000000e+00
0.00000000e+00
7.76647915e-01
8.92394150e-01
-1.76074335e-01
-6.87378490e-01
-5.05917967e-01
-1.44083858e-01
-1.57401270e-01
-2.53512838e-01
-1.50491947e-01
-2.98783506e-01
-3.91291859e-01
1.88698115e-02
-2.52553563e-01
4.25956982e-01
2.53190274e-01
0.00000000e+00
0.00000000e+00
3.12617442e+00
3.77893354e+00
0.00000000e+00
0.00000000e+00
0.00000000e+00
0.00000000e+00
0.00000000e+00
0.00000000e+00
-9.03388754e-02
-2.15852611e-01
-1.70512890e-01
-1.69243417e-02
-1.50438456e-01
-9.89139521e-01
1.07466105e+00
1.42641897e+00
-6.34037400e-01
-1.18779829e+00
7.34580253e-01
-1.73524038e+00
-4.27930286e-02
-3.36556651e-01
-2.52970777e-01
-9.20609012e-01
-1.09948275e+00
6.87862212e-01
5.47054309e+00
5.73025166e+00
5.58309407e+00
5.16606731e+00
5.53296760e+00
5.68971789e+00
-1.44331157e-01
1.57819831e-01
1.47869626e-01
1.42582395e-01
8.85741336e-02
-2.67795733e-01
-1.86144803e-01
-7.32508710e-01
-6.49482209e-01
-4.93127005e-01
-3.27957014e-01
-9.54051609e-01
0.00000000e+00
0.00000000e+00
0.00000000e+00
0.00000000e+00
-3.21415798e-01
3.58407033e+00
0.00000000e+00
0.00000000e+00
1.81438353e+00
1.63377661e-02
0.00000000e+00
-1.02882199e+00
-5.72471384e-01
-3.36057960e-01
-1.06073531e+00
-9.21085853e-01
-1.63320670e+00
0.00000000e+00
0.00000000e+00
0.00000000e+00
6.48505158e-01
7.88437505e-01
-9.12566227e-02
-9.88212874e-02
-4.09143274e-01
-5.15948563e-01
-3.84013869e-01
2.90436126e-01
2.38512533e-01
0.00000000e+00
1.04818506e-01
-7.72099739e-01
-1.04635630e+00
4.81495428e-01
9.03720647e-01
6.32597856e-01
5.94472058e-01
-2.52992080e+00
-7.12944132e-01
2.44302070e-01
4.03184581e-01
0.00000000e+00
0.00000000e+00
0.00000000e+00
1.23711958e-01
4.99801747e-02
3.08442421e-02
3.05557994e-01
-1.22031118e+00
6.10073601e-01
4.18699642e-01
2.27093322e-01
-7.50587660e-02
0.00000000e+00
3.85769966e-03
-4.12296604e-01
-3.82299615e-02
1.87232820e-01
-3.22615192e-01
1.70007630e-03
-4.75718587e-02
2.23666037e-01
1.55089712e-01
1.81760861e-01
-8.82121393e-01
-2.31034194e-01
0.00000000e+00
4.39775172e-03
4.80879373e-01
2.41632765e-01
2.19144321e-02
-4.94581392e-01
-2.37746631e-01
0.00000000e+00
0.00000000e+00
0.00000000e+00
-3.47664595e-01
6.43879966e-02
-2.63998365e-01
-3.77950291e-01
9.38704344e-01
-2.75515562e-01
-2.94445963e-01
-2.80611576e-02
-1.74897224e-01
0.00000000e+00
-4.07870803e-01
-1.68042135e-01
-1.41306244e-01
4.55706175e-02
7.87207289e-01
-2.84846267e-01
3.47071946e-01
2.53764914e-01
9.55936877e-02
-5.44881710e-03
-6.51087199e-01
0.00000000e+00
-4.92560055e-02
-1.66084075e-01
-7.51085302e-01
-3.41437190e-01
0.00000000e+00
0.00000000e+00
3.93624419e-01
2.46289291e-01
2.52861372e-02
-6.13012618e-01
-4.09648112e-01
0.00000000e+00
0.00000000e+00
-4.76737688e-01
-1.25714381e+00
0.00000000e+00
0.00000000e+00
0.00000000e+00
-7.74041554e-01
-1.29598161e+00
-5.10436138e-01
-2.08376760e-01
-1.61036799e-01
-2.06273591e-01
3.75395955e-01
6.16689193e-02
7.78404347e-01
0.00000000e+00
3.49411017e-01
1.73344936e+00
-5.55455093e-01
7.79702688e-01
-1.85987627e+00
-4.00523363e-01
-4.37241829e-01
-7.04812300e-01
9.95199598e-01
7.83679614e-01
4.46406133e-01
0.00000000e+00
0.00000000e+00
0.00000000e+00
2.99097206e-01
1.23086199e+00
3.56195078e-01
5.77362733e-01
-3.63823844e-01
4.88495580e-01
2.04768087e-01
1.86863426e-02
4.66983832e-02
0.00000000e+00
-4.46795347e-01
-2.07468453e+00
5.94457381e-02
2.61606862e-01
-1.02472616e+00
3.99151998e-01
4.96884602e-01
6.08496769e-03
1.46625194e-01
-2.35528737e-01
-6.69991724e-01
9.63691846e-02
-6.58029544e-01
-3.26939793e-01
-4.20543410e-01
1.87644389e-01
7.50286643e-02
-1.66303869e-01
-5.28858657e-01
0.00000000e+00
0.00000000e+00
0.00000000e+00
-3.95403873e-01
-5.11503907e-01
1.13962857e-01
1.77225345e-01
-2.09866084e-01
-3.52025712e-01
2.50514846e-01
-7.91010651e-01
2.68921105e-01
0.00000000e+00
6.27158807e-01
1.77443140e+00
1.77301412e-02
-1.67839628e-01
-6.82431057e-01
1.17116749e-01
-3.15545034e-01
-2.26156405e-03
-4.21274052e-01
-2.67583467e-02
-7.66360909e-01
2.28460165e+00
-1.52073626e-01
-1.09752766e+00
-5.87152088e-01
-4.32427145e-01
-7.41142409e-01
5.16759185e-01
-2.07657761e-01
1.64761379e-01
-1.05868901e-01
-4.91319622e-01
-1.54724944e-01
1.73056434e+00
-8.12233190e-01
0.00000000e+00
247
-2.28326503e+00
-1.04321230e+00
-1.24005274e+00
-4.28508733e-01
-6.14703562e-01
2.11601721e-01
-8.72871304e-01
4.00495307e-01
0.00000000e+00
0.00000000e+00
-3.57192046e-01
-5.29220357e-01
1.01588911e-01
-2.95332865e-01
0.00000000e+00
0.00000000e+00
0.00000000e+00
0.00000000e+00
0.00000000e+00
0.00000000e+00
0.00000000e+00
0.00000000e+00
0.00000000e+00
0.00000000e+00
0.00000000e+00
0.00000000e+00
0.00000000e+00
0.00000000e+00
0.00000000e+00
0.00000000e+00
0.00000000e+00
0.00000000e+00
0.00000000e+00
0.00000000e+00
0.00000000e+00
0.00000000e+00
0.00000000e+00
0.00000000e+00
0.00000000e+00
0.00000000e+00
0.00000000e+00
2.37306574e-01
-5.76494524e-03
-8.72022670e-01
3.50325404e-03
-1.00747519e+00
8.56866239e-03
-6.41073749e-01
1.88262670e-03
0.00000000e+00
0.00000000e+00
0.00000000e+00
0.00000000e+00
0.00000000e+00
0.00000000e+00
0.00000000e+00
-5.64741677e-01
-9.00928197e-01
-8.17595157e-01
7.45774853e+00
3.84126137e+00
0.00000000e+00
0.00000000e+00
0.00000000e+00
0.00000000e+00
0.00000000e+00
0.00000000e+00
-1.32552569e+00
-1.36163186e+00
-1.84592614e+00
-1.44279555e+00
-1.55552109e+00
-2.20961324e+00
1.64078903e-01
4.43902727e-01
2.87845806e-01
9.41197080e-01
0.00000000e+00
-9.35986826e-01
-1.07586317e+00
-3.40817761e-01
-5.19780063e-01
-9.09237478e-01
-7.46917579e-01
2.94365671e-01
7.71246294e+00
8.00050224e+00
8.20362004e+00
8.34686431e+00
8.17750935e+00
7.88244733e+00
-9.83192751e-01
-3.57219172e-01
-5.95281488e-01
-2.06415449e-01
-4.90022724e-01
-9.57025750e-01
0.00000000e+00
-2.62950661e-01
1.28955902e-01
-4.32966381e-01
-7.38750457e-02
-5.93417607e-01
0.00000000e+00
-2.82627602e+00
4.23865091e+00
0.00000000e+00
5.43010990e-01
2.06017254e-01
0.00000000e+00
-3.75116232e+00
8.70103508e-02
-4.91197443e-01
-6.65934119e-01
-1.70742996e+00
-4.04187092e-01
0.00000000e+00
0.00000000e+00
0.00000000e+00
2.94048928e-01
4.55700263e-01
9.83108331e-02
-2.98575636e-01
-4.38906013e-01
-1.26771131e-01
-6.57045543e-02
-3.53527846e-02
6.76298436e-01
0.00000000e+00
6.74664522e-01
-2.49683009e-01
-1.31409545e+00
7.88168809e-01
9.68403520e-01
-1.82429268e-01
2.79784984e-01
-2.09342678e+00
-2.71092478e-01
4.36469719e-01
-4.67503086e-01
-1.34571088e-01
0.00000000e+00
1.30722251e+00
8.50151859e-01
1.85249593e-01
0.00000000e+00
0.00000000e+00
0.00000000e+00
3.25483622e-01
2.73628595e-01
9.58569628e-02
1.76122683e-01
-9.05356051e-01
2.91211617e-01
1.70478530e-01
5.21829456e-01
3.81028658e-02
0.00000000e+00
1.61368505e-01
3.64846269e-01
1.36668725e-01
-7.52032724e-03
-1.88733354e+00
2.25096174e-01
3.50708450e-02
-2.10197407e-01
2.60454811e-01
1.19437263e-01
-3.32931998e-01
0.00000000e+00
8.05907566e-01
6.89989983e-02
6.33159944e-02
2.21581439e-01
0.00000000e+00
-1.05375373e+00
1.50050755e+00
-1.58265445e-01
0.00000000e+00
0.00000000e+00
1.13876233e+00
-2.37336408e+00
0.00000000e+00
0.00000000e+00
0.00000000e+00
-4.03199886e-01
-4.39975201e+00
-7.03272721e-01
-4.48285810e-01
1.10607163e+00
7.99963445e-02
2.41110895e-01
-6.41916886e-01
-3.36025596e-01
0.00000000e+00
8.27383487e-01
2.18213827e+00
-1.90379984e-01
9.01152398e-01
2.51846572e-01
-3.20002780e-01
-5.12728292e-01
-2.76477930e-01
3.30313784e-01
-6.13355616e-02
-8.44742074e-01
3.21978169e-02
-1.65625160e+00
-4.11948879e-01
-4.80936186e-01
1.47895122e-01
0.00000000e+00
0.00000000e+00
0.00000000e+00
6.06483820e-01
3.22389955e+00
3.49820716e-01
6.12987464e-01
5.95939187e-01
1.67969974e-01
3.93948840e-01
4.40495413e-01
7.13717999e-01
0.00000000e+00
1.26451768e-01
-3.93951218e+00
-2.52486488e-01
2.13909002e-01
4.07379680e-01
4.35320585e-01
5.85084944e-01
0.00000000e+00
5.33910861e-01
-4.17404814e-01
-8.76939891e-01
1.81033075e+00
2.51625981e-01
-4.28842355e-01
-1.52862201e+00
-6.98131935e-01
2.07859158e-01
1.37533625e+00
0.00000000e+00
-8.30490072e-01
2.90073327e+00
5.15791785e-01
0.00000000e+00
4 -999999999 7 1 -1
2 0 1 1 -1
1.2169e-01 1.6515e-01
356
-4.86086844e-02
0.00000000e+00
0.00000000e+00
0.00000000e+00
0.00000000e+00
0.00000000e+00
0.00000000e+00
0.00000000e+00
0.00000000e+00
0.00000000e+00
0.00000000e+00
0.00000000e+00
0.00000000e+00
0.00000000e+00
0.00000000e+00
0.00000000e+00
1.54607841e-01
-2.03216526e-01
1.88032281e-01
-2.57711630e-01
-1.51834871e-01
2.64458142e-02
0.00000000e+00
0.00000000e+00
-5.50007763e-01
-2.54892983e-01
3.53746119e-03
-1.88489386e-01
-7.90112355e-02
-2.33410797e-03
2.69377624e-01
3.43281782e-01
-3.91890466e-01
-1.59388289e+00
-9.87898768e-01
5.00342434e-01
1.72266261e-01
7.45031162e-01
-1.39794947e-01
1.19213351e+00
9.60581555e-01
0.00000000e+00
0.00000000e+00
0.00000000e+00
0.00000000e+00
0.00000000e+00
0.00000000e+00
0.00000000e+00
0.00000000e+00
0.00000000e+00
0.00000000e+00
-1.47925423e-01
-4.45029070e-01
-6.12453035e-01
0.00000000e+00
0.00000000e+00
0.00000000e+00
0.00000000e+00
-1.17044187e+00
1.49251361e+00
9.76521700e-01
-3.11399777e-01
6.07482530e-01
-1.04708624e+00
-6.00620429e-01
-7.34623416e-01
1.38449385e-01
6.80622922e-02
0.00000000e+00
0.00000000e+00
0.00000000e+00
0.00000000e+00
0.00000000e+00
0.00000000e+00
0.00000000e+00
0.00000000e+00
0.00000000e+00
-4.86086844e-02
1.47359419e-03
4.10889482e-01
0.00000000e+00
0.00000000e+00
0.00000000e+00
0.00000000e+00
0.00000000e+00
0.00000000e+00
0.00000000e+00
-1.16503660e-01
1.54933715e-01
-8.70387393e-02
-9.13449213e-01
-3.60313837e-01
-5.81249671e-01
-1.47135844e-01
-2.51959820e-01
-1.80876077e-01
-3.76139780e-02
7.66315149e-02
-9.09408755e-03
-5.08385704e-02
4.79722698e-01
3.43398449e-01
7.36142639e-01
3.73450545e-01
1.96616472e+00
1.85151835e+00
0.00000000e+00
0.00000000e+00
0.00000000e+00
0.00000000e+00
0.00000000e+00
0.00000000e+00
-5.71920303e-01
-4.59673838e-01
9.37827362e-02
1.32376686e-01
-5.98581887e-02
-1.14948050e+00
2.69122581e+00
8.84817667e-01
-1.35409124e+00
-1.20640863e+00
0.00000000e+00
-1.33476348e+00
-3.93335849e-02
-1.75015093e-01
-2.98946632e-01
-5.49634314e-01
-4.32794734e-01
-1.27629124e-01
6.05258236e+00
6.11408154e+00
6.09357846e+00
5.86603552e+00
5.69293646e+00
6.04397509e+00
1.84893821e-01
1.68605113e-01
-1.95939039e-01
-2.38893167e-01
-2.31742603e-02
-1.72514019e-01
-6.18598214e-01
-4.88514054e-01
1.06583641e-03
-6.53043376e-02
-3.48020318e-01
-1.11055525e+00
0.00000000e+00
0.00000000e+00
0.00000000e+00
0.00000000e+00
-2.76773555e-01
2.54881429e+00
0.00000000e+00
0.00000000e+00
2.28164871e-01
1.05572958e-01
0.00000000e+00
0.00000000e+00
-1.01696275e+00
-8.44838430e-01
-9.97810662e-01
-1.05528861e+00
-2.01477341e+00
0.00000000e+00
0.00000000e+00
0.00000000e+00
7.92332931e-01
1.21282515e+00
-6.30876462e-01
2.96288607e-01
-2.48858872e+00
2.06572515e-01
5.48704536e-01
1.08782952e+00
5.60746584e-01
0.00000000e+00
2.77650884e-01
-1.10725220e+00
-1.66868159e+00
5.12790065e-01
3.10858191e-01
3.12476120e-01
-2.99125081e-02
-2.09293357e+00
-4.15345523e-01
2.99742046e-01
4.92057955e-01
0.00000000e+00
0.00000000e+00
0.00000000e+00
3.16385042e-02
-2.15678732e-02
-3.12777480e-02
1.61705510e-01
4.29852402e-01
6.39520600e-02
2.08061602e-02
-1.86470394e-01
-2.35273887e-01
0.00000000e+00
6.01931369e-02
-2.53718356e-01
1.72226196e-01
-4.25462509e-02
1.80195743e-01
6.65104951e-02
3.90761094e-02
-4.54739271e-02
4.51548313e-02
3.70752431e-02
-7.27448809e-01
-4.60222339e-01
0.00000000e+00
0.00000000e+00
0.00000000e+00
-7.59408705e-02
-9.57935672e-02
-2.88487902e-01
-1.40826112e-01
0.00000000e+00
0.00000000e+00
0.00000000e+00
-1.08754064e-01
2.26309218e-01
-1.41415071e-01
-2.61165611e-01
-1.46340916e-01
1.58134253e-01
1.10304727e-01
2.53845092e-01
-1.93862092e-01
0.00000000e+00
-4.71568040e-01
1.69788657e-01
-4.51802526e-01
-9.15722634e-02
1.31072314e-01
-3.89686849e-01
2.59364255e-01
2.03926586e-01
2.04403443e-01
3.98192776e-01
-2.67226469e-01
0.00000000e+00
0.00000000e+00
0.00000000e+00
-1.28732460e+00
-5.56740408e-01
0.00000000e+00
0.00000000e+00
0.00000000e+00
-1.39001731e-01
-1.37655906e-01
-2.80082770e-01
-7.30584193e-01
0.00000000e+00
0.00000000e+00
0.00000000e+00
-1.90012704e+00
0.00000000e+00
0.00000000e+00
0.00000000e+00
-2.51555224e-01
5.48901151e-01
3.20086380e-03
2.56712896e-01
-3.50582895e-01
4.49924865e-01
4.17965520e-01
-6.41076046e-01
6.50753532e-01
0.00000000e+00
1.38861590e-01
6.85668741e-01
-1.04207983e+00
7.37054069e-01
-2.67815818e+00
3.54384144e-01
3.17821206e-01
-1.80916959e+00
3.47447672e-01
-3.62015168e-02
1.79031679e-01
0.00000000e+00
0.00000000e+00
0.00000000e+00
3.79720875e-02
1.94876094e-02
-1.21662003e-01
1.66463181e-01
3.24783431e-01
-1.84662972e-01
3.46556778e-02
2.25270419e-01
-1.23695605e-01
0.00000000e+00
-1.43916424e-01
-4.04300778e-01
2.31614251e-01
8.79920992e-02
-4.93601930e-01
-1.12727346e-01
3.80464469e-02
1.76346797e-01
2.75254129e-01
1.45712607e-01
-7.38270566e-01
-1.70491540e-01
0.00000000e+00
0.00000000e+00
0.00000000e+00
3.89397169e-02
-5.38380165e-02
-1.55593240e-01
-4.42264724e-01
0.00000000e+00
0.00000000e+00
0.00000000e+00
3.68732644e-03
9.54821416e-02
2.80216438e-01
1.30914810e-01
5.63807651e-01
3.68450739e-02
-1.15488115e-01
-4.96370744e-01
4.79343226e-01
0.00000000e+00
4.34425866e-01
1.30720543e-01
8.45305572e-02
3.47476565e-01
-1.97553231e+00
4.70261994e-01
-2.40397680e-01
-4.20198613e-01
-3.55803947e-02
-2.16409061e-01
-5.67779026e-01
0.00000000e+00
0.00000000e+00
0.00000000e+00
-1.16185647e+00
-6.74346890e-01
0.00000000e+00
0.00000000e+00
0.00000000e+00
-4.17657352e-01
-1.87856681e-01
-6.88328572e-02
-4.87509581e-01
0.00000000e+00
0.00000000e+00
0.00000000e+00
247
-2.93028681e-01
0.00000000e+00
0.00000000e+00
0.00000000e+00
0.00000000e+00
0.00000000e+00
0.00000000e+00
0.00000000e+00
0.00000000e+00
3.01670242e-01
0.00000000e+00
0.00000000e+00
0.00000000e+00
0.00000000e+00
-4.18311209e-01
1.25282528e-01
-1.90865616e-01
-2.27445593e-01
7.83994997e-02
-1.50140430e-01
0.00000000e+00
0.00000000e+00
0.00000000e+00
-5.74280413e-01
-5.15435798e-01
5.39509380e-01
-8.90029524e-01
2.29614388e-01
-5.22643069e-01
1.74726092e+00
-1.51764653e+00
-2.05435414e-01
8.15109066e-01
-6.24440380e-01
0.00000000e+00
0.00000000e+00
0.00000000e+00
0.00000000e+00
0.00000000e+00
0.00000000e+00
0.00000000e+00
0.00000000e+00
0.00000000e+00
0.00000000e+00
0.00000000e+00
0.00000000e+00
0.00000000e+00
-2.93028681e-01
2.57569019e-03
0.00000000e+00
0.00000000e+00
0.00000000e+00
0.00000000e+00
0.00000000e+00
0.00000000e+00
0.00000000e+00
-2.90838907e-01
1.91597150e-01
-1.93786924e-01
1.68386987e+00
1.77659419e+00
0.00000000e+00
0.00000000e+00
0.00000000e+00
0.00000000e+00
0.00000000e+00
0.00000000e+00
9.21564171e-02
-5.67011028e-01
-1.88155641e-01
1.61005115e-01
-3.62745370e-01
-1.11214805e+00
6.39062144e-01
8.96228234e-01
-6.54097316e-01
-1.48172691e-01
-2.90435147e-01
-1.01219529e+00
-1.43874111e-01
-2.98003079e-01
-7.23558408e-02
-1.69216899e+00
-9.35734321e-01
1.64212354e+00
6.34337121e+00
6.28945570e+00
6.07684311e+00
5.86188271e+00
5.96614183e+00
6.09184566e+00
3.92147149e-01
6.61851545e-01
2.56184035e-01
2.09153999e-01
8.46630834e-01
2.36316463e-01
3.02372404e-01
5.76897448e-01
9.48392064e-01
7.18479368e-01
1.23491175e-03
-1.31301517e+00
0.00000000e+00
-5.69610070e-01
3.44556802e+00
0.00000000e+00
2.76581389e-01
-1.83975919e-02
0.00000000e+00
0.00000000e+00
-7.01804968e-01
-1.27509359e+00
-8.37739923e-01
-1.23188295e+00
-1.97689855e+00
0.00000000e+00
0.00000000e+00
0.00000000e+00
4.03632063e-01
8.68586489e-01
-9.23388877e-02
4.53166382e-02
-1.36748728e+00
-2.39377464e-01
1.35419967e-01
2.56799784e-01
4.12604610e-01
0.00000000e+00
-1.73786754e-01
-8.86984081e-01
-1.16996046e+00
1.81075813e-01
1.07284818e+00
5.25518117e-01
1.74657105e-01
-1.96272191e+00
-6.71537614e-01
5.10837134e-01
-6.96161748e-01
-2.13790937e-01
0.00000000e+00
0.00000000e+00
0.00000000e+00
-5.84907138e-02
0.00000000e+00
0.00000000e+00
0.00000000e+00
9.89321412e-02
5.44358142e-02
1.36171655e-01
3.42580334e-01
4.91649121e-02
2.37631898e-01
1.85905054e-01
8.16497948e-02
1.57949365e-02
0.00000000e+00
9.36711730e-02
4.71281860e-02
-5.57631726e-02
2.43098593e-01
-1.55997830e+00
1.63818643e-01
-4.70060448e-02
-5.71128104e-02
5.60780978e-02
-1.44691615e-01
-4.82370811e-01
0.00000000e+00
0.00000000e+00
0.00000000e+00
-1.28073681e+00
-4.88014031e-01
0.00000000e+00
0.00000000e+00
0.00000000e+00
-7.92722775e-01
0.00000000e+00
0.00000000e+00
0.00000000e+00
-2.06962287e+00
0.00000000e+00
0.00000000e+00
0.00000000e+00
-7.50061436e-02
-3.22305528e+00
-4.71155258e-01
-7.86780611e-02
-1.41896100e+00
-2.90292545e-01
-8.76742682e-02
2.89720600e-02
1.01061042e+00
0.00000000e+00
9.59195750e-02
2.18525790e+00
-4.57378891e-01
3.06978160e-02
8.03418297e-02
3.27935034e-01
6.23244539e-02
-9.78602503e-01
6.15590566e-01
5.73531437e-01
-2.96610137e-01
2.62378001e-02
0.00000000e+00
0.00000000e+00
0.00000000e+00
9.22132880e-02
0.00000000e+00
0.00000000e+00
0.00000000e+00
-3.48423394e-02
7.70755403e-01
-1.39066677e-01
1.15259956e-01
0.00000000e+00
-4.63361752e-02
1.13935692e-01
3.92966465e-01
8.22068898e-02
0.00000000e+00
-2.36990592e-01
-5.85894814e-01
-2.75910286e-02
4.36173328e-01
7.66844141e-02
-4.70695376e-01
1.51081839e-02
3.83282578e-01
6.27437140e-01
-1.63199821e-02
-3.22847937e-01
0.00000000e+00
0.00000000e+00
0.00000000e+00
-1.77301273e+00
-8.63977723e-01
0.00000000e+00
0.00000000e+00
0.00000000e+00
-9.09035009e-01
0.00000000e+00
0.00000000e+00
0.00000000e+00
2 -999999999 11 1 4
1 0 1 1 2
-5.0420e-02 3.8229e-01
356
4.44205522e-01
0.00000000e+00
0.00000000e+00
0.00000000e+00
0.00000000e+00
0.00000000e+00
0.00000000e+00
0.00000000e+00
0.00000000e+00
0.00000000e+00
0.00000000e+00
0.00000000e+00
0.00000000e+00
0.00000000e+00
0.00000000e+00
0.00000000e+00
1.43439143e-01
3.00766378e-01
1.18636816e-02
1.58063295e-01
-6.58883188e-01
-2.72121802e-01
0.00000000e+00
0.00000000e+00
-5.24331466e-02
4.09911152e-01
-4.29412157e-01
-3.47385783e-01
-4.05176124e-03
1.23505410e-02
3.56490186e-03
3.75075994e-01
6.91295280e-02
-1.39156567e+00
-1.53852970e+00
-6.84913243e-01
-3.05255200e-01
1.19054172e+00
1.19324772e+00
5.76099946e-01
1.62664682e+00
4.44205522e-01
0.00000000e+00
-3.51628724e-01
-3.80075978e-01
0.00000000e+00
0.00000000e+00
6.54840535e-01
-1.99518653e-01
1.40993711e-01
1.49850880e+00
-5.01845887e-01
-9.42406402e-01
-8.52111590e-01
0.00000000e+00
0.00000000e+00
0.00000000e+00
0.00000000e+00
8.79658194e-02
7.43308118e-01
8.50184708e-01
-3.88517515e-01
2.48115649e-01
-3.63524691e-01
-7.42060654e-01
-1.42318002e-01
0.00000000e+00
0.00000000e+00
7.67427658e-01
7.06764700e-03
-4.48405173e-01
-3.48401005e-02
-1.63231407e-03
-5.40869049e-02
-1.09971038e-01
-4.46287052e-04
-2.43919950e-01
-1.78410998e-01
-4.24353358e-03
-2.84406021e-01
0.00000000e+00
0.00000000e+00
0.00000000e+00
0.00000000e+00
0.00000000e+00
0.00000000e+00
0.00000000e+00
2.80794591e-01
1.27054774e-01
3.63561561e-02
6.24183437e-02
3.98986124e-01
-3.40685480e-02
-6.45279112e-02
-1.74412350e-01
-4.92035155e-01
1.40622840e-01
-2.50986490e-01
-3.51384009e-03
-2.13820749e-01
-7.94805754e-02
2.29427391e-01
0.00000000e+00
0.00000000e+00
2.82653506e+00
5.81866211e+00
0.00000000e+00
0.00000000e+00
0.00000000e+00
0.00000000e+00
0.00000000e+00
0.00000000e+00
-1.28218711e-01
-5.65816547e-01
-1.78099974e-01
-4.20598732e-02
-2.36709486e-01
-1.23142495e+00
-4.29741004e-01
8.63704216e-01
-1.65228975e+00
-2.78519660e-01
0.00000000e+00
1.20198037e+00
-9.31060300e-01
-1.07284438e+00
-6.57672050e-01
-1.71661625e+00
-9.80498681e-01
7.20641516e-01
8.64322547e+00
8.80064843e+00
8.68049892e+00
8.50457220e+00
8.69027890e+00
8.80203715e+00
6.73425496e-01
2.71539345e-01
2.29056684e-01
7.81692436e-02
2.67326552e-01
-3.42268165e-02
2.90907090e-01
1.16357814e-02
4.80341090e-01
5.06454438e-01
1.73471380e-01
-1.42293774e+00
0.00000000e+00
0.00000000e+00
0.00000000e+00
0.00000000e+00
-7.36406440e-01
4.35112478e+00
0.00000000e+00
0.00000000e+00
1.18061196e+00
-1.34874887e-01
0.00000000e+00
-4.33283836e+00
-8.66470422e-01
-3.12715286e-01
-1.51585912e+00
-7.28902945e-01
-2.38232954e+00
0.00000000e+00
0.00000000e+00
0.00000000e+00
3.14874904e-01
1.15103125e+00
-2.27761179e-01
3.15898458e-01
-1.31734750e+00
5.67431169e-02
3.18020099e-01
6.49355509e-02
2.79844496e-01
0.00000000e+00
1.01275988e-01
-1.28590614e+00
-1.27780339e+00
4.58103267e-01
6.55584565e-01
3.51315137e-01
1.15256549e-01
-2.31276912e+00
-4.43970373e-01
3.00344782e-01
-2.61559615e-01
0.00000000e+00
0.00000000e+00
0.00000000e+00
-2.69001861e-01
-4.93220774e-01
-2.76150412e-01
3.18662149e-01
2.26695348e-01
-6.12992600e-01
-4.06947945e-02
1.64418855e-01
2.37029684e-02
0.00000000e+00
-2.13427171e-01
8.26681270e-01
1.77501082e-01
-1.71830646e-01
-5.43346811e-01
-3.91290979e-02
-1.86956529e-01
3.70319438e-01
3.89840000e-01
8.73699724e-02
-8.01112598e-01
-2.90103797e-01
0.00000000e+00
1.87437930e-01
2.61651086e-01
1.72761188e-01
-6.07012050e-02
-4.02163781e-01
4.16918689e-01
0.00000000e+00
0.00000000e+00
0.00000000e+00
-4.69140075e-01
-3.21624257e-01
3.35831121e-01
-2.85808104e-01
6.72386136e-01
9.83700134e-01
-2.96718502e-01
-7.60771106e-01
4.91492839e-02
0.00000000e+00
2.58438059e-01
-2.77323249e-01
-3.55964781e-01
6.79897087e-01
9.31738769e-01
-3.40772501e-01
5.89908783e-02
-1.48921416e-01
-5.91829691e-01
2.95660904e-01
-5.11008801e-01
0.00000000e+00
-4.38069175e-02
1.04392327e-01
-1.58121694e+00
-5.76366624e-01
0.00000000e+00
-1.72964898e-01
1.05099315e-01
5.77042436e-02
1.46533069e-01
-7.80603937e-01
-1.00485032e+00
0.00000000e+00
4.50310647e-02
-8.41378050e-02
-1.04161823e+00
0.00000000e+00
0.00000000e+00
0.00000000e+00
-2.74622512e-01
-1.98990604e+00
-8.22884156e-01
8.51679244e-01
-6.28322017e-01
-4.25565432e-01
4.32639761e-01
1.05460770e+00
1.16008282e+00
0.00000000e+00
-2.17651120e-01
1.59557925e+00
-6.95042577e-01
2.25977800e-01
-9.34350359e-01
5.82005711e-01
-1.41096205e-01
-9.64543256e-01
1.17343938e-01
3.24492153e-02
2.13885176e-01
0.00000000e+00
0.00000000e+00
0.00000000e+00
-2.50250838e-01
2.56736620e-01
-1.22051115e-01
-3.86972288e-01
7.53747365e-02
-1.06945103e+00
-4.39338999e-02
7.54711736e-03
-2.82212902e-01
0.00000000e+00
-2.32686610e-01
-1.47502300e+00
4.62962340e-01
4.32924693e-01
5.09180819e-02
-1.96452683e-01
1.62482099e-01
4.08793998e-01
1.90045448e+00
5.14725381e-01
1.86484112e-01
4.40605609e-02
1.41763567e-01
-4.24743670e-01
-1.70096960e-01
2.24078026e-01
1.08352662e-01
-2.88370127e-01
-1.09444948e-01
0.00000000e+00
0.00000000e+00
0.00000000e+00
1.31084247e-02
1.13909706e-02
3.43636257e-01
4.52385894e-01
-5.37889547e-01
1.59837208e-01
-2.89374002e-03
1.98211109e-01
2.46452965e-01
0.00000000e+00
-8.06146031e-02
1.18305847e+00
-2.76502640e-01
-6.72416787e-01
-2.87724352e-01
5.93187487e-01
-4.26893485e-01
1.17696337e-02
6.95227301e-03
-1.04450048e+00
1.42423551e-01
-1.02632458e+00
-1.33569031e+00
-6.98674189e-01
-1.22810234e+00
-3.56775847e-01
-1.49282702e-01
-2.71123795e-01
8.18707252e-02
3.00200110e-01
-5.79868165e-02
-5.98989140e-01
-8.71326496e-01
-5.40230557e-01
-6.71422678e-02
-2.45301389e-01
247
-5.97298895e-01
0.00000000e+00
0.00000000e+00
0.00000000e+00
0.00000000e+00
0.00000000e+00
0.00000000e+00
0.00000000e+00
0.00000000e+00
-2.73013664e-01
0.00000000e+00
0.00000000e+00
0.00000000e+00
0.00000000e+00
-2.70967611e-01
-3.26331284e-01
-1.13421068e-01
-1.57546543e-01
2.02930490e-01
-6.86854539e-01
0.00000000e+00
0.00000000e+00
0.00000000e+00
-4.38320645e-02
-3.02777265e-01
-3.07841738e-01
4.03231892e-02
3.85221055e-01
-9.82519949e-01
3.75776210e-01
9.44484522e-03
-1.35298261e+00
1.06007150e+00
4.71200716e-02
-5.97298895e-01
0.00000000e+00
1.73168005e+00
-2.32897895e+00
-6.05033936e-01
-7.59870565e-01
-4.76972452e-01
1.37467176e+00
-2.65826229e-02
-7.97025008e-01
8.29995569e-04
-1.09029957e+00
1.16197588e-02
-8.46460825e-02
2.23550548e-03
0.00000000e+00
0.00000000e+00
0.00000000e+00
0.00000000e+00
0.00000000e+00
0.00000000e+00
0.00000000e+00
1.16797039e-01
3.73847348e-01
-1.08794328e+00
1.86783630e+00
4.95148527e+00
0.00000000e+00
0.00000000e+00
0.00000000e+00
0.00000000e+00
0.00000000e+00
0.00000000e+00
-2.97577923e-01
-7.48188828e-01
-2.23140974e-01
-7.47586762e-02
-7.78889456e-02
-1.04357984e+00
-4.26423729e-01
8.41066959e-01
-2.49250447e+00
-1.18411789e+00
2.12485798e+00
2.97674746e-01
-9.84394516e-01
-7.89632904e-01
-7.93759412e-01
-1.79148318e+00
-8.15065366e-01
4.64997624e-01
7.87770224e+00
7.86307507e+00
7.80047864e+00
7.50616166e+00
7.62683996e+00
8.03885965e+00
4.46815576e-02
3.91634720e-01
-1.73077129e-01
-1.66945087e-01
9.81159035e-02
-2.80516434e-01
-1.85589336e-02
-2.07411092e-02
5.48954485e-01
3.72316165e-01
-4.15669212e-01
-1.52624498e+00
0.00000000e+00
-8.39446409e-01
4.16261545e+00
0.00000000e+00
2.42147515e-01
-2.10600753e-01
0.00000000e+00
-4.42220128e+00
-1.00889781e+00
-1.45623739e+00
-3.06545284e-01
-8.20037604e-01
-2.46513519e+00
0.00000000e+00
0.00000000e+00
0.00000000e+00
8.00625766e-01
1.13531797e+00
-5.26753424e-01
5.38944579e-01
-2.60822488e+00
3.64000698e-01
6.59772978e-01
4.57153763e-01
2.52901725e-01
0.00000000e+00
2.34712290e-01
-1.34591872e+00
-1.52009266e+00
3.68079637e-01
8.38244727e-01
6.68863328e-01
1.20424840e-01
-2.65712514e+00
-6.78952595e-01
4.32889916e-01
-9.42312314e-01
-2.80691645e-01
0.00000000e+00
-1.53838052e-01
1.48427542e-01
-4.51101201e-01
0.00000000e+00
0.00000000e+00
0.00000000e+00
6.80457553e-02
1.73358503e-01
-9.63540164e-03
3.67027152e-01
0.00000000e+00
-2.40218031e-01
9.19569983e-02
7.30182031e-01
4.14150547e-02
0.00000000e+00
2.06492765e-01
6.38774654e-01
1.24760010e-01
-5.82263466e-02
-1.41816227e+00
4.39703927e-01
-3.18392710e-02
4.15868727e-01
3.67916771e-02
-9.04999975e-02
-6.61620670e-01
0.00000000e+00
-1.09302796e-01
2.14042549e-01
-1.52282288e+00
-7.28206161e-01
0.00000000e+00
0.00000000e+00
-5.16729348e-01
-7.94616716e-01
0.00000000e+00
0.00000000e+00
-9.71025204e-02
-1.12658289e+00
0.00000000e+00
0.00000000e+00
0.00000000e+00
8.92612480e-01
-1.46252344e+00
-8.50210372e-02
4.50116923e-01
-1.54322710e+00
7.03717277e-01
2.85530025e-01
1.66206877e-01
6.21054256e-01
0.00000000e+00
4.38873519e-01
1.48101765e+00
-5.96331681e-01
4.08395443e-01
-2.15308467e+00
4.41964420e-01
5.72152167e-01
-2.46707390e+00
3.09048642e-01
4.09989256e-01
-1.34895515e-01
-7.65710074e-02
1.22760231e+00
7.28385077e-01
6.45403940e-01
-7.39434669e-02
0.00000000e+00
0.00000000e+00
0.00000000e+00
-2.26782650e-01
3.86955905e-01
-1.24489966e-02
-3.28966763e-01
6.53420779e-01
-8.72496217e-01
6.97830018e-02
2.81266110e-01
2.94022821e-01
0.00000000e+00
2.20719929e-01
-1.30775478e+00
1.42948016e-01
7.62587961e-01
-6.74237627e-01
-3.86284616e-01
1.10336266e-01
-4.96842654e-01
7.59965980e-01
5.49864072e-01
-5.83245079e-02
2.98351873e-02
-8.77350532e-02
-1.79150763e-01
-9.91687373e-01
-2.29974276e-01
4.21668202e-01
9.54894725e-02
-6.40375319e-01
-7.61713097e-01
4.21640384e-02
-4.25154064e-01
-3.02388085e-01
0 1
6.3400e-01 -2.5110e-01
3 -1
1 4 2 
217
1.28597731e+00
-3.48066578e-01
-5.48485110e-01
-3.44710303e-01
5.13024536e-01
4.30497605e-01
9.98697615e-01
-4.35761077e-01
2.60640915e-01
-5.59624166e-01
-4.86385753e-01
-1.07534206e-01
0.00000000e+00
0.00000000e+00
5.27340710e-01
-3.98948512e-03
-1.37451255e-01
4.56108256e-01
1.67568320e-03
-1.64131395e-01
5.53443046e-02
4.32347288e-03
-1.30469343e-01
2.47184044e-01
1.89876231e-04
-1.79547663e-01
0.00000000e+00
0.00000000e+00
0.00000000e+00
0.00000000e+00
0.00000000e+00
0.00000000e+00
0.00000000e+00
2.64638844e-01
2.42866403e-01
7.78472066e-01
6.63031221e-01
-4.83328663e-01
1.11954877e-01
9.94319879e-01
0.00000000e+00
0.00000000e+00
0.00000000e+00
0.00000000e+00
6.63031221e-01
-5.14540225e-01
-5.01077761e-01
-2.13093690e-01
5.32289323e-01
4.48332860e-01
-1.23284292e-01
9.94319879e-01
0.00000000e+00
0.00000000e+00
0.00000000e+00
0.00000000e+00
0.00000000e+00
0.00000000e+00
0.00000000e+00
0.00000000e+00
6.57941896e-01
-5.01077761e-01
4.66081958e-01
5.77706216e-01
-6.74772579e-03
-8.92503143e-01
6.36521110e-01
-1.70047338e-01
7.84977132e-02
1.54037126e+00
0.00000000e+00
1.12911318e+00
-6.17709958e-01
-1.24640860e-02
2.84266953e-02
1.69328220e-01
3.51220501e-02
-1.76734170e+00
1.20166124e+00
-7.47908002e-01
1.02087931e+00
-8.96371024e-01
8.30778459e-01
3.64365037e-01
0.00000000e+00
0.00000000e+00
0.00000000e+00
0.00000000e+00
0.00000000e+00
0.00000000e+00
0.00000000e+00
0.00000000e+00
0.00000000e+00
0.00000000e+00
0.00000000e+00
0.00000000e+00
0.00000000e+00
0.00000000e+00
0.00000000e+00
0.00000000e+00
0.00000000e+00
0.00000000e+00
0.00000000e+00
0.00000000e+00
0.00000000e+00
0.00000000e+00
0.00000000e+00
0.00000000e+00
0.00000000e+00
0.00000000e+00
0.00000000e+00
0.00000000e+00
0.00000000e+00
0.00000000e+00
0.00000000e+00
0.00000000e+00
0.00000000e+00
0.00000000e+00
0.00000000e+00
-1.05515220e+00
-1.67844113e+00
-1.67219378e+00
0.00000000e+00
0.00000000e+00
0.00000000e+00
7.14520233e-01
1.54964528e-02
-2.33264733e-01
1.09438566e-01
-1.01861212e+00
-5.67026004e-01
1.03733585e-01
-1.20832325e-01
7.51774191e-01
0.00000000e+00
4.52980516e-01
-2.38962158e-01
-6.69443844e-01
2.80780268e-01
7.73154996e-01
5.87169201e-01
-1.63881020e-01
-1.85301289e+00
-4.90268723e-01
-1.05937969e-01
2.43147253e-01
0.00000000e+00
0.00000000e+00
0.00000000e+00
-1.00991647e-01
2.66149119e-01
-1.98231145e-01
1.96315896e-01
-6.86189619e-01
5.85203232e-01
1.95994220e-01
4.92246500e-01
-1.06331616e-01
0.00000000e+00
-2.73512721e-01
-1.79369253e-01
-4.16092686e-01
2.58709551e-01
-3.58849223e-01
-3.71497607e-02
2.94828712e-01
-1.61970554e-01
2.02614964e-01
2.69773284e-01
-2.19410760e+00
0.00000000e+00
0.00000000e+00
0.00000000e+00
1.29997162e-01
-1.51079527e-01
-6.07459252e-01
-5.02199733e-01
-6.70580478e-01
5.94121308e-04
-2.64450841e-01
-8.62513053e-02
2.45601910e-01
0.00000000e+00
-1.53385940e-01
1.22896878e+00
-9.19006272e-01
2.83814760e-01
-2.48658997e-01
-3.83242897e-01
2.24909764e-01
-1.19659217e+00
8.99735696e-02
7.84939746e-01
3.53453338e-01
0.00000000e+00
0.00000000e+00
0.00000000e+00
-8.63220951e-02
4.69123122e-01
8.14794097e-02
7.39027737e-01
-9.45290042e-02
-3.99490105e-01
2.84412738e-01
-4.57375879e-02
-3.95554099e-02
0.00000000e+00
2.72221068e-02
2.77768955e-01
-2.92265134e-01
4.62487261e-01
-1.60465994e-01
4.08130071e-01
1.62612664e-02
-8.17523097e-01
6.39983093e-02
-5.40569211e-01
136
5.55542870e-01
6.62583508e-01
-2.82071443e-03
3.22230552e-01
3.55418313e-03
-4.22666378e-01
9.06440736e-03
-6.60481164e-03
-7.32229815e-04
0.00000000e+00
0.00000000e+00
0.00000000e+00
0.00000000e+00
0.00000000e+00
0.00000000e+00
0.00000000e+00
2.02527441e-01
2.77722243e-01
7.52931861e-02
-3.34057116e-01
-6.09356133e-02
2.17232254e-01
7.33303345e-01
0.00000000e+00
0.00000000e+00
0.00000000e+00
0.00000000e+00
-3.34057116e-01
8.17772487e-01
-1.90064605e-01
1.42024998e+00
-6.88643495e-01
-3.86945418e-01
-8.16072307e-01
7.33303345e-01
0.00000000e+00
0.00000000e+00
0.00000000e+00
0.00000000e+00
0.00000000e+00
0.00000000e+00
0.00000000e+00
0.00000000e+00
0.00000000e+00
0.00000000e+00
0.00000000e+00
-1.03760949e+00
-9.91228033e-01
4.87883624e-01
-3.95127967e-01
-4.80729027e-01
0.00000000e+00
-5.91873543e-01
6.49432931e-02
-6.87183136e-02
-5.35029516e-01
-6.37984805e-01
2.35188555e+00
-6.63076332e-02
8.49586347e-01
-8.74853083e-01
-1.90064605e-01
-2.57816427e-01
0.00000000e+00
0.00000000e+00
0.00000000e+00
0.00000000e+00
0.00000000e+00
0.00000000e+00
0.00000000e+00
0.00000000e+00
0.00000000e+00
0.00000000e+00
0.00000000e+00
0.00000000e+00
0.00000000e+00
0.00000000e+00
0.00000000e+00
0.00000000e+00
0.00000000e+00
0.00000000e+00
0.00000000e+00
0.00000000e+00
0.00000000e+00
0.00000000e+00
0.00000000e+00
6.75266988e-02
-1.28611218e+00
-1.13066629e+00
0.00000000e+00
0.00000000e+00
0.00000000e+00
8.02559193e-01
2.03992873e-01
-1.68264319e-01
1.57458557e-01
-1.67146933e+00
2.53204144e-01
1.66876137e-01
1.80251745e-01
6.50419470e-01
0.00000000e+00
7.11708100e-01
-3.85374697e-01
-8.35261588e-01
3.37832912e-01
7.03537644e-01
6.22211915e-01
-1.41059346e-02
-2.78367860e+00
-3.29337649e-01
2.66773134e-01
-2.08545974e+00
0.00000000e+00
0.00000000e+00
0.00000000e+00
1.93597527e-01
-4.83323540e-01
-3.69299781e-01
-1.99453490e-01
-1.56001595e+00
-2.62602619e-01
-2.50469525e-02
3.78007914e-01
-1.97091785e-01
0.00000000e+00
1.44314991e-01
2.94373746e+00
-1.68073212e+00
4.25058867e-01
-2.90642963e-01
-6.93606726e-02
4.54056860e-01
-2.29605760e+00
2.80398706e-01
5.28995401e-01
5 1
-1.5501e-01 2.0855e-01
4 0
1 4 2 0 
217
8.72391863e-01
-2.71491088e-01
-5.28817115e-01
-4.56702848e-02
3.04566762e-01
2.18630295e-01
5.07121531e-01
-7.04411751e-01
-2.26328020e-02
-1.30964846e-01
0.00000000e+00
0.00000000e+00
0.00000000e+00
0.00000000e+00
4.71911257e-01
-9.66578958e-03
2.51889948e-01
2.62774798e-01
1.86503973e-03
1.82837099e-01
-1.51788964e-01
6.28383832e-03
-9.86147998e-03
2.89494772e-01
-4.43999554e-04
-3.20848451e-01
0.00000000e+00
0.00000000e+00
0.00000000e+00
0.00000000e+00
0.00000000e+00
0.00000000e+00
0.00000000e+00
1.02524004e-01
3.15117228e-02
7.38356137e-01
0.00000000e+00
5.14654296e-02
-2.16837776e-01
3.26115907e-01
7.11648302e-01
0.00000000e+00
0.00000000e+00
0.00000000e+00
0.00000000e+00
-5.24711262e-01
5.97155114e-01
-5.30871998e-01
7.08983706e-01
1.54153680e-01
1.23789566e-01
3.30376195e-01
0.00000000e+00
1.76906784e-01
-3.42644308e-01
5.97742763e-02
2.01828499e-01
4.23799898e-01
-4.87834462e-01
7.11648302e-01
1.00941706e+00
-4.75451322e-01
3.38426124e-01
3.68240361e-01
-2.96924374e-01
-5.13240771e-01
6.81184526e-01
5.15726396e-01
1.19891350e-01
1.58888666e+00
0.00000000e+00
4.10999177e-01
-4.35556645e-01
4.29969246e-01
-9.31435327e-02
3.14234398e-02
2.40014827e-01
-1.82500114e+00
5.30647619e-01
-7.66224379e-01
1.17242796e+00
-2.97581609e-01
9.94317425e-01
3.54312515e-01
3.02114157e-01
5.56760845e-01
-7.22646679e-03
1.74184436e-02
7.17094870e-01
-3.90158164e-03
2.65546941e-01
0.00000000e+00
0.00000000e+00
0.00000000e+00
0.00000000e+00
0.00000000e+00
0.00000000e+00
0.00000000e+00
0.00000000e+00
0.00000000e+00
0.00000000e+00
0.00000000e+00
0.00000000e+00
0.00000000e+00
0.00000000e+00
0.00000000e+00
0.00000000e+00
0.00000000e+00
0.00000000e+00
0.00000000e+00
0.00000000e+00
0.00000000e+00
0.00000000e+00
0.00000000e+00
0.00000000e+00
0.00000000e+00
0.00000000e+00
0.00000000e+00
0.00000000e+00
-8.85333776e-01
-1.53001599e+00
-1.47398809e+00
0.00000000e+00
0.00000000e+00
0.00000000e+00
3.85557139e-01
2.09406797e-01
-2.76365616e-01
3.88076542e-01
-1.72483094e+00
7.89239225e-03
3.15091707e-01
2.92016906e-01
8.05687846e-01
0.00000000e+00
3.06664757e-01
-9.22410540e-01
-6.26149911e-01
2.84401493e-01
3.74967174e-01
6.76423243e-01
1.72989267e-01
-1.95392074e+00
-2.33356564e-01
4.38709537e-02
1.65503554e-01
0.00000000e+00
0.00000000e+00
0.00000000e+00
1.55434297e-01
2.28708717e-01
-1.68694833e-01
-1.84675222e-01
-2.31961314e-01
2.66104228e-01
7.03666625e-02
1.23146142e-01
-2.21473151e-01
0.00000000e+00
1.18271515e-02
6.21717101e-01
-5.96778514e-01
1.89525641e-01
3.48745139e-02
-1.61233445e-01
7.04023946e-02
-1.81507935e-01
2.25951193e-02
1.17125999e-01
-1.89005668e+00
0.00000000e+00
0.00000000e+00
0.00000000e+00
7.59803391e-02
2.39690594e-02
-6.32188834e-01
7.97503289e-02
-1.18800410e+00
-1.11902205e-01
4.99315811e-02
3.05970940e-01
1.85995231e-01
0.00000000e+00
-2.36216207e-01
9.98091667e-01
-1.20851033e+00
3.24905049e-01
-6.27455314e-01
-4.16441857e-03
3.47172280e-01
-1.75338338e+00
7.72651233e-01
7.07350400e-01
7.27510671e-02
0.00000000e+00
0.00000000e+00
0.00000000e+00
1.02762680e-02
3.76264524e-01
-2.27189956e-02
2.65673339e-01
-6.59902609e-02
-4.44386342e-01
1.80863675e-01
-8.95270627e-02
2.28009095e-01
0.00000000e+00
2.32578705e-01
6.43608277e-01
-1.71308086e-01
3.58232558e-01
1.13718016e-01
3.34454314e-01
5.82550810e-02
-7.42304162e-01
-5.63520188e-01
-6.29427687e-01
136
5.93756227e-01
5.71431758e-01
-2.21358736e-03
2.09048273e-01
5.15949599e-03
-3.01325276e-01
7.14967891e-03
1.14601471e-01
-1.60820663e-03
0.00000000e+00
0.00000000e+00
0.00000000e+00
0.00000000e+00
0.00000000e+00
0.00000000e+00
0.00000000e+00
3.67800419e-01
3.01788368e-01
-7.58325597e-02
-3.69096152e-01
2.60794590e-01
-4.04425593e-02
2.39669572e-01
5.02830776e-01
0.00000000e+00
0.00000000e+00
0.00000000e+00
-3.69096152e-01
-3.05579327e-01
4.54674883e-01
1.58802644e-01
5.70187435e-02
-6.37983595e-01
-3.79730517e-02
1.07699604e-01
5.46802898e-02
7.81066336e-01
-3.64436563e-01
5.51831441e-01
6.00816696e-02
1.91327706e-01
-6.11189179e-01
5.02830776e-01
0.00000000e+00
0.00000000e+00
0.00000000e+00
-3.03415782e-01
-4.52823577e-01
6.96124553e-01
-5.79956995e-02
-3.46053451e-01
0.00000000e+00
-1.68484328e-01
-1.08898134e-01
6.33714638e-02
-6.70614693e-01
-7.86937331e-01
1.74888088e+00
-3.95917293e-02
6.27441247e-01
-6.24400429e-01
-4.85012658e-01
-8.29049160e-01
5.57787750e-01
-2.37302802e-01
-3.14142657e-01
0.00000000e+00
0.00000000e+00
0.00000000e+00
0.00000000e+00
0.00000000e+00
0.00000000e+00
0.00000000e+00
0.00000000e+00
0.00000000e+00
0.00000000e+00
0.00000000e+00
0.00000000e+00
0.00000000e+00
0.00000000e+00
0.00000000e+00
0.00000000e+00
0.00000000e+00
0.00000000e+00
0.00000000e+00
0.00000000e+00
-2.32064789e-03
-1.23257798e+00
-1.14309136e+00
0.00000000e+00
0.00000000e+00
0.00000000e+00
7.35719811e-01
2.75567459e-01
-2.51891788e-01
2.80165173e-01
-1.80163229e+00
2.01575517e-01
2.53370298e-01
2.38866515e-01
7.46524748e-01
0.00000000e+00
5.05336653e-01
-5.29414295e-01
-9.69998189e-01
3.76184455e-01
6.77771662e-01
6.09636785e-01
9.48238791e-02
-2.42861518e+00
-3.68897002e-01
2.11814439e-01
-1.93990442e+00
0.00000000e+00
0.00000000e+00
0.00000000e+00
8.07403963e-02
-2.11402726e-01
-4.36522618e-01
3.29717987e-02
-1.19312125e+00
-2.48493175e-01
-8.02909058e-02
6.02782237e-02
-4.80741504e-02
0.00000000e+00
6.45387505e-02
2.88247053e+00
-1.45975363e+00
4.54950930e-01
-4.28582879e-01
-1.16921413e-01
3.33959388e-01
-2.09296146e+00
1.96699088e-01
2.69610673e-01
13 1
-5.5818e-01 2.7469e-01
5 1
1 4 2 0 5 
217
7.52430317e-01
-4.40242282e-01
-2.48689801e-01
-2.43533967e-01
2.21084590e-01
-1.17356792e-01
2.25975489e-01
-3.43122414e-01
1.87742396e-03
7.40377977e-01
3.03492814e-01
-7.14720503e-02
0.00000000e+00
0.00000000e+00
8.53466413e-01
2.72077089e-03
8.35952344e-01
1.51240627e-01
1.95650051e-03
2.27027349e-01
2.13741274e-01
-5.48330089e-03
4.66870581e-02
-4.66017998e-01
5.34152051e-03
2.38968748e-01
0.00000000e+00
0.00000000e+00
0.00000000e+00
0.00000000e+00
0.00000000e+00
0.00000000e+00
0.00000000e+00
4.38537894e-01
3.94322049e-01
-8.04296259e-02
0.00000000e+00
-1.00648232e-01
-8.30859416e-02
1.50080194e-01
1.35578843e-01
4.06310923e-01
0.00000000e+00
0.00000000e+00
0.00000000e+00
-1.51756836e-01
4.65604224e-01
-4.02033133e-01
3.03807922e-01
-4.84347211e-01
1.87621527e-01
3.47295205e-01
-1.67569531e-04
6.04301116e-02
-4.83615815e-01
1.69951165e-01
-1.56575565e-01
3.40777143e-01
-3.58597617e-01
6.69842237e-01
2.94395382e-01
-1.81791602e-02
2.32019565e-01
7.56131998e-02
1.26658436e-01
-7.14501241e-02
4.52189700e-01
1.02131593e+00
9.79689810e-02
5.59794868e-01
0.00000000e+00
1.56362524e-01
-3.17144312e-01
6.18019145e-01
-2.27216516e-01
-2.19513528e-02
-1.04818515e-01
0.00000000e+00
-9.73933232e-02
1.08904892e-01
5.44856916e-01
-1.60533578e-01
3.04966724e-01
8.70100877e-01
6.97740954e-01
-1.87354727e-01
-1.38371537e-01
1.66085121e-01
3.18342483e-01
7.59589690e-02
3.58284924e-01
-2.37584375e-01
4.70818439e-01
-1.72863763e-01
3.40742574e-01
-5.11692391e-01
1.78453679e-01
-1.95205246e-01
0.00000000e+00
0.00000000e+00
0.00000000e+00
0.00000000e+00
0.00000000e+00
0.00000000e+00
0.00000000e+00
0.00000000e+00
0.00000000e+00
0.00000000e+00
0.00000000e+00
0.00000000e+00
0.00000000e+00
0.00000000e+00
0.00000000e+00
0.00000000e+00
0.00000000e+00
0.00000000e+00
0.00000000e+00
0.00000000e+00
0.00000000e+00
8.17012800e-02
-9.25861691e-01
-1.37437377e+00
0.00000000e+00
0.00000000e+00
0.00000000e+00
-1.05478933e-01
3.08812990e-01
-3.19585249e-01
4.39191600e-01
-1.60340802e+00
-4.12607011e-02
2.89193627e-01
1.33706323e-01
5.44231122e-01
0.00000000e+00
6.08066009e-02
-6.80171440e-01
-5.30358509e-01
1.77128207e-01
9.16772016e-01
2.03878043e-01
2.89586536e-01
-2.23300238e+00
3.68229310e-01
4.07355089e-01
-1.92381400e-01
0.00000000e+00
0.00000000e+00
0.00000000e+00
5.52832012e-01
6.62107395e-02
-2.05601197e-01
-3.06832834e-01
3.88476166e-01
-4.29461430e-01
-1.21297637e-02
1.98416275e-01
-2.34907439e-02
0.00000000e+00
1.44371670e-01
4.86429860e-02
-6.71320126e-01
4.25012220e-01
-1.21166660e-01
5.89380003e-01
-6.37095904e-02
-3.73694307e-03
-8.64741582e-01
9.64673979e-02
-2.33705307e+00
0.00000000e+00
0.00000000e+00
0.00000000e+00
-1.81904635e-01
-4.23541031e-01
-2.87483952e-01
-9.55670410e-02
-6.48354746e-01
-1.20258684e+00
-9.32558891e-01
3.37566625e-01
2.47465723e-01
0.00000000e+00
1.07652743e-01
3.57291362e+00
-1.63929426e+00
6.48850428e-02
-1.18606745e+00
-9.51539660e-01
6.13863603e-01
-9.38598549e-01
6.72059717e-01
5.34036920e-01
-2.81412435e-01
0.00000000e+00
0.00000000e+00
0.00000000e+00
1.64375208e-01
3.25615551e-01
-4.75493099e-01
4.57036411e-01
-7.89557241e-01
2.53468937e-01
4.95228469e-01
2.97850480e-03
-3.92518312e-01
0.00000000e+00
-1.51778471e-01
-7.47928635e-01
-5.07616951e-01
1.76314554e-01
6.90692199e-01
9.60854474e-01
-5.91393513e-01
-3.57517039e-01
2.54346929e-01
-4.85204107e-02
136
2.69883128e-01
1.32456939e+00
-1.79845839e-02
-1.28932794e-01
-1.37757630e-03
-7.05315982e-01
6.19821497e-03
-2.20437490e-01
3.45790862e-04
0.00000000e+00
0.00000000e+00
0.00000000e+00
0.00000000e+00
0.00000000e+00
0.00000000e+00
0.00000000e+00
2.89069666e-01
4.95259050e-01
-5.14445588e-01
-4.96822584e-01
-2.57605755e-02
-1.06208847e-01
-1.61017025e-02
3.02061886e-01
6.12714952e-01
0.00000000e+00
0.00000000e+00
-4.96822584e-01
-2.92213509e-01
1.97833071e-01
-1.01634630e-01
-9.35405204e-02
-6.66211468e-01
-1.87309398e-01
1.97141709e-01
7.77575592e-02
6.64809704e-01
-2.95400880e-01
7.97381280e-01
-1.38516455e-01
2.55868793e-01
-2.81744033e-01
6.32484489e-01
0.00000000e+00
0.00000000e+00
0.00000000e+00
-7.05979335e-01
-5.11763906e-01
8.36179587e-01
-8.05621161e-02
-5.43188357e-01
0.00000000e+00
-6.88868480e-01
-2.42194656e-01
-5.98759468e-02
-5.09641358e-01
0.00000000e+00
3.17616008e+00
3.30712173e-01
9.02914869e-01
-3.27439059e-01
-1.39427654e-01
-7.96341681e-01
2.98188815e-01
-2.62829236e-01
-1.39929089e-01
-1.56278495e-02
1.77363603e-01
-6.04963461e-01
2.88496189e-02
-1.84647242e-01
0.00000000e+00
0.00000000e+00
0.00000000e+00
0.00000000e+00
0.00000000e+00
0.00000000e+00
0.00000000e+00
0.00000000e+00
0.00000000e+00
0.00000000e+00
0.00000000e+00
0.00000000e+00
0.00000000e+00
0.00000000e+00
0.00000000e+00
-4.17972488e-01
-1.49844082e+00
-1.29713425e+00
0.00000000e+00
0.00000000e+00
0.00000000e+00
6.99075152e-01
2.42162945e-01
-3.56762775e-01
1.48743601e-01
-1.94716600e+00
2.62848687e-01
3.01540535e-01
2.96158682e-01
6.49720723e-01
0.00000000e+00
4.50573767e-01
-3.67964261e-01
-1.00266686e+00
3.94905520e-01
5.80744391e-01
5.96123720e-01
1.62631551e-01
-2.29440693e+00
-3.33461352e-01
2.20064654e-01
-1.98292116e+00
0.00000000e+00
0.00000000e+00
0.00000000e+00
7.61119709e-03
-1.60591546e-01
-5.48817565e-01
-2.80520696e-02
-1.30068280e+00
-3.62993257e-01
6.78192619e-02
1.31925659e-01
3.83408611e-02
0.00000000e+00
-3.41809870e-02
2.54828570e+00
-1.23103258e+00
5.26619190e-01
-4.34430716e-01
-1.01718068e-01
4.13085145e-01
-1.94903862e+00
1.40916072e-01
2.94013966e-01
12 1
-7.1724e-01 3.1026e-01
6 1
1 4 2 0 5 13 
217
7.95217237e-01
-5.62885134e-01
-1.94195153e-01
1.39885080e-01
3.79226122e-01
-1.60524772e-01
8.21811911e-03
1.98092313e-01
-8.83361018e-02
2.26351714e-01
4.96109098e-01
-3.12905539e-01
0.00000000e+00
0.00000000e+00
1.40403186e+00
-3.05556724e-02
5.68892389e-01
8.11221663e-01
-1.57500796e-02
2.68670786e-01
-6.42782744e-01
-1.83536484e-03
3.67954566e-01
-7.77253543e-01
8.91018188e-03
6.53691840e-02
0.00000000e+00
0.00000000e+00
0.00000000e+00
0.00000000e+00
0.00000000e+00
0.00000000e+00
0.00000000e+00
7.83127866e-02
5.17528562e-01
1.99375889e-01
0.00000000e+00
-2.26600090e-01
-6.12304387e-02
1.78202663e-02
2.95988317e-01
3.37978265e-01
4.31260919e-01
0.00000000e+00
0.00000000e+00
-2.48040507e-01
-1.38599371e-02
-2.60106709e-01
2.71139519e-01
-4.72852874e-01
5.36137924e-01
5.52024540e-01
-4.63253627e-02
2.66151138e-01
-1.21545011e+00
2.45011115e-01
1.70421940e-01
2.71484610e-01
2.37319884e-03
7.37108749e-01
1.38414520e-01
5.24961168e-01
1.31841549e-01
-1.34812101e-01
-1.60750724e-01
2.96871895e-02
7.80711255e-01
8.37528907e-01
3.10068808e-01
1.09128908e+00
0.00000000e+00
2.11978463e-01
-4.30462013e-01
5.12254003e-01
-1.53367169e-01
7.09847707e-02
-4.56063712e-02
-1.65911950e+00
3.86499128e-01
-3.91069393e-01
1.24284888e+00
1.60845413e-01
8.24988730e-01
2.87440133e-01
5.12671632e-01
-1.48229676e-01
-1.20994790e-01
1.21395373e-01
4.63053649e-01
3.09379908e-01
1.79872367e-01
-2.31699601e-02
3.83352586e-01
-1.19508618e-01
3.16588272e-01
-6.01339118e-01
1.18446340e-01
-2.19545234e-01
3.24898256e-01
-8.78246159e-02
-1.89710737e-01
2.93186233e-01
-4.26756135e-01
2.64957364e-01
2.05895812e-01
0.00000000e+00
0.00000000e+00
0.00000000e+00
0.00000000e+00
0.00000000e+00
0.00000000e+00
0.00000000e+00
0.00000000e+00
0.00000000e+00
0.00000000e+00
0.00000000e+00
0.00000000e+00
0.00000000e+00
0.00000000e+00
-8.57406336e-01
-1.35772265e+00
-1.53187445e+00
0.00000000e+00
0.00000000e+00
0.00000000e+00
4.35983251e-01
7.14562869e-02
-5.36727299e-01
-6.72997935e-02
-1.11542191e+00
-2.84276493e-01
1.72638283e-01
-2.35879455e-02
6.35030192e-01
0.00000000e+00
3.88818125e-01
-5.46854026e-01
-1.53007060e+00
4.03080315e-01
8.09615460e-01
7.76087566e-03
3.00529802e-01
-1.31624212e+00
3.72773923e-01
2.90919219e-01
1.13189177e-02
0.00000000e+00
0.00000000e+00
0.00000000e+00
2.28652573e-01
-5.83781385e-02
4.04669852e-02
4.25889551e-01
-8.62733163e-01
3.96199193e-01
2.27670548e-01
4.08769799e-01
-1.88941306e-01
0.00000000e+00
-3.14888613e-01
2.41933106e-01
7.04785888e-01
1.99821404e-02
-1.34362893e-01
5.34036635e-01
1.86763027e-01
-1.25131737e+00
-5.26510600e-01
-6.66984477e-02
-2.30410560e+00
0.00000000e+00
0.00000000e+00
0.00000000e+00
-9.16952396e-02
-7.51459839e-01
-3.93702373e-01
1.28926882e-01
-3.05707963e-02
-5.84363745e-01
-5.50161685e-01
-1.43713489e-02
-2.03484747e-01
0.00000000e+00
-1.38076992e-01
3.10937716e+00
-5.20043048e-01
1.55093472e+00
-9.92688240e-01
-3.58815887e-01
2.22248900e-01
-1.02607140e+00
3.22916790e-01
6.20717999e-01
-1.99881548e-01
0.00000000e+00
0.00000000e+00
0.00000000e+00
2.41316273e-01
7.39068728e-01
-2.10698935e-02
2.85292092e-01
-4.03170976e-02
-5.02499105e-02
5.50890023e-01
1.85070144e-02
8.52716358e-01
0.00000000e+00
3.20410505e-01
-2.57656603e-01
-8.54538743e-01
-8.14397757e-01
-1.27937780e-01
4.00999325e-01
6.70742402e-01
-9.92028018e-02
-5.06686036e-01
3.37763224e-02
136
4.53124667e-01
1.59836955e+00
-2.52536864e-02
3.60503412e-01
-1.08463436e-02
-8.36879371e-01
9.02341574e-04
-6.68868925e-01
-1.16973750e-05
0.00000000e+00
0.00000000e+00
0.00000000e+00
0.00000000e+00
0.00000000e+00
0.00000000e+00
0.00000000e+00
3.55177063e-01
4.53354121e-01
-3.55406517e-01
-4.29190335e-01
1.47306164e-02
1.92303088e-01
1.87179610e-01
2.57641579e-01
2.40798371e-01
-1.03382627e-02
0.00000000e+00
-3.18942025e-01
-1.70416875e-01
5.44510547e-01
-1.65702236e-01
-8.22407123e-04
-7.23257111e-01
-2.27204372e-01
2.81180046e-01
2.38153825e-01
4.65860023e-01
-3.93000340e-01
4.98086922e-01
-2.38743882e-01
3.41848260e-01
-4.42425023e-01
7.63999314e-01
0.00000000e+00
0.00000000e+00
0.00000000e+00
-7.68888595e-01
-6.95850820e-02
9.12266562e-01
1.68129663e-02
-4.14017316e-01
0.00000000e+00
-4.06320192e-01
-1.42912472e-01
3.81492703e-02
-5.48513152e-01
-1.26740994e+00
1.96595978e+00
2.30895819e-01
6.42910698e-01
-4.78997829e-01
-3.34978838e-01
-5.93328743e-01
4.11233926e-01
-1.71836525e-01
-1.48606730e-01
2.56774658e-01
1.05200962e-01
-5.80861251e-01
5.22217228e-02
-1.82224281e-01
5.12274510e-01
3.79921165e-02
-4.31811664e-01
7.66464737e-02
-4.35572207e-01
0.00000000e+00
0.00000000e+00
0.00000000e+00
0.00000000e+00
0.00000000e+00
0.00000000e+00
0.00000000e+00
0.00000000e+00
0.00000000e+00
0.00000000e+00
-1.71670648e-01
-1.30578219e+00
-1.28713717e+00
0.00000000e+00
0.00000000e+00
0.00000000e+00
6.40483223e-01
2.99745515e-01
-3.06247584e-01
1.87784530e-01
-1.80437310e+00
1.70627399e-01
2.88094867e-01
2.93784506e-01
7.04552801e-01
0.00000000e+00
4.60196847e-01
-4.80875565e-01
-1.06633302e+00
3.74658892e-01
5.84262082e-01
5.83216588e-01
2.03500022e-01
-2.24904499e+00
-3.86557988e-01
2.15387801e-01
-1.98813661e+00
0.00000000e+00
0.00000000e+00
0.00000000e+00
-4.87572405e-02
-3.14402464e-01
-5.23179014e-01
3.14714857e-02
-1.26180580e+00
-3.76130545e-01
-4.42015124e-02
9.60944789e-02
4.42920647e-02
0.00000000e+00
1.63279784e-02
2.70397885e+00
-1.29046340e+00
6.00899666e-01
-4.64286883e-01
-9.56486114e-02
3.69486258e-01
-1.95865797e+00
1.59023078e-01
3.67822958e-01
11 1
-8.0886e-01 3.6106e-01
7 0
1 4 2 0 5 13 12 
217
6.15447900e-01
-1.89839388e-01
-3.28215630e-01
-1.36787831e-02
2.68736901e-01
-8.16811604e-03
1.07719730e-01
-2.65259747e-01
2.46747120e-01
1.08991486e-02
0.00000000e+00
0.00000000e+00
0.00000000e+00
0.00000000e+00
7.81279740e-01
-2.54290198e-02
1.25111923e-01
3.09084172e-01
-6.57785529e-03
-7.06817331e-02
-1.66410808e-01
-3.73428224e-03
1.02940188e-01
-3.08505204e-01
-2.54776217e-03
1.54433426e-01
0.00000000e+00
0.00000000e+00
0.00000000e+00
0.00000000e+00
0.00000000e+00
0.00000000e+00
0.00000000e+00
-2.02897031e-01
-1.84919237e-01
1.00326417e+00
0.00000000e+00
-1.77164394e-01
-8.60852645e-02
-5.14900886e-02
1.34640754e-01
3.80327512e-02
6.98796523e-02
6.87634489e-01
0.00000000e+00
-1.42313640e-01
-4.30127203e-01
-2.08951127e-01
3.40962555e-01
-4.31664906e-01
4.97983376e-01
2.63366591e-01
0.00000000e+00
4.66239415e-01
-7.47872897e-01
2.06860112e-01
1.03914567e-01
1.52773304e-01
3.49116592e-03
7.62977186e-01
2.22284747e-01
1.68128693e-01
2.25034460e-01
-3.41246033e-01
-1.12593001e-01
7.06077774e-02
7.95853363e-01
1.00046489e+00
2.73433572e-01
9.72938080e-01
0.00000000e+00
2.67720695e-01
-6.35808373e-01
6.70415559e-01
-1.92923740e-01
-3.22688354e-01
5.02402704e-01
0.00000000e+00
-1.29419377e-01
-4.62183453e-01
9.79289392e-01
-3.26269366e-01
7.14514446e-01
3.63199350e-01
-1.20182785e-01
9.43843087e-03
-2.44214484e-01
4.05845484e-01
3.93139001e-01
3.20346769e-01
7.14960356e-01
-1.77347159e-01
3.43439969e-01
-1.76081277e-01
2.97466167e-01
-4.92362615e-01
1.51888923e-01
-4.04441826e-01
5.86649922e-01
-1.23211249e-01
-1.48866007e-01
-4.87034660e-02
-3.61467966e-01
2.00712693e-01
2.05811606e-01
0.00000000e+00
4.37193626e-01
-1.31357783e-01
3.28883062e-01
1.21580227e-01
6.90383310e-01
2.07704747e-01
0.00000000e+00
0.00000000e+00
0.00000000e+00
0.00000000e+00
0.00000000e+00
0.00000000e+00
0.00000000e+00
-8.12229654e-01
-1.37103003e+00
-1.51542654e+00
0.00000000e+00
0.00000000e+00
0.00000000e+00
2.86905863e-01
-1.87201115e-01
2.85599075e-01
3.14039086e-01
-1.07532441e+00
-2.10200164e-01
2.26982979e-01
2.21027190e-01
5.93115566e-01
0.00000000e+00
7.17141196e-02
-9.43720421e-01
-6.40259105e-01
6.72353191e-01
5.35198532e-01
3.44378882e-01
2.08346491e-01
-2.20191831e+00
-2.63180423e-01
2.46716431e-01
5.62725573e-03
0.00000000e+00
0.00000000e+00
0.00000000e+00
1.04183623e-01
7.37673756e-01
-6.52428375e-01
-8.37827008e-02
-4.63044153e-01
3.68152290e-01
1.92068265e-01
-6.78861040e-02
-8.66096301e-02
0.00000000e+00
2.35120855e-01
3.93894016e-01
-8.55991122e-01
-1.64592320e-01
-1.90813220e-02
-1.66887206e-02
-3.53203755e-01
5.54884049e-01
4.04574820e-02
1.42501123e-01
-2.07541195e+00
0.00000000e+00
0.00000000e+00
0.00000000e+00
-3.36946276e-01
-6.64674955e-01
-1.07759733e-01
4.83543055e-01
-7.65536951e-01
-1.59719915e+00
-3.55330534e-01
7.40214835e-01
-3.18092094e-01
0.00000000e+00
-2.94849286e-01
2.64956991e+00
-8.16039490e-01
3.20603832e-01
-4.16280949e-01
5.31215527e-01
-7.19124529e-01
-1.28464595e+00
6.59026055e-01
2.16894736e-01
2.03065774e-01
0.00000000e+00
0.00000000e+00
0.00000000e+00
3.12792468e-01
7.51951715e-01
-6.12045821e-01
4.49934288e-01
-3.68057682e-01
7.81516054e-01
2.29331829e-01
-7.69111415e-01
4.51610402e-01
0.00000000e+00
-5.10522012e-02
-7.90504089e-01
-2.67108703e-01
7.02748071e-01
-5.35764830e-01
-4.20238029e-01
9.67921099e-01
-8.26110168e-01
1.80821918e-01
1.44308681e-02
136
3.60182775e-01
4.31374771e-01
-1.14171658e-02
6.25759460e-02
-3.23831834e-03
7.46626201e-02
-6.85000816e-03
-2.08430562e-01
-2.52709854e-03
0.00000000e+00
0.00000000e+00
0.00000000e+00
0.00000000e+00
0.00000000e+00
0.00000000e+00
0.00000000e+00
2.40133847e-01
1.66727839e-01
-4.66789103e-02
-3.34690637e-01
3.87891163e-02
1.02376131e-01
1.44254978e-01
2.24313211e-01
2.59134577e-01
-3.37355283e-02
-4.02590734e-02
-2.82202063e-01
-1.23643097e-01
5.57519136e-01
-2.04973376e-01
1.09554546e-01
-6.81902218e-01
-8.89855300e-02
1.64784549e-01
2.19222337e-01
3.91360205e-01
-4.72887873e-01
3.58982863e-01
-5.80545862e-02
2.12820353e-01
-4.21994051e-01
6.80581580e-01
0.00000000e+00
0.00000000e+00
0.00000000e+00
-1.21314641e-01
-3.16513443e-01
7.55205526e-01
-3.33488306e-02
-2.44693696e-01
0.00000000e+00
-2.12844522e-01
-6.57755166e-02
6.79456674e-02
-5.30914924e-01
-4.98947269e-01
9.42325400e-01
7.90686373e-02
4.15903716e-01
-3.77643016e-01
-3.79407650e-01
-5.43697755e-01
4.22286946e-01
-1.54243578e-01
-7.05445106e-02
-1.90880483e-01
4.72658619e-01
-4.71152748e-01
1.14586089e-01
-1.97444163e-01
5.22540004e-01
-5.83994891e-02
-4.28132114e-01
6.78435922e-02
-4.33497763e-01
-6.52303709e-01
7.99801656e-01
-1.23361099e-01
1.73090180e-01
1.31694163e-02
0.00000000e+00
0.00000000e+00
0.00000000e+00
0.00000000e+00
0.00000000e+00
-1.25523611e-01
-1.21361223e+00
-1.26481579e+00
0.00000000e+00
0.00000000e+00
0.00000000e+00
6.64081533e-01
2.58921914e-01
-3.32455505e-01
2.44999144e-01
-1.82696122e+00
1.76013920e-01
2.89129754e-01
3.75303106e-01
7.46169625e-01
0.00000000e+00
4.82681889e-01
-4.06881147e-01
-9.35446327e-01
3.63432293e-01
5.95124026e-01
6.00539592e-01
1.23611681e-01
-2.53251731e+00
-3.45070801e-01
1.94508045e-01
-1.97515073e+00
0.00000000e+00
0.00000000e+00
0.00000000e+00
4.26868622e-02
-3.67558271e-01
-5.10762015e-01
4.76524843e-02
-1.19826471e+00
-3.37913426e-01
-4.80942704e-02
1.13168888e-01
3.98126072e-02
0.00000000e+00
4.72454311e-02
2.49875328e+00
-1.49207100e+00
5.14463729e-01
-3.60276173e-01
6.85449840e-02
3.64273165e-01
-1.94168458e+00
1.96688130e-01
3.48184148e-01
9 1
-6.9172e-01 3.5162e-01
8 0
1 4 2 0 5 13 12 11 
217
7.85733988e-01
-1.50948908e-01
-8.15511999e-01
-2.50111175e-01
4.07197218e-02
4.48958804e-01
3.90154158e-01
-1.89204908e-01
3.75527936e-01
1.64811211e-01
0.00000000e+00
0.00000000e+00
0.00000000e+00
0.00000000e+00
6.37810468e-01
-3.26363950e-03
3.30640672e-01
1.27414249e-02
4.91172578e-03
6.81765590e-01
-9.20546415e-02
4.15647408e-03
4.19171579e-01
2.27236737e-01
1.26360027e-03
7.05011308e-02
0.00000000e+00
0.00000000e+00
0.00000000e+00
0.00000000e+00
0.00000000e+00
0.00000000e+00
0.00000000e+00
-7.97150767e-02
8.01647279e-02
7.85284336e-01
0.00000000e+00
-3.04635803e-01
-2.12500488e-01
9.65953827e-03
1.63849134e-01
3.97346443e-01
4.48728980e-01
2.83286184e-01
0.00000000e+00
-3.03601893e-01
6.08779686e-01
-2.25908953e-01
4.66986936e-01
-2.87587666e-01
8.95618687e-02
3.72991866e-01
-6.02397956e-01
-1.78944655e-02
-5.40570214e-01
-1.35930709e-02
2.40075060e-01
6.48699065e-01
-3.44420366e-01
6.94614090e-01
4.71999061e-01
-2.28411789e-01
5.42146716e-01
2.46891775e-01
-3.28876760e-01
-5.28624133e-01
9.12847290e-01
5.52323535e-01
-4.51283178e-02
1.05785403e+00
0.00000000e+00
1.44279080e-01
-3.14111098e-01
6.51780461e-01
-1.77228074e-01
-1.03255535e-02
6.75205949e-01
0.00000000e+00
3.53313771e-01
-2.96529038e-01
1.04709304e+00
-1.90055559e-01
8.33827812e-01
3.41329955e-01
8.55461725e-01
-1.34239882e-01
-1.53631086e-01
1.34471671e-01
3.60054896e-01
-6.99595268e-02
4.73874923e-01
-7.94899474e-01
6.91634901e-01
-7.26626251e-02
4.92584718e-01
-5.01673646e-01
3.96413843e-01
1.97426628e-01
6.08225439e-01
9.86885737e-02
-3.85389549e-01
-2.90719409e-02
-2.97095998e-01
1.07891916e-01
-9.12105709e-02
0.00000000e+00
8.42855669e-01
-2.81179479e-02
6.13960575e-01
-1.67649958e-02
7.57547532e-01
-4.14959986e-01
0.00000000e+00
2.92922036e-01
-8.48145945e-02
2.41030675e-01
-6.74910848e-01
2.51781276e-01
1.29057349e-01
-1.08402187e+00
-1.30252670e+00
-1.32092999e+00
0.00000000e+00
0.00000000e+00
0.00000000e+00
5.30298632e-01
5.51547279e-01
-4.55994830e-01
3.60202318e-01
-1.96779328e+00
2.84516449e-01
2.94506282e-01
4.68920705e-01
2.69209141e-01
0.00000000e+00
1.35906814e-01
-1.03732384e+00
-8.84101632e-01
5.98452031e-01
6.76547208e-01
6.24433447e-01
4.50603206e-01
-1.88881909e+00
-1.49580829e-01
-1.82460002e-01
-2.45828698e-01
0.00000000e+00
0.00000000e+00
0.00000000e+00
-6.60174873e-02
3.29645039e-02
-2.85131843e-02
-2.98099673e-01
2.94598072e-01
1.91031170e-02
6.72039837e-02
6.19079908e-02
1.91271460e-01
0.00000000e+00
2.15727283e-01
6.35192499e-01
-7.19004403e-01
-1.98804585e-01
-3.13588955e-01
-1.60822176e-01
-2.97417256e-01
1.55390522e-02
-3.42461035e-02
3.37177163e-01
-1.36797456e+00
0.00000000e+00
0.00000000e+00
0.00000000e+00
-2.06263304e-01
3.68921612e-01
-1.61882791e-01
5.63397657e-01
-1.49615130e+00
-2.97432219e-01
2.85813002e-01
-2.59422536e-01
4.58954352e-01
0.00000000e+00
-2.98828652e-01
4.31548130e-01
-8.43220397e-01
1.08941398e+00
-7.44876414e-01
2.55727726e-01
4.46240990e-01
-1.81479976e+00
4.39478327e-01
4.15407037e-01
-5.30419548e-01
0.00000000e+00
0.00000000e+00
0.00000000e+00
4.86000444e-01
1.80076752e-02
-2.62301479e-01
-8.58702206e-02
-5.07024909e-01
-4.70961360e-01
-3.17037964e-01
5.16695723e-01
6.35076240e-03
0.00000000e+00
4.69476774e-01
1.02819607e+00
-1.23803604e-01
-4.61516745e-01
2.05382449e-01
2.47734390e-01
1.10543966e-01
-8.67536677e-01
-1.48359796e-01
-3.74395042e-01
136
2.49781595e-01
5.21696955e-01
-4.53725676e-03
1.35188911e-01
3.88453853e-03
-4.57543817e-01
7.63347576e-03
5.04395450e-02
-2.13793152e-03
0.00000000e+00
0.00000000e+00
0.00000000e+00
0.00000000e+00
0.00000000e+00
0.00000000e+00
0.00000000e+00
1.69070898e-01
6.98109573e-02
1.08997395e-02
-3.37154938e-01
4.79714165e-02
7.11479034e-02
8.06302956e-02
1.42933491e-01
9.14164862e-02
9.04774980e-02
6.23594424e-02
-3.17148126e-01
-1.93906676e-01
6.39992242e-01
-2.25148530e-01
-1.19486621e-01
-6.17729852e-01
-1.87647426e-01
2.98126918e-01
3.35623359e-01
3.86606868e-01
-3.94189557e-01
3.29396990e-01
-2.46739504e-01
3.46619212e-01
-5.29265838e-01
7.44678135e-01
0.00000000e+00
0.00000000e+00
0.00000000e+00
-3.41631542e-01
-4.77229929e-01
7.31716016e-01
-6.42279933e-02
-2.31653750e-01
0.00000000e+00
-4.26161341e-01
-1.07930072e-01
3.60966327e-02
-6.19217811e-01
-2.86079781e-01
8.47306350e-01
5.05244368e-02
3.90800903e-01
-4.63318112e-01
-5.54596549e-01
-4.99997683e-01
4.80298223e-01
-1.28322888e-01
-1.31372490e-01
-3.69143355e-01
5.60181430e-01
-3.34931222e-01
1.36580332e-01
-1.31811313e-01
4.78398640e-01
-9.62139458e-02
-4.20773769e-01
6.17005784e-02
-3.29153165e-01
-3.83029373e-01
4.77060374e-01
-1.03787970e-01
1.10757433e-01
-2.35888370e-02
0.00000000e+00
6.23169502e-01
-3.23816968e-01
1.47129317e-01
4.90799819e-03
-1.09042626e-01
-1.17017205e+00
-1.31541241e+00
0.00000000e+00
0.00000000e+00
0.00000000e+00
6.74175612e-01
2.74236952e-01
-3.35418464e-01
2.60676699e-01
-1.77593515e+00
1.04691576e-01
2.70611275e-01
2.30387004e-01
7.74990107e-01
0.00000000e+00
4.06925984e-01
-4.40939773e-01
-9.35259407e-01
4.18764368e-01
6.05277949e-01
6.33622812e-01
1.18372439e-01
-2.49617930e+00
-3.12998290e-01
2.08585202e-01
-2.03376963e+00
0.00000000e+00
0.00000000e+00
0.00000000e+00
2.26273583e-02
-3.25159115e-01
-4.84133989e-01
4.22529517e-02
-1.14591351e+00
-4.16057006e-01
-8.17042507e-02
1.94484606e-01
2.38928099e-02
0.00000000e+00
-5.28839944e-02
2.47987453e+00
-1.45658374e+00
5.95626373e-01
-3.35902408e-01
4.39194536e-02
3.98839464e-01
-2.23885283e+00
3.32062767e-01
3.69840898e-01
6 1
-9.3231e-01 3.8048e-01
8 0
1 4 2 0 5 13 12 11 
217
5.72920165e-01
-3.02658561e-01
-3.09938003e-01
-2.61110747e-01
1.89671797e-01
1.48328365e-01
3.83446092e-01
-1.83514163e-01
-8.74533237e-02
-2.20165157e-01
0.00000000e+00
0.00000000e+00
0.00000000e+00
0.00000000e+00
6.75686789e-01
-2.51545182e-02
1.30596021e-01
-1.00212813e-01
1.37119241e-03
1.22892766e-01
1.01163304e-01
-2.14624366e-03
1.00319446e-02
-1.03717115e-01
-6.98951619e-04
-3.28847661e-02
0.00000000e+00
0.00000000e+00
0.00000000e+00
0.00000000e+00
0.00000000e+00
0.00000000e+00
0.00000000e+00
-4.27455589e-02
-4.47385115e-02
6.60404236e-01
0.00000000e+00
-3.62460225e-01
-2.45981617e-01
-7.14727465e-02
-3.80278092e-02
3.38305356e-01
3.63077964e-01
4.17246658e-01
0.00000000e+00
-4.89830319e-01
-5.73825846e-01
-3.48008031e-02
2.07806456e-01
-2.73163495e-01
5.80918825e-01
6.55275310e-01
4.02600899e-01
-2.73304342e-01
-1.05908675e+00
1.13325507e-01
4.87153862e-02
4.31898954e-01
1.06657278e-01
5.57500517e-01
1.79989489e-01
-2.69236197e-02
2.47621711e-01
-4.43750283e-03
-1.09543662e-01
-5.43528989e-01
7.40092611e-01
7.34327003e-01
-5.31912810e-02
5.72362899e-01
0.00000000e+00
2.26956124e-01
-3.87758826e-01
2.08596656e-01
-2.72122354e-02
1.37367386e-01
6.17663879e-02
0.00000000e+00
3.21113493e-01
-4.96351069e-01
1.27052598e+00
-2.88131584e-01
1.04508325e+00
5.16254384e-01
6.32607100e-01
-3.87994388e-01
-1.24681333e-01
2.76575647e-01
2.04513213e-01
5.17318059e-02
2.66047591e-01
-1.72831559e-01
3.65401145e-01
-3.13185074e-01
1.06748555e-01
-3.93308414e-01
2.73602025e-01
-4.04449181e-03
4.51193449e-01
3.47371140e-02
-5.80856127e-01
7.89385976e-05
-3.52162344e-01
8.69106634e-02
5.04611859e-02
0.00000000e+00
6.79219953e-01
-9.42903271e-02
5.20225580e-01
-2.11295164e-01
5.26600761e-01
-1.30339702e-01
-3.45173407e-02
4.16392586e-01
6.40456904e-02
6.86927106e-02
-4.11662309e-01
1.22352209e-01
-1.28618747e-01
-1.00141797e+00
-1.15856011e+00
-1.74174493e+00
0.00000000e+00
0.00000000e+00
0.00000000e+00
4.13700585e-01
1.33368110e-01
-3.45896927e-01
5.20815728e-02
-1.71940302e+00
-5.29777371e-02
4.61863472e-01
2.00382428e-01
5.37309581e-01
0.00000000e+00
2.99806122e-01
-4.54308822e-01
-1.06459599e+00
-3.27825304e-01
1.06817218e+00
6.33710622e-01
4.36463011e-01
-1.97874308e+00
4.21696134e-02
-7.70213508e-02
1.66145509e-02
0.00000000e+00
0.00000000e+00
0.00000000e+00
6.28327836e-02
-8.30699459e-02
1.00340499e-01
-4.39362664e-02
-8.51304340e-01
1.51076684e-01
1.22678531e-01
2.17054526e-01
2.22345475e-01
0.00000000e+00
-2.49627413e-01
1.22163234e-01
-2.10886962e-01
8.19136017e-01
-3.82697546e-01
-1.41989930e-01
-3.63912507e-01
8.18421767e-02
-2.41338208e-03
4.46982917e-01
-1.82748022e+00
0.00000000e+00
0.00000000e+00
0.00000000e+00
-2.30803858e-01
-1.26661578e-01
-7.31860036e-01
-2.67989272e-02
-5.04506489e-01
-6.92481613e-01
-7.67518445e-01
-2.94805728e-01
9.20286149e-01
0.00000000e+00
-1.26046278e-01
2.68837798e+00
-1.12497756e+00
-1.78888222e-01
-8.67863297e-01
-2.81987232e-01
1.91615984e-01
-9.16843176e-01
8.53397750e-01
3.90884350e-01
-4.89445614e-02
0.00000000e+00
0.00000000e+00
0.00000000e+00
4.74930454e-02
3.38281776e-01
-1.28148285e-02
3.94958893e-01
-6.10108094e-01
-4.75379961e-01
8.18377488e-01
4.24908221e-01
-3.33461278e-01
0.00000000e+00
-1.54999042e-01
-7.10300243e-01
-2.97648018e-01
7.37862630e-01
3.10040375e-01
4.46955539e-01
1.86850879e-01
-5.57926394e-01
-4.65307107e-01
-1.36728442e-01
136
3.35712613e-01
1.24004511e-01
6.76548340e-03
1.79036661e-01
-2.12562663e-03
1.39364123e-01
-3.17101095e-03
-1.06692682e-01
-9.48727981e-04
0.00000000e+00
0.00000000e+00
0.00000000e+00
0.00000000e+00
0.00000000e+00
0.00000000e+00
0.00000000e+00
1.13155837e-01
1.10212439e-01
1.12344336e-01
-2.55977462e-01
3.68641686e-02
1.28290201e-01
1.23033195e-01
1.68831934e-01
1.78221857e-01
1.96192083e-02
-6.31704897e-02
-2.11686180e-01
-1.42736523e-01
5.99978568e-01
-2.84063652e-01
5.78003792e-02
-6.48131605e-01
-5.84762408e-02
2.22954385e-01
3.27451110e-01
3.34201272e-01
-4.17699114e-01
2.94424201e-01
-1.32295136e-01
1.91529575e-01
-4.78880843e-01
6.81342413e-01
0.00000000e+00
0.00000000e+00
0.00000000e+00
-9.52279982e-02
-2.18579456e-01
8.29393680e-01
1.16631157e-02
-2.69586378e-01
0.00000000e+00
-2.23867107e-01
-3.07095593e-02
5.43589698e-02
-5.17057696e-01
-3.35283782e-01
8.35153467e-01
3.22561106e-03
4.00892847e-01
-4.06057041e-01
-3.48972465e-01
-4.41104000e-01
4.90422614e-01
-1.16952745e-01
-1.21541293e-01
-6.17446289e-02
4.27617274e-01
-4.88890003e-01
1.17932289e-01
-1.59118762e-01
4.29737717e-01
-5.36200466e-02
-3.84698619e-01
7.07479733e-02
-3.01788005e-01
-4.59054461e-01
7.04562772e-01
-1.09936075e-01
1.61499656e-01
-1.31852206e-01
5.39639781e-01
-2.17828964e-01
-4.56726494e-01
-1.06574373e-02
-1.92445699e-02
-1.07306503e-01
-1.20638769e+00
-1.31902789e+00
0.00000000e+00
0.00000000e+00
0.00000000e+00
6.33410221e-01
2.89900353e-01
-3.34967536e-01
2.47153663e-01
-1.72937157e+00
7.69013057e-02
2.42554273e-01
3.31676347e-01
7.35946620e-01
0.00000000e+00
4.66097994e-01
-5.20710634e-01
-9.34362552e-01
3.80015350e-01
6.08521633e-01
5.67089512e-01
1.52238881e-01
-2.37744282e+00
-3.53727284e-01
2.00048352e-01
-2.04308073e+00
0.00000000e+00
0.00000000e+00
0.00000000e+00
1.84329041e-02
-4.88389393e-01
-4.93471120e-01
3.66309932e-02
-1.31076393e+00
-3.89889507e-01
-8.65000018e-02
1.28034714e-01
9.87956305e-02
0.00000000e+00
3.28699854e-02
2.49694741e+00
-1.43899530e+00
5.08409431e-01
-3.67619355e-01
2.27072327e-02
3.83218810e-01
-1.83769740e+00
3.33625689e-01
3.10572469e-01
7 1
-9.0814e-01 3.7601e-01
8 1
1 4 2 0 5 13 12 11 
217
8.45882169e-01
-4.01863108e-01
-6.27150830e-01
-4.42274668e-01
-2.22125722e-01
9.44866186e-01
8.87675685e-01
-7.19786180e-01
7.68842801e-03
-3.01827968e-01
1.72643778e-01
5.90658855e-02
0.00000000e+00
0.00000000e+00
1.01061250e+00
-2.42586898e-02
-9.33561972e-01
2.50350695e-01
-1.03571283e-02
1.05276419e+00
-2.37961094e-01
5.55837876e-04
7.74273210e-01
-1.77119929e-01
3.28607147e-03
5.09826368e-01
0.00000000e+00
0.00000000e+00
0.00000000e+00
0.00000000e+00
0.00000000e+00
0.00000000e+00
0.00000000e+00
6.57611356e-01
4.37825058e-01
-2.49554245e-01
0.00000000e+00
-2.84126143e-01
7.73494769e-02
8.25905191e-02
1.80834927e-01
1.45787850e-01
4.19852673e-01
9.90015762e-02
0.00000000e+00
-2.66710263e-01
8.95833248e-01
-6.63846064e-01
5.60239332e-01
-3.42381210e-01
-5.32199910e-01
5.01777412e-01
2.48335584e-01
-3.21242311e-01
-7.21662917e-03
-1.38828989e-01
-1.93015015e-01
3.55942853e-01
-8.87093410e-01
1.40151441e+00
2.50580415e-01
-3.03872831e-02
5.01097746e-01
0.00000000e+00
3.19656331e-01
-3.07546552e-01
4.67983596e-01
7.37140599e-01
5.82422417e-02
-1.82973379e-02
0.00000000e+00
2.75942102e-01
-4.30383801e-01
6.86742519e-01
-1.79150699e-01
-1.16802452e-01
-3.83433181e-02
0.00000000e+00
-1.89022927e-02
-6.16690533e-01
5.39670463e-01
-4.66896062e-01
3.25113999e-01
5.33594126e-01
3.01637275e-01
8.58484008e-02
-9.62760588e-02
3.48293539e-01
5.86878839e-01
1.10102954e-01
6.65391738e-01
1.41018267e-01
2.31019678e-01
-5.34708178e-02
3.40306641e-01
-9.76956124e-01
1.33537582e-01
4.95549243e-02
0.00000000e+00
2.35109267e-01
2.92451585e-02
3.56847678e-01
-3.36861438e-01
2.53925224e-01
2.91943873e-01
0.00000000e+00
4.33988307e-01
9.64491244e-03
2.23061656e-01
9.16981996e-02
1.88832205e-01
-4.32141937e-01
4.13632481e-01
2.68105532e-01
-1.67416745e-01
2.36289262e-01
-5.08094425e-01
-7.21451065e-02
-4.45484061e-01
2.61458282e-01
-5.04394441e-01
-8.43994949e-01
0.00000000e+00
0.00000000e+00
0.00000000e+00
5.78204760e-01
1.47534656e-01
-3.52947641e-01
3.81936253e-01
-1.51050521e+00
8.45864902e-02
5.91464960e-01
8.84795560e-02
7.33052992e-01
0.00000000e+00
5.15231335e-01
-7.29132699e-01
-9.73969464e-01
4.75469716e-01
2.40147657e-01
7.40328658e-01
3.19931180e-01
-1.60756688e+00
-6.86432920e-01
1.20191651e-01
-8.90739304e-01
0.00000000e+00
0.00000000e+00
0.00000000e+00
3.88565493e-01
3.82227987e-01
4.03825430e-02
2.24104643e-02
-8.46998207e-01
1.93401695e-01
-1.94386523e-01
2.53525163e-01
-3.63910390e-01
0.00000000e+00
-5.03017839e-01
-2.46224739e-01
-6.23259010e-01
3.10688063e-01
-1.42397809e-01
4.62624938e-02
-8.78255248e-02
-2.63464851e-01
4.14307738e-01
3.28973949e-01
-1.19086124e+00
0.00000000e+00
0.00000000e+00
0.00000000e+00
2.90527644e-01
3.23205115e-01
-3.12658659e-01
3.57665121e-01
-8.87264714e-01
-6.63752185e-01
2.26220462e-01
-3.68688405e-01
7.43340651e-01
0.00000000e+00
-2.52061968e-01
1.65163728e+00
-1.07691769e+00
9.62800160e-01
-3.73701533e-01
-2.73424505e-01
7.94483581e-01
-1.89871681e+00
-2.43832187e-01
-1.89722587e-01
-9.97175352e-01
0.00000000e+00
0.00000000e+00
0.00000000e+00
-4.04667534e-01
8.99066995e-02
-3.91699091e-01
-2.53859109e-01
8.00837808e-01
5.18222985e-01
2.64423455e-04
1.85415411e-01
-9.69341053e-01
0.00000000e+00
2.28958704e-01
-1.16521308e+00
3.73154762e-01
-5.07931703e-01
3.56434308e-01
3.83379195e-01
-4.91665031e-01
-3.26978636e-01
3.92174866e-01
1.85430723e-01
136
-3.20081596e-01
1.37206547e+00
-3.91833560e-02
5.08407121e-02
-1.17245105e-02
-9.29130444e-01
2.50343514e-03
-8.13857330e-01
2.12124676e-04
0.00000000e+00
0.00000000e+00
0.00000000e+00
0.00000000e+00
0.00000000e+00
0.00000000e+00
0.00000000e+00
4.11197722e-02
1.43594899e-01
-5.04796267e-01
-8.61049676e-01
-8.91390876e-02
-7.09626431e-02
-5.55572775e-02
8.35697074e-02
2.27159603e-01
1.98926145e-01
2.46971633e-01
-8.61049676e-01
-2.94172793e-01
1.95153877e-01
-1.49009265e-01
-1.84831139e-01
-6.36698236e-01
-2.59663976e-01
4.06057022e-01
3.96282225e-01
5.13431777e-01
-4.66058003e-01
5.93198731e-01
-4.47133800e-01
4.35190158e-01
-4.07749946e-01
8.46971447e-01
0.00000000e+00
0.00000000e+00
0.00000000e+00
0.00000000e+00
1.93954782e+00
1.23723299e+00
3.44465439e-01
-2.51959639e-01
0.00000000e+00
-1.07898148e+00
-2.95889185e-01
-1.06181587e-01
-5.51424543e-01
0.00000000e+00
1.13731395e+00
7.28389481e-02
4.50775747e-01
-5.98564348e-01
-5.99762959e-01
-7.96555970e-01
2.57067458e-01
-1.99448628e-01
-1.34586955e-01
-3.25775330e-01
-1.02556120e-01
-4.92397776e-01
8.07674007e-04
-1.42255487e-01
0.00000000e+00
1.66049875e+00
-8.25942425e-02
3.57726263e-01
-4.34096262e-01
0.00000000e+00
5.70926887e-01
-1.73953032e-01
1.31925354e-01
-2.64340543e-02
9.15926245e-02
-4.04590552e-01
-5.24010160e-01
-6.79206302e-02
-6.39618781e-02
-4.36661564e-01
-1.38606805e+00
-1.35753699e+00
0.00000000e+00
0.00000000e+00
0.00000000e+00
5.94618243e-01
2.08001981e-01
-3.38267797e-01
1.90563258e-01
-1.76177294e+00
6.35432508e-03
2.87584147e-01
2.61730603e-01
6.62972833e-01
0.00000000e+00
3.95907911e-01
-5.03144063e-01
-8.49589361e-01
3.95143409e-01
6.44392391e-01
5.98264079e-01
2.12695683e-01
-2.20424525e+00
-3.20280761e-01
1.61534316e-01
-1.99143375e+00
0.00000000e+00
0.00000000e+00
0.00000000e+00
-8.74961160e-02
-3.05970943e-01
-4.23497773e-01
1.64993372e-01
-1.67944673e+00
-4.88966414e-01
1.19828120e-01
8.99652239e-02
1.65547391e-01
0.00000000e+00
-8.32403244e-03
2.14910917e+00
-1.23002100e+00
5.34926475e-01
-3.17578111e-01
-2.22324746e-02
4.75010220e-01
-1.87733809e+00
3.74680889e-01
3.75377074e-01
10 1
-1.1172e+00 4.2423e-01
8 1
1 4 2 0 5 13 12 11 
217
1.04125824e+00
-2.23395070e-01
-6.77010872e-01
1.68382437e-01
-7.16672576e-03
6.28872198e-01
5.33341992e-01
5.98157739e-02
3.25867063e-01
2.17097344e-01
1.89215907e-01
1.47573418e-01
0.00000000e+00
0.00000000e+00
2.52787776e-01
-1.29336734e-02
9.08423867e-01
5.17881917e-01
-4.20485769e-03
6.99127807e-01
6.32878706e-02
5.51907873e-03
5.61183764e-01
2.07300672e-01
2.47821386e-03
6.37347135e-01
0.00000000e+00
0.00000000e+00
0.00000000e+00
0.00000000e+00
0.00000000e+00
0.00000000e+00
0.00000000e+00
4.38100518e-01
4.08367427e-01
1.94790290e-01
0.00000000e+00
-2.95593124e-01
-1.83006287e-01
-1.48234107e-01
-1.32678113e-01
6.01865382e-02
1.40579404e-01
7.64273753e-01
0.00000000e+00
-5.84828077e-01
3.72728926e-01
-7.00375439e-01
3.20756678e-01
-4.71110672e-01
-1.91679570e-01
7.14077287e-01
-2.18120728e-01
1.62264900e-01
2.55973832e-02
8.40769074e-02
-2.83380242e-01
5.38553092e-01
-8.03509606e-01
1.24047722e+00
-8.98816532e-02
3.15006944e-01
-1.95972261e-02
0.00000000e+00
5.81230126e-02
-5.98230507e-01
9.03781379e-01
3.65414152e-01
7.93538432e-02
6.45505920e-01
0.00000000e+00
2.99865122e-01
-1.22258461e-01
5.73388707e-01
-1.24829985e-01
1.68004406e-01
-8.73673552e-02
0.00000000e+00
-2.29259559e-02
-6.45637157e-01
5.80978226e-01
-2.30177526e-01
4.83205965e-01
4.27642991e-01
-2.28962590e-01
5.24261893e-01
-2.51641031e-01
5.16526764e-01
4.44231104e-01
2.29432168e-01
3.48696927e-01
6.19110417e-01
1.54217331e-01
-2.54797229e-01
9.83166813e-02
-5.62421140e-01
1.69613807e-01
-6.38469439e-03
0.00000000e+00
2.90437633e-01
-1.91255310e-01
2.88740436e-01
-2.48433328e-01
4.62080167e-01
-7.77563795e-03
0.00000000e+00
5.38587879e-01
2.69624257e-01
3.15807577e-01
1.85729606e-02
1.86862779e-01
-3.40710425e-01
7.54437692e-01
3.34523334e-01
2.11632451e-01
2.92436268e-01
-1.59244506e-01
-3.40139059e-01
-4.96416045e-01
-5.63815764e-01
-1.16958423e+00
-1.09960991e+00
0.00000000e+00
0.00000000e+00
0.00000000e+00
5.06838984e-01
1.16035394e-01
-7.28973915e-01
6.90976348e-01
-2.17541291e+00
1.80532478e-01
4.18423826e-01
5.20258219e-01
5.10367131e-01
0.00000000e+00
2.22486297e-01
-3.49672127e-01
-1.08286037e+00
8.49099645e-01
-3.86948501e-02
8.28515816e-01
1.55035849e-01
-1.56058533e+00
-2.37529316e-01
7.55489213e-02
-8.15769900e-01
0.00000000e+00
0.00000000e+00
0.00000000e+00
4.36664133e-01
2.33266802e-01
-4.66356053e-03
-4.89896773e-01
-4.69204931e-01
-8.02374815e-02
1.60573636e-01
4.36787359e-01
2.02783663e-01
0.00000000e+00
7.71887441e-02
-4.44481142e-01
-7.01292511e-01
-1.20566099e-01
2.23909142e-01
-1.26350658e-01
6.12494868e-02
-7.72895222e-01
2.24293679e-01
3.37101833e-01
-1.39171858e+00
0.00000000e+00
0.00000000e+00
0.00000000e+00
3.70638720e-03
3.14417743e-01
-5.13409908e-01
5.17016993e-01
-7.81840250e-01
-6.43408578e-01
3.40066308e-01
3.19151922e-02
-1.19850533e-01
0.00000000e+00
-5.60047737e-01
1.34400277e+00
-8.95549888e-01
5.44226429e-01
-1.19138313e+00
2.55114777e-01
8.25818210e-01
-2.18859317e+00
1.02512887e+00
3.00950929e-01
-9.07456907e-01
0.00000000e+00
0.00000000e+00
0.00000000e+00
1.76301535e-01
-6.31860037e-03
-4.38333790e-01
-5.00800168e-01
7.40180232e-02
3.16606175e-01
-1.57672419e-01
4.67488544e-01
6.29085973e-01
0.00000000e+00
4.28721818e-01
-2.67481543e+00
-2.15274965e-01
3.30449751e-01
1.48839935e+00
5.04521616e-01
-1.62498475e-01
-1.01414730e+00
-1.33244349e-01
-1.99441908e-02
136
-2.05280402e-01
1.21916187e+00
-3.57869187e-02
1.57333973e-01
-1.18879189e-02
-8.11417649e-01
2.02206410e-03
-7.70358594e-01
4.93108660e-04
0.00000000e+00
0.00000000e+00
0.00000000e+00
0.00000000e+00
0.00000000e+00
0.00000000e+00
0.00000000e+00
1.30117465e-01
1.96495430e-01
-5.31893296e-01
-8.55430990e-01
-1.36876194e-01
-6.31057078e-02
7.77870145e-02
1.43009929e-01
2.54315315e-01
2.21763081e-01
1.53257151e-01
-7.52028150e-01
-1.74157281e-01
1.67038322e-01
-1.87523320e-01
-2.03943603e-01
-5.50866627e-01
-3.34429018e-01
4.57602673e-01
2.42121496e-01
5.02456959e-01
-3.44799592e-01
5.07448056e-01
-3.50028034e-01
4.18174914e-01
-4.84876738e-01
8.82529542e-01
0.00000000e+00
0.00000000e+00
0.00000000e+00
0.00000000e+00
1.36933623e+00
1.08079102e+00
2.28243991e-01
-3.49504105e-01
0.00000000e+00
-8.68270327e-01
-2.07693965e-01
-6.38872741e-02
-4.30750443e-01
0.00000000e+00
1.10949591e+00
9.26292339e-02
4.33409899e-01
-5.82493336e-01
-5.75059356e-01
-6.36336395e-01
3.50058844e-01
-1.80187144e-01
-1.29783662e-01
-9.92193452e-02
-1.45924901e-01
-5.40550249e-01
-1.08457477e-02
-1.60595412e-01
0.00000000e+00
1.49396535e+00
-8.52970056e-02
3.19436682e-01
-3.01855507e-01
0.00000000e+00
5.84806966e-01
-1.50669294e-01
1.23303911e-01
-3.04936265e-02
7.28278716e-02
-2.64028853e-01
-4.21207120e-01
-4.26567988e-02
-7.19842366e-02
-2.43751593e-01
-1.27557853e+00
-1.37077001e+00
0.00000000e+00
0.00000000e+00
0.00000000e+00
5.64135768e-01
2.66664425e-01
-3.17678141e-01
1.91235397e-01
-1.65940638e+00
2.86220736e-02
3.20154954e-01
2.93919347e-01
6.64673159e-01
0.00000000e+00
3.84975855e-01
-6.05318901e-01
-9.97124572e-01
4.06616908e-01
6.42704676e-01
6.46231313e-01
1.83803501e-01
-2.18342922e+00
-3.87479242e-01
1.85929069e-01
-2.03645845e+00
0.00000000e+00
0.00000000e+00
0.00000000e+00
-7.04573265e-02
-2.34781514e-01
-4.86909850e-01
5.21197412e-02
-1.32833413e+00
-4.12375952e-01
2.95410422e-02
7.97971574e-03
1.71223804e-01
0.00000000e+00
1.16428668e-02
2.16047665e+00
-1.16402771e+00
6.13249215e-01
-2.97086935e-01
-1.94793477e-01
3.74756451e-01
-1.83227248e+00
2.04350893e-01
3.59240540e-01
8 2
-1.2577e+00 4.8272e-01
8 -1
1 4 2 0 5 13 12 11 
217
2.23925471e+00
2.71986294e-02
-1.86332548e+00
1.53358894e-01
1.21008821e+00
1.22098503e+00
1.62380276e+00
5.03598752e-01
1.99060102e+00
1.63500787e-01
0.00000000e+00
0.00000000e+00
0.00000000e+00
0.00000000e+00
9.24249352e-01
-2.66042829e-04
-6.53054215e-02
1.31500535e+00
-6.61499621e-03
-7.41758251e-01
0.00000000e+00
0.00000000e+00
0.00000000e+00
0.00000000e+00
0.00000000e+00
0.00000000e+00
0.00000000e+00
0.00000000e+00
0.00000000e+00
0.00000000e+00
0.00000000e+00
0.00000000e+00
0.00000000e+00
-2.44429789e-01
-3.21010528e-01
0.00000000e+00
0.00000000e+00
-9.46012618e-01
-7.84716156e-01
-5.17088392e-01
-1.50565318e-01
2.84423287e-01
4.25575807e-01
8.55350750e-01
0.00000000e+00
-3.24073756e+00
5.74011684e-01
-1.26240155e+00
-2.94725165e-01
-9.40216268e-01
5.09515505e-01
1.81590986e+00
-4.79404835e-01
-1.16180274e+00
5.80455518e-01
9.06589248e-01
5.09508612e-01
1.52002736e+00
0.00000000e+00
3.95940830e+00
-1.91082977e-01
-5.00518670e-01
-1.41430995e-01
0.00000000e+00
6.42478051e-01
-5.58831597e-01
1.06024035e+00
6.30815424e-01
5.36536307e-01
8.43597966e-01
0.00000000e+00
1.94797106e+00
-1.95505789e-01
4.96896377e-01
-3.53684621e-01
-2.05612728e-01
6.29295877e-01
0.00000000e+00
1.95203142e+00
-5.65104896e-01
1.98281174e-03
9.50133608e-02
2.85240477e-01
6.54695346e-01
1.98599251e+00
1.21068566e+00
-1.12138025e-01
-5.26433678e-01
6.78613652e-01
-4.30989778e-01
-9.12498542e-01
5.68597310e-01
6.39323458e-01
-1.99081498e-01
5.23015036e-01
-8.74018651e-01
5.08318902e-01
1.54918590e-02
0.00000000e+00
9.19587887e-01
-4.95712065e-01
4.83703099e-01
-3.29905348e-01
8.35963721e-01
4.63325549e-01
0.00000000e+00
1.01312298e+00
-2.03965686e-01
2.65145094e-01
2.97886888e-01
9.60986632e-01
2.54818275e-01
5.75464316e-01
7.16846318e-01
-6.17963846e-02
3.41471424e-01
-6.51343319e-01
6.05472648e-01
-1.77168477e-02
-1.52110650e-01
-1.39474335e+00
-1.24551073e+00
0.00000000e+00
0.00000000e+00
0.00000000e+00
6.98257160e-01
-2.12357963e-02
1.60430289e-02
4.90405914e-01
-2.45273417e+00
6.10204797e-01
5.89474379e-01
3.87725919e-01
1.32547371e+00
0.00000000e+00
3.72266857e-01
-1.62300940e+00
-1.00758005e+00
3.23445588e-01
-2.10560782e-02
1.06813212e+00
1.01638041e-01
-1.89091534e+00
-6.26648178e-01
4.14600755e-01
-4.12727896e-01
0.00000000e+00
0.00000000e+00
0.00000000e+00
6.59835223e-01
7.79713490e-01
-5.88712356e-01
-2.78079206e-01
1.27033343e+00
-2.47184069e-01
-8.07096616e-01
-7.75803755e-01
-8.15875776e-01
0.00000000e+00
3.04243015e-02
-3.88887129e-01
8.42595807e-01
4.55176553e-01
-4.58561836e-01
-3.48315988e-01
-3.91452343e-02
-6.77627366e-01
8.34638972e-01
1.39843655e-01
-2.18775060e+00
0.00000000e+00
0.00000000e+00
0.00000000e+00
-1.22133963e-01
-1.76057205e-01
-5.21874305e-01
5.82572189e-01
-5.27200661e-01
-2.41628036e-01
7.64844698e-01
1.40176540e-01
-1.07312156e-01
0.00000000e+00
-3.80413314e-01
-1.39854323e-01
-1.30832151e+00
-5.55687852e-01
-8.79462127e-01
8.01252170e-01
2.34529903e-01
-2.31631478e+00
1.54084157e+00
1.02429257e+00
-3.03394874e-01
0.00000000e+00
0.00000000e+00
0.00000000e+00
4.52839344e-01
4.31486218e-01
-6.32785959e-01
4.05123670e-01
-6.16884644e-01
6.54111221e-01
1.57530742e-01
4.60476615e-01
-1.27461423e-01
0.00000000e+00
-2.71383074e-01
-3.65801067e-01
-6.91787406e-01
1.62664342e+00
-2.87558681e-01
3.81368110e-01
5.85870757e-01
1.48316945e+00
-2.94671816e+00
-1.00163401e+00
136
6.14803410e-01
4.14291669e-01
-7.94545771e-03
2.48157815e-01
-2.97415966e-03
0.00000000e+00
0.00000000e+00
0.00000000e+00
0.00000000e+00
0.00000000e+00
0.00000000e+00
0.00000000e+00
0.00000000e+00
0.00000000e+00
0.00000000e+00
0.00000000e+00
8.64488645e-01
9.19757666e-01
-1.16944290e+00
0.00000000e+00
-5.09966605e-02
1.14041084e-02
7.79292939e-02
2.14476863e-01
3.14114605e-01
1.50674807e-01
5.20070673e-01
0.00000000e+00
-9.11089336e-01
6.62001591e-01
-6.96859123e-01
-2.48112674e-01
-1.08368060e+00
-8.71621230e-01
1.75613943e-01
8.10000134e-01
5.40025871e-01
5.15349368e-01
8.05189426e-01
4.03380143e-02
6.90823271e-01
-8.00653778e-01
1.61034882e+00
0.00000000e+00
0.00000000e+00
0.00000000e+00
0.00000000e+00
-3.23556521e-01
7.50741442e-01
5.03667454e-02
-4.02073216e-01
0.00000000e+00
-7.84565606e-01
-3.33800113e-01
-7.65183272e-02
-4.23973577e-01
0.00000000e+00
1.12369674e+00
-7.60680678e-02
3.91489576e-01
-5.76201636e-01
-6.61628628e-01
-6.41508317e-01
3.37001217e-01
-3.48629063e-01
-8.13140801e-02
4.13586192e-01
2.49199342e-01
-5.48353659e-01
7.26588460e-02
-1.56223508e-01
0.00000000e+00
3.44148740e-01
-3.11256344e-01
9.20423428e-02
-2.96548715e-01
0.00000000e+00
-1.11968459e-01
-2.37073904e-01
-2.68224766e-02
1.66127024e-01
3.18092067e-01
5.27025331e-02
-3.51975848e-01
2.28414730e-02
-5.20890117e-02
-4.63031372e-02
-7.46360284e-01
-1.24052846e+00
0.00000000e+00
0.00000000e+00
0.00000000e+00
6.82978407e-01
2.84786290e-01
-4.61338410e-01
2.26761757e-01
-2.36955824e+00
2.58976684e-01
3.46832268e-01
3.74430464e-01
5.74405587e-01
0.00000000e+00
4.92131091e-01
-4.67286614e-01
-9.55109443e-01
4.60606055e-01
6.35387283e-01
6.63160203e-01
2.80178672e-01
-2.14655190e+00
-3.95227478e-01
2.73908856e-01
-1.71175021e+00
0.00000000e+00
0.00000000e+00
0.00000000e+00
1.95552844e-01
2.71340497e-01
-2.88106007e-01
9.85286850e-02
-1.22910718e+00
-1.60173220e-01
1.96707552e-01
2.83849401e-01
1.66194601e-01
0.00000000e+00
8.82425499e-02
-4.38348150e-01
-1.31995308e+00
6.16645369e-01
-8.91299313e-02
4.97067349e-01
4.78087305e-01
-1.88076339e+00
3.35947326e-01
4.65667264e-01
