1 5 -999999999 -1 -1
1 1 0 -1 -1
-0.0009834 0.6587
356
9.82863457e-01
6.49030453e-01
3.33833004e-01
-5.13893392e-01
2.82304027e-01
-3.93709597e-01
4.28638158e-02
0.00000000e+00
0.00000000e+00
-5.14192348e-01
-5.07935787e-01
2.36691301e-01
-2.98441550e-01
-9.11033867e-02
-2.47826712e-01
-1.74963293e-01
0.00000000e+00
0.00000000e+00
0.00000000e+00
0.00000000e+00
0.00000000e+00
0.00000000e+00
0.00000000e+00
0.00000000e+00
0.00000000e+00
0.00000000e+00
0.00000000e+00
0.00000000e+00
0.00000000e+00
0.00000000e+00
0.00000000e+00
0.00000000e+00
0.00000000e+00
0.00000000e+00
0.00000000e+00
0.00000000e+00
0.00000000e+00
0.00000000e+00
0.00000000e+00
0.00000000e+00
0.00000000e+00
0.00000000e+00
0.00000000e+00
0.00000000e+00
0.00000000e+00
0.00000000e+00
0.00000000e+00
0.00000000e+00
0.00000000e+00
0.00000000e+00
0.00000000e+00
-4.40606528e-01
-4.49709191e-01
9.22043882e-02
0.00000000e+00
0.00000000e+00
0.00000000e+00
0.00000000e+00
-2.04271396e-01
1.08778207e+00
9.52413920e-01
8.22351689e-02
9.11510851e-01
-5.54148409e-01
-2.09272841e-01
-5.52545971e-01
0.00000000e+00
0.00000000e+00
0.00000000e+00
0.00000000e+00
0.00000000e+00
4.96373262e-02
9.26097831e-04
1.41727943e-03
4.68387179e-01
-4.21267548e-03
2.68189686e-01
4.64838952e-01
-4.27731094e-03
-2.35836719e-02
1.12103271e-01
4.30656793e-01
4.40103393e-01
0.00000000e+00
0.00000000e+00
0.00000000e+00
0.00000000e+00
0.00000000e+00
0.00000000e+00
0.00000000e+00
3.74865122e-01
-4.69422152e-01
-2.20635904e-01
-4.15268438e-01
-3.52783127e-01
-1.81089191e-01
-9.97748940e-02
-8.99890015e-02
6.93150113e-02
-1.33439857e-01
7.74154516e-01
2.29803742e-01
0.00000000e+00
0.00000000e+00
2.60255240e+00
2.62820524e+00
2.83607644e-01
7.81772164e-01
3.03074247e-01
6.19634603e-01
-4.75941411e-01
-5.32640103e-01
5.83538454e-01
1.03093032e-01
-9.21733934e-02
-8.80183045e-01
-3.95371274e-01
-1.91809986e+00
0.00000000e+00
0.00000000e+00
0.00000000e+00
0.00000000e+00
0.00000000e+00
0.00000000e+00
-4.01436271e-01
-2.48657601e-01
-1.59041376e-01
-1.65338575e-01
-1.28399404e-01
-5.42468554e-01
4.29631236e+00
4.49805879e+00
4.62128492e+00
4.51841502e+00
4.60389222e+00
4.61020992e+00
8.50946823e-02
-1.79204205e-01
-3.91782027e-01
-3.08051976e-01
-2.86671524e-01
-5.79268263e-02
6.86010334e-01
2.48953704e-01
6.93552090e-03
6.37423014e-02
-2.64992152e-01
-1.76509779e-01
9.79507143e-01
0.00000000e+00
0.00000000e+00
0.00000000e+00
0.00000000e+00
0.00000000e+00
0.00000000e+00
0.00000000e+00
3.35631358e-03
6.60216742e-01
0.00000000e+00
0.00000000e+00
-4.54491802e-01
-6.48801237e-01
-1.16519714e+00
-9.96540544e-01
-1.61968894e+00
0.00000000e+00
0.00000000e+00
0.00000000e+00
3.25352497e-02
3.87662107e-01
-6.42555961e-01
-6.05960194e-01
-1.13231630e+00
-8.34785147e-01
-3.73436029e-01
-3.32702421e-01
4.33855534e-01
0.00000000e+00
-1.22660317e-01
2.72554635e-01
-8.15468973e-01
9.01944539e-01
-2.05983442e-01
3.80201625e-01
2.92726746e-01
-6.17927770e-01
8.85003505e-01
4.77623662e-01
2.24186639e-01
0.00000000e+00
0.00000000e+00
0.00000000e+00
-1.64447702e-02
5.14273864e-01
1.50240559e-01
5.71511602e-02
-8.06898663e-01
8.33539887e-01
1.36875463e-01
3.67859079e-01
3.91647401e-01
0.00000000e+00
-2.39089368e-01
-4.14664556e-01
-3.10887618e-02
-1.64227012e-01
1.97010557e-02
7.50984061e-02
1.08865221e-01
-7.18301553e-01
-4.01126886e-02
-2.38082105e-04
-8.08219473e-01
-2.42883217e-01
0.00000000e+00
-8.62031955e-01
6.69404048e-02
-7.40739504e-02
-2.17333497e-02
-1.47075917e-01
-6.28884987e-01
0.00000000e+00
0.00000000e+00
0.00000000e+00
-3.74323372e-01
5.94005356e-02
-1.25718183e-01
-3.44675124e-01
1.51997545e-01
-4.71848064e-01
-3.16477301e-01
2.67648339e-01
-2.28352715e-01
0.00000000e+00
-3.66964496e-01
6.74725703e-02
2.56331928e-02
-4.08768095e-01
1.22164618e-01
4.17830612e-02
1.01072359e-01
3.25269850e-01
3.62288467e-01
4.83511825e-01
-5.65336256e-01
9.47756368e-01
1.22331995e+00
2.64262033e-01
-8.11469471e-01
-2.11608585e-01
0.00000000e+00
-7.59379381e-01
-1.54718710e-03
3.84366585e-02
-1.13935411e-01
-1.36109833e-01
-5.99860886e-01
3.17507748e-02
-2.44497439e-01
-8.81289278e-02
-1.64534178e+00
0.00000000e+00
0.00000000e+00
0.00000000e+00
2.01057909e-01
6.46487436e-01
-2.65916037e-01
8.85266846e-03
-1.96952997e+00
8.08223994e-01
7.55865154e-01
-3.82050190e-01
4.13477650e-01
0.00000000e+00
7.74096544e-01
-6.99697615e-01
-1.70836321e+00
8.06119076e-01
-8.98031129e-01
7.58148964e-02
3.84458106e-01
-1.54310810e+00
2.60616161e-01
6.86284883e-01
2.81503794e-01
0.00000000e+00
0.00000000e+00
0.00000000e+00
3.80132295e-02
1.99219645e-01
6.03731955e-02
1.37844104e-01
-6.47064891e-01
-1.29160692e-01
3.09309135e-02
3.97259596e-01
-2.06905073e-01
0.00000000e+00
-2.45821413e-01
1.95639534e-01
3.30227329e-01
2.21810372e-02
-3.74530759e-02
2.61502657e-01
1.11720605e-01
-2.22266507e-01
1.05331867e-01
-1.20068267e-01
-7.66546047e-01
-2.15800620e-01
0.00000000e+00
0.00000000e+00
1.81780297e-02
-2.25361610e-04
-4.48062093e-02
-1.70769049e-01
-4.88243267e-01
0.00000000e+00
0.00000000e+00
0.00000000e+00
3.24235088e-01
-1.73916428e-01
2.81361890e-01
3.82945168e-01
4.51854058e-01
-8.45358308e-02
4.66712584e-02
-6.30969189e-01
-2.06828550e-01
0.00000000e+00
4.91541173e-01
8.89008023e-02
-2.42862790e-01
2.11340861e-01
-4.16028816e-01
-3.84660045e-01
-1.65634137e-02
-5.94155278e-02
-1.01340873e-01
-4.49972103e-01
-5.50745427e-01
0.00000000e+00
0.00000000e+00
-1.90062627e-01
-8.78795734e-01
-4.33000617e-01
0.00000000e+00
0.00000000e+00
0.00000000e+00
2.83247378e-02
-8.73176197e-02
-3.74007735e-01
-4.45795117e-01
0.00000000e+00
0.00000000e+00
0.00000000e+00
247
1.47368220e-01
-4.52761887e-02
1.92644409e-01
-5.56849377e-01
5.11573188e-01
-1.34952463e-02
-5.62792064e-01
-5.99833130e-01
0.00000000e+00
0.00000000e+00
-4.47244896e-01
-1.21939545e+00
7.81283276e-01
-9.83945360e-01
0.00000000e+00
0.00000000e+00
0.00000000e+00
0.00000000e+00
0.00000000e+00
0.00000000e+00
0.00000000e+00
0.00000000e+00
0.00000000e+00
0.00000000e+00
0.00000000e+00
0.00000000e+00
0.00000000e+00
0.00000000e+00
0.00000000e+00
0.00000000e+00
0.00000000e+00
0.00000000e+00
0.00000000e+00
0.00000000e+00
0.00000000e+00
0.00000000e+00
0.00000000e+00
0.00000000e+00
0.00000000e+00
0.00000000e+00
0.00000000e+00
0.00000000e+00
0.00000000e+00
-4.82982729e-01
5.06317879e-03
-2.84578644e-01
1.18648906e-02
9.14929593e-01
-4.77605446e-03
2.21179807e-01
-1.73019648e-01
9.92080612e-02
0.00000000e+00
0.00000000e+00
0.00000000e+00
0.00000000e+00
0.00000000e+00
0.00000000e+00
0.00000000e+00
2.36445742e+00
2.24916703e+00
7.80600474e-01
5.17669129e-02
3.81945394e-01
5.92057119e-01
-6.66650479e-01
-6.85023423e-01
4.95686769e-01
2.80569244e-01
5.05923452e-02
-1.01360709e+00
-7.94588446e-02
-2.40556762e+00
0.00000000e+00
0.00000000e+00
0.00000000e+00
0.00000000e+00
0.00000000e+00
0.00000000e+00
-2.97790972e-01
-5.11748021e-01
-2.01390020e-01
-9.50412622e-02
-1.45518723e-01
-8.50309816e-01
5.67378688e+00
5.97777346e+00
5.89476030e+00
5.74454030e+00
6.12902272e+00
5.72253376e+00
-8.60788159e-01
-1.03652953e-01
-5.54869375e-01
-4.03811959e-01
-1.95173308e-01
-1.72359254e-01
5.23519442e-01
-1.05488990e-01
7.88380085e-04
-4.73992527e-01
-8.83097389e-01
-5.52386799e-01
4.54695998e-01
0.00000000e+00
0.00000000e+00
0.00000000e+00
-3.07327778e-01
1.07438128e+00
0.00000000e+00
0.00000000e+00
-1.14518004e+00
-1.07190916e+00
-1.16238231e+00
-9.39416502e-01
-2.21708920e+00
0.00000000e+00
0.00000000e+00
0.00000000e+00
3.74091188e-02
6.80688373e-01
-1.24942401e+00
-9.93353526e-01
-5.62102281e-01
3.59278942e-01
-1.02780531e+00
4.32775700e-02
8.31131925e-01
0.00000000e+00
1.50464575e-01
3.93692911e-01
-2.91705750e-01
4.97596407e-01
2.28413818e-01
-1.95971679e-01
-6.51166985e-02
-1.54640868e+00
-1.83011390e-01
6.75856490e-01
-1.36684343e+00
-8.64861046e-01
0.00000000e+00
-1.49029549e-01
3.54989625e-01
2.22147709e-02
0.00000000e+00
0.00000000e+00
0.00000000e+00
6.48729481e-01
1.41783840e+00
9.08611158e-01
1.06711363e+00
0.00000000e+00
6.53990574e-01
9.70568400e-01
4.09722990e-01
1.03194658e+00
0.00000000e+00
7.40374715e-01
3.47372638e-01
0.00000000e+00
6.52728599e-01
5.68202186e-01
5.78867661e-01
6.98179284e-01
0.00000000e+00
1.16939142e+00
7.21109270e-01
-5.01982383e-01
1.15575258e+00
1.33818060e+00
5.06062915e-01
-8.50245767e-01
-2.80318992e-01
0.00000000e+00
1.46596755e-02
-4.01998667e-02
-5.69926775e-01
-7.01056582e-01
3.81284591e-01
-1.28711681e-01
-2.10179881e+00
0.00000000e+00
0.00000000e+00
0.00000000e+00
-1.34951119e-01
1.82280866e-01
-6.80100198e-01
4.53509066e-02
-4.92284334e-01
9.52459202e-02
4.96204913e-01
-1.19969681e-01
-1.29183952e-01
0.00000000e+00
5.32625597e-01
-2.53352528e-01
-1.08806155e+00
6.30911261e-01
-1.65723287e-01
-5.59260450e-02
-1.17947992e-01
-1.35546379e+00
5.24516879e-02
4.56094508e-01
-1.10624878e+00
-8.03825312e-01
0.00000000e+00
0.00000000e+00
6.08594124e-02
8.22787089e-01
0.00000000e+00
0.00000000e+00
0.00000000e+00
-7.85753160e-02
1.48428218e-01
1.93309333e-01
2.73581624e-01
1.31649669e-01
2.83464714e-01
2.38115293e-01
3.35927898e-01
-1.72520500e-01
0.00000000e+00
-3.16015157e-01
-3.16473647e-01
-1.61863893e-01
2.57180716e-01
-1.68058693e-01
2.90127178e-01
-3.84120261e-04
-2.71088483e-01
7.59856710e-02
7.99965854e-02
-3.02423466e-01
0.00000000e+00
0.00000000e+00
7.80683035e-02
-9.95550036e-01
-3.58557000e-01
0.00000000e+00
0.00000000e+00
0.00000000e+00
-6.36993036e-01
0.00000000e+00
0.00000000e+00
0.00000000e+00
0 -999999999 7 1 -1
1 0 1 1 -1
8.9958e-02 4.3218e-01
356
2.23093527e-01
0.00000000e+00
0.00000000e+00
0.00000000e+00
0.00000000e+00
0.00000000e+00
0.00000000e+00
0.00000000e+00
0.00000000e+00
0.00000000e+00
0.00000000e+00
0.00000000e+00
0.00000000e+00
0.00000000e+00
0.00000000e+00
0.00000000e+00
2.23093527e-01
0.00000000e+00
1.09305512e-01
-2.78495092e-02
-3.79845549e-01
1.46207832e-01
0.00000000e+00
0.00000000e+00
-1.08544473e-01
2.42064894e-01
7.37310639e-02
-2.77251009e-01
-5.03775979e-02
1.20536911e-02
1.47629419e-01
2.23093527e-01
0.00000000e+00
-3.54830199e-01
-3.39069449e-02
0.00000000e+00
-3.59660509e-02
2.14806697e-01
1.25273005e-01
3.63117029e-01
-2.61106881e-01
0.00000000e+00
0.00000000e+00
0.00000000e+00
0.00000000e+00
0.00000000e+00
0.00000000e+00
0.00000000e+00
0.00000000e+00
0.00000000e+00
0.00000000e+00
-2.23535948e-02
-2.27407458e-01
-9.07520308e-01
0.00000000e+00
0.00000000e+00
0.00000000e+00
0.00000000e+00
-1.45127813e-01
5.79041552e-01
5.21479161e-01
-2.89880161e-02
3.20943279e-01
-3.36917375e-01
-3.34702403e-01
-9.64686814e-01
0.00000000e+00
0.00000000e+00
-4.38041826e-01
-1.85847333e-04
4.57163611e-02
-1.68387219e-01
1.78162983e-03
-2.76719823e-01
1.69984390e-01
1.23398151e-03
-3.48994498e-01
6.59538181e-01
6.99434284e-04
-5.80544026e-01
-1.19389207e-01
1.19612825e-01
2.22869909e-01
0.00000000e+00
0.00000000e+00
0.00000000e+00
0.00000000e+00
0.00000000e+00
0.00000000e+00
0.00000000e+00
-8.39646695e-02
3.22486668e-01
2.63621810e-01
-5.79754339e-02
-9.52948795e-02
-1.95978689e-01
1.41549742e-01
-3.66260512e-02
-1.40517751e-01
-7.90820655e-02
3.31459048e-01
2.57514147e-01
0.00000000e+00
0.00000000e+00
3.29094109e+00
2.15191036e+00
2.02181782e-01
-1.08828773e-01
2.08896264e-01
6.52548393e-01
-2.89411588e-01
-2.20902027e-01
-3.13123149e-01
-4.81390168e-01
-4.70989538e-01
-1.04224959e+00
-5.71612490e-02
-1.14741791e+00
0.00000000e+00
0.00000000e+00
0.00000000e+00
0.00000000e+00
0.00000000e+00
0.00000000e+00
-4.77701213e-01
-4.41012035e-01
6.53756569e-03
-2.08560093e-01
1.09106477e-01
-9.17187535e-01
4.69043315e+00
4.87158559e+00
4.96208219e+00
4.79802849e+00
5.28252259e+00
4.99023728e+00
3.85347603e-01
3.56261568e-01
1.19388281e-01
-1.57013011e-02
2.70211425e-03
8.99390734e-02
3.10707670e-01
-1.59760460e-01
-3.76777347e-01
-5.85667055e-01
-7.22872294e-01
-7.72370099e-01
4.44484050e-01
0.00000000e+00
0.00000000e+00
0.00000000e+00
0.00000000e+00
0.00000000e+00
0.00000000e+00
0.00000000e+00
-2.21390523e-01
1.12151282e+00
-2.01536138e+00
0.00000000e+00
-7.12503728e-01
-8.61580942e-01
-3.39982447e-01
-1.06723589e+00
-1.05248617e+00
0.00000000e+00
0.00000000e+00
0.00000000e+00
-1.51525698e-01
1.89873791e-01
-7.12998221e-01
-4.08827229e-01
-9.43803955e-01
7.09028776e-01
-1.20925748e-01
-3.21356394e-01
9.83691642e-01
0.00000000e+00
2.23716944e-01
-5.30253497e-02
-4.99359655e-01
7.51850910e-01
1.60077498e-01
-1.20070704e-01
8.41694948e-02
-1.20166264e+00
9.76710564e-02
2.80989312e-01
8.78606615e-01
0.00000000e+00
0.00000000e+00
0.00000000e+00
2.52102453e-01
-4.37936934e-01
1.60207956e-02
6.23799315e-01
-2.18752580e-01
9.20037048e-02
4.30087102e-01
4.02695780e-01
-3.97610377e-01
0.00000000e+00
-1.11916267e-01
-1.99725615e-01
-3.67210437e-01
1.97717271e-01
-9.19564773e-02
2.56825340e-01
1.91280567e-01
-5.49735576e-01
7.30553200e-01
6.03653500e-02
-3.83516377e-01
-1.63293806e-01
2.43626535e-01
-3.82361288e-01
-2.40384289e-01
2.44392011e-01
-8.04632526e-03
-3.99639492e-01
-5.25221742e-01
0.00000000e+00
0.00000000e+00
0.00000000e+00
-2.01507809e-01
8.60903748e-01
1.80935163e-01
-6.55082088e-01
-6.97489596e-02
-5.99238294e-02
-4.93051495e-01
5.65117465e-01
1.14443537e+00
0.00000000e+00
-3.01077217e-01
-2.15262469e-01
1.46742331e-01
-8.97691790e-01
4.58241960e-03
-2.25337061e-01
1.08741892e-01
5.31370539e-02
-5.50713110e-01
7.95786447e-02
-2.20222571e-01
1.93475584e-01
3.63705680e-02
-2.61916928e-01
-6.68969798e-01
-5.49209922e-01
-2.78090260e-01
-1.40840993e-01
0.00000000e+00
1.64886195e-01
-1.91533812e-01
-5.22562304e-01
-1.19759876e-01
-4.24197152e-01
2.12532458e-01
0.00000000e+00
-1.92881683e+00
0.00000000e+00
0.00000000e+00
0.00000000e+00
4.31366040e-01
5.31319146e-02
-4.12814050e-01
4.75310959e-01
-2.22664131e+00
5.43072928e-01
8.18346658e-01
3.05507370e-01
-3.48275048e-02
0.00000000e+00
8.94002227e-01
-4.71736081e-01
-1.60937715e+00
6.94788922e-01
-1.47096373e-01
5.10380583e-01
1.58491043e-01
-2.41430603e+00
1.53098989e-01
3.50484032e-01
7.01195221e-01
0.00000000e+00
0.00000000e+00
0.00000000e+00
-1.38167837e-01
6.57012650e-01
-7.45910727e-02
2.08715499e-01
7.66777097e-01
-1.97571203e-01
3.43405480e-02
8.30397757e-02
-6.40783791e-02
0.00000000e+00
-3.09404574e-01
2.37709461e-01
2.15822996e-01
-1.06514403e-03
-1.03868560e+00
-1.62708992e-01
-2.20856792e-01
3.99133956e-01
1.48237911e-01
1.57534923e-01
-1.05475563e+00
-4.55690576e-01
0.00000000e+00
5.76462151e-01
3.43369371e-01
2.14885057e-01
-7.00010601e-02
-6.00574573e-01
-5.30034528e-01
0.00000000e+00
0.00000000e+00
0.00000000e+00
1.57401807e-01
-5.81394294e-01
3.26530285e-01
3.94900320e-01
-2.61698382e-01
-3.60867553e-02
3.28621227e-01
-8.10341828e-01
-9.28628965e-01
0.00000000e+00
6.41507726e-01
2.11938404e-01
-8.46802742e-02
4.09328363e-01
-1.92751169e-01
4.23194570e-02
-8.58398432e-02
1.87100169e-01
4.72812396e-02
-2.95542016e-01
-5.99065053e-01
0.00000000e+00
5.75695268e-01
3.28498722e-01
-8.74061204e-01
-4.05890366e-01
0.00000000e+00
-5.39592723e-01
-5.52289696e-02
2.34396642e-01
-5.45000104e-02
-5.85786998e-01
-4.68170838e-01
0.00000000e+00
0.00000000e+00
-6.92079215e-02
247
2.85616622e-01
0.00000000e+00
0.00000000e+00
0.00000000e+00
0.00000000e+00
0.00000000e+00
0.00000000e+00
0.00000000e+00
0.00000000e+00
4.73749758e-01
0.00000000e+00
0.00000000e+00
0.00000000e+00
0.00000000e+00
2.85616622e-01
0.00000000e+00
-2.67960938e-01
5.53577560e-01
3.65753408e-01
-9.10301459e-01
0.00000000e+00
0.00000000e+00
0.00000000e+00
-1.04557405e+00
-5.14959607e-01
5.74912762e-01
-2.51056954e-01
2.85616622e-01
0.00000000e+00
2.85616622e-01
0.00000000e+00
0.00000000e+00
8.88831439e-02
-7.06446299e-01
0.00000000e+00
0.00000000e+00
0.00000000e+00
0.00000000e+00
0.00000000e+00
0.00000000e+00
0.00000000e+00
-4.66867346e-01
2.78708259e-02
5.52872175e-01
-4.23790627e-03
1.55758410e-01
-2.22622889e-03
4.38533828e-02
-5.09912613e-04
-3.88564489e-01
2.28927071e-01
4.45254039e-01
0.00000000e+00
0.00000000e+00
0.00000000e+00
0.00000000e+00
0.00000000e+00
0.00000000e+00
0.00000000e+00
4.10649688e+00
2.98041532e+00
5.77372207e-01
9.58256067e-01
6.75792333e-01
1.64278472e-01
-5.07889544e-01
-1.22631279e+00
2.13005408e-01
-5.73849530e-02
-1.64646502e-01
-1.12145771e+00
-1.43753924e+00
-1.89435401e+00
0.00000000e+00
0.00000000e+00
0.00000000e+00
0.00000000e+00
0.00000000e+00
0.00000000e+00
-1.96130864e-01
-3.96314587e-01
-4.61860240e-01
-5.38917003e-01
-2.76478776e-01
-8.25097227e-01
5.43527865e+00
5.72204714e+00
5.78665368e+00
5.68187283e+00
5.88614430e+00
5.89179565e+00
4.35260389e-01
-1.67090123e-01
-3.17379856e-02
2.98935851e-02
-6.14207356e-01
-2.77679607e-01
4.12500259e-01
-1.31839628e-01
-2.16595382e-01
-2.40276141e-01
-2.23008704e-01
1.69184944e-01
6.41496746e-01
0.00000000e+00
0.00000000e+00
0.00000000e+00
-3.55880125e-01
-1.91878489e-02
-2.57824502e+00
0.00000000e+00
-9.85212921e-01
-2.57422315e-01
-1.05189025e+00
-7.25227464e-01
-1.24263524e+00
0.00000000e+00
0.00000000e+00
0.00000000e+00
-6.45760350e-03
-9.39001277e-01
-1.96298965e-01
-1.42471235e-01
-1.20455192e+00
1.58865541e-01
1.10745366e-01
-2.24707567e-01
-6.60068299e-01
0.00000000e+00
-1.31679203e-01
1.86242887e-01
-6.64004925e-01
9.39396487e-01
-7.49556300e-01
4.35651763e-01
6.19905544e-01
-6.25306956e-02
8.47679059e-01
4.40206104e-01
-6.22862638e-01
-4.83866419e-01
-2.55924442e-01
-7.89508713e-02
-3.48436106e-02
-3.35489216e-01
0.00000000e+00
0.00000000e+00
0.00000000e+00
6.35379936e-02
0.00000000e+00
-3.62037693e-01
6.89442427e-01
0.00000000e+00
6.99597167e-01
4.30029014e-01
2.62523205e-02
0.00000000e+00
0.00000000e+00
2.33787797e-01
0.00000000e+00
-4.65284210e-02
1.08566611e-01
-7.88418427e-02
-6.61271406e-02
-4.75514608e-01
0.00000000e+00
1.93630517e-01
-1.13682662e+00
-1.38996219e-01
-3.26151097e-01
-1.40162014e-01
-1.73022351e-01
-6.19772598e-01
-5.01346501e-01
-6.28308405e-01
1.41806595e-01
0.00000000e+00
-1.18426097e-01
-7.40326475e-01
6.99370119e-01
0.00000000e+00
-1.77711771e+00
0.00000000e+00
0.00000000e+00
0.00000000e+00
2.01284460e-01
3.80451800e-01
1.10522777e-01
1.95365023e-01
-2.72842709e+00
6.69927839e-01
6.64512533e-01
7.00426880e-02
1.57410450e-01
0.00000000e+00
4.23853262e-01
-8.38237787e-01
-8.72111825e-01
8.01770811e-01
-1.49164108e+00
6.04861096e-01
1.10410601e+00
-1.89787796e+00
-1.32125730e-02
6.80281858e-01
-8.98500648e-01
-6.52514356e-01
0.00000000e+00
3.28012838e-01
1.36784403e-01
7.24644558e-02
0.00000000e+00
0.00000000e+00
0.00000000e+00
-4.65380923e-01
1.11088057e+00
-3.51236337e-02
-3.86988563e-01
0.00000000e+00
7.82619096e-02
-2.96892716e-01
1.16346293e-01
8.87077939e-01
0.00000000e+00
-3.71579332e-01
8.81619056e-01
-3.02778196e-01
-4.77298943e-02
1.30749617e+00
-2.01215460e-01
-6.29171319e-01
-1.18832922e-01
-1.70212947e-01
-2.64315177e-01
-2.45986291e-01
0.00000000e+00
8.41574797e-02
-8.03671899e-02
-8.78617064e-01
-3.99375891e-01
0.00000000e+00
0.00000000e+00
-1.12865693e-01
-4.79241173e-01
0.00000000e+00
0.00000000e+00
-9.47431113e-02
3 2
7.2940e-01 9.0820e-02
2 -1
1 0 
217
-2.28252661e-02
-1.07507020e-01
-5.16997347e-01
-7.61929870e-01
-2.02610314e-01
1.01624266e+00
5.73529420e-01
-3.44188652e-01
1.02267452e-01
-5.52326908e-01
-7.62954297e-01
1.56903265e-01
2.66942472e-01
5.13036410e-02
0.00000000e+00
0.00000000e+00
0.00000000e+00
0.00000000e+00
0.00000000e+00
0.00000000e+00
0.00000000e+00
0.00000000e+00
0.00000000e+00
1.73800124e-02
-9.59541281e-04
1.14453454e-01
2.19322494e-01
-1.16217220e-02
-2.30526038e-01
0.00000000e+00
0.00000000e+00
0.00000000e+00
0.00000000e+00
0.00000000e+00
0.00000000e+00
0.00000000e+00
0.00000000e+00
-4.79148936e-02
2.50896275e-02
0.00000000e+00
0.00000000e+00
0.00000000e+00
0.00000000e+00
0.00000000e+00
0.00000000e+00
-2.14978518e-03
-4.57651084e-02
2.50896275e-02
0.00000000e+00
0.00000000e+00
0.00000000e+00
0.00000000e+00
0.00000000e+00
0.00000000e+00
0.00000000e+00
0.00000000e+00
0.00000000e+00
0.00000000e+00
0.00000000e+00
0.00000000e+00
2.50896275e-02
-4.57651084e-02
-2.14978518e-03
0.00000000e+00
-4.57651084e-02
-6.09530481e-02
1.09113015e-01
-2.06973139e-01
-8.61731725e-02
2.82710381e-02
-1.82148161e-01
1.79998375e-01
-9.38220649e-01
5.48187039e-02
8.25428768e-01
-7.54941848e-02
7.40138630e-02
0.00000000e+00
0.00000000e+00
0.00000000e+00
0.00000000e+00
0.00000000e+00
0.00000000e+00
0.00000000e+00
0.00000000e+00
0.00000000e+00
0.00000000e+00
0.00000000e+00
0.00000000e+00
0.00000000e+00
0.00000000e+00
0.00000000e+00
0.00000000e+00
0.00000000e+00
0.00000000e+00
0.00000000e+00
0.00000000e+00
0.00000000e+00
0.00000000e+00
0.00000000e+00
0.00000000e+00
0.00000000e+00
0.00000000e+00
0.00000000e+00
0.00000000e+00
0.00000000e+00
0.00000000e+00
0.00000000e+00
0.00000000e+00
0.00000000e+00
0.00000000e+00
0.00000000e+00
0.00000000e+00
0.00000000e+00
0.00000000e+00
0.00000000e+00
0.00000000e+00
0.00000000e+00
0.00000000e+00
1.17185913e+00
1.44142242e+00
-6.91986540e-01
0.00000000e+00
0.00000000e+00
0.00000000e+00
7.25853789e-02
7.80958785e-03
5.16002063e-02
-1.59857642e-01
-5.52175256e-01
1.49516399e-01
2.24453370e-01
-4.93565511e-01
-2.99838478e-01
0.00000000e+00
6.81974029e-01
-2.27435563e-01
-6.53829034e-01
5.15552195e-01
-2.88366027e-01
3.97332355e-01
-1.47136595e-01
-2.27120933e-01
3.31891283e-01
-7.53763030e-02
3.16742153e-01
0.00000000e+00
0.00000000e+00
0.00000000e+00
-1.52035729e-02
-2.97579380e-01
-2.64186560e-01
7.71367600e-02
-6.23789463e-01
-4.02623807e-01
3.53921209e-01
8.11871128e-02
2.10203834e-01
0.00000000e+00
-5.47539516e-01
1.18431550e-01
-2.21329794e-01
4.80103048e-01
-3.10417930e-01
8.59527402e-02
6.08489863e-01
1.69321877e-01
4.17284597e-01
3.97379582e-01
-4.64037961e-01
0.00000000e+00
0.00000000e+00
0.00000000e+00
6.38599691e-01
3.20599373e-01
2.70323731e-01
1.49183245e-01
-7.74977089e-01
5.53255117e-01
7.04875589e-01
9.72776910e-02
-2.45522249e-01
0.00000000e+00
2.38764583e-01
-8.51084482e-01
-8.95695214e-01
5.10845426e-01
-7.70358168e-01
-5.99795889e-02
6.66740425e-01
-7.10816679e-01
-3.08944378e-01
2.87501407e-03
5.32109612e-02
0.00000000e+00
0.00000000e+00
0.00000000e+00
-2.69616546e-01
2.87159269e-01
-2.20459826e-01
-1.13547918e-01
-5.11891643e-01
-1.17012939e-02
-2.17455025e-01
-9.70611138e-02
3.91967987e-01
0.00000000e+00
9.54062474e-02
3.92885876e-01
-3.20338976e-01
1.94903672e-01
4.87511110e-01
2.33664733e-01
-7.55688939e-02
-4.79891734e-01
1.33734061e-01
1.53510976e-01
136
-8.49760099e-01
0.00000000e+00
0.00000000e+00
0.00000000e+00
0.00000000e+00
6.03323285e-02
-2.66406692e-02
-8.80604618e-01
6.71531776e-05
-1.46484379e-01
-4.64735439e-01
-2.38540280e-01
0.00000000e+00
0.00000000e+00
0.00000000e+00
0.00000000e+00
0.00000000e+00
0.00000000e+00
0.00000000e+00
0.00000000e+00
-1.18008496e-01
-7.31751603e-01
0.00000000e+00
0.00000000e+00
0.00000000e+00
0.00000000e+00
0.00000000e+00
0.00000000e+00
1.66465216e-01
-2.84473712e-01
-7.31751603e-01
0.00000000e+00
0.00000000e+00
0.00000000e+00
0.00000000e+00
0.00000000e+00
0.00000000e+00
0.00000000e+00
0.00000000e+00
0.00000000e+00
0.00000000e+00
0.00000000e+00
0.00000000e+00
0.00000000e+00
0.00000000e+00
0.00000000e+00
0.00000000e+00
-2.84473712e-01
2.33501028e-01
3.25113849e-01
-3.84557287e-02
-9.16469408e-02
2.58112157e-01
1.29094726e+00
4.02461531e-01
-1.27419753e+00
0.00000000e+00
0.00000000e+00
0.00000000e+00
0.00000000e+00
-7.31751603e-01
-2.84473712e-01
1.66465216e-01
0.00000000e+00
0.00000000e+00
0.00000000e+00
0.00000000e+00
0.00000000e+00
0.00000000e+00
0.00000000e+00
0.00000000e+00
0.00000000e+00
0.00000000e+00
0.00000000e+00
0.00000000e+00
0.00000000e+00
0.00000000e+00
0.00000000e+00
0.00000000e+00
0.00000000e+00
0.00000000e+00
0.00000000e+00
0.00000000e+00
0.00000000e+00
0.00000000e+00
0.00000000e+00
7.81359753e-01
6.17987999e-01
-4.37865598e-01
0.00000000e+00
0.00000000e+00
0.00000000e+00
2.96745818e-01
4.40444738e-01
-2.87890377e-01
-2.37372060e-01
-1.43253767e+00
-1.27400115e-01
7.63750877e-02
-1.89071120e-01
2.36317512e-01
0.00000000e+00
1.78219582e-01
9.19873700e-01
-9.78265264e-01
7.96747002e-01
-2.83114273e-01
2.41505000e-01
3.28804448e-01
-1.14066412e+00
3.25199065e-01
3.98217446e-01
-7.81290635e-01
0.00000000e+00
0.00000000e+00
0.00000000e+00
8.25119749e-02
3.95880873e-01
-2.34061297e-01
-3.65156210e-02
-1.70407501e+00
6.13536834e-01
5.89716058e-01
1.74508378e-01
2.79710625e-01
0.00000000e+00
3.84339419e-01
-4.42902359e-01
-1.37500081e+00
7.45820718e-01
1.34433044e-01
2.06805546e-01
4.26676676e-01
-1.74076200e+00
1.97277437e-01
5.20808873e-01
2 1
3.9396e-01 2.4503e-01
3 1
1 0 3 
217
3.65158360e-01
-6.66249564e-03
-6.02296125e-01
-1.19966266e-01
-1.62514331e-01
1.05833660e+00
6.71260859e-01
-2.74818985e-01
3.80836593e-01
-6.04289070e-01
-4.91377570e-01
-1.87738181e-01
0.00000000e+00
0.00000000e+00
0.00000000e+00
0.00000000e+00
0.00000000e+00
-8.55914382e-01
1.76832522e-02
2.20456699e-02
9.81898086e-01
-9.91289870e-03
-4.41296594e-02
2.39174655e-01
4.61784203e-03
-1.67135336e-01
-1.73567814e-01
3.59132788e-01
1.79593386e-01
0.00000000e+00
0.00000000e+00
0.00000000e+00
0.00000000e+00
0.00000000e+00
0.00000000e+00
0.00000000e+00
0.00000000e+00
-1.79482870e-01
1.55726402e-01
3.88914828e-01
0.00000000e+00
0.00000000e+00
0.00000000e+00
0.00000000e+00
0.00000000e+00
-1.56851541e-01
-2.26313291e-02
9.93555327e-02
0.00000000e+00
1.21654963e-01
-6.52840939e-02
3.88914828e-01
0.00000000e+00
0.00000000e+00
0.00000000e+00
0.00000000e+00
0.00000000e+00
0.00000000e+00
0.00000000e+00
0.00000000e+00
4.22986267e-01
-2.26313291e-02
-3.51965784e-02
0.00000000e+00
-8.79154230e-02
-7.92380335e-02
2.99894178e-01
-3.59834029e-01
1.53179605e-01
1.04674430e+00
-1.42631471e-01
1.07434892e-01
-1.53310109e+00
3.52388507e-01
8.00146574e-01
4.79664311e-02
1.00815746e+00
0.00000000e+00
-8.01273376e-02
-4.45561604e-01
1.40004381e-01
4.23044203e-01
3.05281316e-01
6.15359291e-01
0.00000000e+00
0.00000000e+00
0.00000000e+00
0.00000000e+00
0.00000000e+00
0.00000000e+00
0.00000000e+00
0.00000000e+00
0.00000000e+00
0.00000000e+00
0.00000000e+00
0.00000000e+00
0.00000000e+00
0.00000000e+00
0.00000000e+00
0.00000000e+00
0.00000000e+00
0.00000000e+00
0.00000000e+00
0.00000000e+00
0.00000000e+00
0.00000000e+00
0.00000000e+00
0.00000000e+00
0.00000000e+00
0.00000000e+00
0.00000000e+00
0.00000000e+00
0.00000000e+00
0.00000000e+00
0.00000000e+00
0.00000000e+00
0.00000000e+00
0.00000000e+00
0.00000000e+00
5.26025004e-01
7.48123657e-01
-6.42168365e-01
0.00000000e+00
0.00000000e+00
0.00000000e+00
1.57110931e-01
4.80905512e-01
-2.09094218e-01
-2.68232736e-01
-8.46179695e-01
-2.34527312e-01
-4.66579460e-01
-2.24078565e-01
2.32585630e-01
0.00000000e+00
6.00909033e-01
2.02768687e-01
-1.28059897e+00
6.15374875e-01
2.30564781e-02
3.33485729e-01
4.42244639e-01
-9.47829201e-01
4.71683323e-01
2.74826961e-01
3.39302558e-02
0.00000000e+00
0.00000000e+00
0.00000000e+00
-1.03028949e-01
2.01146390e-01
-2.35282692e-01
2.90707730e-02
-7.20274971e-01
3.48685976e-01
6.04753109e-01
3.39961744e-01
1.41752376e-01
0.00000000e+00
-5.39643962e-01
8.49323149e-01
-9.88632946e-02
1.16744165e-01
-5.63785051e-01
-1.74533568e-01
2.48344314e-01
-4.22330828e-01
-3.07344227e-01
3.19235801e-01
-7.91805424e-01
0.00000000e+00
0.00000000e+00
0.00000000e+00
6.62802941e-03
6.98680096e-01
-2.40270490e-01
2.33591291e-02
-1.09984364e+00
6.36423207e-01
6.52609547e-01
2.35950753e-01
-1.72431418e-01
0.00000000e+00
-4.44982708e-01
-4.58681750e-01
-1.34638131e+00
9.48324251e-01
3.50666295e-01
4.81258689e-01
-3.16294720e-01
-1.45734241e+00
4.81738664e-01
2.28784364e-01
9.66363105e-02
0.00000000e+00
0.00000000e+00
0.00000000e+00
-3.75443653e-02
-4.05996840e-01
-3.11295691e-02
1.81526924e-01
-8.09125505e-01
5.97995469e-02
-8.70705159e-02
2.44250566e-01
4.06468559e-01
0.00000000e+00
4.13426002e-01
4.63068642e-01
-5.14896689e-01
1.23655946e-01
-3.43842334e-01
-1.29572161e-01
4.27469169e-01
-2.71963072e-02
2.27554611e-02
1.40589783e-01
136
-3.97844880e-01
0.00000000e+00
0.00000000e+00
-2.94357738e-01
2.83344154e-03
1.25541987e-01
-4.66265609e-03
-2.29029130e-01
-7.59673334e-04
-7.96785344e-02
-2.12032476e-01
-1.06133870e-01
0.00000000e+00
0.00000000e+00
0.00000000e+00
0.00000000e+00
0.00000000e+00
0.00000000e+00
0.00000000e+00
0.00000000e+00
-2.71897827e-01
-1.11451538e-01
-1.44955158e-02
0.00000000e+00
0.00000000e+00
0.00000000e+00
0.00000000e+00
0.00000000e+00
1.87135790e-01
-4.59033617e-01
-5.33828586e-01
0.00000000e+00
3.74108920e-01
4.82681285e-02
-1.44955158e-02
0.00000000e+00
0.00000000e+00
0.00000000e+00
0.00000000e+00
0.00000000e+00
0.00000000e+00
0.00000000e+00
0.00000000e+00
0.00000000e+00
0.00000000e+00
0.00000000e+00
0.00000000e+00
-4.10765488e-01
4.03348580e-02
5.24181372e-02
2.95461694e-02
9.91393892e-02
4.62105321e-01
1.12204987e+00
3.82534176e-01
-1.00271144e+00
0.00000000e+00
-8.05726413e-01
2.89885602e-01
-2.26735820e-01
-8.94775119e-01
-4.59033617e-01
5.61244710e-01
0.00000000e+00
0.00000000e+00
0.00000000e+00
0.00000000e+00
0.00000000e+00
0.00000000e+00
0.00000000e+00
0.00000000e+00
0.00000000e+00
0.00000000e+00
0.00000000e+00
0.00000000e+00
0.00000000e+00
0.00000000e+00
0.00000000e+00
0.00000000e+00
0.00000000e+00
0.00000000e+00
0.00000000e+00
0.00000000e+00
0.00000000e+00
0.00000000e+00
0.00000000e+00
9.60158558e-01
8.01170247e-01
-3.35701762e-01
0.00000000e+00
0.00000000e+00
0.00000000e+00
2.74365969e-01
3.30669172e-01
-2.23537267e-01
-9.98488015e-02
-1.40740425e+00
-3.07104831e-01
9.63102104e-02
-2.55568879e-01
1.41530446e-01
0.00000000e+00
4.45901171e-02
4.59060945e-01
-1.06164173e+00
8.56199936e-01
-2.69292616e-01
4.29383142e-01
4.12796230e-01
-7.69641449e-01
5.48319419e-01
4.65112483e-01
-6.94985203e-01
0.00000000e+00
0.00000000e+00
0.00000000e+00
1.63396685e-01
6.16121838e-01
-1.69850441e-01
-8.03583893e-02
-1.72951740e+00
6.43395129e-01
5.78473775e-01
1.06014445e-02
3.53434426e-01
0.00000000e+00
4.81693728e-01
-5.18402320e-01
-1.29580509e+00
7.01798600e-01
1.91683811e-01
2.43703652e-01
4.54426508e-01
-1.91425939e+00
9.58539746e-03
5.64892830e-01
8 2
3.5328e-01 3.1547e-01
4 3
1 0 3 2 
217
2.35885008e-01
1.15783969e-01
-7.38848303e-01
-8.27280522e-02
8.40392252e-02
1.81043845e-01
2.92122672e-01
-3.24337439e-01
1.20720901e-02
-8.02578764e-02
-2.79151265e-02
-6.26361538e-02
0.00000000e+00
0.00000000e+00
0.00000000e+00
0.00000000e+00
0.00000000e+00
0.00000000e+00
0.00000000e+00
0.00000000e+00
0.00000000e+00
0.00000000e+00
0.00000000e+00
4.16450118e-01
-7.00958995e-04
-2.12321345e-01
2.42293750e-01
4.08045307e-02
-4.72132727e-02
0.00000000e+00
0.00000000e+00
0.00000000e+00
0.00000000e+00
0.00000000e+00
0.00000000e+00
0.00000000e+00
0.00000000e+00
-8.08733341e-02
-2.05280560e-01
6.87171237e-02
4.53321779e-01
0.00000000e+00
0.00000000e+00
0.00000000e+00
0.00000000e+00
-3.20118596e-02
-4.88614744e-02
-1.05855265e-01
0.00000000e+00
2.72934717e-01
-2.10330785e-01
-1.22794177e-02
0.00000000e+00
-1.93147909e-01
3.11186815e-02
2.09454526e-01
0.00000000e+00
-2.21452602e-02
-1.06312725e-01
4.53321779e-01
2.59116795e-01
-4.88614744e-02
2.56296879e-02
0.00000000e+00
-3.34386302e-01
-1.84194505e-02
3.70630117e-01
-2.20425925e-01
1.99641193e-01
5.91228475e-01
-3.33179399e-02
5.89476277e-02
-9.07315887e-01
1.58111887e-01
7.02854916e-01
5.21434331e-02
4.22119974e-01
0.00000000e+00
-1.39303301e-01
-7.23826298e-01
1.96130802e-01
9.74406476e-02
1.79057507e-01
4.54367592e-01
0.00000000e+00
-1.36404084e-01
-7.72661008e-02
1.38220245e-01
-2.08303646e-01
2.34068848e-01
1.13734030e-01
0.00000000e+00
0.00000000e+00
0.00000000e+00
0.00000000e+00
0.00000000e+00
0.00000000e+00
0.00000000e+00
0.00000000e+00
0.00000000e+00
0.00000000e+00
0.00000000e+00
0.00000000e+00
0.00000000e+00
0.00000000e+00
0.00000000e+00
0.00000000e+00
0.00000000e+00
0.00000000e+00
0.00000000e+00
0.00000000e+00
0.00000000e+00
0.00000000e+00
0.00000000e+00
0.00000000e+00
0.00000000e+00
0.00000000e+00
0.00000000e+00
0.00000000e+00
1.33073378e+00
1.56846205e+00
-3.87036279e-01
0.00000000e+00
0.00000000e+00
0.00000000e+00
1.84651567e-02
-1.34166914e-01
-4.00875591e-01
-8.58405465e-01
-3.13194744e-01
-2.91802230e-01
4.84208229e-01
-1.45605593e-01
-9.55835799e-02
0.00000000e+00
7.57477042e-01
-7.94001302e-01
-6.90561610e-01
3.99713064e-01
6.84185475e-02
4.04016850e-01
7.74026891e-01
-2.11184277e-01
4.24778087e-01
2.17241159e-01
2.90561577e-01
0.00000000e+00
0.00000000e+00
0.00000000e+00
1.27887659e-01
-1.37847668e-01
-5.97375866e-02
4.08193851e-01
-4.48527195e-01
1.49003517e-01
-9.71181471e-02
-1.46970985e-01
-7.43160516e-02
0.00000000e+00
-6.45047688e-01
3.29545246e-01
-2.49295771e-01
4.97010958e-01
-2.17820936e-01
2.12118529e-02
9.47659309e-02
8.04488234e-02
3.33512812e-01
3.25662955e-01
-5.06297883e-01
0.00000000e+00
0.00000000e+00
0.00000000e+00
3.58733566e-01
3.45222807e-01
3.59958367e-01
4.31249230e-01
-8.03462785e-01
3.33575756e-01
1.07076010e+00
1.46945958e-01
-4.18913877e-01
0.00000000e+00
3.94017180e-01
-8.77906218e-01
-8.63114930e-01
5.33214161e-01
-1.00246540e+00
-2.92603857e-01
3.98086192e-01
-6.72359383e-01
-1.60208807e-01
2.12974056e-01
9.41852347e-02
0.00000000e+00
0.00000000e+00
0.00000000e+00
-1.41601775e-01
3.69147202e-01
-3.30374148e-01
-2.01204782e-01
-6.26071754e-01
-2.98567150e-02
-3.95550492e-01
-8.42102858e-02
6.00550917e-01
0.00000000e+00
-8.44859950e-02
4.70179287e-01
-3.68108670e-01
5.63178943e-02
7.35845336e-01
4.26496591e-01
7.13151591e-02
-5.34264415e-01
1.32546878e-01
2.75150039e-02
136
-4.32291768e-01
0.00000000e+00
0.00000000e+00
0.00000000e+00
0.00000000e+00
1.65224955e-02
-2.01680413e-02
-4.51243080e-01
5.30578707e-05
-1.57667710e-02
-2.75297654e-01
-1.41227343e-01
0.00000000e+00
0.00000000e+00
0.00000000e+00
0.00000000e+00
0.00000000e+00
0.00000000e+00
0.00000000e+00
0.00000000e+00
-3.89054140e-02
-2.58413233e-01
-1.41282209e-01
6.30908791e-03
0.00000000e+00
0.00000000e+00
0.00000000e+00
0.00000000e+00
2.93220689e-01
-3.32126103e-01
-2.83251147e-01
0.00000000e+00
1.89569527e-01
1.47895843e-01
-3.68775027e-01
0.00000000e+00
-1.70850761e-01
-1.41776694e-01
-1.36052060e-01
0.00000000e+00
7.77176778e-02
2.85827200e-01
6.30908791e-03
0.00000000e+00
0.00000000e+00
0.00000000e+00
0.00000000e+00
-4.01797545e-02
1.85313735e-01
1.59681700e-01
-3.04587046e-02
2.98222076e-02
3.59834924e-01
1.09801485e+00
2.70422064e-01
-1.06723879e+00
0.00000000e+00
-7.70836076e-01
3.58185727e-01
-8.50669253e-02
-8.33956515e-01
-3.32126103e-01
3.61909140e-02
-3.77880894e-01
2.50720677e-01
-6.70028651e-03
0.00000000e+00
0.00000000e+00
0.00000000e+00
0.00000000e+00
0.00000000e+00
0.00000000e+00
0.00000000e+00
0.00000000e+00
0.00000000e+00
0.00000000e+00
0.00000000e+00
0.00000000e+00
0.00000000e+00
0.00000000e+00
0.00000000e+00
0.00000000e+00
0.00000000e+00
0.00000000e+00
0.00000000e+00
0.00000000e+00
7.98428943e-01
7.42798448e-01
-4.06569163e-01
0.00000000e+00
0.00000000e+00
0.00000000e+00
2.29642866e-01
4.43819309e-01
-3.34185051e-01
-1.65711657e-01
-1.49630826e+00
-2.22208623e-01
7.44238539e-02
-1.52836724e-01
1.82739731e-01
0.00000000e+00
4.50628613e-02
8.66830320e-01
-1.10610386e+00
7.83740519e-01
-3.30295792e-01
3.38454014e-01
3.88919185e-01
-9.04523748e-01
4.67338581e-01
4.84633319e-01
-6.99248266e-01
0.00000000e+00
0.00000000e+00
0.00000000e+00
1.29342129e-01
4.51821054e-01
-2.50923182e-01
-4.37414234e-03
-1.65691957e+00
6.96978711e-01
4.86917733e-01
1.83159994e-01
3.11252739e-01
0.00000000e+00
4.34282597e-01
-4.05724599e-01
-1.36559073e+00
7.20867050e-01
2.92362907e-02
2.00768812e-01
4.62566585e-01
-1.79101353e+00
1.26920553e-01
5.41183244e-01
7 1
1.8415e-02 4.0685e-01
5 1
1 0 3 2 8 
217
-5.75048534e-01
-9.49612486e-02
3.17561140e-01
-2.00437883e-01
-8.33391099e-01
9.15924126e-01
5.08530872e-02
-9.92908871e-03
8.28750766e-02
1.02532350e-01
1.25061981e-01
-2.96875557e-03
0.00000000e+00
0.00000000e+00
0.00000000e+00
0.00000000e+00
0.00000000e+00
-3.46807094e-01
1.03667925e-02
1.31671035e-01
-8.66559849e-02
-1.47976468e-05
8.53086722e-01
-1.41585455e-01
1.16353597e-03
6.10714447e-01
-3.79628893e-02
-3.21597613e-01
-2.15488031e-01
0.00000000e+00
0.00000000e+00
0.00000000e+00
0.00000000e+00
0.00000000e+00
0.00000000e+00
0.00000000e+00
0.00000000e+00
-4.75505989e-01
-1.84727574e-01
-1.44150386e-01
1.80920695e-02
2.11243345e-01
0.00000000e+00
0.00000000e+00
0.00000000e+00
5.04464817e-02
-2.58721904e-01
-1.89231858e-01
0.00000000e+00
-5.40613862e-02
-9.93905094e-02
-7.21289558e-02
0.00000000e+00
-3.88335934e-01
-1.91218908e-01
5.08083199e-01
0.00000000e+00
-4.70589033e-01
7.87394772e-02
5.11360796e-01
-1.39318927e-01
4.26810264e-01
-8.62539871e-01
0.00000000e+00
-4.70591844e-01
-4.19665434e-02
1.08521622e-01
-1.28072792e-01
-2.12978312e-01
9.40095012e-01
-6.33860032e-01
-2.28679839e-01
-6.06968718e-01
1.33769317e-01
4.80166323e-01
1.53722021e-01
8.84704151e-01
0.00000000e+00
-4.68978923e-01
-6.61295342e-01
-3.19615050e-02
4.56546904e-01
-7.41081064e-02
3.26250932e-01
0.00000000e+00
-6.23088131e-01
-1.44884740e-01
2.74082370e-01
-8.44847270e-01
-2.26042772e-01
-9.49624599e-02
0.00000000e+00
-3.01216609e-01
-1.72049741e-01
-1.11912393e-01
-8.96404781e-02
-1.61919532e-01
3.49964393e-03
0.00000000e+00
0.00000000e+00
0.00000000e+00
0.00000000e+00
0.00000000e+00
0.00000000e+00
0.00000000e+00
0.00000000e+00
0.00000000e+00
0.00000000e+00
0.00000000e+00
0.00000000e+00
0.00000000e+00
0.00000000e+00
0.00000000e+00
0.00000000e+00
0.00000000e+00
0.00000000e+00
0.00000000e+00
0.00000000e+00
0.00000000e+00
7.88753284e-01
6.78441170e-01
-1.53224076e-01
0.00000000e+00
0.00000000e+00
0.00000000e+00
-1.17441958e-01
5.65801920e-01
-1.01951640e+00
-4.03084311e-01
-8.63664017e-01
2.71202443e-02
-3.92939180e-03
-6.45867118e-01
4.51255512e-01
0.00000000e+00
-1.32068952e-01
1.03409482e+00
-1.04410342e+00
1.40618406e+00
5.89072638e-03
1.11624092e-01
2.31856885e-01
-8.27248144e-01
7.74304247e-01
2.95567122e-01
-2.05962958e-01
0.00000000e+00
0.00000000e+00
0.00000000e+00
2.20827226e-01
1.81860468e-01
5.68937649e-01
1.24956349e-01
-4.00881522e-01
-1.33556396e-01
7.19417236e-02
4.20896174e-01
3.44940612e-03
0.00000000e+00
1.36507932e-01
-3.51960497e-01
1.25565514e-01
-2.60206432e-01
-3.60844367e-01
6.29160411e-02
-6.75910428e-02
-5.38419448e-02
-5.17077727e-01
2.21384899e-02
-6.96853925e-01
0.00000000e+00
0.00000000e+00
0.00000000e+00
-2.40620425e-01
5.50060447e-01
-2.21646093e-01
1.74621953e-01
-1.07954192e+00
4.75498149e-01
3.49071389e-01
2.02617257e-01
7.20234963e-02
0.00000000e+00
-9.36110632e-02
-1.85708783e-01
-1.04260625e+00
7.45832757e-01
-1.66754092e-01
1.90243375e-01
4.88537421e-01
-1.40970148e+00
1.89758823e-01
3.05071115e-01
-3.52525715e-02
0.00000000e+00
0.00000000e+00
0.00000000e+00
3.66913189e-01
-3.33417010e-01
-1.82104238e-01
1.05300596e-01
-9.18838347e-01
3.15842153e-01
5.67612302e-02
-4.48552488e-02
9.23039323e-02
0.00000000e+00
3.88317782e-01
6.16965822e-02
-3.32932623e-01
-3.75803320e-02
4.03120061e-01
-6.02431303e-04
-2.04457742e-01
6.99267969e-02
8.32700297e-02
7.60830486e-02
136
-1.16868348e-01
0.00000000e+00
0.00000000e+00
7.70105201e-01
-2.00751017e-02
-3.64690716e-01
1.56246921e-03
-5.22282833e-01
1.48937146e-03
1.41498173e-01
-1.17923683e-01
-1.40442838e-01
0.00000000e+00
0.00000000e+00
0.00000000e+00
0.00000000e+00
0.00000000e+00
0.00000000e+00
0.00000000e+00
0.00000000e+00
-2.08718190e-01
-1.36503005e-01
6.02345396e-02
7.54765472e-02
9.26417599e-02
0.00000000e+00
0.00000000e+00
0.00000000e+00
4.10284633e-01
-8.08901685e-02
-2.53936616e-01
0.00000000e+00
1.98389007e-01
-1.35393231e-01
-2.49156939e-01
0.00000000e+00
-3.82095555e-01
-2.51212358e-01
-4.66004109e-02
0.00000000e+00
1.68414320e-01
1.81680835e-01
3.23648136e-01
0.00000000e+00
0.00000000e+00
0.00000000e+00
0.00000000e+00
-2.85814923e-01
3.04472191e-01
8.71491588e-03
-9.81360222e-02
1.67500276e-01
2.27492130e-01
8.61030710e-01
1.66008472e-01
-1.26743559e+00
0.00000000e+00
-6.04450476e-01
3.94835888e-01
-1.23203741e-01
-4.91935936e-01
-3.15638674e-01
2.84289092e-01
-3.98025149e-01
2.82239503e-01
-9.97665820e-03
0.00000000e+00
-4.42459839e-01
-6.89832379e-02
-8.12079919e-02
-4.81887396e-02
0.00000000e+00
0.00000000e+00
0.00000000e+00
0.00000000e+00
0.00000000e+00
0.00000000e+00
0.00000000e+00
0.00000000e+00
0.00000000e+00
0.00000000e+00
0.00000000e+00
0.00000000e+00
0.00000000e+00
0.00000000e+00
0.00000000e+00
8.02498101e-01
9.21246527e-01
-4.22931953e-01
0.00000000e+00
0.00000000e+00
0.00000000e+00
1.94703233e-01
2.29928975e-01
-3.10505835e-01
-1.21970291e-01
-1.43882667e+00
1.30305654e-01
9.20335136e-02
-2.38663105e-01
2.43591453e-01
0.00000000e+00
-2.70828084e-02
7.95696660e-01
-1.17979129e+00
7.00501802e-01
-2.57209200e-01
3.14972522e-01
4.40831528e-01
-9.25739595e-01
4.30981172e-01
5.03310326e-01
-6.51510499e-01
0.00000000e+00
0.00000000e+00
0.00000000e+00
6.91460365e-02
5.64135401e-01
-1.41974901e-01
-1.02782230e-01
-1.58195814e+00
5.54675610e-01
5.88471826e-01
1.27666714e-01
3.20990453e-01
0.00000000e+00
3.55466019e-01
-4.72428935e-01
-1.33446196e+00
7.59229609e-01
8.78550664e-03
2.94307399e-01
5.62665436e-01
-1.80543481e+00
2.90803487e-02
5.52910122e-01
13 1
-1.3591e-01 4.2481e-01
6 1
1 0 3 2 8 7 
217
-3.34352160e-01
-3.09355040e-01
1.20267704e-02
-1.66108762e-01
-2.09715403e-01
4.40114628e-01
-3.56214979e-02
-4.68316255e-02
-3.23744313e-02
1.56758931e-01
-5.66408276e-02
3.56539249e-02
0.00000000e+00
0.00000000e+00
0.00000000e+00
0.00000000e+00
0.00000000e+00
-2.09917424e+00
4.28482873e-02
1.95944976e-01
1.39434515e+00
-7.04077462e-03
-6.55906412e-02
3.70476931e-01
2.85421695e-03
1.85048679e-01
-3.88758238e-01
-9.70571082e-02
1.51463186e-01
0.00000000e+00
0.00000000e+00
0.00000000e+00
0.00000000e+00
0.00000000e+00
0.00000000e+00
0.00000000e+00
0.00000000e+00
1.74804550e-01
-3.95724870e-01
-2.74043117e-01
1.34034088e-02
-1.55102587e-02
1.62718127e-01
0.00000000e+00
0.00000000e+00
9.83301653e-02
6.25012395e-02
-1.50306216e-02
0.00000000e+00
1.14492527e-01
-2.71504653e-01
-2.73276851e-01
0.00000000e+00
-3.53082458e-01
-5.43342103e-01
2.45199076e-01
0.00000000e+00
-1.55468561e-01
2.27932225e-01
5.28897855e-01
4.22941413e-01
-4.61565246e-01
-2.95728328e-01
0.00000000e+00
-5.24413291e-01
1.97353278e-01
2.13187684e-01
1.19000986e-02
-2.31265527e-02
1.06312591e+00
-3.26995083e-01
3.12667550e-02
-1.26335845e+00
-5.88765580e-02
7.95121152e-01
2.02527257e-02
9.82136290e-01
0.00000000e+00
-5.05424702e-01
-1.20261457e-01
1.75604518e-01
3.74704427e-01
-4.53197610e-03
1.53395907e-01
0.00000000e+00
-2.84488193e-01
-2.15779075e-02
1.29793238e-01
-7.01777766e-01
-1.79657204e-01
-1.62870858e-01
0.00000000e+00
-2.09404617e-01
-4.88402992e-02
2.34241994e-01
-4.14315914e-01
-3.59189537e-01
-3.81523553e-01
0.00000000e+00
2.99749610e-01
-1.54348916e-01
-2.77055688e-01
-5.58898106e-01
-3.57046083e-01
-2.11062667e-01
0.00000000e+00
0.00000000e+00
0.00000000e+00
0.00000000e+00
0.00000000e+00
0.00000000e+00
0.00000000e+00
0.00000000e+00
0.00000000e+00
0.00000000e+00
0.00000000e+00
0.00000000e+00
0.00000000e+00
0.00000000e+00
1.05638825e+00
6.96573233e-01
-7.16965315e-01
0.00000000e+00
0.00000000e+00
0.00000000e+00
7.85641434e-02
6.31485188e-01
-1.01458555e-01
1.26003325e-01
-5.17989429e-02
-1.82426019e-02
6.42968130e-01
1.29162650e-01
-3.25011407e-01
0.00000000e+00
4.81709336e-01
9.80372307e-01
-1.16297112e+00
8.02984222e-01
3.67920164e-01
8.76625748e-01
7.28047174e-01
-3.27151335e-02
5.11618822e-01
6.59580932e-01
-3.98252208e-01
0.00000000e+00
0.00000000e+00
0.00000000e+00
5.29378114e-01
6.87072873e-01
2.28725949e-01
5.66967917e-01
-6.81037865e-02
6.53573775e-01
2.93944907e-01
3.59041013e-01
5.29498697e-01
0.00000000e+00
1.40330885e-02
8.62972128e-01
6.98648691e-01
4.73210007e-01
-2.96788609e-01
1.00532418e-01
6.95087585e-01
-5.28261771e-01
-1.95891873e-01
3.92567408e-01
-8.51596690e-01
0.00000000e+00
0.00000000e+00
0.00000000e+00
-5.81904275e-01
8.40714072e-01
-5.13839936e-01
-7.77215028e-02
-1.23337186e+00
1.11199431e+00
6.74417420e-01
5.14453071e-02
4.58849131e-01
0.00000000e+00
-1.69820982e-01
-4.60972367e-01
-1.45293832e+00
6.69436881e-01
-3.05222139e-02
2.21619995e-01
3.18578581e-01
-1.33830574e+00
4.86617942e-01
1.74126873e-01
9.92584464e-02
0.00000000e+00
0.00000000e+00
0.00000000e+00
3.79782527e-01
-4.67899606e-01
1.13869135e-01
5.92613901e-02
6.27130419e-02
-2.79629371e-01
-1.83093285e-01
1.53847308e-01
-1.85118700e-01
0.00000000e+00
2.61495974e-01
6.68232684e-01
-4.27519203e-01
2.31225502e-01
-7.49077731e-02
-6.02616447e-02
-6.99394320e-02
-9.07633405e-02
1.18565101e-02
-3.89326993e-03
136
-3.44097018e-01
0.00000000e+00
0.00000000e+00
1.59846385e-01
-8.10715927e-03
-1.01613604e-01
-3.35232698e-03
-4.02329799e-01
-5.56784800e-04
-8.10517587e-02
-1.82412344e-01
-8.06329151e-02
0.00000000e+00
0.00000000e+00
0.00000000e+00
0.00000000e+00
0.00000000e+00
0.00000000e+00
0.00000000e+00
0.00000000e+00
2.67075135e-01
-2.46297570e-01
-2.09466470e-01
-1.20386810e-01
-1.47245822e-01
1.12224520e-01
0.00000000e+00
0.00000000e+00
9.10386551e-02
2.42334120e-01
-4.28460796e-01
0.00000000e+00
2.38485199e-01
-4.25911793e-02
-3.89279808e-01
0.00000000e+00
-2.90766591e-01
-2.50069048e-01
-9.91824780e-02
0.00000000e+00
2.81169642e-01
1.16814979e-01
1.86410287e-01
0.00000000e+00
0.00000000e+00
0.00000000e+00
0.00000000e+00
6.64888722e-02
2.37958624e-01
1.38868447e-01
1.14751599e-01
5.63500375e-02
2.63576867e-01
1.03682419e+00
2.54387775e-01
-9.53972233e-01
0.00000000e+00
-7.35106138e-01
3.25081784e-01
-1.07107750e-01
-7.57045788e-01
-1.53426121e+00
3.14530957e-02
-3.28400172e-01
2.61167405e-01
-2.37310621e-01
0.00000000e+00
-6.41508376e-01
-5.16969870e-02
-8.84326619e-02
-1.07775888e-01
0.00000000e+00
6.12439086e-01
-1.68696584e-01
1.06833182e-01
-3.23855803e-01
0.00000000e+00
0.00000000e+00
0.00000000e+00
0.00000000e+00
0.00000000e+00
0.00000000e+00
0.00000000e+00
0.00000000e+00
0.00000000e+00
0.00000000e+00
8.43486630e-01
7.91753310e-01
-3.85987111e-01
0.00000000e+00
0.00000000e+00
0.00000000e+00
2.69068473e-01
3.72262002e-01
-2.61797156e-01
-1.75689528e-01
-1.43566923e+00
-6.20096943e-02
8.69274652e-02
-1.98283198e-01
3.03062564e-01
0.00000000e+00
3.21989086e-02
5.21451929e-01
-1.18865661e+00
7.90035504e-01
-2.54366000e-01
3.38552236e-01
3.68641684e-01
-8.30843876e-01
4.51916127e-01
4.87211295e-01
-6.89916567e-01
0.00000000e+00
0.00000000e+00
0.00000000e+00
1.38552120e-01
5.30043265e-01
-1.84875847e-01
6.19356237e-02
-1.75130656e+00
6.67361209e-01
4.71527707e-01
1.17085086e-01
3.30009077e-01
0.00000000e+00
4.39595105e-01
-5.67736651e-01
-1.29044834e+00
7.49887488e-01
9.46147774e-02
2.51654201e-01
5.16279399e-01
-1.83212170e+00
1.25445201e-02
5.55482953e-01
6 1
-4.3937e-01 4.5705e-01
7 0
1 0 3 2 8 7 13 
217
5.29441877e-01
-2.96365720e-01
-8.94948889e-01
-3.18356995e-01
1.49081176e-01
6.16238405e-01
6.80716270e-01
-3.15741685e-01
1.19510066e-01
-2.66648270e-02
0.00000000e+00
0.00000000e+00
0.00000000e+00
0.00000000e+00
2.30522647e-01
6.85420235e-03
-2.08319290e-01
1.84993540e-01
-1.40306915e-03
1.70690119e-01
3.36806695e-01
1.72076579e-03
-3.57829187e-02
-2.22881004e-01
-2.29661266e-02
-5.67676114e-02
7.14949970e-02
2.24910192e-01
2.33036688e-01
0.00000000e+00
0.00000000e+00
0.00000000e+00
0.00000000e+00
0.00000000e+00
0.00000000e+00
0.00000000e+00
0.00000000e+00
2.12997653e-01
-1.06376175e-01
-5.77536367e-02
1.29225741e-01
-1.61646506e-01
3.44030221e-02
4.78591779e-01
0.00000000e+00
1.85704185e-02
9.34106493e-02
-1.94163766e-01
0.00000000e+00
4.41991976e-01
-4.85222333e-01
-9.61739135e-02
0.00000000e+00
-3.74433551e-01
2.28086556e-01
3.64813238e-01
0.00000000e+00
5.67316227e-02
4.65462054e-02
4.29284775e-01
5.09393355e-01
-1.22811944e-01
1.42860466e-01
0.00000000e+00
-1.17178922e-01
6.53281227e-02
8.51996293e-01
-4.17236842e-01
-2.05375493e-01
1.20156588e+00
0.00000000e+00
1.42860466e-01
-1.14811053e+00
3.41782044e-01
1.31773795e+00
4.47993672e-02
1.02283382e+00
0.00000000e+00
1.36283544e-01
-5.83996073e-01
1.87330403e-01
4.15219931e-01
2.05827930e-01
-5.60511201e-02
0.00000000e+00
-2.21586969e-01
2.45369625e-02
7.38198227e-01
-6.07033052e-01
1.28306196e-02
-1.09094262e-01
0.00000000e+00
1.08419513e-01
-1.91078002e-01
-6.69206422e-02
-8.10426393e-02
4.87943007e-01
1.06285430e+00
0.00000000e+00
3.52603141e-01
-8.24333299e-02
1.56862608e-01
8.93352722e-02
1.99761278e-02
-3.21644482e-01
0.00000000e+00
2.12476954e-01
-2.28809033e-01
2.43001093e-03
1.22730719e-02
3.14534912e-01
8.28562775e-02
0.00000000e+00
0.00000000e+00
0.00000000e+00
0.00000000e+00
0.00000000e+00
0.00000000e+00
0.00000000e+00
5.11064880e-01
4.25252907e-01
-7.38643295e-01
0.00000000e+00
0.00000000e+00
0.00000000e+00
6.65360512e-01
1.71068943e+00
-2.96894875e-01
-2.74616488e-01
-5.67813081e-02
9.10725082e-01
4.85366972e-01
8.57974323e-01
2.42272341e+00
0.00000000e+00
8.67776523e-01
1.24774319e+00
-7.93722944e-01
2.12243848e+00
8.35336981e-01
4.43689718e-01
6.71168980e-01
-8.72318658e-01
1.25893428e+00
9.64137448e-01
-8.35445867e-01
0.00000000e+00
0.00000000e+00
0.00000000e+00
7.82461555e-01
2.08766361e-01
8.40021332e-01
9.43487370e-01
-3.87397130e-02
1.02532339e+00
1.13585321e+00
3.84394160e-01
-1.25916456e-01
0.00000000e+00
5.43252772e-01
-1.39098558e-01
1.51510383e-01
-9.83743823e-01
-1.01860303e+00
5.26377589e-01
5.13198191e-01
7.45821278e-01
-2.45164613e-01
5.96143591e-01
-8.19991819e-01
0.00000000e+00
0.00000000e+00
0.00000000e+00
4.49040068e-01
2.72194420e-01
-1.26266244e-01
3.16103979e-01
-1.04862768e+00
5.42623723e-01
6.25814833e-01
2.50158291e-01
-7.15057872e-02
0.00000000e+00
-4.34689129e-02
-3.99837772e-01
-1.01420748e+00
3.32634846e-01
-1.17988388e-01
2.56627944e-01
2.95526401e-01
-2.04723358e+00
2.13156520e-01
4.95263005e-01
-1.34499193e-02
0.00000000e+00
0.00000000e+00
0.00000000e+00
-1.02923554e+00
-6.11781541e-01
-1.01743949e+00
-2.78856949e-01
-6.28474475e-01
2.89956399e-01
4.33514042e-02
2.89730576e-01
8.06678130e-02
0.00000000e+00
2.31493865e-01
1.85824081e-01
-7.52350889e-02
1.14095116e+00
2.02860994e-01
-3.90910622e-01
-4.25754383e-01
1.12725427e+00
9.16032785e-01
-6.38851789e-02
136
-6.39006321e-01
-4.33793340e-01
2.02121961e-02
3.07618784e-02
-4.63695775e-04
-1.42076000e-01
1.85511405e-03
-9.38988587e-02
5.75390724e-03
-9.93594896e-02
-3.49546356e-01
-1.90100475e-01
0.00000000e+00
0.00000000e+00
0.00000000e+00
0.00000000e+00
0.00000000e+00
0.00000000e+00
0.00000000e+00
0.00000000e+00
1.13778293e-01
-2.69165918e-01
-2.13570823e-01
-1.87485015e-01
-1.19046284e-01
-6.19468966e-02
9.84303227e-02
0.00000000e+00
-9.76958605e-03
2.78309309e-01
-6.28838653e-01
0.00000000e+00
1.24170329e-01
5.04337334e-02
-3.99545094e-01
0.00000000e+00
-2.44060687e-01
-2.27906250e-01
-2.13620200e-01
0.00000000e+00
3.01299042e-01
2.64017556e-01
6.65041809e-02
0.00000000e+00
0.00000000e+00
0.00000000e+00
0.00000000e+00
3.64854348e-01
3.20226765e-01
2.73940736e-01
1.41353237e-01
0.00000000e+00
2.11411213e+00
9.98573428e-01
4.99039411e-01
-9.58586250e-01
0.00000000e+00
-1.04588607e+00
2.89489110e-01
-2.07925973e-01
-5.08439556e-01
-1.16109620e+00
-4.13600864e-01
-4.77812204e-01
1.25240510e-01
-1.61902483e-01
0.00000000e+00
-8.43291023e-01
-1.83205992e-01
-1.12379717e-01
-1.41607954e-01
0.00000000e+00
2.99080534e-01
-2.61199935e-01
4.85989342e-02
-2.78454706e-01
0.00000000e+00
-7.41094560e-01
-2.90817856e-01
-1.40870723e-01
-2.41687122e-01
0.00000000e+00
0.00000000e+00
0.00000000e+00
0.00000000e+00
0.00000000e+00
1.28888142e+00
9.67447169e-01
-2.62136039e-01
0.00000000e+00
0.00000000e+00
0.00000000e+00
3.96116669e-01
2.19889264e-01
-2.90383872e-01
-6.75781882e-02
-1.35254379e+00
1.99945839e-01
2.34374210e-01
-1.66463099e-02
-3.46019488e-01
0.00000000e+00
4.30167637e-01
4.14538377e-02
-1.21216472e+00
8.01911525e-01
-2.85275613e-01
4.56138368e-01
4.75302831e-01
-7.92045343e-01
3.22383502e-01
5.22837602e-01
-6.56223996e-01
0.00000000e+00
0.00000000e+00
0.00000000e+00
1.10524287e-01
6.73038545e-01
-1.20703296e-01
1.40650125e-01
-2.07913774e+00
6.91916286e-01
6.82130044e-01
1.40878087e-01
3.68876537e-01
0.00000000e+00
4.06678335e-01
-5.61575738e-01
-1.42773391e+00
6.48130103e-01
5.53708138e-02
2.36145756e-01
6.24514097e-01
-1.66333120e+00
-7.31321332e-02
4.90537008e-01
5 1
-6.5873e-01 5.0616e-01
8 0
1 0 3 2 8 7 13 6 
217
7.02246518e-01
1.63160343e-02
-1.10063071e+00
-1.18107854e-01
2.53999811e-01
4.01465366e-01
5.30597469e-01
-3.28897647e-01
4.59930088e-01
-7.78044398e-01
0.00000000e+00
0.00000000e+00
0.00000000e+00
0.00000000e+00
2.36440344e-01
-2.66852153e-03
-1.06256831e-01
5.88127523e-03
1.93002506e-03
-6.69166176e-02
2.08433809e-01
-3.31828449e-04
-3.22651251e-01
2.51491090e-01
5.80239963e-03
-4.15361910e-01
4.71207730e-02
1.78301500e-01
4.76824245e-01
0.00000000e+00
0.00000000e+00
0.00000000e+00
0.00000000e+00
0.00000000e+00
0.00000000e+00
0.00000000e+00
0.00000000e+00
-3.55526923e-02
-1.76261363e-01
-3.74245691e-02
-4.58899555e-02
1.98589078e-01
2.26436258e-01
5.72349761e-01
0.00000000e+00
9.21963072e-02
1.43410250e-01
-6.02294309e-02
0.00000000e+00
-2.18317976e-01
-1.61323790e-01
7.23142385e-03
0.00000000e+00
-3.28344441e-01
7.36847402e-02
2.01052896e-01
0.00000000e+00
-1.00048960e-01
3.72271923e-01
6.80663576e-01
-2.59360154e-02
-6.64374703e-01
1.39255724e+00
0.00000000e+00
4.28043123e-01
-4.29974451e-03
5.31304685e-01
3.31703473e-01
-2.57101290e-01
3.91325721e-01
0.00000000e+00
-5.54515069e-01
7.17315223e-01
7.37792263e-01
8.69659176e-01
5.18969325e-01
1.19814329e+00
0.00000000e+00
1.21770322e-01
-6.46294638e-01
4.47018586e-01
5.51929448e-01
1.33457610e-01
-1.67268541e-01
0.00000000e+00
-1.97033216e-01
-8.10233170e-02
6.10755973e-01
-5.71293631e-01
2.88523761e-01
3.08449330e-01
0.00000000e+00
3.12704757e-01
-1.73338771e-01
4.38322682e-01
-9.29658761e-02
-4.87809215e-02
-9.96833650e-01
0.00000000e+00
3.27471827e-01
-2.58709586e-01
3.72062366e-01
-3.56097894e-01
2.71232445e-03
-1.24374271e-01
0.00000000e+00
2.26008285e-01
-2.09899884e-01
1.24310106e-01
-1.25307370e-01
3.51928127e-01
1.50506464e-01
-4.03245840e-01
-3.77973899e-01
-7.66787832e-01
8.11242964e-01
-6.24875181e-01
6.72223292e-01
1.07499621e-01
1.26156104e+00
8.90136596e-01
4.56078692e-02
0.00000000e+00
0.00000000e+00
0.00000000e+00
-3.74135128e-02
6.15257073e-01
-4.76666930e-01
-3.24534434e-01
-1.13296269e+00
3.33688579e-01
1.31684751e-01
-2.93772208e-01
1.01206536e+00
0.00000000e+00
1.62642616e-01
6.95015933e-01
-9.70992374e-01
8.68230683e-01
-3.76674918e-01
-9.98541390e-02
2.85972212e-01
-1.13520500e+00
5.40817786e-01
2.48309083e-01
-2.39077700e-01
0.00000000e+00
0.00000000e+00
0.00000000e+00
2.54694306e-01
1.95712370e-01
-2.11679359e-02
1.55326267e-01
-1.04627138e+00
3.15483890e-01
-4.49424800e-02
4.53862585e-01
-6.33700618e-01
0.00000000e+00
5.69806533e-04
-3.79967796e-01
-6.04472047e-01
-2.88568510e-01
4.21362058e-01
3.54772458e-01
-1.03805758e-01
3.63957068e-01
-1.75125128e-01
5.43203145e-01
-6.90830091e-01
0.00000000e+00
0.00000000e+00
0.00000000e+00
-1.77145150e-01
8.03142715e-01
-2.45904733e-01
5.02865743e-01
-2.30378575e+00
6.19833410e-01
4.40878200e-01
7.22695395e-01
8.75921283e-01
0.00000000e+00
1.41168329e-01
-1.00432880e+00
-1.14932893e+00
8.09822471e-01
-2.19394528e-01
3.17570366e-01
7.31797358e-01
-1.90099454e+00
4.97360566e-01
-1.53003495e-01
-3.61264818e-01
0.00000000e+00
0.00000000e+00
0.00000000e+00
-2.25981933e-03
1.22286300e-01
4.19775284e-01
7.76826388e-02
-2.53676997e-01
-6.55439407e-01
3.03343373e-01
-9.68963281e-02
-7.83180571e-01
0.00000000e+00
2.37240854e-01
1.40841230e-01
-6.35227171e-01
2.20055102e-02
8.56971691e-01
4.03756173e-01
-2.26761900e-01
-2.60671192e-01
-4.09996822e-01
3.78942336e-01
136
-1.00634896e+00
1.45597097e-02
-5.33361761e-03
-1.84568043e-01
-3.17180675e-03
-4.58669618e-01
-8.71295527e-04
-3.77671009e-01
-5.41635225e-03
-2.07304560e-01
-4.95798720e-01
-3.03245680e-01
0.00000000e+00
0.00000000e+00
0.00000000e+00
0.00000000e+00
0.00000000e+00
0.00000000e+00
0.00000000e+00
0.00000000e+00
-1.66794290e-01
-4.43557848e-01
-3.44680060e-01
-2.30249388e-01
1.29345397e-02
6.21581255e-02
1.03839962e-01
0.00000000e+00
-3.36638595e-01
5.46507071e-02
-2.19856438e-01
0.00000000e+00
-1.11201211e-01
-1.00230669e-01
-5.03332282e-02
0.00000000e+00
-7.04979556e-01
-4.24895609e-01
2.54398676e-01
0.00000000e+00
-6.09892466e-02
2.03752459e-01
4.89973753e-01
0.00000000e+00
0.00000000e+00
0.00000000e+00
0.00000000e+00
-2.66723112e-01
-5.67144784e-03
5.29530378e-02
5.95539015e-02
0.00000000e+00
4.86788998e+00
1.54817886e+00
1.01879229e+00
-9.16358896e-01
0.00000000e+00
-1.37732082e+00
2.05270248e-01
-2.73138185e-01
-6.14272002e-01
-1.19292729e+00
3.69480856e-01
-2.84586310e-01
2.50645450e-01
-9.80953949e-02
0.00000000e+00
-1.32426627e+00
-2.42606827e-01
-2.22037893e-01
-9.42649695e-02
0.00000000e+00
5.65886173e-01
-1.58184756e-01
7.21273535e-02
-3.15482765e-01
0.00000000e+00
-9.75052381e-01
-1.99553109e-01
-2.09748550e-01
-2.37446345e-01
-5.00825585e-01
-3.59662284e-01
-3.27969209e-01
1.60297860e-01
-4.72161830e-01
8.32890560e-01
7.74873335e-01
-4.19917095e-01
0.00000000e+00
0.00000000e+00
0.00000000e+00
2.05346709e-01
4.23492857e-01
-3.36089580e-01
-1.17646372e-01
-1.45050882e+00
-9.05714807e-03
4.20954270e-02
-2.46091460e-01
1.39192920e-01
0.00000000e+00
1.49101604e-01
7.99139882e-01
-1.04744487e+00
7.20237634e-01
-2.80512416e-01
3.30158299e-01
4.00955605e-01
-9.45945368e-01
3.92175124e-01
4.11482885e-01
-7.00237984e-01
0.00000000e+00
0.00000000e+00
0.00000000e+00
1.26720570e-01
5.25596153e-01
-2.28359024e-01
7.84194092e-02
-1.75105666e+00
7.17902583e-01
5.85741963e-01
7.52457553e-02
2.69370886e-01
0.00000000e+00
4.43298874e-01
-2.71316038e-01
-1.36851643e+00
7.28733903e-01
4.10081130e-03
1.84412055e-01
4.47973240e-01
-1.79459767e+00
1.02611036e-02
5.15830523e-01
10 1
-8.3806e-01 5.5069e-01
8 1
1 0 3 2 8 7 13 6 
217
-1.77288110e-01
-3.79063721e-01
1.67285340e-01
4.21459603e-03
-2.17078569e-01
2.45651844e-01
9.01141335e-03
-2.66544881e-01
-3.88332645e-01
1.02068988e+00
4.19313078e-01
-1.32844322e-01
0.00000000e+00
0.00000000e+00
0.00000000e+00
0.00000000e+00
0.00000000e+00
-6.82264610e-01
1.47087238e-02
2.27920881e-01
6.22779085e-01
-2.84274262e-03
5.11157033e-01
-1.17802585e-01
6.34317771e-04
6.17331952e-01
-2.61024012e-02
-1.25655633e-01
-2.55300756e-02
0.00000000e+00
0.00000000e+00
0.00000000e+00
0.00000000e+00
0.00000000e+00
0.00000000e+00
0.00000000e+00
0.00000000e+00
-1.04312528e-01
-4.14256452e-01
-2.12577715e-01
4.07499950e-02
1.57608108e-01
1.05512902e-01
2.49987580e-01
0.00000000e+00
-2.14305419e-01
2.15552242e-01
2.04053371e-01
0.00000000e+00
-2.86720382e-01
-5.13956242e-01
6.76136029e-02
0.00000000e+00
-6.72822349e-01
-3.23637471e-01
4.27865692e-01
0.00000000e+00
-1.34684781e-01
5.43140875e-01
5.10612751e-01
-3.04235693e-01
-7.10605672e-01
8.37553255e-01
0.00000000e+00
-7.89005959e-02
1.16696350e-01
2.96918029e-01
-2.84798300e-01
-3.95305543e-01
1.38318227e+00
-8.70630603e-01
-4.37902328e-01
-1.05665132e+00
6.50003382e-01
7.27565172e-01
4.81241439e-01
3.44620941e-01
0.00000000e+00
-3.63293934e-01
-7.52613458e-01
-2.48361107e-02
5.05200724e-01
2.10841935e-01
2.74043543e-01
0.00000000e+00
-5.27762827e-01
-2.31912157e-01
3.55344863e-01
-4.68158512e-01
-4.87014581e-03
8.14205019e-02
0.00000000e+00
-3.58333659e-01
9.27750852e-02
-3.87818533e-02
-1.61612390e-01
2.19827402e-01
6.95738743e-01
0.00000000e+00
4.23702303e-01
2.01792389e-01
-3.61995461e-01
2.05618413e-01
-2.38994951e-01
-1.84309790e-01
0.00000000e+00
9.68263945e-02
-1.19239564e-01
-2.07968733e-01
1.00254433e-02
-6.61457712e-02
2.01027957e-01
-6.27948741e-01
-5.89173216e-01
-1.20600006e+00
7.62070408e-01
-2.27598161e-01
2.77763440e-01
-6.35183757e-01
7.79320044e-01
8.93675563e-01
-1.73866504e-01
0.00000000e+00
0.00000000e+00
0.00000000e+00
-3.22829504e-01
1.27099114e+00
-4.14397631e-01
-3.48025467e-01
-9.31467636e-01
8.00071968e-02
-2.91998730e-01
-3.51472048e-01
6.28356580e-01
0.00000000e+00
-1.76870693e-01
1.01556770e+00
-7.20498945e-01
6.90966686e-01
-3.76342562e-01
2.18234096e-01
3.44047843e-01
-1.08033130e+00
4.69307184e-01
1.22889579e-01
-5.82106317e-01
0.00000000e+00
0.00000000e+00
0.00000000e+00
6.46525091e-01
-5.70830299e-01
3.95858454e-01
-1.12221415e-02
-9.74862639e-01
-1.46360901e-01
3.23017403e-01
3.95551331e-01
-3.82713345e-02
0.00000000e+00
3.97282993e-01
-5.47061342e-01
-8.58837283e-01
7.64499210e-01
-7.10630544e-02
8.00648509e-03
-3.34982109e-01
-2.64231334e-02
-1.50525962e-01
2.17592913e-01
-5.12259053e-01
0.00000000e+00
0.00000000e+00
0.00000000e+00
4.14633364e-02
5.37345474e-01
-1.38713828e-01
5.04721217e-01
-1.28116972e+00
6.19126114e-01
8.14029751e-01
4.22823224e-01
-8.00379441e-02
0.00000000e+00
1.36273829e-01
-5.25168780e-01
-1.16422771e+00
8.09648114e-01
-2.19042647e-02
1.04818613e-01
2.11477144e-01
-1.75260262e+00
1.32265358e-01
1.17573648e-01
-2.89206558e-01
0.00000000e+00
0.00000000e+00
0.00000000e+00
2.52087152e-01
-2.34532300e-01
-1.67271888e-01
-4.62810198e-01
-1.11560127e+00
4.08410256e-01
-4.58604966e-01
-3.23722019e-01
4.41911445e-01
0.00000000e+00
2.76572659e-01
3.67675460e-01
-5.14008579e-01
-2.07247660e-01
3.04023697e-01
9.82448167e-02
-5.60361879e-02
3.97230453e-01
2.67971348e-01
4.36501220e-01
136
-3.05970000e-01
0.00000000e+00
0.00000000e+00
1.05943019e+00
-2.57149715e-02
-5.82528940e-01
1.19533282e-03
-7.82871249e-01
1.29658227e-03
9.90532635e-02
-2.09870806e-01
-1.95152458e-01
0.00000000e+00
0.00000000e+00
0.00000000e+00
0.00000000e+00
0.00000000e+00
0.00000000e+00
0.00000000e+00
0.00000000e+00
-1.27874545e-02
-1.43378769e-01
-9.40120948e-02
-8.49350754e-02
5.61369044e-02
-1.66962884e-02
-1.02972226e-02
0.00000000e+00
1.56170184e-01
1.69156888e-01
-5.25594011e-01
0.00000000e+00
1.14297779e-01
-3.44902709e-02
-3.38212735e-01
0.00000000e+00
-2.50170321e-01
-2.38865237e-01
-9.28188081e-02
0.00000000e+00
2.41443764e-01
1.57761564e-01
3.35351204e-01
0.00000000e+00
0.00000000e+00
0.00000000e+00
0.00000000e+00
5.35629437e-02
3.07633245e-01
1.32031641e-01
6.78722152e-02
8.81696555e-02
1.73571750e-01
9.23938373e-01
2.56982902e-01
-1.07645742e+00
0.00000000e+00
-7.82121305e-01
2.96203676e-01
-1.29093615e-01
-5.37079653e-01
-1.04366327e+00
5.34661506e-01
-2.96122309e-01
2.73083189e-01
-2.41340144e-02
0.00000000e+00
-6.08363600e-01
-5.84859472e-02
-9.14191474e-02
-1.00781978e-01
0.00000000e+00
5.40871528e-01
-4.24435051e-02
7.40240753e-02
-5.86169089e-02
0.00000000e+00
-4.00177939e-01
-1.28832956e-01
-8.35948919e-02
-2.36109340e-01
-9.25803690e-02
-1.68562888e-01
-3.33357243e-01
1.96796392e-01
-3.63603103e-01
8.54928757e-01
7.87126375e-01
-3.49162942e-01
0.00000000e+00
0.00000000e+00
0.00000000e+00
1.49591592e-01
2.90579301e-01
-3.46359760e-01
-1.20212125e-01
-1.38632870e+00
1.19895600e-01
9.27396506e-02
-2.90190566e-01
2.27787618e-01
0.00000000e+00
5.68893186e-02
7.89545437e-01
-1.20261842e+00
6.63168387e-01
-1.97920314e-01
2.37922726e-01
4.27019421e-01
-8.68015835e-01
5.31142119e-01
4.76201605e-01
-6.98400296e-01
0.00000000e+00
0.00000000e+00
0.00000000e+00
6.25086803e-02
5.70196980e-01
-1.64832858e-01
4.63213789e-02
-1.64741016e+00
5.44349868e-01
5.35681058e-01
1.32373172e-01
3.50828162e-01
0.00000000e+00
4.13798388e-01
-4.68985971e-01
-1.27535876e+00
7.41627644e-01
7.32253016e-02
2.86520920e-01
5.04065558e-01
-1.94700568e+00
3.09689966e-02
5.12727026e-01
12 1
-1.0366e+00 5.6826e-01
8 1
1 0 3 2 8 7 13 6 
217
5.06402008e-01
-3.00125079e-01
-4.40888831e-01
-3.53870997e-02
-2.76628579e-01
-1.10853124e-02
-2.79781571e-01
3.19271545e-01
2.53692341e-01
-1.79654660e-02
8.09119816e-01
3.09704033e-01
0.00000000e+00
0.00000000e+00
0.00000000e+00
0.00000000e+00
0.00000000e+00
-5.60635195e-01
1.45146476e-03
-2.27844185e-01
1.67090083e-01
-6.74867270e-03
-2.24609606e-01
-6.27955628e-01
-7.23034832e-04
-5.40283780e-02
2.60123521e-01
-6.47326250e-02
3.11011112e-01
0.00000000e+00
0.00000000e+00
0.00000000e+00
0.00000000e+00
0.00000000e+00
0.00000000e+00
0.00000000e+00
0.00000000e+00
-2.54650801e-01
-1.99026712e-01
4.93576337e-02
1.55791024e-01
5.88023659e-01
4.45718498e-01
-2.78811295e-01
0.00000000e+00
-4.40072611e-01
2.66851930e-01
1.43809661e-01
0.00000000e+00
-3.49173046e-02
2.91326617e-02
-9.20808312e-02
0.00000000e+00
-5.98775890e-01
-4.17697586e-02
7.78742944e-01
0.00000000e+00
3.82106522e-01
-6.62100165e-01
7.75474849e-01
1.64518930e-01
1.40663734e-01
2.01219344e-01
0.00000000e+00
-4.07885332e-01
1.83259751e-02
7.46866418e-01
-4.98414381e-01
1.67420922e-01
1.34397440e+00
-6.75371145e-01
-1.62881389e-02
-1.00922129e+00
6.43670384e-01
9.77173741e-01
5.54390907e-01
1.05162069e+00
0.00000000e+00
1.08786275e-01
-4.39376638e-01
4.70626617e-01
5.56010370e-01
-7.30108841e-02
-2.56494734e-01
0.00000000e+00
-1.27276495e-01
-1.29229233e-01
3.30119168e-01
-1.28343891e-01
3.03559334e-01
-3.28051660e-01
0.00000000e+00
2.86893059e-01
-2.08794257e-01
5.38010659e-01
-4.40617517e-01
-3.18501710e-01
-1.92702964e-01
0.00000000e+00
4.57551794e-01
-2.01234005e-01
-7.26753751e-02
1.08546384e-01
1.21525589e-01
-5.48778550e-02
0.00000000e+00
3.67440155e-01
-3.58605286e-01
5.02782444e-03
-1.29170207e-01
1.33934028e-01
7.32413365e-02
-3.18974262e-02
5.11712457e-02
-2.39199479e-01
4.60782039e-01
-3.38489472e-01
2.63461486e-02
-3.59628088e-01
1.11014543e+00
3.15434707e-01
-4.14679858e-01
0.00000000e+00
0.00000000e+00
0.00000000e+00
1.20098723e-01
1.32972534e+00
2.18962919e-01
-4.83284218e-01
-2.11776819e-01
8.97148371e-01
4.96875115e-01
-1.50538484e-01
1.66945206e+00
0.00000000e+00
2.49454443e-01
1.06070208e+00
-3.25519208e-01
1.64335839e+00
-2.71369916e-01
1.09377340e-01
3.78661079e-01
-7.47017135e-01
9.75655601e-01
1.52157160e-01
-6.36825071e-01
0.00000000e+00
0.00000000e+00
0.00000000e+00
7.92008536e-01
5.39816338e-01
1.85621478e-01
9.73398612e-01
-1.97159792e-01
-1.01794936e-02
4.68341670e-01
8.52304600e-01
-2.68865231e-01
0.00000000e+00
5.01301785e-01
-1.67845357e-01
-4.75160406e-01
-2.35822500e-01
2.90010929e-01
8.76777894e-01
8.76645994e-01
-2.20796135e-01
6.18479150e-01
8.46800790e-01
-1.01918801e+00
0.00000000e+00
0.00000000e+00
0.00000000e+00
-2.37909707e-01
9.52612061e-01
-2.27662798e-01
3.79533640e-02
-1.22462223e+00
3.65829077e-01
5.38817546e-01
-1.48232888e-02
5.89958125e-01
0.00000000e+00
-3.13721343e-02
-3.77563086e-01
-1.45875125e+00
9.22493505e-01
2.63099887e-01
-1.15373518e-01
1.56136646e-01
-1.77705452e+00
4.98880715e-01
1.20163594e-01
1.58387081e-02
0.00000000e+00
0.00000000e+00
0.00000000e+00
9.94519441e-02
-7.51188582e-01
-3.61199449e-02
2.17424500e-02
-2.27437654e-01
-3.14873843e-02
-2.14289427e-01
3.32220756e-01
1.26625228e-01
0.00000000e+00
2.36845406e-01
1.91141748e-01
6.65293655e-01
-2.38618876e-01
1.88072355e-01
2.41420819e-01
-2.00037760e-01
-2.24560821e-01
-6.96020005e-01
5.32784802e-01
136
-4.35652129e-01
-6.00759408e-03
2.25017381e-02
-7.11473505e-01
1.02381192e-02
2.10869394e-01
-3.07540988e-03
7.09595758e-02
-4.02875604e-04
7.91875827e-02
-2.97296710e-01
-2.17543002e-01
0.00000000e+00
0.00000000e+00
0.00000000e+00
0.00000000e+00
0.00000000e+00
0.00000000e+00
0.00000000e+00
0.00000000e+00
6.10515192e-02
-1.91195554e-01
-1.54326925e-01
-1.44219478e-01
3.03704547e-02
-1.02492642e-02
-2.70828817e-02
0.00000000e+00
1.66117057e-01
1.36958154e-01
-5.38967606e-01
0.00000000e+00
1.17686665e-01
-4.36294353e-02
-3.89081311e-01
0.00000000e+00
-2.37948255e-01
-2.57919038e-01
-1.74417265e-01
0.00000000e+00
2.87603541e-01
3.20258921e-01
1.77686443e-01
0.00000000e+00
0.00000000e+00
0.00000000e+00
0.00000000e+00
1.55668602e-01
2.99533101e-01
1.57902856e-01
1.35239335e-01
5.54047884e-02
2.78054219e-01
9.24613384e-01
2.97494903e-01
-1.17464459e+00
0.00000000e+00
-9.06176953e-01
3.03361557e-01
-1.49240559e-01
-6.35440722e-01
-1.19927012e+00
4.14459598e-01
-2.24454197e-01
2.49523212e-01
-6.31989174e-02
0.00000000e+00
-8.02477407e-01
-9.49566002e-02
-1.31347802e-01
-6.37985678e-02
0.00000000e+00
6.47590686e-01
-2.04658165e-01
1.22584027e-01
-4.16267384e-01
0.00000000e+00
-5.25084806e-01
-1.09818531e-01
-1.11249414e-01
-2.26175241e-01
-1.40007865e-01
-2.35848838e-01
-1.95361406e-01
1.93482133e-01
-3.62660402e-01
8.16841367e-01
8.64789374e-01
-4.29777329e-01
0.00000000e+00
0.00000000e+00
0.00000000e+00
1.80953086e-01
3.35745750e-01
-3.11084979e-01
-2.07078061e-01
-1.48556590e+00
-8.22855703e-02
8.39438443e-02
-2.30009569e-01
2.32517701e-01
0.00000000e+00
3.17664495e-02
8.81196343e-01
-1.10880476e+00
7.51983047e-01
-2.36001719e-01
3.21218810e-01
4.64667654e-01
-9.19581507e-01
3.73363622e-01
4.93278431e-01
-6.57294203e-01
0.00000000e+00
0.00000000e+00
0.00000000e+00
1.51833704e-01
5.74171123e-01
-1.89870582e-01
3.37301363e-02
-1.71363848e+00
6.67991966e-01
5.00430551e-01
1.15691730e-01
2.62314386e-01
0.00000000e+00
4.10147858e-01
-4.44234259e-01
-1.45707665e+00
7.97734900e-01
5.37296366e-02
2.69234854e-01
5.36530706e-01
-1.78307580e+00
9.13594392e-02
4.65700580e-01
9 1
-1.0175e+00 5.6112e-01
8 0
1 0 3 2 8 7 13 6 
217
-5.88745077e-01
-1.08948517e-01
3.78564881e-01
-5.58652077e-02
-7.64413923e-01
7.02416445e-02
-5.44121847e-01
5.36750972e-02
2.07770048e-01
-5.12254335e-01
5.12020645e-01
-1.77463475e-01
0.00000000e+00
0.00000000e+00
-2.44161396e-02
-5.45053373e-03
2.88799642e-01
-2.74653136e-01
1.83999832e-05
3.39940796e-01
-1.01525017e-01
-1.39624429e-03
5.71093903e-02
-1.88150784e-01
1.93832647e-03
1.55829288e-01
-2.89298698e-01
-3.02592009e-01
3.14562970e-03
0.00000000e+00
0.00000000e+00
0.00000000e+00
0.00000000e+00
0.00000000e+00
0.00000000e+00
0.00000000e+00
0.00000000e+00
-1.73854615e-01
-2.62586844e-01
-1.80077013e-01
7.03981442e-02
-4.10180859e-02
3.04008380e-01
0.00000000e+00
0.00000000e+00
-3.15484996e-02
1.83579080e-01
-2.40090224e-01
0.00000000e+00
-3.24356513e-02
-3.65099399e-01
-1.07068817e-01
0.00000000e+00
-4.15558814e-01
-1.26312857e-01
2.88875363e-01
0.00000000e+00
-1.15640908e-01
6.42496971e-02
3.08305953e-01
-1.82726539e-01
-1.03862324e+00
6.32604701e-01
0.00000000e+00
-2.43583479e-01
4.99274933e-02
3.98960563e-02
1.32685826e-02
-3.85057654e-01
5.99413635e-01
0.00000000e+00
-5.95183873e-01
-4.11238278e-01
1.49602449e-01
5.67624502e-01
-1.43163653e-01
1.68757344e-01
0.00000000e+00
-3.41055951e-01
-7.58496212e-01
-1.36292253e-01
4.76972763e-01
-1.11396873e-01
-7.82036398e-02
0.00000000e+00
-5.92663511e-01
-2.61116436e-01
2.60885243e-01
-3.92199639e-01
-2.56966810e-01
-2.37648390e-01
0.00000000e+00
-1.84144690e-01
-1.91318634e-01
-1.63769283e-01
-1.99862906e-01
-2.40831104e-01
-3.58490088e-01
0.00000000e+00
2.95646264e-02
-2.84991911e-01
-1.56214003e-01
-1.90276061e-01
-4.62095700e-01
-3.87805024e-01
0.00000000e+00
-1.38324189e-01
5.27104785e-02
-1.98768366e-01
-2.30868436e-01
-2.51652521e-01
2.92298327e-02
-6.72254242e-01
-4.94303089e-01
-2.72773385e-01
5.61294548e-01
-4.93918525e-01
1.65177062e-02
-3.76878782e-01
1.28839927e+00
1.09105422e+00
9.39710937e-03
0.00000000e+00
0.00000000e+00
0.00000000e+00
3.17943123e-01
5.53404849e-01
-9.61078495e-01
6.90331340e-02
-1.14409209e+00
3.54611866e-01
7.96335548e-02
-2.83096587e-01
1.50448730e-01
0.00000000e+00
1.80313388e-01
1.47400225e-01
-9.51355358e-01
7.22360070e-01
-2.79374245e-01
1.79560371e-01
6.75729180e-01
-5.94511380e-01
4.35796898e-01
3.56669878e-01
-2.70773317e-01
0.00000000e+00
0.00000000e+00
0.00000000e+00
1.01753015e-01
-2.23559619e-01
5.78200880e-02
-9.57619331e-02
-6.15967185e-01
3.27179513e-02
4.82636711e-01
5.15271701e-02
1.18923351e-01
0.00000000e+00
-1.91906445e-01
-3.80503083e-01
-6.51109145e-01
1.46508958e-01
4.62338704e-01
5.76359404e-01
-7.67512530e-01
-3.21843029e-01
2.45777357e-01
7.01026942e-01
-4.35218281e-01
0.00000000e+00
0.00000000e+00
0.00000000e+00
-1.09201749e-01
5.60753717e-01
-3.97143279e-01
2.62021450e-01
-1.23367591e+00
6.26583594e-01
6.28715782e-01
2.19746863e-01
3.16165896e-01
0.00000000e+00
1.09772196e-01
-2.26653959e-01
-1.80618374e+00
1.28243133e+00
-2.59608415e-01
-2.61893631e-02
6.49203715e-01
-1.64411168e+00
1.44408200e-01
4.67747069e-01
-5.19912340e-01
0.00000000e+00
0.00000000e+00
0.00000000e+00
3.68811067e-02
3.80040739e-01
1.02297845e+00
1.50265579e-01
-3.57791207e-01
-8.74462864e-01
-7.44188127e-02
2.08040135e-01
-2.03358144e-01
0.00000000e+00
-1.45167125e-01
-7.36354241e-01
6.38601851e-01
-8.30082896e-01
5.89402361e-01
4.53826500e-01
4.25881595e-02
7.28211779e-01
-1.72767610e-01
-1.37634610e+00
136
-7.53373729e-01
-6.66147506e-02
-7.30064454e-04
-5.94704283e-02
-2.71391213e-03
-3.12612367e-01
-4.47525319e-04
-3.14676183e-01
-4.19030668e-03
-1.87649506e-01
-3.79411996e-01
-1.86312227e-01
0.00000000e+00
0.00000000e+00
0.00000000e+00
0.00000000e+00
0.00000000e+00
0.00000000e+00
0.00000000e+00
0.00000000e+00
-2.83517299e-01
-4.05776362e-01
-2.66815082e-01
-1.31908030e-01
1.69286030e-01
1.30432397e-01
3.49246171e-02
0.00000000e+00
-2.57913405e-01
1.93085923e-03
-1.80050717e-01
0.00000000e+00
-1.51866772e-01
-9.96975701e-02
-4.62766632e-02
0.00000000e+00
-5.85929610e-01
-2.75860069e-01
1.77277771e-01
0.00000000e+00
-1.13102215e-01
1.44956772e-01
6.33157890e-01
0.00000000e+00
0.00000000e+00
0.00000000e+00
0.00000000e+00
-2.28670008e-01
9.24367251e-02
3.68505748e-03
8.85798289e-02
0.00000000e+00
4.17963336e+00
1.42296429e+00
8.56423890e-01
-1.10331397e+00
0.00000000e+00
-1.12054517e+00
2.93720989e-01
-2.44415161e-01
-5.88252098e-01
-1.03672607e+00
2.31994341e-01
-2.68639512e-01
1.88670555e-01
-5.36292895e-02
0.00000000e+00
-1.09166785e+00
-2.57568679e-01
-1.78781687e-01
-1.32079150e-01
0.00000000e+00
3.68122090e-01
-2.15370055e-01
3.67298604e-02
-2.91444283e-01
0.00000000e+00
-8.16683449e-01
-2.23476855e-01
-1.79920215e-01
-1.93604504e-01
-3.67396598e-01
-3.59496480e-01
-2.23232969e-01
1.22229936e-01
-4.71975029e-01
8.69467594e-01
7.87564044e-01
-4.21720324e-01
0.00000000e+00
0.00000000e+00
0.00000000e+00
1.64703557e-01
4.86165205e-01
-3.47058462e-01
-2.20175651e-01
-1.42584488e+00
3.34548264e-02
-2.33604904e-02
-2.22131467e-01
1.72100656e-01
0.00000000e+00
1.93671721e-01
7.99731377e-01
-1.08660881e+00
7.37845287e-01
-2.52680031e-01
2.96028522e-01
3.97026370e-01
-9.72272502e-01
4.19290236e-01
4.28394213e-01
-7.25892952e-01
0.00000000e+00
0.00000000e+00
0.00000000e+00
1.35051914e-01
5.28881487e-01
-2.47612861e-01
1.30034372e-01
-1.82997635e+00
7.43664216e-01
5.92155676e-01
1.75419899e-01
3.55003499e-01
0.00000000e+00
4.43616800e-01
-3.85168351e-01
-1.39066562e+00
7.04807287e-01
8.10900453e-03
1.83342725e-01
4.53759421e-01
-1.90495301e+00
5.23283747e-02
5.26308572e-01
