1 5 -999999999 -1 -1
1 1 0 -1 -1
0.1997 -0.6733
356
3.79903968e-01
3.79903968e-01
0.00000000e+00
-1.88076804e-01
2.86776390e-02
-4.73714761e-01
2.80733538e-01
0.00000000e+00
0.00000000e+00
9.73976281e-02
-9.47953085e-01
3.85796857e-01
6.58551181e-01
-1.48628917e-01
-4.97848289e-02
1.03369415e-02
0.00000000e+00
0.00000000e+00
0.00000000e+00
0.00000000e+00
0.00000000e+00
0.00000000e+00
0.00000000e+00
0.00000000e+00
0.00000000e+00
0.00000000e+00
0.00000000e+00
0.00000000e+00
0.00000000e+00
0.00000000e+00
0.00000000e+00
0.00000000e+00
0.00000000e+00
0.00000000e+00
0.00000000e+00
0.00000000e+00
0.00000000e+00
0.00000000e+00
0.00000000e+00
0.00000000e+00
0.00000000e+00
0.00000000e+00
0.00000000e+00
0.00000000e+00
0.00000000e+00
0.00000000e+00
0.00000000e+00
0.00000000e+00
0.00000000e+00
0.00000000e+00
0.00000000e+00
-3.60210173e-01
-7.71793588e-01
1.23651221e+00
0.00000000e+00
0.00000000e+00
0.00000000e+00
0.00000000e+00
-7.22917727e-01
5.53610812e-01
2.61479200e-01
9.99338200e-01
1.30388540e+00
-9.11047119e-01
2.56918362e-01
-1.77430679e+00
0.00000000e+00
0.00000000e+00
4.18288007e-01
-3.81431576e-02
-3.75261478e-01
2.04159182e-01
7.10709844e-03
-4.47516535e-01
-3.24161421e-01
2.85532602e-02
-2.66274391e-01
8.16182010e-02
7.43914018e-02
5.97899508e-01
0.00000000e+00
0.00000000e+00
0.00000000e+00
0.00000000e+00
0.00000000e+00
0.00000000e+00
0.00000000e+00
-1.58020749e-02
1.51219678e-01
2.44486366e-01
-5.80389053e-01
-6.49707629e-01
-5.20656149e-01
2.98441986e-02
-3.09516791e-02
-2.05748972e-01
4.56481538e-01
6.91601558e-02
-5.67015457e-02
-4.39134171e-01
3.11260881e-01
3.98579518e-01
0.00000000e+00
0.00000000e+00
2.65701398e+00
4.35357983e+00
0.00000000e+00
0.00000000e+00
0.00000000e+00
0.00000000e+00
0.00000000e+00
0.00000000e+00
-4.56531852e-01
-7.58717852e-01
-3.21840628e-02
-8.57531480e-02
-1.38053112e-01
-8.05869981e-01
-4.56795523e-02
9.22570441e-01
-1.00465698e+00
-1.41997692e-01
0.00000000e+00
-5.34896337e-01
4.04481448e-01
-4.86954393e-01
-8.18717704e-01
-1.36646596e+00
-2.44031354e+00
2.37560059e+00
7.76536103e+00
7.16726020e+00
7.27508876e+00
7.10315625e+00
7.42846835e+00
7.09981352e+00
8.43994112e-01
3.02852623e-01
3.08559992e-02
4.08618660e-01
-6.01103779e-02
-1.48849403e-01
-1.22469627e+00
-1.29833977e+00
-5.36146171e-01
-1.00173966e+00
-1.45518925e+00
-1.59459112e+00
0.00000000e+00
0.00000000e+00
0.00000000e+00
0.00000000e+00
-1.64130630e+00
6.51877074e+00
0.00000000e+00
0.00000000e+00
2.02121027e+00
5.55935511e-02
0.00000000e+00
-2.32684664e+00
-9.69119259e-01
-5.12396548e-01
-1.30799075e+00
-1.13443268e+00
-2.27711001e+00
0.00000000e+00
0.00000000e+00
0.00000000e+00
4.70188859e-01
9.01679489e-01
-7.03759574e-01
-1.46742565e-01
-1.30170541e+00
-6.89499495e-01
2.81454895e-01
9.64572987e-01
-3.11273002e-01
0.00000000e+00
4.40830793e-01
-8.46085938e-01
-1.53814796e+00
5.72840386e-01
7.04497319e-01
1.04654657e+00
-3.60051634e-01
-1.92696924e+00
-9.15241619e-01
1.07975514e+00
2.43792551e-02
0.00000000e+00
0.00000000e+00
0.00000000e+00
1.01380366e-01
2.17106935e-01
3.20487628e-01
4.85263119e-01
-1.26023347e+00
6.19854217e-01
5.15041676e-01
8.94870991e-02
2.30827675e-01
0.00000000e+00
-4.34957048e-02
-1.74804415e+00
-8.94290813e-02
1.61572152e-01
-3.22488567e-01
-3.79332293e-02
1.21910033e-01
1.55068738e-01
3.61467679e-01
1.46536140e-01
-8.86481086e-01
-3.63504216e-01
0.00000000e+00
3.52333086e-01
1.53843742e-01
2.98452235e-01
4.18471196e-02
-7.03803571e-01
1.32873279e-01
0.00000000e+00
0.00000000e+00
0.00000000e+00
-2.93233375e-01
1.24178898e-01
-1.93469097e-01
-2.18615982e-01
0.00000000e+00
-2.73125652e-01
-5.62269396e-01
4.25624341e-01
-6.01166774e-01
0.00000000e+00
-6.16197328e-01
-7.14103732e-01
-1.60303202e-01
-2.01734243e-01
2.72955009e-01
-3.92306519e-01
-6.37710983e-02
8.92316853e-02
-4.07062461e-02
3.04163414e-03
-5.22976870e-01
0.00000000e+00
-7.45045809e-01
-8.22167643e-01
-1.39062892e+00
-6.05615043e-01
0.00000000e+00
-6.84682236e-02
-2.69751682e-02
4.24298657e-01
-1.72617436e-02
-1.01265196e+00
-7.85013879e-01
0.00000000e+00
0.00000000e+00
-4.02256203e-01
-1.64682923e+00
0.00000000e+00
0.00000000e+00
0.00000000e+00
-9.55979048e-01
-2.78102836e+00
-9.09301115e-01
-3.05034717e-01
-1.90446088e-01
-2.98559506e-01
1.00283140e+00
4.21512824e-01
8.52210256e-01
0.00000000e+00
-7.88869554e-01
1.49950269e+00
1.61014058e-01
1.59009086e+00
-2.12982394e+00
-2.15213213e-02
2.51598325e-01
-4.34512220e-01
5.00886091e-01
8.88600140e-01
-4.26644250e-01
0.00000000e+00
0.00000000e+00
0.00000000e+00
4.32770164e-01
6.76140368e-01
5.44696280e-01
3.88037083e-01
0.00000000e+00
1.15213911e+00
-1.75705867e-01
5.59802092e-01
-5.34101032e-01
0.00000000e+00
2.18975511e-01
-1.65871250e+00
-2.36213591e-01
-5.27903582e-01
-9.55742645e-01
6.73032738e-01
2.12607903e-01
0.00000000e+00
2.66387432e-01
3.26048113e-01
-9.10714855e-01
1.45406150e-03
3.30572802e-01
2.63973744e-01
-5.93092485e-01
1.25986677e-01
4.17243424e-02
-1.66256958e-01
2.06548625e-01
0.00000000e+00
0.00000000e+00
0.00000000e+00
-1.17062536e-01
-2.69599031e-01
3.78237746e-03
1.73262880e-01
0.00000000e+00
-7.01012695e-01
4.97004780e-01
-1.49718260e+00
1.44010285e+00
0.00000000e+00
1.69816121e-01
2.28446587e+00
1.88582324e-01
3.59330992e-01
8.11467245e-01
-2.45265113e-01
2.37301701e-01
0.00000000e+00
3.11722777e-01
-1.87300823e-01
-9.12168917e-01
2.97146982e+00
-1.02933672e+00
0.00000000e+00
-7.36114371e-01
-5.13850609e-01
-2.39554904e-01
-2.74295705e-01
0.00000000e+00
-1.71145200e-01
-4.70921164e-03
-3.37996198e-01
-2.22263761e-01
1.46283948e+00
0.00000000e+00
0.00000000e+00
247
-1.21376923e+00
-1.21376923e+00
0.00000000e+00
-6.41730374e-01
-5.72038861e-01
1.89524800e-01
-7.42421466e-01
-2.35635400e-01
0.00000000e+00
0.00000000e+00
-2.64866031e-01
-3.15180592e-01
2.58721310e-01
-3.02317327e-01
0.00000000e+00
0.00000000e+00
0.00000000e+00
0.00000000e+00
0.00000000e+00
0.00000000e+00
0.00000000e+00
0.00000000e+00
0.00000000e+00
0.00000000e+00
0.00000000e+00
0.00000000e+00
0.00000000e+00
0.00000000e+00
0.00000000e+00
0.00000000e+00
0.00000000e+00
0.00000000e+00
0.00000000e+00
0.00000000e+00
0.00000000e+00
0.00000000e+00
0.00000000e+00
0.00000000e+00
0.00000000e+00
0.00000000e+00
0.00000000e+00
4.05746756e-01
6.50211329e-03
-4.78339972e-01
8.70047229e-04
-1.38243700e+00
2.56229039e-02
2.41260985e-01
4.23689108e-02
0.00000000e+00
0.00000000e+00
0.00000000e+00
0.00000000e+00
0.00000000e+00
0.00000000e+00
0.00000000e+00
-5.47495260e-01
-4.83102106e-01
-1.48349143e-01
3.67496872e+00
4.55998578e+00
0.00000000e+00
0.00000000e+00
0.00000000e+00
0.00000000e+00
0.00000000e+00
0.00000000e+00
-8.71999576e-01
-5.53122402e-01
-9.68439102e-01
-7.32164217e-01
-1.76678511e-01
-1.58633415e+00
-2.71425985e+00
1.19148029e+00
6.19951438e-01
-6.40735589e-01
7.49067015e-01
-1.39003671e+00
-5.13352511e-01
1.95192861e-01
-7.54458042e-01
-2.01600525e+00
-1.95687782e+00
1.45627915e+00
7.25289680e+00
8.20538823e+00
8.07756102e+00
8.23160414e+00
8.26085825e+00
7.47188802e+00
-2.97034543e-01
-5.77699342e-01
-3.19927822e-01
-7.40240702e-01
-4.24145960e-01
-6.71454781e-01
0.00000000e+00
-6.23548564e-01
-4.05964379e-01
-4.35819621e-01
0.00000000e+00
-1.42290625e+00
0.00000000e+00
-2.18453340e+00
5.77159817e+00
0.00000000e+00
9.70764170e-01
5.41874269e-01
0.00000000e+00
-3.90092844e+00
-1.07389594e+00
-1.30956975e+00
-6.46534741e-01
-1.22629183e+00
-2.38346569e+00
0.00000000e+00
0.00000000e+00
0.00000000e+00
4.53424269e-01
4.78757492e-01
-8.92547589e-01
-3.95779715e-01
-1.79712079e+00
-3.20782339e-01
4.31874892e-01
1.72073091e-01
7.26394067e-01
0.00000000e+00
1.31756323e+00
6.31167769e-02
-1.69024232e+00
6.14818407e-01
9.42267977e-01
7.85009948e-02
6.60179655e-01
-3.19776824e+00
-8.13701692e-01
7.85506148e-01
-1.23604325e+00
-5.39076951e-01
0.00000000e+00
1.69229353e+00
4.85308221e-01
1.39179849e-01
0.00000000e+00
0.00000000e+00
0.00000000e+00
3.90474155e-02
2.76631736e-01
2.54636233e-01
1.18500794e-01
-5.34862772e-01
3.02848436e-01
-2.11132034e-01
-2.14353481e-01
2.48313641e-01
0.00000000e+00
-1.07064661e-02
3.22177487e-01
3.22847756e-01
4.35101330e-01
-6.12034129e-01
9.08642698e-03
-2.54772766e-01
-1.49593553e-01
1.30626708e-01
-3.33182912e-01
-6.96966296e-01
0.00000000e+00
1.92323657e-01
-6.16029309e-01
-1.14742244e+00
-5.34818994e-01
0.00000000e+00
6.92828196e-01
1.14956490e+00
-6.12603450e-01
0.00000000e+00
0.00000000e+00
5.52849807e-01
-1.87282657e+00
0.00000000e+00
0.00000000e+00
0.00000000e+00
-1.10886329e+00
-4.14650640e+00
-1.89519446e+00
-7.82293080e-01
1.70343128e+00
2.79618666e-01
5.17265509e-01
-1.23153441e+00
-9.17423153e-02
0.00000000e+00
7.17694901e-01
3.02350545e+00
-1.02792779e+00
1.23095361e+00
-1.35361887e-02
-5.52772412e-01
6.66373602e-01
0.00000000e+00
1.69346064e+00
-1.40311032e-01
-8.46051181e-01
-5.88450666e-02
-3.56203534e-01
-1.71684856e-03
2.99075316e-01
-3.05161233e-01
0.00000000e+00
0.00000000e+00
0.00000000e+00
7.65897142e-01
1.70354970e+00
1.72104089e+00
-1.13960577e+00
0.00000000e+00
1.11511717e+00
-3.04460276e+00
8.47289226e-01
0.00000000e+00
0.00000000e+00
3.98046827e-01
0.00000000e+00
2.35365341e+00
0.00000000e+00
-2.29783839e-02
-9.02552127e-02
-9.96728475e-01
0.00000000e+00
0.00000000e+00
6.88034374e-01
-7.87206115e-01
2.22625192e+00
-7.27281475e-01
0.00000000e+00
-1.02677539e+00
-5.87689674e-01
-1.27250780e-01
0.00000000e+00
0.00000000e+00
-4.39085717e-01
1.62753138e+00
0.00000000e+00
0.00000000e+00
4 -999999999 7 1 -1
2 0 1 1 -1
1.0987e-01 -2.0305e-01
356
9.29554246e-02
0.00000000e+00
0.00000000e+00
0.00000000e+00
0.00000000e+00
0.00000000e+00
0.00000000e+00
0.00000000e+00
0.00000000e+00
0.00000000e+00
0.00000000e+00
0.00000000e+00
0.00000000e+00
0.00000000e+00
0.00000000e+00
0.00000000e+00
4.11487189e-01
-3.18531764e-01
1.60675673e-01
-4.84854964e-01
-4.86110739e-02
-1.52939568e-01
0.00000000e+00
0.00000000e+00
-4.54370194e-01
-3.43686327e-01
-1.24129031e-01
1.99659739e-01
5.09548560e-03
-7.17775978e-02
2.27357785e-01
6.94013876e-01
-6.01058451e-01
-1.79674072e+00
-1.18597778e+00
-5.56528165e-01
-2.64237085e-01
1.08929834e+00
-4.75267776e-01
1.40145625e+00
7.90644187e-01
0.00000000e+00
0.00000000e+00
0.00000000e+00
0.00000000e+00
0.00000000e+00
0.00000000e+00
0.00000000e+00
0.00000000e+00
0.00000000e+00
0.00000000e+00
-1.78397424e-01
-5.95634584e-01
-2.83242297e-01
0.00000000e+00
0.00000000e+00
0.00000000e+00
0.00000000e+00
-1.16071558e+00
1.41880247e+00
8.34043254e-01
4.01212914e-01
1.10267179e+00
-8.50976397e-01
1.71299978e-01
-8.25808541e-01
-8.54344012e-01
-1.83796012e-01
0.00000000e+00
0.00000000e+00
0.00000000e+00
0.00000000e+00
0.00000000e+00
0.00000000e+00
0.00000000e+00
0.00000000e+00
0.00000000e+00
9.29554246e-02
1.09288796e-03
9.53451446e-02
0.00000000e+00
0.00000000e+00
0.00000000e+00
0.00000000e+00
0.00000000e+00
0.00000000e+00
0.00000000e+00
-3.17192831e-02
-3.00612102e-02
1.57013813e-01
-4.57244946e-01
-2.36052228e-01
-2.26203764e-01
-5.47106455e-02
-3.77795053e-01
-2.37537126e-01
-1.18402631e-01
2.66228414e-01
-4.10745305e-01
-1.15457813e-01
5.49539109e-01
1.54748135e-01
7.41139400e-01
3.40755993e-01
2.20510640e+00
2.42833965e+00
0.00000000e+00
0.00000000e+00
0.00000000e+00
0.00000000e+00
0.00000000e+00
0.00000000e+00
-2.37678340e-01
-5.50998579e-01
-1.13186787e-02
1.74277062e-01
-8.98896755e-02
-1.39654276e+00
8.15436109e-01
1.12156120e+00
-1.76251779e+00
-3.35914225e-01
0.00000000e+00
-3.67912524e-01
-1.03905639e+00
-2.23384091e-01
3.92156633e-01
-9.27981478e-01
-2.57279050e+00
2.16742088e+00
6.50839016e+00
6.15818579e+00
6.03716802e+00
6.18846323e+00
5.91496802e+00
5.68675143e+00
5.19632469e-01
-2.74682014e-01
-5.00635558e-01
-1.35990048e-01
-2.43650586e-01
-1.88615103e-02
-5.51256467e-01
3.20550745e-01
6.71667510e-02
5.23232365e-01
1.49712759e-02
-6.25519441e-01
0.00000000e+00
0.00000000e+00
0.00000000e+00
0.00000000e+00
-1.31749283e-01
4.24228114e+00
0.00000000e+00
0.00000000e+00
2.24704708e-01
4.92565594e-01
0.00000000e+00
0.00000000e+00
-9.90984197e-01
-9.69499153e-01
-1.12116677e+00
-1.36588507e+00
-2.11215097e+00
0.00000000e+00
0.00000000e+00
0.00000000e+00
3.68094054e-01
1.33252475e+00
-2.69333425e-01
-1.48734005e-01
-2.92277541e+00
7.89741938e-02
5.36208138e-01
1.25887132e+00
1.74743874e-01
0.00000000e+00
-1.65248952e-01
-8.39959159e-01
-1.92833347e+00
5.05450000e-01
-1.97902661e-02
1.18084208e+00
5.16024531e-02
-1.68717099e+00
-7.56851908e-01
1.13873575e+00
5.49309873e-01
0.00000000e+00
0.00000000e+00
0.00000000e+00
-6.14830370e-02
7.00244023e-02
-9.99211911e-04
2.96796568e-01
4.47974627e-01
1.06959802e-01
8.24371652e-02
-3.44891113e-01
-1.47692488e-01
0.00000000e+00
-9.47545033e-03
-2.17410688e-01
5.89440507e-02
1.93421958e-02
1.16797936e-01
-1.68475397e-01
4.09462838e-02
1.30606702e-01
2.05863572e-01
-7.69560455e-02
-7.79926286e-01
-4.85072414e-01
0.00000000e+00
0.00000000e+00
0.00000000e+00
-9.08915600e-02
-1.26669140e-01
-2.67511714e-01
-1.64270789e-01
0.00000000e+00
0.00000000e+00
0.00000000e+00
3.22373840e-01
2.32985600e-01
-1.29010491e-02
-2.20827329e-01
9.18134711e-02
-1.80361860e-01
-2.91303646e-01
8.88505860e-01
-4.26895962e-02
0.00000000e+00
-9.34550450e-01
9.14560482e-01
-2.54582416e-01
-2.07514559e-01
-2.86362198e-01
-2.73736880e-01
3.40570112e-02
-2.46566347e-01
8.30888774e-02
2.19740401e-01
-2.94853872e-01
0.00000000e+00
0.00000000e+00
0.00000000e+00
-1.33222469e+00
-5.05911783e-01
0.00000000e+00
0.00000000e+00
0.00000000e+00
8.97756710e-02
-1.39983502e-01
-4.55703952e-01
-8.26312903e-01
0.00000000e+00
0.00000000e+00
0.00000000e+00
-2.33538422e+00
0.00000000e+00
0.00000000e+00
0.00000000e+00
1.08402103e+00
-1.07143182e+00
-1.39638620e+00
-1.72172143e-01
8.84562199e-02
-5.50306865e-01
3.08021838e-01
-2.75841014e-01
1.63074884e+00
0.00000000e+00
1.22871157e+00
1.01266108e+00
-9.06831372e-01
7.12015493e-01
-2.39600935e+00
6.51688243e-01
-4.00845369e-01
0.00000000e+00
7.05327502e-01
4.26323423e-01
5.18539524e-02
0.00000000e+00
0.00000000e+00
0.00000000e+00
2.81237847e-01
1.29544044e-01
5.88226867e-02
4.72191731e-01
8.13599730e-01
1.54538495e-01
2.07695962e-01
2.39554883e-01
-5.53470845e-02
0.00000000e+00
-6.41236812e-03
2.09025116e-01
8.45261717e-01
5.44573522e-02
-6.74761594e-01
1.25111395e-01
3.33161789e-01
0.00000000e+00
6.44193721e-04
1.30223568e-01
-3.98928257e-01
-1.20778513e-02
0.00000000e+00
0.00000000e+00
0.00000000e+00
7.49900164e-02
7.27487689e-03
-9.43427445e-02
-6.46956969e-01
0.00000000e+00
0.00000000e+00
0.00000000e+00
3.78101928e-01
7.34999142e-01
4.90178848e-01
-1.58089186e-02
3.26529333e-01
2.37019317e-01
-5.72465422e-01
-4.94238619e-01
8.03663325e-01
0.00000000e+00
5.67380167e-01
-3.89870511e-02
-8.20479985e-01
2.74836254e-01
-2.38367015e+00
9.73976557e-01
1.86150383e-01
0.00000000e+00
-9.64128739e-01
-1.69579105e-01
-3.86850405e-01
0.00000000e+00
0.00000000e+00
0.00000000e+00
-1.93645597e+00
-9.57421302e-01
0.00000000e+00
0.00000000e+00
0.00000000e+00
-4.58656270e-01
2.89284642e-02
-5.27693496e-01
-9.79034664e-01
0.00000000e+00
0.00000000e+00
0.00000000e+00
247
-2.01376754e-01
0.00000000e+00
0.00000000e+00
0.00000000e+00
0.00000000e+00
0.00000000e+00
0.00000000e+00
0.00000000e+00
0.00000000e+00
-1.35038029e-01
0.00000000e+00
0.00000000e+00
0.00000000e+00
0.00000000e+00
-5.09699210e-03
-1.96279762e-01
2.23408006e-01
-2.28504998e-01
-6.81510058e-01
6.53760045e-01
0.00000000e+00
0.00000000e+00
0.00000000e+00
-9.57882046e-01
-9.75190316e-01
1.27851238e-01
-5.13813824e-01
4.02785673e-01
-6.04162427e-01
2.43380369e+00
-2.03101801e+00
-7.67475281e-03
5.26461062e-01
-8.80019798e-01
0.00000000e+00
0.00000000e+00
0.00000000e+00
0.00000000e+00
0.00000000e+00
0.00000000e+00
0.00000000e+00
0.00000000e+00
0.00000000e+00
0.00000000e+00
0.00000000e+00
0.00000000e+00
0.00000000e+00
-2.01376754e-01
2.36142368e-03
0.00000000e+00
0.00000000e+00
0.00000000e+00
0.00000000e+00
0.00000000e+00
0.00000000e+00
0.00000000e+00
-1.85136701e-01
-1.11642771e-01
9.54296552e-02
2.07335765e+00
2.21566771e+00
0.00000000e+00
0.00000000e+00
0.00000000e+00
0.00000000e+00
0.00000000e+00
0.00000000e+00
-1.74209530e-01
-5.57015121e-01
1.86371886e-01
-2.79124217e-01
-5.25802899e-01
-9.24954520e-01
-3.81140573e-01
8.47261980e-01
-1.81005869e-01
-9.72870033e-02
0.00000000e+00
-9.03083627e-03
4.44354743e-01
-2.84297701e-01
-3.42359751e-01
-2.32892462e+00
-2.58224571e+00
3.62089492e+00
7.73690824e+00
7.30716552e+00
6.99197648e+00
7.05824041e+00
7.19653118e+00
6.51606585e+00
3.42738266e-01
4.36723763e-01
4.31801283e-01
7.54688189e-01
8.85119447e-01
3.95113200e-01
-1.16327399e-01
5.74240117e-01
1.03879381e+00
2.99951308e-01
-6.98105617e-01
-1.04402523e+00
0.00000000e+00
-9.44466337e-01
4.77827093e+00
0.00000000e+00
7.43089583e-01
3.17884216e-01
0.00000000e+00
0.00000000e+00
-7.73793147e-01
-1.50094125e+00
-1.09709797e+00
-1.31994649e+00
-2.27473440e+00
0.00000000e+00
0.00000000e+00
0.00000000e+00
1.61611622e-01
9.05973060e-01
-3.79057373e-01
-2.41877404e-01
-1.67322169e+00
-5.38611997e-01
5.03207420e-01
1.01292024e+00
2.53529691e-01
0.00000000e+00
9.20539231e-02
-5.88088844e-01
-1.94652373e+00
1.92162918e-01
7.75867062e-01
6.86025346e-01
-1.38666375e-01
-1.80867127e+00
-5.37404139e-01
9.94037138e-01
-8.35807528e-01
-3.14999407e-01
0.00000000e+00
0.00000000e+00
0.00000000e+00
3.65149677e-02
0.00000000e+00
0.00000000e+00
0.00000000e+00
2.01731493e-02
-2.56684003e-02
-8.31455895e-02
2.67247523e-01
5.96901592e-02
1.56349792e-01
1.57038062e-01
-3.67684178e-01
3.70924372e-01
0.00000000e+00
1.97260934e-01
-5.14476069e-02
2.57606979e-01
3.19491763e-01
-9.35730039e-01
7.23750605e-02
-2.36115926e-01
6.61568072e-02
5.86577324e-02
-2.66665627e-01
-5.20808122e-01
0.00000000e+00
0.00000000e+00
0.00000000e+00
-1.43892687e+00
-4.58793740e-01
0.00000000e+00
0.00000000e+00
0.00000000e+00
-9.80133132e-01
0.00000000e+00
0.00000000e+00
0.00000000e+00
-2.41704446e+00
0.00000000e+00
0.00000000e+00
0.00000000e+00
-4.54026155e-01
-3.46555781e+00
-8.84875176e-01
-6.48804614e-01
0.00000000e+00
-2.12327368e-01
3.09740902e-01
3.88150941e-01
9.71507575e-01
0.00000000e+00
-8.30988704e-01
2.72583635e+00
-1.15083026e+00
4.43299749e-01
-6.24508428e-02
4.45357923e-01
3.88861623e-01
-2.75026927e-01
1.17613888e+00
6.42954027e-01
-3.17615770e-01
2.74105325e-01
0.00000000e+00
0.00000000e+00
0.00000000e+00
8.31901497e-02
0.00000000e+00
0.00000000e+00
0.00000000e+00
-8.94766379e-02
-8.75950975e-02
-2.34030271e-01
8.48089929e-02
0.00000000e+00
-1.83684203e-02
2.10397198e-01
2.25679446e-01
2.42846708e-01
0.00000000e+00
-3.16242870e-02
-2.64544733e-02
8.65230605e-01
-2.16014292e-03
2.65434479e-01
-5.38565953e-01
1.08079974e-01
6.35803517e-01
5.19050340e-01
-1.03336409e-02
-5.91721095e-01
0.00000000e+00
0.00000000e+00
0.00000000e+00
-2.09942869e+00
-1.37120329e+00
0.00000000e+00
0.00000000e+00
0.00000000e+00
-7.28225395e-01
0.00000000e+00
0.00000000e+00
0.00000000e+00
2 -999999999 11 1 4
1 0 1 1 2
4.2568e-02 -1.4192e-01
356
2.31528641e-01
0.00000000e+00
0.00000000e+00
0.00000000e+00
0.00000000e+00
0.00000000e+00
0.00000000e+00
0.00000000e+00
0.00000000e+00
0.00000000e+00
0.00000000e+00
0.00000000e+00
0.00000000e+00
0.00000000e+00
0.00000000e+00
0.00000000e+00
2.31528641e-01
0.00000000e+00
-7.22971300e-02
1.90668835e-01
-8.06985961e-01
-3.77366547e-01
0.00000000e+00
0.00000000e+00
-3.55213183e-02
-1.88689568e-01
-1.98551715e-01
1.45911828e-01
4.97749784e-03
1.16699266e-01
-1.93973893e-01
6.28837701e-01
-3.97309059e-01
-1.85917153e+00
-1.98622911e+00
-1.67888770e+00
-1.20277972e+00
1.59456501e+00
1.25185859e+00
8.93444227e-01
9.74741802e-01
2.31528641e-01
0.00000000e+00
-6.50728103e-01
-2.03535001e-01
0.00000000e+00
0.00000000e+00
5.98252510e-01
-2.12258513e-01
2.84004235e-01
1.68003965e+00
-3.70206405e-01
-8.76519351e-01
-5.85795346e-01
0.00000000e+00
0.00000000e+00
0.00000000e+00
0.00000000e+00
-3.50282803e-01
1.09088921e+00
7.42863075e-01
-2.59752618e-01
2.91903844e-01
-1.28547113e+00
-3.88614089e-01
-9.24953263e-02
0.00000000e+00
0.00000000e+00
3.64339978e-01
1.43578379e-02
-3.92701698e-01
-2.47619393e-01
1.59018453e-03
3.11927939e-01
1.51277330e-01
-4.21973615e-03
2.98137642e-02
-3.64692740e-02
4.75927188e-02
-5.95258780e-01
0.00000000e+00
0.00000000e+00
0.00000000e+00
0.00000000e+00
0.00000000e+00
0.00000000e+00
0.00000000e+00
-9.73883763e-03
-2.44145999e-02
2.65682079e-01
5.92847884e-02
6.06947739e-01
7.58528241e-02
-4.72544553e-01
-3.47962875e-01
-4.92134982e-01
2.42134928e-01
-3.25188048e-02
-8.56495762e-02
-4.55118499e-02
-4.19471304e-03
3.02693246e-03
0.00000000e+00
0.00000000e+00
2.81820638e+00
6.69944654e+00
0.00000000e+00
0.00000000e+00
0.00000000e+00
0.00000000e+00
0.00000000e+00
0.00000000e+00
8.84844790e-02
-6.38916709e-01
3.32519996e-01
-2.08576072e-01
-5.24754052e-01
-1.63543538e+00
-1.20451196e+00
1.40673255e+00
1.51126069e-01
1.58772336e-01
0.00000000e+00
3.24755835e-01
-1.34073613e+00
-7.12052109e-01
-7.50017537e-01
-2.18838705e+00
-2.47756877e+00
1.55507498e+00
9.06554422e+00
8.92633662e+00
8.46969998e+00
8.70167454e+00
8.94994484e+00
8.45217217e+00
6.22709487e-01
5.01408504e-01
5.46825614e-01
7.30993388e-01
2.38200364e-01
1.44750268e-01
0.00000000e+00
-5.74043478e-01
-1.33691438e-01
5.73545431e-01
-2.44395685e-01
-3.77010707e-01
0.00000000e+00
0.00000000e+00
0.00000000e+00
0.00000000e+00
-5.54231281e-01
5.43282652e+00
0.00000000e+00
0.00000000e+00
7.85759923e-01
4.58266829e-01
0.00000000e+00
-5.04455150e+00
-9.74893938e-01
5.04191418e-04
-1.61178380e+00
-1.42387059e+00
-2.58667773e+00
0.00000000e+00
0.00000000e+00
0.00000000e+00
-1.50548967e-01
1.20936904e+00
-8.83377797e-01
2.83992084e-01
-1.85647630e+00
-3.27209237e-01
3.17025310e-01
5.04515289e-01
8.81513406e-01
0.00000000e+00
2.43909633e-02
-7.51102210e-01
-1.28685010e+00
4.05229355e-01
8.23813697e-01
4.26242127e-01
-3.59443676e-01
-2.22150968e+00
-6.94482776e-01
1.06823174e+00
-3.39028501e-01
0.00000000e+00
0.00000000e+00
0.00000000e+00
-1.76392393e-01
-2.76579209e-01
-1.32117592e-01
4.92487582e-01
1.57931642e-02
1.50089291e-01
-8.57064510e-02
-9.47916350e-02
1.38884381e-01
0.00000000e+00
-3.95472930e-01
2.52129805e-01
3.91579858e-01
1.41544515e-01
-1.14657395e+00
6.71180197e-02
6.73192220e-02
2.64143952e-01
4.35078304e-02
-5.59919623e-02
-8.70308134e-01
-3.66248201e-01
0.00000000e+00
5.61292361e-01
4.40256643e-01
2.21793369e-01
5.70353042e-02
-6.45076875e-01
3.63638106e-01
0.00000000e+00
0.00000000e+00
0.00000000e+00
3.98379959e-01
-4.11216555e-01
1.15262170e-01
2.09566203e-01
5.42272096e-01
5.40262054e-01
-1.14363106e-01
-1.74859130e-01
4.29413984e-01
0.00000000e+00
-2.41170131e-01
-6.09066533e-01
-7.53367838e-02
-3.33056131e-01
1.92990526e-01
-4.80791212e-01
-5.73071731e-01
5.99774881e-01
1.62545817e-01
1.86101729e-01
-5.04059932e-01
0.00000000e+00
3.90420604e-01
2.86999103e-01
-1.71636960e+00
-6.08645736e-01
0.00000000e+00
-2.61776310e-01
-4.01970700e-01
2.75241975e-01
1.32729000e-01
-1.01661671e+00
-1.10772386e+00
0.00000000e+00
-4.50053641e-01
2.16566065e-01
-1.42336640e+00
0.00000000e+00
0.00000000e+00
0.00000000e+00
1.14303057e+00
-2.48341457e+00
-1.26141199e+00
-1.59304606e-01
6.53074442e-01
-1.21015959e+00
-6.04294627e-01
1.09043358e+00
3.72629911e-01
0.00000000e+00
2.84683834e-01
1.27059986e+00
-1.21265454e+00
9.11109625e-01
-5.65218268e-02
7.70034934e-01
-1.85732748e-01
0.00000000e+00
9.87309722e-01
-3.39280291e-02
-5.93452058e-02
0.00000000e+00
0.00000000e+00
0.00000000e+00
-9.71327344e-01
-2.69691548e-01
-5.40498408e-01
2.02228305e-01
0.00000000e+00
3.06509342e-01
8.15145081e-01
-4.52384744e-01
2.31475942e-01
0.00000000e+00
-4.79867776e-01
-2.13982204e-01
1.62552077e+00
-9.29676611e-01
-3.81858705e-01
-3.48173694e-01
6.42337144e-01
0.00000000e+00
8.28509728e-01
3.21735335e-01
9.71784675e-02
2.29194674e-01
5.10686288e-01
-1.98033277e-01
-8.34583372e-02
3.71209766e-01
2.23264600e-01
-3.65279692e-01
-2.69510129e-01
0.00000000e+00
0.00000000e+00
0.00000000e+00
3.34899121e-01
1.97280084e-02
5.69037124e-01
-8.77396845e-02
0.00000000e+00
-1.78050078e-01
-4.82729657e-01
-6.80112522e-02
6.57120129e-02
0.00000000e+00
2.69157777e-01
7.45466478e-01
-5.67742205e-01
-2.63203608e-01
7.31053701e-01
8.54683887e-01
-5.97574215e-01
0.00000000e+00
-1.34930254e+00
-2.16824631e-01
-1.32016206e-01
3.56207123e-01
-8.15753780e-01
3.27530451e-01
-1.52054486e+00
-2.28690482e-01
-5.40146650e-01
0.00000000e+00
0.00000000e+00
1.44476098e-01
-6.42127428e-02
-3.08953838e-01
-1.29185438e+00
7.13522916e-02
0.00000000e+00
0.00000000e+00
247
-4.12277178e-01
0.00000000e+00
0.00000000e+00
0.00000000e+00
0.00000000e+00
0.00000000e+00
0.00000000e+00
0.00000000e+00
0.00000000e+00
-2.15795089e-01
0.00000000e+00
0.00000000e+00
0.00000000e+00
0.00000000e+00
-4.11005356e-01
0.00000000e+00
-3.20534080e-01
-9.04712766e-02
-1.77547906e-01
-4.29132554e-01
0.00000000e+00
0.00000000e+00
0.00000000e+00
4.64572427e-02
-5.57726895e-01
-8.64280531e-01
6.44420203e-01
1.49467065e-01
-5.61744243e-01
5.86420481e-01
-4.36953415e-01
-1.27639218e+00
9.47387434e-01
-3.05230011e-02
-4.12277178e-01
0.00000000e+00
2.94161013e+00
-3.35388731e+00
-1.34606608e-01
-1.01201248e+00
-8.98844014e-01
-2.26466208e-01
-1.04365889e-02
-1.27360086e+00
1.73080704e-02
-1.08355545e-01
1.58716543e-02
1.19614543e+00
7.82238400e-03
0.00000000e+00
0.00000000e+00
0.00000000e+00
0.00000000e+00
0.00000000e+00
0.00000000e+00
0.00000000e+00
-7.06462968e-02
-3.04787508e-01
-3.50643615e-02
2.09204510e+00
5.48129059e+00
0.00000000e+00
0.00000000e+00
0.00000000e+00
0.00000000e+00
0.00000000e+00
0.00000000e+00
-5.55514114e-01
-8.29510306e-01
-7.66311238e-02
-1.08856656e-01
3.91871938e-02
-9.72997267e-01
-1.21132244e+00
1.52579619e+00
-1.31164728e+00
4.26835094e-02
0.00000000e+00
8.24461262e-01
-7.75052700e-01
-4.03711639e-01
-2.94620374e-01
-2.38968558e+00
-2.95651443e+00
1.62995904e+00
8.23870531e+00
7.90467591e+00
7.89118772e+00
7.81912225e+00
8.12631249e+00
7.79613759e+00
6.65324276e-01
1.46774036e-01
3.73416355e-02
1.04355120e-01
2.02649519e-01
-7.67569788e-02
-8.82083996e-01
-1.80908551e-01
2.19237065e-01
-1.96302023e-01
-4.13700888e-01
-1.08908370e+00
0.00000000e+00
-7.03942088e-01
5.58518539e+00
0.00000000e+00
2.91664910e-01
8.26885080e-02
0.00000000e+00
-4.35519862e+00
-1.05951508e+00
-1.43326657e+00
1.03208897e-01
-1.64157804e+00
-2.49278165e+00
0.00000000e+00
0.00000000e+00
0.00000000e+00
5.55422318e-01
1.19944291e+00
-2.92908916e-01
6.84894667e-01
-2.43118070e+00
3.98847780e-01
9.58468239e-01
4.08413407e-01
-7.95249933e-01
0.00000000e+00
7.18679904e-01
-1.11675440e+00
-2.20148126e+00
3.78969370e-01
3.18341164e-01
9.65455877e-01
-5.63000943e-01
-1.91175258e+00
-6.48591364e-01
8.81202801e-01
-1.02427944e+00
-5.31753752e-01
0.00000000e+00
8.00980511e-01
6.47175315e-01
-1.59730224e-01
0.00000000e+00
0.00000000e+00
0.00000000e+00
-2.25061586e-02
2.27035645e-01
-1.08361625e-03
-1.07200006e-01
0.00000000e+00
-9.77082371e-01
-2.23943296e-01
1.94727671e-01
-3.39627380e-01
0.00000000e+00
1.67263699e-01
1.07675316e-01
8.29854283e-02
-1.20035244e-01
-1.92417088e-01
2.05651547e-01
3.71286730e-01
-1.54110827e-01
-3.46033440e-01
-2.68064846e-01
-4.92525687e-01
0.00000000e+00
6.93624578e-01
5.46298030e-01
-1.46850221e+00
-5.27761332e-01
0.00000000e+00
0.00000000e+00
-1.02901278e+00
-9.40740879e-01
0.00000000e+00
0.00000000e+00
6.65673550e-02
-1.53836915e+00
0.00000000e+00
0.00000000e+00
0.00000000e+00
1.49141964e+00
-1.93572327e+00
-8.86448788e-01
-2.42526756e-01
-2.62188738e-01
-3.32744490e-01
-8.37061123e-02
7.51790389e-01
6.88336200e-01
0.00000000e+00
9.34353871e-01
2.29332234e+00
-1.34928491e-01
-3.12152234e-01
-1.88154050e+00
1.14945419e+00
4.50484545e-01
0.00000000e+00
2.28292344e-01
8.35473809e-01
2.37451966e-01
7.84484793e-02
7.71193572e-01
-6.55515767e-02
-6.27193516e-01
1.46277879e-01
0.00000000e+00
0.00000000e+00
0.00000000e+00
-3.17962054e-01
-2.03553093e-01
-2.27029507e-01
1.06275102e-01
1.16820306e+00
-3.09605791e-01
4.65100145e-01
5.53278766e-01
4.72329944e-01
0.00000000e+00
-4.83335503e-01
-6.40887489e-01
8.34997533e-01
5.06701533e-01
-2.88092834e-01
-1.08608896e+00
-2.16055210e-02
0.00000000e+00
1.23759443e+00
-3.47952066e-02
1.59003487e-01
1.33426849e-01
-1.46820882e-01
1.72397520e-01
-1.77582111e+00
2.47604181e-02
5.16539707e-01
-4.91779289e-01
0.00000000e+00
-1.80058153e+00
1.50450857e+00
0.00000000e+00
0.00000000e+00
0 1
2.9008e-01 -2.8550e-01
3 -1
1 4 2 
217
1.10685528e+00
-2.85520726e-01
-5.15324949e-01
-4.11684558e-01
4.64912317e-01
3.64811681e-01
8.15817804e-01
-3.08210332e-01
5.09188681e-01
-8.50185337e-01
-6.83063517e-01
-1.48452932e-01
0.00000000e+00
0.00000000e+00
0.00000000e+00
0.00000000e+00
0.00000000e+00
9.51578284e-01
1.13287196e-02
-8.03900892e-01
-5.77740241e-02
1.54464008e-02
-3.76081601e-01
1.67089197e-01
5.86373264e-03
-7.30318764e-02
0.00000000e+00
0.00000000e+00
0.00000000e+00
0.00000000e+00
0.00000000e+00
0.00000000e+00
0.00000000e+00
4.99094210e-01
1.94026849e-01
4.14338114e-01
2.79859448e-01
-3.99344650e-01
2.42037764e-01
9.84302722e-01
0.00000000e+00
0.00000000e+00
0.00000000e+00
0.00000000e+00
2.79859448e-01
-3.82044290e-01
-4.48533985e-01
-1.84515822e-01
4.31233625e-01
5.23305214e-01
-9.67516286e-02
9.84302722e-01
0.00000000e+00
0.00000000e+00
0.00000000e+00
0.00000000e+00
0.00000000e+00
0.00000000e+00
0.00000000e+00
0.00000000e+00
7.03035272e-01
-4.48533985e-01
5.72494550e-01
2.40154907e-01
-7.43474478e-02
-7.32098145e-01
8.29011374e-01
-2.75808294e-01
1.12036450e-01
1.30531083e+00
0.00000000e+00
8.52353998e-01
-1.57199250e-01
1.14417182e-01
6.50352921e-02
1.40084104e-01
3.51249221e-01
-1.43838899e+00
7.03154345e-01
-5.33830809e-01
1.03669579e+00
-8.41554976e-01
8.05394147e-01
4.43710001e-01
0.00000000e+00
0.00000000e+00
0.00000000e+00
0.00000000e+00
0.00000000e+00
0.00000000e+00
0.00000000e+00
0.00000000e+00
0.00000000e+00
0.00000000e+00
0.00000000e+00
0.00000000e+00
0.00000000e+00
0.00000000e+00
0.00000000e+00
0.00000000e+00
0.00000000e+00
0.00000000e+00
0.00000000e+00
0.00000000e+00
0.00000000e+00
0.00000000e+00
0.00000000e+00
0.00000000e+00
0.00000000e+00
0.00000000e+00
0.00000000e+00
0.00000000e+00
0.00000000e+00
0.00000000e+00
0.00000000e+00
0.00000000e+00
0.00000000e+00
0.00000000e+00
0.00000000e+00
-1.13945244e+00
-1.70870180e+00
-1.99341165e+00
0.00000000e+00
0.00000000e+00
0.00000000e+00
9.35413252e-01
2.33069669e-01
2.25865330e-01
2.22279124e-01
-1.18449498e+00
4.14993239e-02
1.67695658e-03
3.26601075e-01
1.54193247e-01
0.00000000e+00
1.66907668e-01
-9.85469709e-01
-1.54658991e+00
2.67267299e-01
3.17607571e-01
1.37895159e+00
-2.82691164e-01
-1.25710252e+00
-1.33142773e+00
3.23032257e-01
3.07140503e-01
0.00000000e+00
0.00000000e+00
0.00000000e+00
-2.44180791e-01
1.82907951e-01
-2.87819464e-01
6.15423164e-02
-9.46963079e-01
2.43805480e-01
3.42556451e-01
1.89440621e-01
2.45023614e-02
0.00000000e+00
2.27849571e-01
5.11272986e-01
5.34299200e-02
2.15753135e-01
-2.85415952e-01
-4.85729428e-01
3.54198186e-01
-5.97710684e-01
5.17791052e-01
2.29909869e-01
-2.69704465e+00
0.00000000e+00
0.00000000e+00
0.00000000e+00
6.27958094e-02
-2.85725574e-02
-1.46402445e+00
-4.67544031e-01
-6.36752064e-01
-4.60237888e-01
1.95792734e-01
2.86405034e-01
4.07486651e-02
0.00000000e+00
-4.34369449e-01
1.54519036e+00
-2.58953708e-01
6.22606635e-01
-1.09393398e+00
-6.44511430e-01
4.28350794e-01
-1.01375036e+00
1.66299017e-01
4.57416222e-01
3.06326341e-01
0.00000000e+00
0.00000000e+00
0.00000000e+00
3.64105891e-01
7.35929798e-01
2.07433637e-01
4.77859019e-01
-5.75113567e-01
-1.65804272e-01
2.36365084e-01
-8.46361561e-02
3.28755787e-01
0.00000000e+00
4.76362614e-02
6.38916931e-01
-2.98147755e-01
2.50741624e-01
-1.07468712e+00
6.08689166e-01
1.16804023e-01
-1.22315181e+00
-1.50192686e-01
-1.35177514e-01
136
1.63893627e+00
0.00000000e+00
0.00000000e+00
-1.14317329e+00
4.76468912e-02
3.09558220e-01
2.60374647e-02
1.67377895e+00
2.10676290e-03
0.00000000e+00
0.00000000e+00
0.00000000e+00
0.00000000e+00
0.00000000e+00
0.00000000e+00
0.00000000e+00
5.60447161e-01
4.70708193e-01
6.07780914e-01
-1.01816660e+00
-1.58239787e-01
9.96117342e-01
1.81922531e+00
0.00000000e+00
0.00000000e+00
0.00000000e+00
0.00000000e+00
-1.01816660e+00
9.01192755e-01
-5.53042468e-02
1.85650649e+00
-1.00412829e+00
-1.18623332e-01
-7.41765816e-01
1.81922531e+00
0.00000000e+00
0.00000000e+00
0.00000000e+00
0.00000000e+00
0.00000000e+00
0.00000000e+00
0.00000000e+00
0.00000000e+00
0.00000000e+00
0.00000000e+00
0.00000000e+00
-1.65383947e+00
-1.16552548e+00
2.16481639e-01
-6.21743645e-01
-1.74619257e-01
0.00000000e+00
-1.23972547e+00
-1.91495982e-01
-4.42223467e-01
-1.06080986e+00
6.98145360e-01
9.86083042e-01
-1.42515269e-01
4.11582648e-01
-7.87941453e-01
-5.53042468e-02
-2.21558872e-01
0.00000000e+00
0.00000000e+00
0.00000000e+00
0.00000000e+00
0.00000000e+00
0.00000000e+00
0.00000000e+00
0.00000000e+00
0.00000000e+00
0.00000000e+00
0.00000000e+00
0.00000000e+00
0.00000000e+00
0.00000000e+00
0.00000000e+00
0.00000000e+00
0.00000000e+00
0.00000000e+00
0.00000000e+00
0.00000000e+00
0.00000000e+00
0.00000000e+00
0.00000000e+00
1.00327697e-01
-1.42270744e+00
-1.33773488e+00
0.00000000e+00
0.00000000e+00
0.00000000e+00
8.72253505e-01
5.14447268e-01
-9.57872224e-02
1.05308777e-01
-2.56961185e+00
9.65713354e-02
5.18959594e-01
3.56942453e-01
2.27606730e-01
0.00000000e+00
9.59805510e-01
2.99160158e-01
-2.15026130e+00
7.75812072e-01
3.30494848e-01
9.60574503e-01
5.54208134e-02
-2.60653858e+00
-7.80895088e-01
7.92001592e-01
-2.98087695e+00
0.00000000e+00
0.00000000e+00
0.00000000e+00
9.83208707e-01
5.35462092e-01
-9.92115706e-01
-2.51699263e-01
-1.00617138e+00
4.70110773e-02
7.72300351e-01
1.12049953e+00
2.08818911e-02
0.00000000e+00
5.56122451e-01
3.79138508e+00
-7.95313946e-01
1.20965302e+00
1.50874432e-01
3.90972107e-01
1.05726725e+00
-6.10205686e-03
8.00975987e-01
1.18863501e+00
13 1
-2.9540e-01 4.5674e-02
4 1
1 4 2 0 
217
4.58991285e-01
-4.41982302e-01
-2.29727555e-01
-7.77749333e-02
-1.18258098e-01
1.46774346e-01
-4.86080814e-02
-1.65140874e-01
-2.87639141e-01
8.09009607e-01
9.15756942e-01
3.89604842e-01
0.00000000e+00
0.00000000e+00
8.14806483e-01
1.67812229e-02
1.02836213e+00
2.99858053e-01
1.14040074e-02
3.45239159e-01
8.48938108e-01
-5.51685167e-04
3.68998088e-01
-1.50461136e+00
5.20305155e-02
1.55175128e+00
0.00000000e+00
0.00000000e+00
0.00000000e+00
0.00000000e+00
0.00000000e+00
0.00000000e+00
0.00000000e+00
2.61636714e-01
-1.18153945e-01
3.15508516e-01
0.00000000e+00
2.49580088e-01
-4.91792115e-01
1.74107557e-01
4.58323626e-01
0.00000000e+00
0.00000000e+00
0.00000000e+00
0.00000000e+00
-4.84307384e-01
-1.50914928e-01
-1.62894297e-01
1.48293916e-01
-1.22662251e-02
2.98353437e-01
3.31154286e-01
7.36508484e-01
7.56573505e-02
-3.32967827e-01
1.24932638e-01
-3.57674554e-01
1.33679020e-01
-4.15658387e-01
4.58323626e-01
4.85873120e-01
2.52625729e-01
-3.48279693e-01
8.40306419e-02
-8.93183717e-02
3.70592359e-01
2.98240490e-01
1.09155718e+00
1.66038525e-01
7.28050783e-01
0.00000000e+00
3.08662737e-01
-7.27843684e-02
2.20822412e-01
-1.62220335e-01
-7.04938638e-02
4.41042754e-01
0.00000000e+00
-1.25213833e-01
6.00759453e-02
5.01729749e-01
-2.56764470e-01
8.24753696e-02
6.09806071e-01
0.00000000e+00
3.61909340e-02
-2.46800438e-01
2.95866971e-01
1.21850465e-01
1.26933380e-01
-5.28466245e-02
0.00000000e+00
0.00000000e+00
0.00000000e+00
0.00000000e+00
0.00000000e+00
0.00000000e+00
0.00000000e+00
0.00000000e+00
0.00000000e+00
0.00000000e+00
0.00000000e+00
0.00000000e+00
0.00000000e+00
0.00000000e+00
0.00000000e+00
0.00000000e+00
0.00000000e+00
0.00000000e+00
0.00000000e+00
0.00000000e+00
0.00000000e+00
0.00000000e+00
0.00000000e+00
0.00000000e+00
0.00000000e+00
0.00000000e+00
0.00000000e+00
0.00000000e+00
-3.45163671e-01
-8.24482803e-01
-1.49988756e+00
0.00000000e+00
0.00000000e+00
0.00000000e+00
7.58126848e-01
5.67452550e-01
-3.50273065e-01
5.77075975e-01
-2.62501250e+00
-3.69080222e-01
3.41978669e-01
6.04132469e-01
4.41052933e-01
0.00000000e+00
3.11581616e-01
3.37324778e-01
-1.89959930e+00
1.21624397e+00
5.57806217e-01
7.29249646e-02
5.00755925e-01
-2.00460867e+00
-1.17459445e+00
6.36823739e-01
-2.17709448e-01
0.00000000e+00
0.00000000e+00
0.00000000e+00
-4.67313900e-02
-5.08911551e-02
-4.48131377e-02
-5.43141612e-01
4.25004106e-01
5.51127954e-01
-1.38580213e-01
-4.04092192e-02
1.06323557e-01
0.00000000e+00
2.30849370e-01
-5.96759278e-01
6.08299658e-01
-4.85640891e-01
-4.65069984e-02
5.68582189e-01
-3.14015567e-01
-7.17443536e-01
2.82351933e-01
3.46847828e-02
-2.09825648e+00
0.00000000e+00
0.00000000e+00
0.00000000e+00
8.88253549e-02
8.84844695e-02
-8.78523850e-01
3.44798578e-01
0.00000000e+00
-1.75299803e+00
4.37509193e-01
-7.42202340e-01
2.47087058e-01
0.00000000e+00
-3.25038181e-01
3.54517979e+00
-1.22181683e+00
1.07626641e+00
-1.53802432e+00
1.69433617e-01
3.65021908e-01
-1.82209798e-01
-6.22409941e-03
4.16717797e-02
-4.92350851e-01
0.00000000e+00
0.00000000e+00
0.00000000e+00
2.01172693e-01
5.63902919e-01
-2.06798927e-01
5.22293323e-01
0.00000000e+00
8.56358996e-01
-1.01277093e+00
8.39481000e-01
-4.63492768e-01
0.00000000e+00
3.94505563e-01
-4.24977270e-01
-1.08488980e+00
3.43865754e-01
-2.53680607e-01
-4.08084232e-01
1.38136348e-01
-1.67531254e-01
-5.34608534e-03
6.15569389e-01
136
8.58822182e-01
5.20436215e-01
-1.32080262e-02
-4.58058508e-01
1.58210327e-02
1.81483824e-01
4.90842526e-03
6.14960651e-01
-6.39964995e-04
0.00000000e+00
0.00000000e+00
0.00000000e+00
0.00000000e+00
0.00000000e+00
0.00000000e+00
0.00000000e+00
3.08542546e-01
7.36893135e-02
4.76928048e-01
-7.25703271e-01
6.56590750e-02
-1.32894227e-01
6.44469269e-01
1.00729134e+00
0.00000000e+00
0.00000000e+00
0.00000000e+00
-7.25703271e-01
-2.58692554e-01
9.58138199e-02
1.00891651e-01
-7.84827328e-02
2.18131872e-02
2.28659862e-01
1.32274018e-01
3.07020542e-01
7.20797885e-02
-1.64083380e-01
6.22371829e-01
-3.92255336e-01
-3.10785134e-02
-7.90980648e-02
1.00729134e+00
0.00000000e+00
0.00000000e+00
0.00000000e+00
-5.81432054e-01
-2.26696507e-01
6.23905252e-01
-1.24354813e-01
-5.03179479e-01
0.00000000e+00
-1.08529889e+00
-3.98740108e-01
-3.18613075e-01
-5.66952038e-01
0.00000000e+00
2.96985390e+00
2.95813804e-01
7.88489372e-01
5.56745346e-01
2.38750981e-01
-7.98788119e-01
1.66717369e-01
-2.89244811e-01
-4.62461670e-01
0.00000000e+00
0.00000000e+00
0.00000000e+00
0.00000000e+00
0.00000000e+00
0.00000000e+00
0.00000000e+00
0.00000000e+00
0.00000000e+00
0.00000000e+00
0.00000000e+00
0.00000000e+00
0.00000000e+00
0.00000000e+00
0.00000000e+00
0.00000000e+00
0.00000000e+00
0.00000000e+00
0.00000000e+00
0.00000000e+00
-5.61632276e-01
-1.77011936e+00
-1.36478272e+00
0.00000000e+00
0.00000000e+00
0.00000000e+00
7.17138135e-01
5.01058063e-01
-8.09282371e-02
2.25977154e-01
-2.57908689e+00
3.12642415e-01
6.28930699e-01
4.53532234e-01
1.80802482e-01
0.00000000e+00
8.08709477e-01
-1.10162668e-01
-2.03341167e+00
6.35941128e-01
1.61655557e-01
8.81696123e-01
4.51862954e-02
-2.13105783e+00
-7.10213675e-01
7.26808490e-01
-2.44679017e+00
0.00000000e+00
0.00000000e+00
0.00000000e+00
4.64249213e-01
-4.58091342e-03
-1.44691747e+00
-4.07559330e-01
-1.64438336e+00
-5.74908646e-01
5.19606561e-01
4.14694567e-01
-2.48813504e-01
0.00000000e+00
-2.94523768e-01
3.16826875e+00
-9.10577644e-01
6.73901322e-01
-9.15674385e-01
2.40195212e-02
6.31090049e-01
-2.42490710e+00
1.29885320e-01
4.00340642e-01
12 1
-4.8114e-01 1.0326e-01
5 1
1 4 2 0 13 
217
1.38013105e+00
-3.42172362e-01
-7.17582130e-01
1.75384436e-01
6.60262883e-01
-1.55694963e-02
4.89184765e-01
2.10935976e-02
3.17762226e-01
-3.70538933e-01
-1.63200807e-03
8.96242315e-01
0.00000000e+00
0.00000000e+00
7.22867242e-01
-6.49526443e-03
1.96637020e-01
7.07304752e-01
-5.59556499e-03
1.83847318e-01
8.74108728e-02
-1.11230897e-02
3.56769239e-01
-1.37451815e-01
1.20346489e-02
5.57509267e-01
0.00000000e+00
0.00000000e+00
0.00000000e+00
0.00000000e+00
0.00000000e+00
0.00000000e+00
0.00000000e+00
3.46831871e-01
2.64088317e-01
7.82143176e-01
0.00000000e+00
-5.43756950e-01
-3.51987662e-02
4.09875045e-01
6.62219302e-01
4.46204106e-01
0.00000000e+00
0.00000000e+00
0.00000000e+00
-3.63605536e-01
-2.30487464e-01
-1.41802050e-01
3.73714892e-01
-2.46537003e-01
1.88059910e-01
3.40868481e-01
4.29274309e-01
-2.21883138e-01
-1.10900866e+00
4.01121909e-01
1.62869116e-01
1.46317640e-02
2.45249437e-01
1.11599421e+00
4.53400536e-01
7.41487286e-01
-2.55545086e-01
3.83057028e-01
9.82853862e-02
-7.78026344e-02
7.51030953e-01
9.32981730e-01
1.47757684e-01
4.43840842e-01
0.00000000e+00
5.70135280e-01
-3.51632260e-01
6.02039598e-01
-2.32220536e-01
2.07956174e-01
2.99043682e-01
-1.05505636e+00
2.40336601e-01
-5.13496985e-01
1.28908417e+00
-3.10849610e-02
9.05766637e-01
4.39624378e-01
0.00000000e+00
3.41882106e-01
-4.83383712e-01
5.45244127e-01
-1.54733315e-01
4.93004819e-01
3.09274897e-01
4.81335340e-01
3.45311486e-01
-4.96222469e-02
3.74501061e-01
-1.44174237e-01
1.78983165e-01
1.21250331e-01
0.00000000e+00
0.00000000e+00
0.00000000e+00
0.00000000e+00
0.00000000e+00
0.00000000e+00
0.00000000e+00
0.00000000e+00
0.00000000e+00
0.00000000e+00
0.00000000e+00
0.00000000e+00
0.00000000e+00
0.00000000e+00
0.00000000e+00
0.00000000e+00
0.00000000e+00
0.00000000e+00
0.00000000e+00
0.00000000e+00
0.00000000e+00
-1.47945976e+00
-1.11756403e+00
-1.90705817e+00
0.00000000e+00
0.00000000e+00
0.00000000e+00
7.04167993e-01
5.58659355e-01
6.27832057e-02
1.12527240e-01
-2.07278804e+00
-1.43250020e-02
2.31187056e-01
6.10028199e-01
4.65434973e-01
0.00000000e+00
3.27791801e-01
9.51016042e-02
-1.32950851e+00
3.75197408e-01
1.00904440e-01
5.76958572e-01
1.49301865e-01
-2.77698452e+00
-1.17320402e+00
1.08970822e+00
-3.99091353e-02
0.00000000e+00
0.00000000e+00
0.00000000e+00
-3.09838447e-02
-3.85734544e-01
-3.46272420e-01
1.90659349e-01
-3.29400933e-01
2.85329080e-01
4.74896951e-02
7.14050875e-04
3.35751247e-01
0.00000000e+00
-6.18411411e-02
-1.27366577e-01
-2.72918808e-01
4.38621785e-01
2.45329588e-01
1.14052268e-01
3.42329319e-01
-7.45358107e-02
1.65770947e-01
-5.76902385e-01
-2.52870607e+00
0.00000000e+00
0.00000000e+00
0.00000000e+00
-1.70441709e-01
-6.97457378e-02
-1.52606899e+00
-8.49029766e-02
-1.47443532e-03
-1.50776856e+00
-5.85432650e-01
8.39778066e-02
6.52631297e-01
0.00000000e+00
1.84838010e-02
3.53966968e+00
6.57727189e-02
1.21462989e+00
-1.23126301e+00
1.56189543e-01
7.82571971e-01
-1.51980225e-02
-2.72162325e-02
5.92730554e-01
-3.08029130e-01
0.00000000e+00
0.00000000e+00
0.00000000e+00
3.70649558e-01
3.50442251e-01
6.87832956e-01
7.49628815e-01
-2.39813725e-03
4.40597671e-01
8.33996860e-01
7.36120585e-01
3.87255456e-01
0.00000000e+00
3.32264598e-01
-2.30437097e-01
-6.57209844e-02
8.88394128e-01
-9.33730281e-01
3.73601773e-01
2.67831414e-02
-3.38984045e-02
-6.27461612e-02
4.01878764e-01
136
1.62414556e+00
3.36672257e-01
-2.13360650e-03
-1.09713461e-01
1.00833975e-02
6.88607985e-01
-3.02923638e-03
7.08578781e-01
2.83460285e-03
0.00000000e+00
0.00000000e+00
0.00000000e+00
0.00000000e+00
0.00000000e+00
0.00000000e+00
0.00000000e+00
5.35971644e-01
2.84443216e-01
8.03747948e-01
-8.68193910e-01
2.92730011e-02
4.48605182e-01
6.17742727e-01
8.28838122e-01
5.67880441e-01
0.00000000e+00
0.00000000e+00
-7.18564147e-01
9.81007927e-02
4.82727737e-01
2.09374138e-01
-1.52888963e-01
-6.92307875e-01
-1.11775201e-01
6.57853036e-01
5.03999493e-01
1.94924993e-01
-5.72418309e-01
8.81544982e-01
-7.18920897e-01
4.12580762e-01
-3.11757095e-01
1.46167212e+00
0.00000000e+00
0.00000000e+00
0.00000000e+00
-1.09942829e+00
-5.00169089e-01
5.51741768e-01
-2.04607983e-01
-1.64054375e-01
0.00000000e+00
-1.07307584e+00
-3.02679929e-01
-2.59829629e-01
-5.27440243e-01
-8.70526616e-01
1.95021630e+00
1.72275595e-01
6.16684004e-01
-4.34665212e-01
-5.57976187e-01
-8.24946766e-01
2.70295644e-01
-2.16155848e-01
-4.33621735e-01
8.47729715e-01
1.58995890e-01
-2.16858044e-01
1.19769306e-01
-2.96054753e-01
0.00000000e+00
0.00000000e+00
0.00000000e+00
0.00000000e+00
0.00000000e+00
0.00000000e+00
0.00000000e+00
0.00000000e+00
0.00000000e+00
0.00000000e+00
0.00000000e+00
0.00000000e+00
0.00000000e+00
0.00000000e+00
0.00000000e+00
-2.42758265e-01
-1.78564529e+00
-1.35923131e+00
0.00000000e+00
0.00000000e+00
0.00000000e+00
7.02175077e-01
6.19998622e-01
-1.10388750e-01
2.00608497e-01
-2.53384986e+00
2.55726456e-01
5.60898126e-01
4.39455729e-01
6.11290978e-02
0.00000000e+00
8.01242045e-01
-2.78817958e-01
-1.73916167e+00
7.66827898e-01
1.39781369e-01
8.16572235e-01
4.96930637e-02
-2.05927955e+00
-6.82652877e-01
6.30811144e-01
-2.51150095e+00
0.00000000e+00
0.00000000e+00
0.00000000e+00
3.74707738e-01
-1.89448859e-01
-1.49637749e+00
-3.78850500e-01
-1.32849037e+00
-5.69737933e-01
1.49681841e-01
3.46005078e-01
-3.53950630e-01
0.00000000e+00
-2.37271639e-01
3.20505376e+00
-8.84348823e-01
7.37673184e-01
-9.35972213e-01
-3.74629325e-02
8.24534030e-01
-2.25495703e+00
1.56610938e-01
3.61100903e-01
5 1
-4.5615e-01 1.1050e-01
6 0
1 4 2 0 13 12 
217
-5.78248754e-02
-2.55768659e-01
-2.60416372e-01
-1.89001667e-01
2.18846114e-01
-3.68618178e-01
-2.36771195e-01
-4.91582326e-01
-8.64152065e-01
1.53769801e+00
8.24252270e-01
1.39881191e-01
0.00000000e+00
0.00000000e+00
0.00000000e+00
0.00000000e+00
0.00000000e+00
-1.11186043e+00
3.32571760e-02
1.08426770e+00
2.27562210e-01
1.88474746e-02
1.94740991e-01
8.68054626e-01
9.04164099e-03
1.15595179e-01
0.00000000e+00
0.00000000e+00
0.00000000e+00
0.00000000e+00
0.00000000e+00
0.00000000e+00
0.00000000e+00
-8.85133899e-02
-1.21422960e-01
1.63336485e-01
0.00000000e+00
-7.74216890e-01
-4.06483495e-01
-5.54953651e-02
3.34046511e-01
3.92729190e-01
4.51595174e-01
0.00000000e+00
0.00000000e+00
-1.82084190e-01
-1.37546845e-01
-3.57010979e-01
8.61021108e-01
-5.60592966e-01
1.03001172e-01
4.57350035e-01
0.00000000e+00
-3.86508160e-03
-1.46153796e+00
2.19506124e-01
2.24007544e-01
3.08257654e-01
-9.25742227e-02
1.06697548e+00
3.95314978e-01
-5.71483804e-01
1.18343951e-01
-3.23782009e-01
-6.82578946e-01
1.27706796e-01
5.83181366e-01
5.20777874e-01
3.65354713e-01
1.59809147e+00
0.00000000e+00
1.44012318e-01
2.26162140e-02
-1.87589066e-02
-2.45392948e-02
-1.83078287e-01
4.11054313e-02
0.00000000e+00
4.04611166e-01
-5.62099099e-01
1.28384783e+00
-2.92217821e-01
1.08359798e+00
8.16763126e-01
0.00000000e+00
1.84137333e-01
5.38176190e-02
3.37496940e-02
5.11093848e-01
-2.75711902e-01
3.73237581e-01
2.29328534e-01
-1.60318013e-01
-2.11101130e-01
-5.65243380e-02
-2.92081147e-01
-7.03110590e-02
-9.74576613e-02
0.00000000e+00
7.42990187e-01
-1.58982537e-01
6.85745381e-01
-1.36813738e-01
8.24640593e-01
3.08838574e-01
0.00000000e+00
0.00000000e+00
0.00000000e+00
0.00000000e+00
0.00000000e+00
0.00000000e+00
0.00000000e+00
0.00000000e+00
0.00000000e+00
0.00000000e+00
0.00000000e+00
0.00000000e+00
0.00000000e+00
0.00000000e+00
-1.11043366e+00
-1.86063354e+00
-1.68571622e+00
0.00000000e+00
0.00000000e+00
0.00000000e+00
5.48537766e-01
5.72444097e-01
5.22038487e-02
2.14366385e-01
-1.60905345e+00
3.61861341e-01
4.08594836e-02
6.54204868e-01
7.53349118e-02
0.00000000e+00
4.72333871e-01
-9.35763560e-01
-2.03145340e+00
4.55928541e-01
2.72331416e-02
8.34912448e-01
-2.49357150e-01
-1.48557666e+00
-4.29246354e-01
7.44513656e-01
1.46310949e-01
0.00000000e+00
0.00000000e+00
0.00000000e+00
2.29805776e-02
-6.90205288e-02
-2.83234024e-01
-3.59048243e-01
-3.71916654e-01
-1.22809455e-01
5.60203043e-01
-2.07097897e-02
1.70312068e-01
0.00000000e+00
1.89156105e-01
6.23335823e-01
4.58495130e-01
-1.66827487e-02
-6.43319729e-02
-4.52383800e-02
4.37579575e-01
-9.07579330e-01
-6.58666091e-02
1.06863632e-02
-2.85710087e+00
0.00000000e+00
0.00000000e+00
0.00000000e+00
3.22345616e-01
3.95491721e-01
-9.72977212e-01
1.10939145e-01
-1.38265973e-02
1.65521826e-01
8.04572003e-01
1.43324771e+00
5.32060787e-01
0.00000000e+00
3.41693279e-02
2.09465413e+00
-3.29446341e-01
2.02348770e+00
-1.31517658e+00
5.63449432e-01
9.49502628e-01
-4.26659661e-02
2.67127316e-01
8.46723475e-01
-2.60978604e-01
0.00000000e+00
0.00000000e+00
0.00000000e+00
8.55783863e-01
9.87769136e-01
5.25559056e-01
7.34118297e-01
-1.03669883e-02
-4.88684373e-01
3.62275915e-01
1.84209292e-02
6.27446808e-01
0.00000000e+00
-1.67102229e-02
6.03496071e-01
7.05789884e-01
-7.76575705e-02
2.06162091e-01
5.90932458e-01
3.26195075e-01
-2.08521393e-02
4.94137013e-01
7.34192458e-02
136
1.22465221e+00
3.78429425e-01
-1.41903386e-02
-6.90926298e-01
3.44721464e-02
-1.15081352e-01
2.93073349e-02
1.65223044e+00
1.76183098e-03
0.00000000e+00
0.00000000e+00
0.00000000e+00
0.00000000e+00
0.00000000e+00
0.00000000e+00
0.00000000e+00
5.27116796e-01
3.28460268e-01
3.70889806e-01
-9.10366206e-01
6.83401426e-02
2.47449647e-01
3.19585866e-01
5.99097950e-01
5.72528373e-01
3.28016440e-01
0.00000000e+00
-5.92718940e-01
8.36832067e-02
5.08005160e-01
3.24022738e-01
-4.28723899e-01
-6.24244336e-01
-2.28698034e-01
6.55558993e-01
3.43226924e-01
3.96355070e-01
-6.30820689e-01
9.91735676e-01
-9.15062831e-01
5.57458547e-01
-5.24351820e-01
1.30922645e+00
0.00000000e+00
0.00000000e+00
0.00000000e+00
-1.33206018e+00
-1.13708394e+00
4.40462002e-01
-2.86885853e-01
-4.00193365e-01
0.00000000e+00
-1.18002626e+00
-3.34428682e-01
-2.30272527e-01
-7.61360595e-01
6.55968245e-01
7.67520901e-01
9.56699723e-02
3.91987268e-01
-5.12328071e-01
-5.73660109e-01
-9.54752874e-01
3.62224573e-01
-2.43952327e-01
-5.62517422e-01
5.78205540e-01
-1.20628472e-01
-3.10895999e-01
6.58380228e-02
-3.53833122e-01
-6.12376758e-01
1.28237998e+00
-1.38117197e-02
2.86615062e-01
-1.35343399e-01
0.00000000e+00
0.00000000e+00
0.00000000e+00
0.00000000e+00
0.00000000e+00
0.00000000e+00
0.00000000e+00
0.00000000e+00
0.00000000e+00
0.00000000e+00
-1.95354343e-01
-1.41369159e+00
-1.48833841e+00
0.00000000e+00
0.00000000e+00
0.00000000e+00
7.15410393e-01
5.61776602e-01
-6.18023897e-02
3.76177085e-01
-2.62007657e+00
1.59116727e-01
5.12196500e-01
5.09986799e-01
1.57969060e-01
0.00000000e+00
7.72921505e-01
-2.64300328e-01
-1.87811256e+00
7.60966536e-01
3.28149565e-01
8.59989391e-01
1.05676683e-01
-2.37536274e+00
-8.14048945e-01
7.05028280e-01
-2.73580908e+00
0.00000000e+00
0.00000000e+00
0.00000000e+00
7.57130433e-01
6.58914529e-01
-1.20390411e+00
8.31120194e-03
-1.03459500e+00
-4.23057865e-01
1.35365231e-01
6.49652251e-01
2.96748317e-02
0.00000000e+00
-1.95325601e-02
3.41717612e+00
-6.62568960e-01
1.00112648e+00
-8.09139774e-01
1.76883799e-01
6.55238953e-01
-1.82745107e-02
3.01976962e-01
8.05677274e-01
11 1
-7.6339e-01 2.0325e-01
7 0
1 4 2 0 13 12 5 
217
7.20471751e-02
-3.15938249e-01
-1.20290597e-01
2.59981651e-02
5.20877893e-01
8.13514553e-02
3.28174377e-01
1.10563337e-02
-5.89792401e-01
1.66192754e+00
0.00000000e+00
0.00000000e+00
0.00000000e+00
0.00000000e+00
0.00000000e+00
0.00000000e+00
0.00000000e+00
-2.93414832e+00
5.09473822e-02
-5.55325918e-03
2.29525031e+00
-1.19560944e-02
-6.37990276e-02
7.10945179e-01
-3.59195200e-03
3.78001453e-01
0.00000000e+00
0.00000000e+00
0.00000000e+00
0.00000000e+00
0.00000000e+00
0.00000000e+00
0.00000000e+00
-5.91769210e-03
-1.49822904e-01
2.27787771e-01
0.00000000e+00
-1.67586759e-01
-6.45890243e-02
1.88291578e-02
7.69470599e-02
1.10359578e-01
9.07322277e-02
7.35493490e-03
0.00000000e+00
-3.85805146e-01
1.80941090e-01
-5.10964182e-01
2.19560213e-01
-9.72640169e-01
2.41118991e-01
5.59383317e-01
0.00000000e+00
2.46618041e-01
-1.66991816e+00
4.37510214e-01
-5.10113694e-01
1.94357742e-01
-1.21380757e-01
8.32660617e-01
2.02929593e-01
-1.38002248e-01
7.11983037e-03
-1.64152934e-01
-1.64920325e-01
1.92080615e-01
4.93077833e-01
1.08403502e+00
-9.19573991e-02
8.84815395e-01
0.00000000e+00
1.22696047e-01
2.54120695e-02
4.93468188e-01
-2.89698908e-01
-5.44117059e-01
4.31060176e-01
4.48884689e-01
-8.19783773e-01
-4.15572652e-01
3.83573484e-01
1.51958517e-01
5.93727756e-02
1.13986870e-01
0.00000000e+00
-2.04715690e-01
-2.24468040e-01
2.77783750e-01
3.58812549e-01
-1.02088531e-03
1.90557549e-01
4.75869007e-01
-1.93603954e-01
5.22000079e-02
2.80482307e-02
-1.59874077e-01
-2.38266108e-01
-1.65047227e-01
0.00000000e+00
8.81087142e-02
1.00087250e-01
2.61404554e-01
-4.27255437e-02
2.36294553e-01
-3.12875027e-01
0.00000000e+00
2.14522385e-01
-2.14551789e-01
-7.60127275e-02
-3.10004519e-01
-6.64624819e-02
-6.57623634e-01
0.00000000e+00
0.00000000e+00
0.00000000e+00
0.00000000e+00
0.00000000e+00
0.00000000e+00
0.00000000e+00
-1.45327510e+00
-1.37899472e+00
-1.78527029e+00
0.00000000e+00
0.00000000e+00
0.00000000e+00
5.16414255e-01
-1.04866959e-02
-5.84450504e-01
-7.31598651e-02
-1.50857584e+00
1.64954258e-01
8.30980759e-02
4.52205740e-01
2.54732646e-01
0.00000000e+00
-2.92014676e-02
-1.56854358e-01
-1.25656819e+00
1.11646020e+00
1.09761516e+00
9.02976388e-01
4.15952343e-01
-2.85571218e+00
-9.28005221e-01
6.13334960e-01
-2.68699316e-02
0.00000000e+00
0.00000000e+00
0.00000000e+00
-7.97084963e-02
4.91044735e-01
-9.76551502e-02
1.86688334e-01
-7.67445696e-01
2.76859133e-02
2.73260013e-01
1.77520851e-02
6.62930118e-02
0.00000000e+00
4.91691452e-01
-7.80333565e-02
-1.71740911e-02
-2.75292214e-01
-1.12835958e+00
-4.00388453e-01
3.73288120e-01
6.19147949e-02
6.15838283e-01
2.11730366e-01
-2.72771761e+00
0.00000000e+00
0.00000000e+00
0.00000000e+00
-7.50033533e-01
-6.28646165e-01
-7.23507745e-01
1.14835085e+00
-1.15768758e-03
-7.89719464e-01
-3.44795016e-01
7.38643349e-01
-1.08795612e-01
0.00000000e+00
-3.72567037e-01
2.91429166e+00
-6.13775567e-01
1.07336457e+00
-8.26711938e-01
4.87753662e-01
3.43094343e-01
0.00000000e+00
3.46660112e-02
8.24461815e-01
-2.40593929e-02
0.00000000e+00
0.00000000e+00
0.00000000e+00
1.15454518e+00
1.18558771e+00
-5.39752225e-03
-1.63365149e-01
-1.22031756e-03
2.55078602e-01
9.46423924e-01
-1.49976275e-01
6.26548122e-01
0.00000000e+00
3.08408539e-01
-1.10354044e-01
7.58341689e-01
-4.90460911e-01
-8.58082193e-01
7.29605020e-01
1.03269297e+00
0.00000000e+00
5.10929669e-01
-8.35688851e-02
136
9.33891848e-01
4.67331186e-02
7.57423363e-02
-1.60298848e+00
2.94538063e-02
1.00599997e+00
4.77814201e-03
1.48414724e+00
2.69801159e-04
0.00000000e+00
0.00000000e+00
0.00000000e+00
0.00000000e+00
0.00000000e+00
0.00000000e+00
0.00000000e+00
3.16988315e-01
5.41040213e-02
6.15348764e-01
-8.24564368e-01
7.07717288e-02
1.34007157e-01
2.27569634e-01
3.75595342e-01
5.29818477e-01
5.79975553e-01
-1.59281677e-01
-6.57276918e-01
-1.90211480e-01
5.17148811e-01
2.02200694e-01
-3.52140669e-01
-6.54533511e-01
-4.96654765e-02
7.20604953e-01
2.47619707e-01
2.79824043e-01
-5.79302324e-01
6.93124569e-01
-3.93984264e-01
4.96218343e-01
-3.24114721e-01
9.78380090e-01
0.00000000e+00
0.00000000e+00
0.00000000e+00
-9.24753299e-01
-6.66962554e-01
4.08590294e-01
-1.77725760e-01
-2.42489592e-01
0.00000000e+00
-1.22448475e+00
-2.19192785e-01
-2.25804417e-01
-1.50537508e-01
1.38203092e-01
3.74924010e-01
7.30338090e-02
3.00560351e-01
-4.57257487e-01
-5.38432310e-01
-5.12026536e-01
4.66425459e-01
-1.42079664e-01
-1.68413760e-01
6.49310058e-01
1.34972221e-02
-2.16475983e-01
1.07233412e-01
-3.44378274e-01
-5.24071654e-01
9.50240444e-01
-2.20963051e-02
2.07767032e-01
4.94877220e-02
0.00000000e+00
6.80694155e-01
-4.30961906e-01
1.43776201e-01
-3.17942188e-01
0.00000000e+00
0.00000000e+00
0.00000000e+00
0.00000000e+00
0.00000000e+00
-1.33835656e-01
-1.59645921e+00
-1.46328723e+00
0.00000000e+00
0.00000000e+00
0.00000000e+00
6.51873071e-01
5.73013337e-01
-4.00756705e-02
2.81663475e-01
-2.58441059e+00
2.39190778e-01
6.66003699e-01
5.66023738e-01
1.74601499e-01
0.00000000e+00
8.07417365e-01
-4.87998845e-01
-1.84783374e+00
6.98670487e-01
1.41850093e-01
8.71619979e-01
-3.35228471e-02
-2.12611857e+00
-7.15103487e-01
6.99848995e-01
-2.52842159e+00
0.00000000e+00
0.00000000e+00
0.00000000e+00
5.73586991e-01
-3.44206384e-01
-1.24051668e+00
-2.78046687e-01
-1.24753552e+00
-7.44325561e-01
9.58842549e-02
4.00869938e-01
-1.80710371e-01
0.00000000e+00
-1.12030787e-01
3.06890990e+00
-1.01442595e+00
7.76503547e-01
-1.41638238e+00
1.63863079e-01
7.90455498e-01
-2.31967593e+00
-1.35923098e-01
6.35284547e-01
6 1
-9.9711e-01 2.6218e-01
8 0
1 4 2 0 13 12 5 11 
217
5.61613258e-01
-3.80733715e-01
-3.85954622e-02
-1.93949276e-01
2.25116325e-01
-1.51941172e-01
9.75635988e-02
-3.13622176e-01
7.30139856e-02
-1.65915081e-01
1.65919348e-01
9.87644016e-03
0.00000000e+00
0.00000000e+00
0.00000000e+00
0.00000000e+00
0.00000000e+00
0.00000000e+00
0.00000000e+00
0.00000000e+00
8.47076790e-01
1.34897154e-03
1.14141068e-01
9.90969088e-02
-2.14298150e-03
2.39040269e-01
0.00000000e+00
0.00000000e+00
0.00000000e+00
0.00000000e+00
0.00000000e+00
0.00000000e+00
0.00000000e+00
1.03065031e-01
5.14942543e-02
4.07053973e-01
0.00000000e+00
-1.58457639e-01
-3.95294785e-01
-1.18268510e-01
-2.49588364e-03
5.41900205e-02
4.37334672e-01
6.63095788e-02
0.00000000e+00
-1.03618592e+00
-2.91465696e-01
-2.68660648e-01
-5.83956154e-01
-5.77883221e-01
1.27130368e-01
7.78752066e-01
6.69046776e-01
-5.47199337e-01
-1.14416774e+00
2.10858452e-01
-4.05179866e-01
7.63728831e-01
8.50692353e-02
1.02333342e+00
3.39340050e-01
-7.91622365e-01
3.35599770e-01
1.46429987e-01
6.84396277e-02
-4.16544693e-01
4.65534887e-01
6.69562186e-01
-1.18791244e-01
6.60021860e-01
0.00000000e+00
4.07637953e-02
-2.99630645e-01
3.59787121e-01
-3.23835849e-01
1.61062341e-01
6.33330727e-01
-5.10481326e-01
-1.38900097e-01
-2.97303569e-01
7.43261323e-01
2.02056384e-01
4.67733358e-01
8.07947831e-01
0.00000000e+00
-9.38765181e-02
-5.33341969e-01
5.15837729e-01
2.42676945e-01
1.39652047e-01
4.60616211e-01
2.04235753e-01
-1.21472829e-01
5.86831186e-02
3.14947751e-01
-3.86699968e-01
1.63902582e-01
9.20136575e-02
0.00000000e+00
4.97802924e-02
6.13755248e-02
3.12726733e-01
-2.19683301e-01
-4.68724383e-02
-2.83781920e-01
0.00000000e+00
4.29995753e-01
-4.01732070e-01
-1.11270852e-01
-1.69786889e-02
2.42888357e-01
-4.21223757e-02
0.00000000e+00
3.75103859e-01
-2.95742956e-01
1.16274470e-01
-2.76688370e-01
7.02349284e-02
-1.52660927e-01
-1.69026460e+00
-1.21274810e+00
-2.98006049e+00
0.00000000e+00
0.00000000e+00
0.00000000e+00
8.45664513e-01
9.71519994e-01
1.85600596e-01
1.53511857e+00
-5.21479893e-01
7.81843842e-01
1.12989936e+00
1.63661446e+00
1.10977683e+00
0.00000000e+00
6.39558127e-01
6.39664831e-01
-9.05951962e-01
1.70387136e+00
1.18647106e+00
2.15736151e+00
1.60463290e+00
-1.70947194e+00
-1.67734117e-01
1.79864760e+00
-7.98447018e-01
0.00000000e+00
0.00000000e+00
0.00000000e+00
1.57390849e+00
8.98477382e-01
1.21398425e+00
3.85398132e-01
-4.67983495e-01
1.17011635e+00
1.06283356e+00
8.50399317e-01
1.18521852e+00
0.00000000e+00
1.21695213e+00
9.02490508e-01
7.75338621e-01
8.23598573e-01
8.23877631e-01
1.64734122e-01
3.66735093e-01
1.03187964e+00
8.88503182e-01
9.03576251e-01
-2.42970804e+00
0.00000000e+00
0.00000000e+00
0.00000000e+00
2.81995910e-01
-5.87645747e-01
-1.36014346e+00
9.04592214e-01
0.00000000e+00
-1.77485610e+00
-2.55227449e-01
2.17130197e-01
3.69457085e-01
0.00000000e+00
-4.01602406e-01
2.64917823e+00
-2.27601857e-01
6.82574885e-01
-9.48122329e-01
3.22097301e-01
3.60651300e-01
-1.13940478e-02
2.25841780e-01
2.13194677e-01
-3.09431788e-02
0.00000000e+00
0.00000000e+00
0.00000000e+00
1.41881716e-01
1.02124386e+00
3.26476663e-01
2.63236674e-01
0.00000000e+00
5.00834159e-02
4.49125453e-01
1.01427642e-01
4.85349278e-01
0.00000000e+00
2.24028231e-01
-2.57353884e-01
1.52258141e-02
-4.31151110e-01
-5.27971288e-01
1.45691083e-01
-2.08718085e-01
-2.18131320e-02
1.91607917e-01
2.84826246e-01
136
9.66412705e-01
0.00000000e+00
0.00000000e+00
1.45502384e-01
-1.29330598e-02
2.79314555e-01
3.40775017e-04
4.64617404e-01
-4.41050987e-04
0.00000000e+00
0.00000000e+00
0.00000000e+00
0.00000000e+00
0.00000000e+00
0.00000000e+00
0.00000000e+00
2.98511350e-01
8.39518869e-02
5.88301293e-01
-6.83354712e-01
1.51003706e-01
2.21990955e-01
1.75972229e-01
2.97155455e-01
3.52207236e-01
2.56623980e-01
1.94813857e-01
-6.32348562e-01
-1.66804591e-01
6.11581154e-01
1.14003010e-01
-2.13457508e-01
-6.79859857e-01
-7.03768865e-02
5.72048967e-01
4.09686562e-01
2.50284264e-01
-5.39308620e-01
6.22062877e-01
-4.25008711e-01
4.75713780e-01
-4.11242232e-01
1.04943906e+00
0.00000000e+00
0.00000000e+00
0.00000000e+00
-7.05499771e-01
-5.64975032e-01
5.78101803e-01
-1.58483709e-01
-2.03165260e-01
0.00000000e+00
-9.81794623e-01
-1.50452633e-01
-1.75984871e-01
-1.13525377e-01
4.16156928e-01
2.52999166e-01
-2.86923995e-02
2.89035677e-01
-4.22952244e-01
-5.42779732e-01
-4.46003827e-01
4.16770145e-01
-9.88370135e-02
-1.12081797e-01
5.70829401e-01
7.45938910e-02
-1.36671827e-01
1.13281366e-01
-3.36477172e-01
1.54918265e-01
4.60798021e-01
-1.07771056e-01
1.29758543e-01
7.24845372e-02
0.00000000e+00
7.80904961e-01
-4.19710576e-01
1.73038806e-01
-1.88587246e-01
0.00000000e+00
7.08344919e-01
-3.44947090e-01
1.54478503e-01
-2.52826160e-01
-1.07885952e-01
-1.64145079e+00
-1.45166256e+00
0.00000000e+00
0.00000000e+00
0.00000000e+00
5.96287627e-01
5.79556720e-01
-9.22572265e-02
2.07940550e-01
-2.30598768e+00
2.20525232e-01
5.85726976e-01
5.27468332e-01
2.06964993e-01
0.00000000e+00
7.88782151e-01
-5.12777704e-01
-1.69710998e+00
6.54821529e-01
1.58232416e-01
8.34282028e-01
7.47602917e-02
-2.25280992e+00
-6.08575032e-01
5.82506136e-01
-2.57888932e+00
0.00000000e+00
0.00000000e+00
0.00000000e+00
5.53642097e-01
-4.34612975e-01
-1.28962495e+00
-2.75741411e-01
-1.01655098e+00
-7.96813103e-01
2.48675172e-02
4.07856972e-01
-2.54112447e-01
0.00000000e+00
-2.65893359e-01
3.08502754e+00
-9.22194152e-01
7.12882990e-01
-1.51505412e+00
2.11060150e-01
8.98334123e-01
-2.11006337e+00
-2.25074405e-01
6.33174567e-01
8 2
-8.1857e-01 4.1035e-01
8 -1
1 4 2 0 13 12 5 11 
217
5.79527236e-01
8.50212001e-02
-6.71019143e-01
1.00934361e-01
9.28853203e-01
-9.27440676e-01
6.05720006e-01
-9.89863149e-02
-1.58150828e+00
4.22021378e+00
0.00000000e+00
0.00000000e+00
0.00000000e+00
0.00000000e+00
5.07432981e-01
-5.07935506e-03
1.21145062e+00
7.20942549e-02
6.37653501e-02
9.69633352e-01
0.00000000e+00
0.00000000e+00
0.00000000e+00
0.00000000e+00
0.00000000e+00
0.00000000e+00
0.00000000e+00
0.00000000e+00
0.00000000e+00
0.00000000e+00
0.00000000e+00
0.00000000e+00
0.00000000e+00
3.70171669e-01
2.09355567e-01
0.00000000e+00
0.00000000e+00
-9.98390869e-01
-8.16742023e-01
-6.69454316e-01
-1.98792916e-01
-2.44896656e-01
3.51601945e-02
9.63609627e-01
0.00000000e+00
-2.80931309e+00
4.47949389e-01
-1.12519261e+00
8.95308838e-01
-1.11079167e+00
0.00000000e+00
1.44198339e+00
-4.20649792e-01
-4.20495104e-01
-1.46391173e-01
5.56271284e-01
0.00000000e+00
1.59481320e+00
0.00000000e+00
3.13929995e+00
-9.69906870e-01
2.89863831e-02
-9.88586471e-01
0.00000000e+00
-6.87048102e-01
-7.31194423e-01
-4.59619948e-02
8.78275423e-01
1.31253733e+00
1.70133165e+00
0.00000000e+00
7.86590064e-01
5.86251155e-01
-2.94045724e-01
-1.14444397e-01
8.69828963e-02
2.59049451e+00
0.00000000e+00
1.22827333e+00
6.21422554e-01
-6.43126726e-02
3.16021538e-02
-5.84433425e-01
4.37723937e-01
0.00000000e+00
1.20269505e+00
-6.23396753e-01
-5.07784547e-02
4.69715665e-01
-5.72389354e-01
-1.11624834e+00
0.00000000e+00
1.55167620e-01
-5.47550978e-01
4.28112205e-01
-5.84572785e-01
-3.75258889e-03
-8.51299129e-01
0.00000000e+00
5.64381890e-01
4.71308894e-01
-3.62380855e-01
-1.50972753e-02
3.77526201e-01
1.17742725e-01
0.00000000e+00
1.33474022e-01
3.51895302e-02
-1.17520440e-01
-7.75785679e-01
5.63573655e-01
1.03558284e+00
0.00000000e+00
6.05975633e-01
1.80888617e-01
3.02138037e-01
-5.85104522e-01
-3.28586433e-01
-9.32423923e-01
-1.17250222e-01
-1.42814628e+00
-3.35238251e+00
0.00000000e+00
0.00000000e+00
0.00000000e+00
3.15015702e+00
1.78006479e+00
2.36309062e+00
1.66178364e+00
-3.34657376e-01
2.40154247e+00
2.41904782e+00
2.81603814e+00
1.65514586e+00
0.00000000e+00
2.93945813e+00
-1.42316081e-02
-2.81795715e-01
3.23668476e+00
1.89086713e+00
3.42411847e+00
2.75051061e+00
1.07867673e+00
1.78591050e+00
3.40033032e+00
-1.22003868e+00
0.00000000e+00
0.00000000e+00
0.00000000e+00
1.33139922e+00
2.08694025e+00
1.33909393e+00
1.88228672e+00
-1.12895513e-01
1.07312367e+00
1.61120045e+00
4.20000079e-02
2.56963034e+00
0.00000000e+00
6.63684588e-01
-3.41805727e-03
-8.98048837e-02
1.00760330e-01
1.29852774e+00
8.84632610e-01
6.33610943e-01
-9.12923306e-01
6.68174439e-01
9.89743460e-01
-3.67491262e+00
0.00000000e+00
0.00000000e+00
0.00000000e+00
8.29408698e-01
6.38883551e-01
5.48596790e-01
1.51014656e+00
1.72529868e+00
1.27086896e+00
1.87066047e+00
2.03471559e+00
7.25360186e-01
0.00000000e+00
1.12478458e+00
1.56877039e+00
1.64007194e-01
3.26557464e+00
0.00000000e+00
2.15370290e+00
5.98273340e-01
0.00000000e+00
1.54367834e+00
2.16778992e+00
-1.01667413e+00
0.00000000e+00
0.00000000e+00
0.00000000e+00
2.35277620e+00
1.51748324e+00
-1.40419994e-01
-3.59529892e-02
-2.80509978e-02
6.93139369e-01
9.58808027e-01
1.62396391e-01
1.70330892e+00
0.00000000e+00
1.48421506e+00
8.44554376e-01
1.12061100e+00
-1.53619918e+00
0.00000000e+00
1.94164165e-01
2.02915452e+00
0.00000000e+00
8.99804684e-01
4.62122836e-01
136
8.65532220e-01
7.11163644e-01
-1.58831854e-02
1.54368576e-01
4.19994376e-03
0.00000000e+00
0.00000000e+00
0.00000000e+00
0.00000000e+00
0.00000000e+00
0.00000000e+00
0.00000000e+00
0.00000000e+00
0.00000000e+00
0.00000000e+00
0.00000000e+00
2.15714441e+00
1.82861608e+00
0.00000000e+00
0.00000000e+00
2.20849483e-01
3.45571864e-01
3.08087576e-01
4.60587538e-01
5.41609088e-01
5.77853264e-01
4.11467979e-01
-1.40175530e+00
-1.10796279e+00
6.16480535e-01
-1.22319267e-01
-2.31836744e-01
-1.32142713e+00
-6.55142730e-01
5.53234071e-01
6.88270417e-01
3.74132674e-01
3.08992007e-01
1.13597754e+00
2.77972533e-01
6.95879406e-01
-8.08920703e-01
1.86395771e+00
0.00000000e+00
0.00000000e+00
0.00000000e+00
0.00000000e+00
-6.66710595e-01
5.22357500e-01
-1.23177399e-02
-1.50949886e-01
0.00000000e+00
-2.02672693e+00
-5.36725447e-01
-4.19131769e-01
4.46409370e-02
0.00000000e+00
4.91815810e-01
-4.40073784e-02
2.64138284e-01
-5.35147449e-01
-1.72917245e-01
-4.16882024e-01
5.28988090e-01
-3.13273629e-01
-1.40442876e-01
0.00000000e+00
1.83179952e-01
-1.56908964e-01
1.15031806e-01
-2.49058834e-01
0.00000000e+00
4.12176637e-02
-4.36149077e-02
3.70483826e-02
1.55347828e-02
0.00000000e+00
-3.49672345e-01
-6.52839782e-01
-4.23036360e-02
-2.22656395e-01
0.00000000e+00
4.69121470e-01
-3.95029286e-01
1.08603389e-01
-1.71885079e-01
7.07827599e-02
-7.49751402e-01
-1.19618763e+00
0.00000000e+00
0.00000000e+00
0.00000000e+00
7.02789363e-01
7.55714526e-01
1.15811002e-01
3.68613751e-01
-2.62236596e+00
6.69577068e-01
8.34930075e-01
3.81763868e-01
3.51105921e-01
0.00000000e+00
6.31281378e-01
-1.49592469e+00
-2.23676616e+00
7.96107591e-01
2.36450991e-02
9.77784009e-01
6.41231014e-02
-1.56127000e+00
-4.90369190e-01
5.37261618e-01
-2.28329214e+00
0.00000000e+00
0.00000000e+00
0.00000000e+00
6.84063954e-01
9.43665984e-01
-4.99728664e-01
4.66806809e-01
-5.37226657e-02
1.83041416e-01
7.62133051e-01
9.67727798e-01
8.76385674e-01
0.00000000e+00
2.14506814e-01
1.11914112e+00
-3.38000073e-01
1.24805386e+00
-1.17340977e+00
1.21373625e+00
1.16392250e+00
-2.06406537e+00
1.01971027e-01
1.12338349e+00
7 1
-8.8412e-01 2.5526e-01
8 1
1 4 2 0 13 12 5 11 
217
5.95312077e-01
-2.74336882e-01
-5.68675087e-01
-3.05186927e-01
-7.61268940e-01
1.60917135e+00
9.15787924e-01
-4.78742198e-02
1.18768127e+00
-1.55987962e+00
-7.46443770e-01
-2.22889897e-01
0.00000000e+00
0.00000000e+00
1.34705486e+00
-4.38643622e-02
-7.11754361e-01
-1.44619156e-01
1.08136223e-03
8.06214064e-01
-2.71135512e-01
8.84110271e-03
5.59782379e-01
-3.35988116e-01
1.29789635e-01
1.74106997e-01
0.00000000e+00
0.00000000e+00
0.00000000e+00
0.00000000e+00
0.00000000e+00
0.00000000e+00
0.00000000e+00
3.13765332e-01
2.43505286e-01
5.28176326e-02
0.00000000e+00
-6.85350382e-02
-1.20921032e-01
3.49190431e-02
-1.18821397e-02
1.39483497e-01
1.78417255e-01
2.18865313e-01
0.00000000e+00
-1.93535312e-01
4.70032221e-01
-7.55257320e-01
4.26982253e-01
-3.52184290e-01
-1.87601401e-01
2.03665844e-01
2.42019377e-01
-2.36121177e-01
-5.82579185e-02
-1.00989716e-01
-5.04288818e-01
5.04534792e-01
-6.15614898e-01
1.32743832e+00
1.79045011e-01
-1.95767956e-01
3.87069844e-01
0.00000000e+00
1.97760933e-01
-4.44115503e-01
1.87719129e-01
7.16243806e-01
2.09832016e-01
3.21021309e-01
0.00000000e+00
3.11896944e-01
-7.67532893e-03
6.06067635e-01
-2.32535954e-02
-3.22652502e-01
-3.98374156e-01
0.00000000e+00
-2.07619727e-01
-6.97427586e-01
4.68388741e-01
-2.57884210e-01
3.34543064e-01
4.50071332e-01
0.00000000e+00
3.65921134e-02
-1.94782509e-01
3.53684110e-01
5.66506493e-01
2.05035854e-01
7.68537491e-01
0.00000000e+00
1.42968426e-01
7.32606500e-02
3.50098624e-01
-7.76701601e-03
1.02245027e-01
-1.68235282e-01
0.00000000e+00
2.55123621e-01
-1.11300547e-01
3.12244627e-01
-2.40788174e-01
2.79438298e-02
-2.46208641e-01
0.00000000e+00
2.94613706e-01
-1.15299004e-01
2.23042956e-01
-8.13337994e-01
7.76554156e-02
-6.62645750e-02
0.00000000e+00
4.01779886e-01
-1.37398170e-01
4.55489137e-02
-2.49723674e-01
1.47983277e-01
-2.89417184e-01
2.85541788e-01
-6.82568748e-01
-9.11436703e-01
0.00000000e+00
0.00000000e+00
0.00000000e+00
5.87101448e-01
2.72476090e-01
1.11559604e-01
4.37056607e-01
-2.00730497e+00
1.00022736e-01
8.67743716e-01
3.80628910e-01
2.20626421e-01
0.00000000e+00
5.41860830e-01
-1.35622045e+00
-1.40411311e+00
7.02825811e-01
-1.01330539e-01
8.07610888e-01
3.82431423e-01
-1.73399823e+00
-2.81195482e-01
5.60781590e-01
-8.18544045e-01
0.00000000e+00
0.00000000e+00
0.00000000e+00
2.67822383e-01
4.66751290e-01
6.30983261e-01
-1.22038777e-01
3.88058584e-02
4.30340626e-01
-2.98854015e-01
5.41244683e-01
1.75685078e-01
0.00000000e+00
7.75856662e-02
-1.40595280e+00
-5.30905072e-01
-9.49327702e-02
-6.35297899e-01
-6.33697761e-02
-3.09979708e-01
-3.96479090e-02
-1.48331044e-01
2.01546877e-01
-2.00389061e+00
0.00000000e+00
0.00000000e+00
0.00000000e+00
1.23865885e+00
2.23712444e-01
-6.77271101e-01
4.52052896e-01
-9.75250598e-02
3.04774466e-01
4.40751539e-01
4.93167443e-01
5.43309574e-01
0.00000000e+00
6.23226354e-02
2.62369719e+00
-7.98276599e-01
1.34413580e+00
-1.35519561e+00
9.50559552e-01
1.58350381e+00
-1.25814612e-01
6.78860554e-01
1.55236124e+00
-1.22024305e+00
0.00000000e+00
0.00000000e+00
0.00000000e+00
1.98159691e-01
1.62734756e+00
4.08264649e-01
8.38387165e-01
-7.41855827e-02
8.94310546e-01
7.45668723e-01
3.90126282e-01
5.93808534e-01
0.00000000e+00
7.12917817e-01
-1.24413276e-01
1.29137642e+00
4.29732941e-01
3.51266886e-01
4.87514237e-01
-8.98656474e-02
-1.04045251e-01
-2.59255269e-01
-6.82535120e-02
136
6.41292507e-01
8.72332651e-01
-2.94590608e-02
3.75651552e-01
-5.90777261e-03
-4.99943804e-01
7.58198075e-03
-1.06747893e-01
2.40045538e-02
0.00000000e+00
0.00000000e+00
0.00000000e+00
0.00000000e+00
0.00000000e+00
0.00000000e+00
0.00000000e+00
3.62814128e-01
3.26187240e-03
2.75387734e-01
-8.86328903e-01
3.90716457e-02
8.79853112e-02
9.03981294e-02
1.60925498e-01
3.21064026e-01
4.03827068e-01
4.24349730e-01
-7.23981818e-01
-2.76755002e-01
3.25212415e-01
2.66656586e-01
-3.84976884e-01
-6.85639578e-01
-2.27585692e-02
5.28892846e-01
1.12970832e-01
5.34446652e-01
-8.92118504e-01
8.53123838e-01
-3.97525124e-01
6.31161327e-01
-1.80792294e-01
9.53375783e-01
0.00000000e+00
0.00000000e+00
0.00000000e+00
0.00000000e+00
7.02403918e-01
8.16412823e-01
3.53868198e-02
0.00000000e+00
0.00000000e+00
-1.19029959e+00
-2.59268067e-01
-1.84321372e-01
-2.65386557e-01
0.00000000e+00
3.27914311e-01
1.39866012e-01
2.91298169e-01
-3.43985565e-01
-5.30603164e-01
-3.24855598e-01
2.97317005e-01
-6.94890844e-02
-1.54666063e-01
0.00000000e+00
8.49639873e-01
3.21409076e-03
2.37029214e-01
-3.50362932e-01
0.00000000e+00
1.60220158e-01
-1.02975865e-01
7.92187039e-02
9.16850354e-02
0.00000000e+00
3.16389632e-01
-4.02687842e-01
9.70916685e-02
-2.29534454e-01
0.00000000e+00
4.20870930e-01
-4.27986702e-01
1.05255857e-01
-8.48397502e-02
-6.14532161e-01
-1.56740017e+00
-1.58316642e+00
0.00000000e+00
0.00000000e+00
0.00000000e+00
6.75140260e-01
5.32115013e-01
-2.49658937e-01
1.97686509e-01
-2.50070992e+00
1.85148109e-01
5.87907118e-01
5.75204427e-01
2.89044295e-01
0.00000000e+00
7.12032322e-01
-4.73687002e-01
-1.68878260e+00
7.32122523e-01
2.74435359e-01
7.22325802e-01
1.23166098e-01
-2.31819563e+00
-6.76029438e-01
7.17569270e-01
-2.64910633e+00
0.00000000e+00
0.00000000e+00
0.00000000e+00
5.66187634e-01
-1.21962458e-01
-1.17869977e+00
-1.53598352e-01
-1.23345459e+00
-8.87866030e-01
2.24520081e-01
5.74363882e-01
3.51269779e-01
0.00000000e+00
-1.78486966e-01
2.81324255e+00
-8.82042635e-01
9.58042399e-01
-1.60352885e+00
4.47032894e-01
9.98656096e-01
-1.33054477e-02
-7.20655135e-02
8.10063761e-01
9 1
-9.6897e-01 2.6340e-01
8 0
1 4 2 0 13 12 5 11 
217
7.58164336e-01
-4.66335729e-01
-5.57923139e-01
-9.13000834e-03
-2.98284332e-01
1.03996689e+00
7.73732115e-01
-9.46579792e-01
1.44631636e-01
4.74819121e-01
0.00000000e+00
0.00000000e+00
0.00000000e+00
0.00000000e+00
0.00000000e+00
0.00000000e+00
0.00000000e+00
-1.06807625e-01
1.84674911e-02
1.20419866e+00
2.49551776e-01
1.24968753e-02
4.23832420e-01
6.15420186e-01
8.78352816e-03
4.99234641e-01
0.00000000e+00
0.00000000e+00
0.00000000e+00
0.00000000e+00
0.00000000e+00
0.00000000e+00
0.00000000e+00
-3.70269311e-03
1.59384961e-01
6.02882217e-01
0.00000000e+00
-4.62363191e-01
-1.77594662e-01
-1.09536027e-02
1.61904802e-01
2.16417753e-01
2.30118835e-01
3.40691272e-01
0.00000000e+00
-6.09976660e-01
6.49749800e-01
-2.09281075e-01
2.18181782e-02
-6.54353230e-01
-1.57477790e-01
7.28621654e-01
6.27111961e-01
8.61486900e-02
-9.65081568e-01
-1.61012712e-02
-1.99064812e-01
3.52738418e-01
-2.97526342e-01
9.40895254e-01
2.70973926e-01
-6.69778513e-01
6.97025794e-01
2.22206286e-01
-8.27337289e-02
4.07886973e-01
7.34280219e-01
7.33616667e-01
-1.15588439e-01
6.06864456e-01
0.00000000e+00
8.43656755e-02
8.20268392e-02
5.32634084e-01
-2.31548250e-01
1.41164576e-01
1.73440613e+00
0.00000000e+00
-3.45847417e-01
-6.30209974e-01
4.18850919e-01
-1.18093270e-01
3.16800413e-01
6.54476134e-01
0.00000000e+00
2.29044006e-01
-1.16198305e-01
6.34507288e-01
4.36017684e-01
-1.05386958e-01
-1.38740225e-01
5.78329719e-01
-2.27398421e-01
7.21526316e-02
3.00607753e-01
-3.50643453e-01
1.06625284e-01
2.51574796e-01
0.00000000e+00
2.37652238e-01
1.58534267e-01
8.42953903e-02
-2.59931342e-02
4.77484193e-01
4.22548009e-01
0.00000000e+00
4.17421771e-01
2.18288148e-02
2.43609876e-01
-2.50665561e-01
9.71326892e-02
-7.03477013e-01
0.00000000e+00
3.70360337e-01
1.15442745e-01
2.68601220e-01
-4.30952315e-02
1.19202779e-01
-2.68137118e-01
-1.13049048e+00
-1.93716000e+00
-1.14751719e+00
0.00000000e+00
0.00000000e+00
0.00000000e+00
9.10473072e-02
1.00733656e+00
4.95504171e-01
5.50329086e-01
-1.86482257e+00
7.43159209e-01
-1.34499178e-01
6.09564355e-01
2.06981162e-01
0.00000000e+00
3.57209645e-01
-1.34558004e+00
-1.76574772e+00
4.92942297e-01
-7.72641116e-01
5.42874007e-01
1.38437733e-01
-1.43277204e+00
-5.62159583e-02
9.89375908e-01
-5.86191189e-01
0.00000000e+00
0.00000000e+00
0.00000000e+00
5.80535859e-01
-5.55027430e-01
-8.72267350e-01
-7.20187640e-01
-7.30793008e-01
-6.96900560e-01
7.58921227e-01
1.72561773e-01
1.60837421e-01
0.00000000e+00
3.98032192e-01
7.16369286e-01
4.19115353e-01
2.61587841e-01
1.03443478e+00
-1.33689758e-01
2.18548207e-01
-1.06633369e+00
-4.88341112e-01
-4.35945771e-02
-2.79055261e+00
0.00000000e+00
0.00000000e+00
0.00000000e+00
9.08059505e-01
1.90797271e+00
1.10503812e-02
8.91028225e-01
-2.19247940e-03
8.16188362e-01
1.03130279e+00
1.14212421e+00
1.28936468e+00
0.00000000e+00
2.22996648e-01
1.72120523e+00
-1.43470674e-01
1.36710033e+00
-2.31744128e-02
1.24952932e+00
1.18857820e+00
-2.41224857e-01
7.58504168e-01
1.22676824e+00
-1.17875908e+00
0.00000000e+00
0.00000000e+00
0.00000000e+00
1.19163484e+00
1.65521692e-01
5.26454365e-01
5.77234889e-01
-1.64974286e-03
-4.54284899e-01
7.27607064e-01
8.54238608e-01
-5.22498797e-02
0.00000000e+00
6.41374977e-01
1.54374620e+00
1.15188261e+00
8.30257222e-01
-8.25685975e-03
9.43728624e-01
6.32520604e-01
-2.06338798e-01
9.27478123e-01
2.77235105e-01
136
8.71213608e-01
1.67493368e-01
3.53215442e-02
4.87266336e-01
1.43390621e-02
-6.53751745e-01
2.71549470e-02
8.70205650e-01
3.60324699e-03
0.00000000e+00
0.00000000e+00
0.00000000e+00
0.00000000e+00
0.00000000e+00
0.00000000e+00
0.00000000e+00
3.26148794e-01
2.38983413e-01
3.12672294e-01
-7.76940202e-01
9.92376444e-02
1.87106368e-01
1.69276685e-01
2.92880377e-01
3.63988120e-01
4.22266043e-01
1.13398573e-01
-5.21712422e-01
-1.69713878e-01
4.39986566e-01
2.04473975e-01
-5.43431292e-01
-7.23247349e-01
4.59315393e-02
6.33689712e-01
4.48410407e-01
2.48503621e-01
-5.17543343e-01
8.07616753e-01
-7.10594398e-01
4.49151005e-01
-3.56172692e-01
1.13586540e+00
0.00000000e+00
0.00000000e+00
0.00000000e+00
-9.65999835e-01
-7.49125799e-01
5.28390493e-01
-1.90172691e-01
-3.34880779e-01
0.00000000e+00
-1.52263430e+00
-3.80655013e-01
-2.68193744e-01
-2.65703289e-01
7.38793498e-01
2.01228184e-01
1.10085971e-01
2.64167795e-01
-2.99488597e-01
-4.40348093e-01
-3.81409346e-01
4.45808643e-01
-9.90508157e-02
-1.68297456e-01
4.26136203e-01
-1.70365406e-02
-2.23500807e-01
6.18635710e-02
-3.52664705e-01
4.84492849e-01
2.86004758e-01
-1.25179350e-01
9.67824081e-02
-2.31477645e-02
0.00000000e+00
7.42133984e-01
-3.40539749e-01
1.54628506e-01
-5.02511103e-01
0.00000000e+00
8.80289642e-01
-2.72663828e-01
1.64421880e-01
-2.80325602e-01
-3.52345029e-01
-1.21636182e+00
-1.60009628e+00
0.00000000e+00
0.00000000e+00
0.00000000e+00
7.16940301e-01
5.57706274e-01
-1.34157340e-01
2.62453516e-01
-2.48204702e+00
1.35832096e-01
4.98073717e-01
5.10240506e-01
1.93127595e-01
0.00000000e+00
7.43231381e-01
-4.36364384e-01
-1.76880132e+00
6.71465675e-01
1.42787227e-01
8.74255705e-01
1.82752960e-01
-2.22584558e+00
-7.07199666e-01
6.65452074e-01
-2.66003942e+00
0.00000000e+00
0.00000000e+00
0.00000000e+00
8.39588163e-01
5.35237218e-01
-9.69082694e-01
1.35559920e-01
-1.32161973e+00
-7.63269884e-01
3.38175992e-01
9.23616433e-01
2.77204541e-01
0.00000000e+00
-1.10645455e-01
3.03443858e+00
-5.56181073e-01
1.34970863e+00
-1.44692117e+00
4.31402508e-01
7.18092925e-01
-6.77011215e-02
4.35445524e-02
8.29955962e-01
10 1
-9.3655e-01 2.9266e-01
8 1
1 4 2 0 13 12 5 11 
217
6.00920377e-01
-4.01134395e-01
-2.44091703e-01
-1.29458745e-01
-2.62450553e-01
6.39536634e-01
4.52249105e-01
-7.30974863e-01
2.41731227e-01
2.61634332e-02
2.14041792e-01
2.11083977e-01
0.00000000e+00
0.00000000e+00
6.73387978e-01
-2.05482905e-02
-6.99414433e-01
4.37711616e-01
1.55777664e-04
1.42558473e-01
-1.08909144e-01
1.61530958e-02
-5.87571162e-02
-4.01270074e-01
4.02689275e-02
2.13242792e+00
0.00000000e+00
0.00000000e+00
0.00000000e+00
0.00000000e+00
0.00000000e+00
0.00000000e+00
0.00000000e+00
1.82014011e-01
1.80400547e-01
2.38505820e-01
0.00000000e+00
2.37185953e-01
-2.48349639e-01
-1.85530393e-01
-7.76778198e-02
1.04384621e-01
-3.19777624e-01
9.12262990e-01
0.00000000e+00
-2.67903328e-01
5.24994326e-01
-9.76038081e-01
2.26574353e-01
-2.38342012e-01
2.52428634e-01
4.18718468e-01
2.73385314e-01
2.11459042e-01
-7.93909713e-02
-5.34471887e-02
-6.51022578e-01
4.46318787e-01
-7.49433388e-01
9.89342283e-01
6.92129690e-02
3.19844761e-01
3.34403579e-02
0.00000000e+00
7.08124088e-02
-2.45165044e-01
4.16185673e-01
3.32755027e-01
1.13922296e-01
8.04559685e-01
0.00000000e+00
2.73746296e-01
-8.45156761e-01
4.10171577e-01
8.58114811e-02
-8.29974950e-02
-2.12652505e-01
0.00000000e+00
-9.36641695e-02
-8.09038350e-01
8.34104917e-01
-1.36423984e-01
-1.39520371e-01
-6.97098703e-01
0.00000000e+00
2.13709078e-01
-9.80166864e-02
1.09215460e-03
4.59668477e-01
3.86119145e-01
5.52192597e-01
0.00000000e+00
-8.35337975e-02
-2.46377401e-01
2.71958504e-01
-1.49081038e-01
4.12495671e-01
3.11649135e-02
0.00000000e+00
6.94725162e-02
3.14772075e-01
3.05213372e-01
-1.76173087e-01
2.26234489e-01
-1.68113659e-01
0.00000000e+00
1.61813296e-01
-9.04033191e-02
8.74529557e-02
-6.16674186e-01
3.51654126e-01
-4.02043221e-03
0.00000000e+00
2.86263125e-01
1.78902992e-01
1.53454729e-01
3.17183809e-03
1.61202524e-01
-1.43579430e-01
-6.74293969e-01
-8.38353042e-01
-2.13710506e+00
0.00000000e+00
0.00000000e+00
0.00000000e+00
1.15514593e+00
1.78247004e+00
6.54692543e-01
8.10696093e-01
-3.14013658e-01
4.07838889e-01
1.23422564e+00
1.00181051e+00
4.00965176e-01
0.00000000e+00
1.14884250e+00
9.57640259e-02
-1.20296923e+00
1.53479943e+00
4.92313213e-01
1.41169813e+00
7.67513010e-01
-1.47089535e+00
-4.25738081e-01
8.01150461e-01
-6.61008964e-01
0.00000000e+00
0.00000000e+00
0.00000000e+00
1.14853489e-01
-1.89273426e-01
5.12691417e-01
6.27304651e-01
-2.62070543e-01
1.29371675e+00
-1.18873025e-01
1.32788925e+00
1.07697326e+00
0.00000000e+00
1.10655608e-01
-7.98779690e-01
-1.02696290e-01
2.72402608e-01
-6.73423090e-01
4.40034152e-01
-1.80312991e-01
7.82678706e-01
9.44914431e-01
4.68150533e-01
-2.12854479e+00
0.00000000e+00
0.00000000e+00
0.00000000e+00
1.26767964e+00
9.63808624e-01
-7.01485783e-01
8.21188621e-01
-2.85004033e-02
5.15723617e-01
9.29072969e-01
3.59776327e-01
1.07750431e+00
0.00000000e+00
9.54738606e-02
2.45312475e+00
5.98818563e-02
2.13612429e+00
-1.55459142e-02
1.39679969e+00
2.02102694e+00
-1.44115837e-02
-2.04196342e-02
1.18214935e+00
-9.23766184e-01
0.00000000e+00
0.00000000e+00
0.00000000e+00
2.66471324e-01
1.30091135e+00
9.89155549e-02
7.04984490e-01
-7.89384879e-03
3.40894195e-01
2.09364691e-01
1.49081582e+00
4.35679604e-01
0.00000000e+00
-3.88420366e-01
7.69816229e-01
7.68171184e-01
8.13748327e-01
-6.09402323e-03
6.82169112e-01
-3.87141764e-01
-1.59528922e-02
-1.57663204e-02
1.33835677e+00
136
7.05347470e-01
7.69163154e-01
-3.42585653e-02
3.88065451e-01
-4.72220754e-03
-3.38372358e-01
7.88138407e-03
-1.13508777e-01
2.73556760e-02
0.00000000e+00
0.00000000e+00
0.00000000e+00
0.00000000e+00
0.00000000e+00
0.00000000e+00
0.00000000e+00
2.86223630e-01
5.48396881e-02
3.65695921e-01
-1.15321595e+00
-5.99687580e-02
8.80402246e-02
1.67753524e-01
2.72561226e-01
4.19829187e-01
5.10042947e-01
4.60305063e-01
-9.15675848e-01
-1.18538181e-01
1.00259132e-01
2.61666106e-01
-5.45730222e-01
-5.42359216e-01
-1.49609909e-01
7.71457218e-01
2.06246733e-01
4.50857189e-01
-5.89106460e-01
9.09482270e-01
-6.87986576e-01
6.25585296e-01
-3.84517628e-01
1.31331757e+00
0.00000000e+00
0.00000000e+00
0.00000000e+00
0.00000000e+00
8.07125092e-01
7.19381280e-01
-1.02855093e-02
-2.27450944e-01
0.00000000e+00
-1.52760083e+00
-3.05334705e-01
-2.91822562e-01
-1.85348453e-01
0.00000000e+00
3.51040548e-01
6.79791884e-02
2.74287204e-01
-3.75420941e-01
-6.83682085e-01
-3.43950348e-01
3.40906832e-01
-1.04435843e-01
-1.12266350e-01
0.00000000e+00
9.65213161e-01
-8.07787477e-03
2.53827925e-01
-2.64409796e-01
0.00000000e+00
4.62163116e-01
-4.98281905e-02
1.10097570e-01
-6.08150858e-02
0.00000000e+00
3.26919397e-01
-4.18553488e-01
7.18916718e-02
-2.08329339e-01
0.00000000e+00
5.55645306e-01
-3.75291251e-01
1.17188560e-01
-1.68811148e-01
-2.49392469e-01
-1.49225716e+00
-1.58553419e+00
0.00000000e+00
0.00000000e+00
0.00000000e+00
6.87531748e-01
5.47714150e-01
-1.27468418e-01
1.72998870e-01
-2.49736527e+00
1.52568469e-01
6.08138460e-01
5.20859524e-01
3.33742710e-01
0.00000000e+00
6.54713829e-01
-4.36554260e-01
-1.66002151e+00
6.93984572e-01
3.40207304e-01
8.46947533e-01
1.02070437e-01
-2.40019687e+00
-8.16593887e-01
6.91188419e-01
-2.57510341e+00
0.00000000e+00
0.00000000e+00
0.00000000e+00
4.27763980e-01
-2.65469532e-01
-1.23798032e+00
-3.29962785e-01
-1.31406983e+00
-9.62410585e-01
1.68546915e-01
3.55769870e-01
2.75056724e-01
0.00000000e+00
-1.17435411e-01
2.75266431e+00
-8.08926429e-01
8.17615000e-01
-1.66365098e+00
2.44530504e-01
7.13630863e-01
-2.21433491e+00
-8.47800723e-02
6.68339277e-01
