2 11 -999999999 -1 -1
1 1 0 -1 -1
0.2638 -1.192
356
-4.16187015e-01
-4.16187015e-01
0.00000000e+00
1.86308591e-01
-1.04102856e-01
-3.19650622e-01
-2.53775357e-01
0.00000000e+00
0.00000000e+00
-1.13430678e-01
3.06974987e-02
-3.22844159e-01
3.15752137e-02
1.10283970e-01
-3.59083623e-02
1.11932983e-01
0.00000000e+00
0.00000000e+00
0.00000000e+00
0.00000000e+00
0.00000000e+00
0.00000000e+00
0.00000000e+00
0.00000000e+00
0.00000000e+00
0.00000000e+00
0.00000000e+00
0.00000000e+00
0.00000000e+00
0.00000000e+00
0.00000000e+00
0.00000000e+00
0.00000000e+00
0.00000000e+00
0.00000000e+00
0.00000000e+00
0.00000000e+00
0.00000000e+00
0.00000000e+00
0.00000000e+00
0.00000000e+00
0.00000000e+00
0.00000000e+00
0.00000000e+00
0.00000000e+00
0.00000000e+00
0.00000000e+00
0.00000000e+00
0.00000000e+00
0.00000000e+00
0.00000000e+00
8.52774299e-02
-3.56838796e-01
6.00465557e-04
0.00000000e+00
0.00000000e+00
0.00000000e+00
0.00000000e+00
-4.93971320e-01
1.03628970e+00
7.70758523e-01
1.53666851e-01
5.40454954e-01
8.97623861e-02
-1.23247852e+00
-3.54351943e-01
0.00000000e+00
0.00000000e+00
1.56497990e-01
-3.90987739e-03
-6.32358493e-01
-9.19186170e-01
8.34783110e-03
-2.97775613e-01
3.58632250e-01
-4.38508347e-02
2.46638631e-02
0.00000000e+00
0.00000000e+00
0.00000000e+00
0.00000000e+00
0.00000000e+00
0.00000000e+00
0.00000000e+00
0.00000000e+00
0.00000000e+00
0.00000000e+00
-2.69056254e-01
9.53220977e-02
0.00000000e+00
-9.46028639e-01
-2.21011394e-01
1.94136413e-01
7.02192143e-01
-1.97172422e-01
-4.41219585e-01
1.76656138e-01
3.88457952e-01
-4.87242639e-02
1.98483621e-01
6.42134680e-02
5.12748733e-01
0.00000000e+00
0.00000000e+00
2.15395073e+00
5.87523904e+00
0.00000000e+00
0.00000000e+00
0.00000000e+00
0.00000000e+00
0.00000000e+00
0.00000000e+00
2.30312271e-01
-6.48747443e-01
-1.31527821e+00
-4.08327153e-01
5.00659725e-01
-9.28756941e-01
7.37509030e-01
8.76566451e-01
0.00000000e+00
-8.61803539e-01
-8.64710542e-02
-2.25301959e+00
3.67384644e-01
-7.11688624e-01
5.69043021e-02
0.00000000e+00
0.00000000e+00
0.00000000e+00
8.13175135e+00
7.81830922e+00
8.16451368e+00
8.93233608e+00
8.11985378e+00
8.12125237e+00
-1.39072593e+00
-7.68694084e-01
1.80200073e-01
-1.41068815e+00
1.22136195e-01
-1.75350959e+00
2.55679944e-01
4.32129400e-01
-6.55971069e-01
-4.25403768e-01
-5.28611129e-01
-6.31378385e-01
0.00000000e+00
0.00000000e+00
0.00000000e+00
0.00000000e+00
-7.91538694e-01
4.67849530e+00
0.00000000e+00
0.00000000e+00
3.75351679e-01
3.07520585e-01
0.00000000e+00
-4.13541166e+00
-1.02474697e+00
-7.01471039e-01
-1.54539078e+00
-1.45454335e+00
-2.57013775e+00
0.00000000e+00
0.00000000e+00
0.00000000e+00
4.72678831e-01
1.39450984e+00
-5.66576060e-01
-6.92965705e-01
-1.37255274e+00
3.68305933e-01
5.26312258e-02
4.57237387e-01
3.39679148e-01
0.00000000e+00
6.23043303e-01
-1.08698925e+00
-1.03854398e+00
9.79283939e-01
5.34610434e-01
-3.23762402e-01
1.36639168e-01
-4.07830962e+00
-2.71265145e-01
1.50220795e+00
-1.70610085e-01
0.00000000e+00
0.00000000e+00
0.00000000e+00
-4.29430077e-01
-7.57235596e-01
5.78314017e-01
4.40251849e-01
-1.11918948e+00
-1.47708532e-02
-8.08705102e-02
-2.99019440e-01
5.90903771e-01
0.00000000e+00
-8.92536610e-01
1.92747694e-01
1.55736413e-02
6.30824514e-02
-3.49084540e-01
7.90861640e-01
3.03569526e-01
1.10198399e+00
-2.13090416e-01
-9.26711381e-02
-8.98906404e-01
-2.80216018e-01
0.00000000e+00
1.83247357e-01
2.57589299e-01
1.33880128e-01
-1.31175649e-01
-2.82920497e-01
2.67565971e-01
0.00000000e+00
0.00000000e+00
0.00000000e+00
7.74503063e-01
2.54155332e-02
-5.67175003e-01
5.45716542e-01
8.58484030e-01
6.65297949e-01
3.42692522e-01
-1.09248205e+00
-6.47400225e-01
0.00000000e+00
1.79915682e-01
-3.61350666e-01
1.74510584e-01
-2.86632474e-02
5.98558355e-02
-3.20494778e-01
-1.87883730e-01
2.25486836e-01
-2.44569926e-01
-1.34292977e-01
-6.18690386e-01
0.00000000e+00
5.18499240e-01
3.37076082e-01
-1.67123134e+00
-7.44530948e-01
0.00000000e+00
7.54267190e-01
1.09054610e+00
6.86372607e-03
2.02100249e-01
-9.53494923e-01
-9.26700396e-01
0.00000000e+00
0.00000000e+00
1.03381218e+00
-2.15601439e+00
0.00000000e+00
0.00000000e+00
0.00000000e+00
7.30180342e-01
-2.16135888e+00
2.37396468e-01
0.00000000e+00
0.00000000e+00
-2.52869114e-01
0.00000000e+00
4.34558877e-01
1.77665763e+00
0.00000000e+00
-3.22788187e-01
1.07753740e+00
0.00000000e+00
2.86205167e+00
4.68155560e-01
-3.54304450e-02
-1.53084686e+00
0.00000000e+00
0.00000000e+00
2.14732988e+00
4.89503410e-01
0.00000000e+00
0.00000000e+00
0.00000000e+00
-1.26458067e+00
0.00000000e+00
2.47476483e+00
0.00000000e+00
0.00000000e+00
0.00000000e+00
0.00000000e+00
5.71006804e-01
0.00000000e+00
0.00000000e+00
9.92988114e-01
0.00000000e+00
0.00000000e+00
0.00000000e+00
-9.58362321e-01
1.80472711e+00
7.36230107e-01
0.00000000e+00
0.00000000e+00
2.68429059e-01
-1.42857556e+00
7.11029060e-01
1.30706419e+00
-5.96035128e-01
0.00000000e+00
4.59819601e-01
3.41526998e-01
-9.03175391e-02
-1.33281586e+00
0.00000000e+00
0.00000000e+00
0.00000000e+00
1.42141788e+00
0.00000000e+00
-1.31620129e+00
0.00000000e+00
0.00000000e+00
0.00000000e+00
0.00000000e+00
6.16162637e-01
0.00000000e+00
0.00000000e+00
-4.44544638e-01
0.00000000e+00
0.00000000e+00
0.00000000e+00
1.53367999e+00
-2.20728662e-01
-5.40453739e-01
0.00000000e+00
0.00000000e+00
8.18645358e-01
-2.13960462e+00
3.75029960e+00
0.00000000e+00
0.00000000e+00
-7.27438834e-01
0.00000000e+00
0.00000000e+00
0.00000000e+00
0.00000000e+00
0.00000000e+00
0.00000000e+00
0.00000000e+00
6.85061264e-01
6.85061264e-01
0.00000000e+00
0.00000000e+00
247
-3.66080616e+00
-3.66080616e+00
0.00000000e+00
-1.75122652e+00
-1.90957963e+00
-3.05258365e-01
-9.15430162e-01
-2.05653351e-01
0.00000000e+00
0.00000000e+00
-2.63841283e-01
-9.57403395e-01
8.70829092e-02
1.87360387e-01
0.00000000e+00
0.00000000e+00
0.00000000e+00
0.00000000e+00
0.00000000e+00
0.00000000e+00
0.00000000e+00
0.00000000e+00
0.00000000e+00
0.00000000e+00
0.00000000e+00
0.00000000e+00
0.00000000e+00
0.00000000e+00
0.00000000e+00
0.00000000e+00
0.00000000e+00
0.00000000e+00
0.00000000e+00
0.00000000e+00
0.00000000e+00
0.00000000e+00
0.00000000e+00
0.00000000e+00
0.00000000e+00
0.00000000e+00
0.00000000e+00
1.48172268e+00
-1.20310381e-02
-4.55758996e-01
1.78772674e-02
0.00000000e+00
0.00000000e+00
0.00000000e+00
0.00000000e+00
0.00000000e+00
0.00000000e+00
0.00000000e+00
0.00000000e+00
0.00000000e+00
0.00000000e+00
0.00000000e+00
7.51175466e+00
7.17249905e+00
0.00000000e+00
2.88814974e+00
7.59411156e+00
0.00000000e+00
0.00000000e+00
0.00000000e+00
0.00000000e+00
0.00000000e+00
0.00000000e+00
-5.12674189e-01
-1.54683431e+00
-2.00877163e+00
-1.05530658e+00
-1.42428597e-01
-1.28294060e+00
-7.41886442e-01
1.28785994e+00
4.30993552e+00
1.66533034e+00
0.00000000e+00
1.60794033e+00
4.68016725e+00
2.41297123e+00
2.07902610e+00
0.00000000e+00
0.00000000e+00
0.00000000e+00
1.02836234e+01
9.52404349e+00
9.94093438e+00
1.06320434e+01
1.03679316e+01
1.07295526e+01
0.00000000e+00
5.50811171e-01
6.10864059e-01
-1.83886782e+00
-1.53823736e+00
-1.74131470e+00
-4.13699938e-01
-1.07390198e-01
-3.48296384e-01
3.68404137e-01
1.14949542e+00
1.60829968e-01
0.00000000e+00
-2.03529948e+00
7.83395020e+00
0.00000000e+00
-1.62550667e+00
2.06092032e+00
0.00000000e+00
-6.95241419e+00
-2.29158347e+00
-2.17530229e+00
-1.24117920e+00
-3.06132432e+00
-4.46688576e+00
0.00000000e+00
0.00000000e+00
0.00000000e+00
3.28021011e+00
2.37775043e+00
2.31356969e+00
1.65324523e+00
1.53650851e+00
2.95271727e+00
2.23884441e+00
3.02928717e+00
2.98393385e+00
0.00000000e+00
3.49598923e+00
-3.16830108e-01
1.00073482e+00
3.34163401e+00
3.59682492e+00
2.48441131e+00
3.08969436e+00
0.00000000e+00
2.33447632e+00
3.56890406e+00
-2.06809017e+00
-1.13281448e+00
0.00000000e+00
1.60016867e+00
1.40562208e+00
-5.32791670e-01
0.00000000e+00
0.00000000e+00
0.00000000e+00
-3.50321846e-01
3.53165299e-01
3.94243568e-01
0.00000000e+00
0.00000000e+00
1.13789321e-01
2.54263387e-01
1.80105849e+00
1.51667748e-01
0.00000000e+00
-1.79724006e-01
-2.27707216e-01
0.00000000e+00
3.89525052e-01
4.61614578e-01
0.00000000e+00
-3.55968805e-01
0.00000000e+00
0.00000000e+00
2.62496248e-01
-9.35275694e-01
0.00000000e+00
9.77354497e-01
7.64850829e-01
-2.39879559e+00
-1.15876899e+00
0.00000000e+00
3.93856013e+00
1.69979622e+00
-1.24002660e+00
0.00000000e+00
0.00000000e+00
1.27586252e+00
-4.30250352e+00
0.00000000e+00
0.00000000e+00
0.00000000e+00
8.08391300e-01
-3.09391268e+00
1.47093898e+00
-1.11903836e+00
0.00000000e+00
0.00000000e+00
9.37617502e-01
1.76563382e+00
3.37024992e+00
0.00000000e+00
3.30268663e+00
2.85629466e+00
0.00000000e+00
6.14376209e+00
0.00000000e+00
1.20662787e+00
1.39392777e+00
0.00000000e+00
3.86677975e+00
2.19065477e+00
-2.78165824e+00
6.24118696e-01
1.97311858e+00
0.00000000e+00
0.00000000e+00
-1.00130243e+00
0.00000000e+00
0.00000000e+00
0.00000000e+00
5.31061458e-01
0.00000000e+00
5.47329950e+00
0.00000000e+00
0.00000000e+00
0.00000000e+00
0.00000000e+00
1.83240560e+00
0.00000000e+00
0.00000000e+00
-2.27201428e+00
0.00000000e+00
0.00000000e+00
0.00000000e+00
0.00000000e+00
1.38731547e+00
1.46332854e+00
0.00000000e+00
0.00000000e+00
1.74456780e+00
-3.40577693e+00
6.55347239e+00
0.00000000e+00
0.00000000e+00
-1.52084529e+00
0.00000000e+00
0.00000000e+00
0.00000000e+00
0.00000000e+00
3.44452613e-01
3.44452613e-01
0.00000000e+00
0.00000000e+00
0 -999999999 -999999999 2 -1
1 0 0 1 -1
-1.0908e-01 -7.0767e-01
356
5.27088772e-01
0.00000000e+00
0.00000000e+00
0.00000000e+00
0.00000000e+00
0.00000000e+00
0.00000000e+00
0.00000000e+00
0.00000000e+00
0.00000000e+00
0.00000000e+00
0.00000000e+00
0.00000000e+00
0.00000000e+00
0.00000000e+00
0.00000000e+00
0.00000000e+00
0.00000000e+00
0.00000000e+00
0.00000000e+00
0.00000000e+00
0.00000000e+00
0.00000000e+00
0.00000000e+00
0.00000000e+00
0.00000000e+00
0.00000000e+00
0.00000000e+00
0.00000000e+00
0.00000000e+00
0.00000000e+00
1.36767039e-01
3.90321733e-01
-8.25837782e-01
-6.07469706e-01
4.82275986e-01
5.21336697e-01
6.89516798e-01
-1.56247581e+00
2.73088023e-01
2.17753960e-01
0.00000000e+00
0.00000000e+00
0.00000000e+00
0.00000000e+00
0.00000000e+00
0.00000000e+00
0.00000000e+00
0.00000000e+00
0.00000000e+00
0.00000000e+00
-9.81078956e-01
-7.32085281e-01
-5.22969247e-01
0.00000000e+00
0.00000000e+00
0.00000000e+00
0.00000000e+00
-7.23844072e-01
2.12699445e+00
1.11101984e+00
-3.53063898e-01
6.19563478e-01
-8.09869926e-01
-2.71454170e-02
-2.60430812e-02
-4.52505054e-01
1.71980077e-02
0.00000000e+00
0.00000000e+00
0.00000000e+00
9.88569095e-01
4.75392279e-03
-4.57226301e-01
-1.25956211e+00
3.52107212e-02
5.65239905e-01
8.45957196e-01
-1.29904833e-01
1.36347831e+00
0.00000000e+00
0.00000000e+00
0.00000000e+00
0.00000000e+00
0.00000000e+00
0.00000000e+00
0.00000000e+00
1.49119198e+00
7.49002051e-01
-1.59658710e+00
-6.54096802e-01
-3.26183357e-01
-1.27212851e-01
9.65308823e-02
2.76879980e-02
-3.15184327e-01
7.64661909e-01
-6.85828807e-02
1.15842509e+00
7.37674478e-01
3.61530728e-01
7.15506428e-01
0.00000000e+00
0.00000000e+00
3.17091602e+00
4.89379174e+00
0.00000000e+00
0.00000000e+00
0.00000000e+00
0.00000000e+00
0.00000000e+00
0.00000000e+00
-8.78012592e-01
-3.81286226e-01
-7.27429257e-01
-3.52713583e-01
7.28322264e-01
-1.03270785e+00
2.14641109e+00
1.14092212e+00
1.04264594e+00
1.13034357e+00
0.00000000e+00
-1.82986420e+00
-4.18278037e-01
7.41091979e-01
9.15032728e-01
0.00000000e+00
0.00000000e+00
0.00000000e+00
5.56732052e+00
6.44566269e+00
6.33222128e+00
6.70817426e+00
6.23798505e+00
6.11581297e+00
-9.57575766e-01
-2.10451235e-01
9.25622468e-01
6.84789111e-02
-1.90209805e-01
-5.18337124e-01
-1.60728084e-01
-2.42080117e-02
0.00000000e+00
-3.22414986e-01
9.42462506e-01
7.89511330e-01
0.00000000e+00
0.00000000e+00
0.00000000e+00
0.00000000e+00
2.05305853e+00
3.97489829e+00
0.00000000e+00
0.00000000e+00
-1.52596976e+00
3.06806014e-01
0.00000000e+00
0.00000000e+00
-1.00103584e+00
-2.29584017e+00
-1.64279141e+00
-2.07086280e+00
-2.64382724e+00
0.00000000e+00
0.00000000e+00
0.00000000e+00
1.61103777e+00
1.01742666e+00
-1.27670856e+00
-2.18341918e+00
-1.45790689e+00
-3.13713538e-01
-3.46962765e-01
3.93490536e-01
1.56107801e+00
0.00000000e+00
2.96291802e+00
-7.10620647e-01
-9.67193212e-01
-6.54892690e-01
1.74147888e+00
-5.43281456e-01
-2.08243316e-01
-3.41681470e+00
-1.10064615e+00
1.24914598e+00
8.38135269e-01
0.00000000e+00
0.00000000e+00
0.00000000e+00
-3.36552728e-01
1.67279539e-01
1.17202650e-01
6.88087784e-01
-1.18106610e-02
7.49846494e-02
-1.04592988e-01
5.63799777e-03
-5.13068644e-01
0.00000000e+00
-5.22322043e-01
1.86075824e-02
1.43995104e-01
8.84818214e-01
-3.46695352e-01
1.25946344e-01
5.00852634e-02
3.98569163e-02
5.65946126e-01
-2.09270485e-01
-6.92000279e-01
-3.53824581e-01
0.00000000e+00
0.00000000e+00
6.91122159e-01
2.19675330e-01
-7.19164185e-02
-5.01583492e-01
-7.79927756e-01
0.00000000e+00
0.00000000e+00
0.00000000e+00
-2.48063262e-01
-8.84050639e-01
-4.44370127e-01
-7.75931967e-01
-5.15453464e-01
6.54596010e-02
2.31765690e-01
1.05662263e-01
-2.61644444e-01
0.00000000e+00
-1.89757122e-02
2.78481387e-01
9.36685662e-02
-1.17166622e-01
4.73678325e-01
1.68793336e-01
-2.57126699e-02
1.02274311e+00
-1.01027704e-01
1.72216578e-01
-3.38175698e-01
0.00000000e+00
0.00000000e+00
-3.95951340e-02
-1.95182696e+00
-6.47211257e-01
0.00000000e+00
0.00000000e+00
0.00000000e+00
2.79611280e-01
2.64778736e-01
-1.19160127e+00
-1.30461571e+00
0.00000000e+00
0.00000000e+00
0.00000000e+00
-4.36670297e+00
0.00000000e+00
0.00000000e+00
0.00000000e+00
3.41057494e+00
-1.97621514e+00
-1.18798494e-01
-6.72148538e-01
0.00000000e+00
-1.29894968e+00
-1.03958618e+00
2.69223245e-01
3.46771199e+00
0.00000000e+00
2.19891097e+00
5.43592547e-01
0.00000000e+00
4.09892079e+00
-2.64416647e+00
-9.67634266e-01
-3.26776169e-01
0.00000000e+00
0.00000000e+00
1.41583915e+00
-1.58887376e+00
0.00000000e+00
0.00000000e+00
0.00000000e+00
8.97057735e-01
0.00000000e+00
-3.04902956e-01
0.00000000e+00
0.00000000e+00
0.00000000e+00
0.00000000e+00
2.07570746e+00
0.00000000e+00
0.00000000e+00
8.18922748e-01
0.00000000e+00
0.00000000e+00
0.00000000e+00
5.42751359e-01
1.91342879e+00
1.46678015e+00
0.00000000e+00
0.00000000e+00
1.14160226e+00
-8.40561045e-01
1.43876137e+00
0.00000000e+00
2.31862492e+00
-8.75592902e-01
8.00285594e-01
4.39001883e-01
1.99473889e-01
5.17751273e-01
0.00000000e+00
0.00000000e+00
0.00000000e+00
-2.26422542e-01
0.00000000e+00
2.36188712e+00
0.00000000e+00
0.00000000e+00
0.00000000e+00
0.00000000e+00
-1.31236703e+00
0.00000000e+00
0.00000000e+00
-4.01690848e-01
0.00000000e+00
0.00000000e+00
0.00000000e+00
-2.08629635e+00
-6.48540035e-01
-9.59857657e-01
0.00000000e+00
0.00000000e+00
-4.35218703e-01
-2.27932241e+00
1.67060446e+00
5.23411695e+00
0.00000000e+00
-3.52614193e+00
0.00000000e+00
0.00000000e+00
0.00000000e+00
0.00000000e+00
0.00000000e+00
0.00000000e+00
0.00000000e+00
2.08459608e-01
3.82454065e-01
0.00000000e+00
0.00000000e+00
247
-2.89849984e-01
0.00000000e+00
0.00000000e+00
0.00000000e+00
0.00000000e+00
0.00000000e+00
0.00000000e+00
0.00000000e+00
0.00000000e+00
0.00000000e+00
0.00000000e+00
0.00000000e+00
0.00000000e+00
0.00000000e+00
0.00000000e+00
0.00000000e+00
0.00000000e+00
0.00000000e+00
0.00000000e+00
0.00000000e+00
0.00000000e+00
0.00000000e+00
0.00000000e+00
0.00000000e+00
0.00000000e+00
0.00000000e+00
0.00000000e+00
-2.89849984e-01
0.00000000e+00
-1.38140625e+00
1.09155627e+00
-7.47484485e-01
-3.69209709e-03
5.75616071e-01
0.00000000e+00
0.00000000e+00
0.00000000e+00
0.00000000e+00
0.00000000e+00
0.00000000e+00
0.00000000e+00
0.00000000e+00
0.00000000e+00
-3.25660524e+00
3.05989893e-02
-4.78842130e+00
5.17771706e-02
0.00000000e+00
0.00000000e+00
0.00000000e+00
0.00000000e+00
0.00000000e+00
0.00000000e+00
0.00000000e+00
0.00000000e+00
0.00000000e+00
4.77163665e-01
2.16439607e-01
0.00000000e+00
3.34539670e+00
5.80465775e+00
0.00000000e+00
0.00000000e+00
0.00000000e+00
0.00000000e+00
0.00000000e+00
0.00000000e+00
-2.12409982e-01
-5.53510152e-01
-1.68394410e+00
1.01420614e-01
-1.58082192e-01
-1.12872087e+00
3.39342988e+00
1.08707765e+00
0.00000000e+00
0.00000000e+00
1.63652834e+00
0.00000000e+00
1.94866889e+00
1.99015566e+00
0.00000000e+00
0.00000000e+00
0.00000000e+00
0.00000000e+00
9.42859963e+00
9.38670555e+00
9.24021517e+00
1.02264436e+01
9.48598901e+00
9.58016565e+00
-1.77068838e+00
-9.60141494e-01
-5.80380769e-01
-1.11392163e+00
-4.66168339e-01
-1.76485649e+00
0.00000000e+00
0.00000000e+00
0.00000000e+00
0.00000000e+00
0.00000000e+00
0.00000000e+00
0.00000000e+00
2.07195913e+00
4.84171458e+00
0.00000000e+00
-2.36180912e+00
1.03905281e+00
0.00000000e+00
0.00000000e+00
-1.52420082e+00
-2.11104585e+00
-2.63307076e+00
-3.46143697e+00
-3.63524668e+00
0.00000000e+00
0.00000000e+00
0.00000000e+00
2.56043388e+00
1.63365865e+00
5.12858574e-01
3.27474857e-01
-2.59207729e+00
1.41839817e+00
-5.25258894e-01
1.65144829e+00
1.69433120e+00
0.00000000e+00
1.97777407e+00
-5.94605838e-01
3.62837773e-02
8.22804853e-01
2.17611540e+00
2.63887795e-01
1.93953705e+00
0.00000000e+00
-4.50888448e-01
3.06520914e+00
-1.81084897e+00
-8.28486661e-01
0.00000000e+00
0.00000000e+00
1.52275271e-01
-5.77812331e-01
0.00000000e+00
0.00000000e+00
0.00000000e+00
9.58127211e-01
9.88463658e-01
1.73331885e+00
9.47365260e-01
1.80883136e+00
1.39297012e+00
1.87328077e+00
1.10248938e+00
1.07196188e+00
0.00000000e+00
1.08617042e+00
1.43177313e+00
6.11833692e-01
1.11899092e+00
0.00000000e+00
1.59602778e+00
1.06863334e+00
0.00000000e+00
1.56602888e+00
6.79391554e-01
-9.82362308e-01
0.00000000e+00
0.00000000e+00
-7.67141969e-01
-1.82439771e+00
-6.95714163e-01
0.00000000e+00
0.00000000e+00
0.00000000e+00
-1.12868355e+00
0.00000000e+00
0.00000000e+00
0.00000000e+00
-6.09450774e+00
0.00000000e+00
0.00000000e+00
0.00000000e+00
3.92799079e+00
-4.52950776e+00
0.00000000e+00
0.00000000e+00
0.00000000e+00
0.00000000e+00
0.00000000e+00
3.73704060e+00
1.97726238e+00
0.00000000e+00
1.34983209e+00
1.70585154e+00
0.00000000e+00
0.00000000e+00
2.15987981e+00
5.81215488e-01
0.00000000e+00
0.00000000e+00
0.00000000e+00
2.93696961e+00
-2.15313749e+00
6.15780087e-01
0.00000000e+00
3.61872402e+00
0.00000000e+00
-3.25205763e-01
0.00000000e+00
0.00000000e+00
0.00000000e+00
-4.95728100e-01
0.00000000e+00
0.00000000e+00
0.00000000e+00
0.00000000e+00
0.00000000e+00
0.00000000e+00
2.89239273e-02
0.00000000e+00
0.00000000e+00
0.00000000e+00
0.00000000e+00
0.00000000e+00
0.00000000e+00
3.95477270e-01
0.00000000e+00
0.00000000e+00
0.00000000e+00
0.00000000e+00
-3.51662240e-01
-2.76891757e+00
2.50972458e+00
6.89591491e+00
0.00000000e+00
-3.94137025e+00
0.00000000e+00
0.00000000e+00
0.00000000e+00
0.00000000e+00
-6.92519401e-01
-4.37876784e-01
0.00000000e+00
0.00000000e+00
1 -999999999 5 2 0
1 0 1 1 1
-1.2552e-01 -6.0333e-01
356
-2.82957925e-01
0.00000000e+00
0.00000000e+00
0.00000000e+00
0.00000000e+00
0.00000000e+00
0.00000000e+00
0.00000000e+00
0.00000000e+00
0.00000000e+00
0.00000000e+00
0.00000000e+00
0.00000000e+00
0.00000000e+00
0.00000000e+00
0.00000000e+00
-2.82957925e-01
0.00000000e+00
-1.51433494e-02
-2.14210120e-01
7.41153100e-02
1.49882229e-01
0.00000000e+00
0.00000000e+00
-5.41828057e-01
-4.69118236e-01
4.45834753e-01
2.60146031e-01
5.20433687e-02
2.18637449e-03
-6.93730926e-02
-2.82957925e-01
0.00000000e+00
-7.66913109e-01
-6.49079692e-01
2.60287760e-01
4.28463576e-01
4.19532244e-01
7.20789047e-02
6.44229398e-02
-4.61876891e-01
-2.82957925e-01
0.00000000e+00
-2.67165633e+00
-4.17656015e-01
0.00000000e+00
-2.04593963e+00
1.48971076e+00
1.75314922e-01
8.98987641e-01
1.54348012e+00
-4.58185059e-01
-6.40299207e-01
-2.01518377e+00
0.00000000e+00
0.00000000e+00
0.00000000e+00
0.00000000e+00
7.78659721e-01
-7.32467985e-01
1.58913693e-01
-1.33068407e-01
-1.21022551e-01
-9.71464094e-01
-9.00894889e-01
-3.26017180e-01
0.00000000e+00
0.00000000e+00
1.52577196e+00
-1.92422954e-02
1.02238413e+00
1.14235367e+00
-1.71424976e-02
7.19204280e-01
0.00000000e+00
0.00000000e+00
0.00000000e+00
0.00000000e+00
0.00000000e+00
0.00000000e+00
0.00000000e+00
0.00000000e+00
0.00000000e+00
0.00000000e+00
0.00000000e+00
0.00000000e+00
0.00000000e+00
8.83531129e-01
6.88881394e-02
0.00000000e+00
3.70323052e-01
-6.05437004e-01
-3.51410309e-01
-1.00804951e-01
1.11005739e-01
-1.30559970e-01
8.84300130e-01
1.00866960e+00
3.64305389e-01
-3.26337714e-01
2.37654967e-01
1.74118183e-01
0.00000000e+00
0.00000000e+00
3.33435886e+00
6.56658449e+00
0.00000000e+00
0.00000000e+00
0.00000000e+00
0.00000000e+00
0.00000000e+00
0.00000000e+00
-7.69434457e-01
-4.39355918e-01
-1.59762508e+00
-2.86177710e-01
4.96370768e-01
-1.02109439e+00
1.08663237e-02
1.16049351e+00
0.00000000e+00
-3.30307915e-01
0.00000000e+00
-2.80969583e+00
1.45825741e+00
9.70152696e-02
-7.04191215e-01
0.00000000e+00
0.00000000e+00
0.00000000e+00
1.18628366e+01
1.08397041e+01
1.08869397e+01
1.10022981e+01
1.09128869e+01
1.06784527e+01
-1.01010813e+00
-2.07770440e-02
7.34979041e-01
-7.03602229e-01
1.81703762e-01
-2.03407699e+00
-6.94489981e-01
-1.61556713e+00
-1.52664383e+00
-1.26007599e+00
3.56570912e-01
-1.15992927e+00
0.00000000e+00
0.00000000e+00
0.00000000e+00
0.00000000e+00
-1.64817464e+00
3.84062375e+00
0.00000000e+00
0.00000000e+00
1.36521672e+00
7.04032641e-01
0.00000000e+00
-5.34032389e+00
-1.10304587e+00
-3.92754477e-01
-2.51427092e+00
-1.11646405e+00
-3.61731679e+00
0.00000000e+00
0.00000000e+00
0.00000000e+00
3.50237915e-01
1.40205208e+00
-1.58789792e+00
-1.96518724e+00
2.27248070e+00
-3.77396409e-01
-1.28582678e+00
4.67933423e-01
2.00361591e+00
0.00000000e+00
-7.16491734e-01
-6.98019443e-01
-7.85204000e-01
1.46341612e+00
2.11753685e-01
-1.24218679e+00
8.30021469e-02
-3.40949261e+00
-3.35056821e-01
5.30950984e-01
-2.68906049e-01
0.00000000e+00
0.00000000e+00
0.00000000e+00
3.31534351e-01
-1.84763524e-01
8.52570228e-01
5.15107368e-01
-4.03568823e+00
5.15547472e-01
2.55408576e-01
1.28253159e-01
-4.54760662e-01
0.00000000e+00
2.65938703e-01
-1.95212757e+00
5.41816080e-02
2.65461776e-01
7.55937823e-01
6.82701489e-01
3.20743902e-01
8.59323464e-01
4.63862282e-01
9.18617274e-02
-1.50048235e+00
-2.46623674e-01
0.00000000e+00
1.79159844e-01
2.11012626e-01
4.95806654e-02
-2.87280044e-02
-2.67476334e-01
2.38864968e-03
0.00000000e+00
0.00000000e+00
0.00000000e+00
-4.44311655e-01
4.09661957e-01
-9.14532374e-01
-8.44850944e-01
2.49650154e+00
-2.89598515e-01
-4.55657672e-01
-2.70234778e-01
5.88126529e-01
0.00000000e+00
-6.59638213e-01
-2.24846835e-01
2.58096099e-01
1.02673480e-01
8.85245121e-01
-6.94776444e-01
-3.99087526e-01
2.99315784e-01
1.04783226e-01
5.55198695e-02
-1.25385867e+00
0.00000000e+00
1.38948024e+00
1.17597832e+00
-2.11683444e+00
-8.56422199e-01
0.00000000e+00
1.39581515e+00
5.61829468e-01
3.79101365e-01
-1.53807458e-01
-1.08171611e+00
-1.26041224e+00
0.00000000e+00
0.00000000e+00
1.62657643e+00
-1.50921853e+00
0.00000000e+00
0.00000000e+00
0.00000000e+00
-1.45328584e+00
-1.02949338e+00
1.09956380e+00
0.00000000e+00
0.00000000e+00
2.38393875e-02
0.00000000e+00
7.82297837e-01
3.09071130e+00
0.00000000e+00
-1.12831183e+00
2.76807303e+00
0.00000000e+00
0.00000000e+00
-7.41863833e-01
-1.82395239e+00
1.36549912e+00
0.00000000e+00
0.00000000e+00
3.12052801e-01
-2.80651923e-01
0.00000000e+00
0.00000000e+00
0.00000000e+00
-8.56492114e-01
0.00000000e+00
-6.36286302e-02
0.00000000e+00
0.00000000e+00
0.00000000e+00
0.00000000e+00
7.37988996e-01
0.00000000e+00
0.00000000e+00
-7.94158007e-01
0.00000000e+00
0.00000000e+00
0.00000000e+00
-2.54135131e-01
4.62100489e-01
5.19937105e-01
0.00000000e+00
0.00000000e+00
9.44753354e-01
-1.73395587e+00
-3.92754477e-01
7.06528898e-01
0.00000000e+00
0.00000000e+00
-9.14300253e-02
-2.43371798e-01
-5.79526539e-02
-3.56465597e-01
0.00000000e+00
0.00000000e+00
0.00000000e+00
1.41104404e+00
0.00000000e+00
4.34902512e-01
0.00000000e+00
0.00000000e+00
0.00000000e+00
0.00000000e+00
1.14611646e-01
0.00000000e+00
0.00000000e+00
8.03180401e-01
0.00000000e+00
0.00000000e+00
0.00000000e+00
-1.40630891e+00
-1.92367451e-01
-4.48162355e-01
0.00000000e+00
0.00000000e+00
-2.90786210e-01
-1.34120140e+00
2.31348872e+00
0.00000000e+00
0.00000000e+00
2.24737347e-01
0.00000000e+00
0.00000000e+00
0.00000000e+00
0.00000000e+00
0.00000000e+00
0.00000000e+00
0.00000000e+00
2.24737347e-01
2.24737347e-01
0.00000000e+00
0.00000000e+00
247
-1.97429200e+00
0.00000000e+00
0.00000000e+00
0.00000000e+00
0.00000000e+00
0.00000000e+00
0.00000000e+00
0.00000000e+00
0.00000000e+00
-2.68511661e-01
0.00000000e+00
0.00000000e+00
0.00000000e+00
0.00000000e+00
-1.97429200e+00
0.00000000e+00
-1.33689319e+00
-6.37398818e-01
-3.12837940e-01
-3.88933878e-01
0.00000000e+00
0.00000000e+00
0.00000000e+00
-4.55916719e-01
-3.58409550e-01
1.13644413e-01
6.76192381e-02
1.83336517e+00
0.00000000e+00
-1.94256425e+00
3.77592941e+00
4.98949370e-01
6.82580424e-01
1.33477222e+00
-1.97429200e+00
0.00000000e+00
6.99151462e-01
-2.67344347e+00
-1.26489345e-01
2.68956038e-01
-5.36071598e-01
8.24196009e-02
5.46547878e-03
-1.48003788e-02
-1.38699962e-02
0.00000000e+00
0.00000000e+00
0.00000000e+00
0.00000000e+00
0.00000000e+00
0.00000000e+00
0.00000000e+00
0.00000000e+00
0.00000000e+00
0.00000000e+00
0.00000000e+00
1.50151624e+00
4.74668887e-01
0.00000000e+00
1.60280813e+00
6.21315370e+00
0.00000000e+00
0.00000000e+00
0.00000000e+00
0.00000000e+00
0.00000000e+00
0.00000000e+00
-7.65678123e-01
-1.32325769e+00
-1.25540402e+00
-6.10034073e-02
5.22528634e-01
-6.94285532e-01
-5.78924215e-01
7.08672844e-01
3.56481355e+00
-3.35838184e-01
0.00000000e+00
-4.61639439e-01
3.36590536e+00
2.36415315e+00
3.67236805e-01
0.00000000e+00
0.00000000e+00
0.00000000e+00
7.89791492e+00
7.92793868e+00
8.03034185e+00
8.58204803e+00
7.12211305e+00
8.46133232e+00
-1.66280442e+00
-8.45525310e-01
-9.43555963e-01
-1.31313182e+00
-8.35857698e-01
-1.24560427e+00
0.00000000e+00
0.00000000e+00
0.00000000e+00
0.00000000e+00
0.00000000e+00
1.82681256e-01
0.00000000e+00
-1.21534399e+00
3.59389332e+00
0.00000000e+00
-7.58948011e-01
9.89980103e-02
0.00000000e+00
-4.99835164e+00
-1.46480708e+00
-1.90464994e+00
-1.25952685e+00
-1.92956721e+00
-3.36945702e+00
0.00000000e+00
0.00000000e+00
0.00000000e+00
1.44774529e+00
1.86635628e+00
-8.53552175e-01
-1.03949436e+00
-6.98113910e-01
-1.23168452e+00
3.74855388e-01
3.93796665e-01
7.19130290e-01
0.00000000e+00
1.67827289e+00
-1.76735827e+00
-1.07179138e+00
5.82742257e-01
7.96637289e-01
-8.45996008e-01
-4.19165434e-01
-4.03616871e+00
-1.02840312e+00
1.76273452e+00
-1.43559032e+00
-5.58569844e-01
0.00000000e+00
1.14027054e+00
7.22844821e-01
-4.49491444e-01
0.00000000e+00
0.00000000e+00
0.00000000e+00
-2.35231030e-01
5.41853330e-01
9.05737481e-01
1.04826023e+00
-9.25402722e-01
1.10267075e+00
7.30937610e-01
1.06463034e+00
3.32044955e-01
0.00000000e+00
5.33004132e-01
9.00134830e-01
3.14776523e-01
4.13437571e-01
0.00000000e+00
1.15235297e+00
9.88971480e-01
5.28298963e-01
9.50388152e-01
2.62030796e-01
-8.77020477e-01
0.00000000e+00
1.31675266e+00
1.29336547e+00
-1.93386670e+00
-9.06237238e-01
0.00000000e+00
2.05740466e+00
1.19963084e+00
-1.02762946e+00
0.00000000e+00
0.00000000e+00
5.02461630e-01
-3.18909406e+00
0.00000000e+00
0.00000000e+00
0.00000000e+00
2.58502856e+00
0.00000000e+00
0.00000000e+00
4.07496678e-01
0.00000000e+00
2.99682284e+00
-1.38166560e+00
1.92829884e+00
3.80688050e+00
0.00000000e+00
4.51998546e+00
7.71012558e+00
0.00000000e+00
5.85205459e+00
3.90180769e+00
7.36062969e-01
2.57396555e+00
0.00000000e+00
4.36695410e+00
3.94215917e+00
-2.30076440e+00
-7.57749321e-01
1.02576807e+00
0.00000000e+00
0.00000000e+00
-2.38918992e+00
0.00000000e+00
0.00000000e+00
0.00000000e+00
-2.55635640e+00
0.00000000e+00
0.00000000e+00
0.00000000e+00
0.00000000e+00
0.00000000e+00
0.00000000e+00
2.08040476e+00
0.00000000e+00
0.00000000e+00
0.00000000e+00
0.00000000e+00
0.00000000e+00
0.00000000e+00
2.86583250e+00
0.00000000e+00
0.00000000e+00
0.00000000e+00
0.00000000e+00
-7.84487412e-01
-1.54301508e+00
2.15403973e+00
0.00000000e+00
0.00000000e+00
-8.88329663e-01
0.00000000e+00
0.00000000e+00
0.00000000e+00
0.00000000e+00
-3.86552136e-01
-3.86552136e-01
0.00000000e+00
0.00000000e+00
4 2
-5.6765e-02 -5.3701e-01
3 -1
2 0 1 
217
8.54335881e-01
3.81674547e-01
-1.06575909e+00
-6.63729623e-01
-9.31039742e-03
1.49625151e-01
5.04779829e-01
-1.09381429e-01
2.27705738e-01
-3.05906969e-01
-1.67940657e-01
-4.64750242e-01
2.99101369e-01
-5.62852906e-01
0.00000000e+00
0.00000000e+00
0.00000000e+00
0.00000000e+00
0.00000000e+00
0.00000000e+00
7.35420337e-02
4.33765298e-04
-2.63330824e-03
5.98180526e-01
4.77790876e-03
-2.10955978e-01
0.00000000e+00
0.00000000e+00
0.00000000e+00
0.00000000e+00
0.00000000e+00
0.00000000e+00
0.00000000e+00
2.64003138e+00
1.04786020e+00
-1.96171707e+00
0.00000000e+00
3.72239854e-01
4.15866513e-02
4.47051377e-01
0.00000000e+00
0.00000000e+00
0.00000000e+00
0.00000000e+00
0.00000000e+00
-1.43793961e-02
-7.48186413e-03
4.02094161e-01
3.94101114e-01
-5.55893184e-02
-3.04918191e-01
4.47051377e-01
0.00000000e+00
0.00000000e+00
0.00000000e+00
0.00000000e+00
0.00000000e+00
0.00000000e+00
0.00000000e+00
0.00000000e+00
5.44227347e-01
-7.48186413e-03
3.24132400e-01
2.46055309e-01
-1.70896252e-01
-1.60048801e-01
4.82425547e-01
-6.68484887e-01
2.96751277e-01
2.44945072e-01
0.00000000e+00
3.17590398e-01
-8.27092480e-01
1.59380168e-01
1.02955670e-01
3.77365314e-01
8.66710329e-02
3.30238616e-01
4.34522833e-02
6.12225998e-02
1.06994046e+00
5.10881070e-01
-5.89295478e-01
-1.02580787e-01
0.00000000e+00
0.00000000e+00
0.00000000e+00
0.00000000e+00
0.00000000e+00
0.00000000e+00
0.00000000e+00
0.00000000e+00
0.00000000e+00
0.00000000e+00
0.00000000e+00
0.00000000e+00
0.00000000e+00
0.00000000e+00
0.00000000e+00
0.00000000e+00
0.00000000e+00
0.00000000e+00
0.00000000e+00
0.00000000e+00
0.00000000e+00
0.00000000e+00
0.00000000e+00
0.00000000e+00
0.00000000e+00
0.00000000e+00
0.00000000e+00
0.00000000e+00
0.00000000e+00
0.00000000e+00
0.00000000e+00
0.00000000e+00
0.00000000e+00
0.00000000e+00
0.00000000e+00
-1.93997603e+00
1.40868987e-01
-2.20839419e+00
0.00000000e+00
0.00000000e+00
0.00000000e+00
-8.79985343e-02
-4.80274451e-01
-1.03323248e+00
-8.69365612e-01
7.32393678e-01
-5.95339822e-01
-2.05242822e-02
-9.46461966e-02
-2.15085147e-01
0.00000000e+00
1.32600307e+00
3.86636324e-01
-4.66483835e-01
3.39855678e-01
1.03110482e+00
-5.15320665e-01
-5.22814481e-01
-3.47103058e-01
-7.37905065e-01
-3.82941430e-02
6.73955367e-03
0.00000000e+00
0.00000000e+00
0.00000000e+00
2.56526503e-01
5.46485517e-01
5.05883948e-02
1.58230417e-01
-6.41728207e-01
4.52622681e-02
-4.96376501e-02
4.12974610e-01
2.95903776e-01
0.00000000e+00
-3.56322797e-01
-1.08607040e-01
-1.37246659e-01
1.50242469e-01
-4.03554030e-01
1.05181024e-01
1.99793716e-01
-9.47627172e-01
1.73327557e-01
2.56946858e-01
-2.78393562e+00
0.00000000e+00
0.00000000e+00
0.00000000e+00
4.16568055e-01
-4.36997233e-01
-4.54161816e-01
-9.97009541e-01
-7.49681469e-04
-9.01687478e-01
-1.44957567e+00
3.68931272e-01
7.59217028e-01
0.00000000e+00
-1.07575220e+00
4.06496606e+00
0.00000000e+00
3.98597417e-01
-4.40106871e-01
-6.28134470e-01
-4.16332685e-01
-3.37094058e-03
-2.23311673e-03
1.37011122e-01
4.06227232e-03
0.00000000e+00
0.00000000e+00
0.00000000e+00
5.16963028e-01
-2.93664646e-01
4.72026504e-01
3.48094935e-01
-1.70413591e-03
-1.82313111e-01
3.62525416e-01
-3.50949527e-01
1.22520536e+00
0.00000000e+00
1.17854955e+00
2.98044778e-01
0.00000000e+00
1.14871014e+00
-4.92529974e-01
1.60049010e-01
2.89921132e-01
-6.82196148e-03
-1.11210946e-02
5.02094576e-01
136
1.85976423e+00
0.00000000e+00
0.00000000e+00
-1.13118151e-01
4.80825089e-02
9.61742267e-01
3.20247335e-03
1.01114011e+00
6.37528927e-03
0.00000000e+00
0.00000000e+00
0.00000000e+00
0.00000000e+00
0.00000000e+00
0.00000000e+00
0.00000000e+00
5.07075666e+00
4.16713563e+00
0.00000000e+00
-1.89610841e+00
-5.18969576e-02
1.13897144e+00
2.66879816e+00
0.00000000e+00
0.00000000e+00
0.00000000e+00
0.00000000e+00
-1.89610841e+00
-3.97999444e-01
3.39907320e-01
4.90410770e-01
6.19516657e-03
-2.10096403e-01
8.58657071e-01
2.66879816e+00
0.00000000e+00
0.00000000e+00
0.00000000e+00
0.00000000e+00
0.00000000e+00
0.00000000e+00
0.00000000e+00
0.00000000e+00
0.00000000e+00
0.00000000e+00
0.00000000e+00
-6.85275418e-01
-6.07343601e-03
-2.55943051e-01
-3.62761882e-01
2.55933182e-01
0.00000000e+00
-2.49800909e+00
-4.90925540e-01
-1.14919831e+00
-5.10328160e-01
-1.08693493e+00
-3.76854835e-01
8.73986458e-01
-5.98199801e-01
4.54307741e-01
3.39907320e-01
-6.01900680e-01
0.00000000e+00
0.00000000e+00
0.00000000e+00
0.00000000e+00
0.00000000e+00
0.00000000e+00
0.00000000e+00
0.00000000e+00
0.00000000e+00
0.00000000e+00
0.00000000e+00
0.00000000e+00
0.00000000e+00
0.00000000e+00
0.00000000e+00
0.00000000e+00
0.00000000e+00
0.00000000e+00
0.00000000e+00
0.00000000e+00
0.00000000e+00
0.00000000e+00
0.00000000e+00
1.00545404e+00
-2.21917799e+00
-1.53596315e+00
0.00000000e+00
0.00000000e+00
0.00000000e+00
7.82976948e-01
4.78898255e-01
-7.16219567e-01
-7.07289313e-01
3.14102430e-01
-6.86444891e-01
-3.71942628e-01
8.13836172e-01
1.18825555e+00
0.00000000e+00
1.01292475e+00
8.49869292e-03
-1.12748266e+00
2.44713609e-01
5.23679223e-01
-6.53478628e-02
-4.77582846e-01
-3.10834039e+00
2.10357406e-02
3.35765633e-01
-6.90997656e+00
0.00000000e+00
0.00000000e+00
0.00000000e+00
3.96878734e+00
1.77389670e+00
5.79424492e-01
-4.31216127e-03
-2.73470279e-04
0.00000000e+00
-5.49722053e-03
3.77801884e+00
2.68907748e+00
0.00000000e+00
2.65401693e+00
8.88736533e+00
-3.30647361e-04
0.00000000e+00
3.54412681e+00
1.17240315e+00
2.71432885e+00
-1.87427619e-02
-1.06489972e-03
3.31198798e+00
12 1
-2.1261e-01 -2.6697e-01
4 2
2 0 1 4 
217
-3.53017595e-01
-1.78165262e-01
1.70844996e-01
1.87143690e-01
1.81951767e-01
-4.14366179e-01
-1.40986523e-01
-7.66284894e-01
-7.87746879e-01
-3.36865525e-01
4.00393365e-01
3.57644923e-01
0.00000000e+00
0.00000000e+00
-1.45592682e-01
1.32974418e-05
-5.24877481e-01
2.61073201e-01
-9.69378268e-03
-5.77063200e-01
-4.51938693e-01
2.98699011e-02
-6.04161647e-01
0.00000000e+00
0.00000000e+00
0.00000000e+00
0.00000000e+00
0.00000000e+00
0.00000000e+00
0.00000000e+00
0.00000000e+00
0.00000000e+00
0.00000000e+00
3.06824024e+00
2.00784931e+00
0.00000000e+00
0.00000000e+00
-1.81541527e-01
-2.41519469e-01
4.85930512e-02
2.14503505e-02
0.00000000e+00
0.00000000e+00
0.00000000e+00
0.00000000e+00
1.55709100e-01
-3.47453768e-01
-3.72209655e-01
1.02031407e-02
-5.17289756e-01
1.68503695e-01
4.96928380e-01
0.00000000e+00
7.04180434e-01
3.66223142e-01
-7.12883409e-02
-5.90927329e-01
-3.72315259e-01
-4.73172855e-03
2.14503505e-02
-2.04094538e-02
1.87693739e-02
-3.51377515e-01
-4.27429718e-03
-3.93908551e-01
4.80313069e-02
5.39277456e-02
1.52212659e-01
-8.76249208e-03
7.99975791e-02
0.00000000e+00
-6.10439669e-01
-5.58054821e-01
5.17452777e-02
-1.71214103e-01
2.05676796e-01
8.25768666e-01
4.73726429e-01
-3.85655176e-02
9.37301684e-01
-4.76188588e-01
1.52797538e+00
-3.11989919e-01
6.67109492e-02
0.00000000e+00
-4.05608864e-01
-8.97004548e-02
-6.36702893e-02
5.40598979e-02
1.16261558e-01
1.06769720e+00
0.00000000e+00
0.00000000e+00
0.00000000e+00
0.00000000e+00
0.00000000e+00
0.00000000e+00
0.00000000e+00
0.00000000e+00
0.00000000e+00
0.00000000e+00
0.00000000e+00
0.00000000e+00
0.00000000e+00
0.00000000e+00
0.00000000e+00
0.00000000e+00
0.00000000e+00
0.00000000e+00
0.00000000e+00
0.00000000e+00
0.00000000e+00
0.00000000e+00
0.00000000e+00
0.00000000e+00
0.00000000e+00
0.00000000e+00
0.00000000e+00
0.00000000e+00
-1.42959667e+00
-2.41542322e-01
-2.15629056e+00
0.00000000e+00
0.00000000e+00
0.00000000e+00
4.52588657e-01
4.06393878e-01
-9.07105299e-01
-2.19244246e-01
-6.95042234e-02
-3.62393537e-01
-3.67057385e-01
1.10116996e+00
7.50801568e-01
0.00000000e+00
3.10901918e-01
5.34842146e-01
-1.69443361e+00
2.64903238e-01
5.16970078e-01
-2.53745750e-02
-8.40745585e-01
-1.77214047e+00
-5.82064413e-01
3.45201336e-01
2.66803598e-01
0.00000000e+00
0.00000000e+00
0.00000000e+00
3.34903919e-01
-4.36486282e-01
4.38663762e-01
1.11272892e-01
-1.33683911e+00
-2.52852343e-01
4.47238678e-03
-4.55873806e-01
3.22599883e-02
0.00000000e+00
8.51852926e-02
-3.77599126e-01
8.39674537e-01
8.78320585e-01
-5.04719955e-02
4.36486385e-02
5.97097142e-01
-1.01491831e+00
4.78331835e-01
3.48013594e-01
-4.08894142e+00
0.00000000e+00
0.00000000e+00
0.00000000e+00
2.35164661e+00
1.61461222e+00
-7.22003615e-01
-3.70539635e-04
0.00000000e+00
-2.35573711e+00
-1.69521504e-03
1.16681928e+00
3.05064334e+00
0.00000000e+00
1.14029098e+00
4.94578385e+00
0.00000000e+00
0.00000000e+00
1.94547646e+00
2.54803609e-01
-1.21000381e+00
0.00000000e+00
0.00000000e+00
1.54992525e+00
-7.85136135e-02
0.00000000e+00
0.00000000e+00
0.00000000e+00
2.90578730e-01
1.51742814e-02
2.44711127e+00
-3.01179504e-04
0.00000000e+00
1.20130129e+00
-2.70619828e-03
3.70736998e-01
4.76797968e-01
0.00000000e+00
1.13489843e+00
9.39374862e-01
0.00000000e+00
0.00000000e+00
-1.19086141e-01
6.40442124e-01
1.95437915e+00
0.00000000e+00
0.00000000e+00
2.79682830e-01
136
1.46830874e+00
2.04040783e+00
-3.29394176e-02
5.60445193e-01
-5.84250718e-03
3.21742101e-01
7.54753477e-03
0.00000000e+00
0.00000000e+00
0.00000000e+00
0.00000000e+00
0.00000000e+00
0.00000000e+00
0.00000000e+00
0.00000000e+00
0.00000000e+00
3.34204691e+00
2.62631665e+00
-9.99917745e-01
-1.26122527e+00
6.20772060e-02
3.33665084e-01
1.02000963e+00
1.31378209e+00
0.00000000e+00
0.00000000e+00
0.00000000e+00
-1.26122527e+00
-5.04117535e-02
-3.90328098e-01
-1.03898514e+00
5.12327320e-01
-5.77343782e-02
2.58788202e-01
9.03993916e-01
0.00000000e+00
-3.34917307e-01
9.07163699e-01
2.90190589e-01
5.99350010e-01
-9.27045039e-01
7.52870167e-01
1.31378209e+00
0.00000000e+00
0.00000000e+00
0.00000000e+00
6.33594965e-02
1.30607627e+00
5.39045994e-02
3.11258708e-01
3.01061808e-01
0.00000000e+00
-1.52916668e+00
-1.66822384e-01
-5.30479630e-01
-5.06617892e-01
-1.37032903e+00
-5.17694509e-01
7.86108102e-01
-4.27896640e-01
3.67916339e-01
5.07325338e-01
-7.19394009e-01
1.05897116e-01
-6.41417157e-01
-1.10239889e+00
0.00000000e+00
0.00000000e+00
0.00000000e+00
0.00000000e+00
0.00000000e+00
0.00000000e+00
0.00000000e+00
0.00000000e+00
0.00000000e+00
0.00000000e+00
0.00000000e+00
0.00000000e+00
0.00000000e+00
0.00000000e+00
0.00000000e+00
0.00000000e+00
0.00000000e+00
0.00000000e+00
0.00000000e+00
0.00000000e+00
5.48508594e-01
-1.72083793e+00
-1.82579551e+00
0.00000000e+00
0.00000000e+00
0.00000000e+00
6.98824418e-01
1.34410834e+00
-8.57973685e-01
-8.89334683e-01
5.37082838e-01
-6.23771656e-01
-3.52360462e-01
1.06219412e+00
1.02394862e+00
0.00000000e+00
7.66697448e-01
-2.95141467e-01
-1.42843895e+00
3.31057665e-01
5.72341142e-01
-1.69544285e-01
-4.56940668e-01
-2.98390070e+00
-3.45897135e-01
2.41253595e-01
-4.23118769e+00
0.00000000e+00
0.00000000e+00
0.00000000e+00
2.45300393e+00
-4.13935863e-01
-4.60018217e-01
-7.81623291e-01
-5.83832151e-03
-2.91974579e+00
-1.76049329e+00
1.49734382e+00
2.40276341e+00
0.00000000e+00
2.15105541e+00
5.96977477e+00
0.00000000e+00
2.33929609e+00
1.76717483e-01
-4.50082484e-01
1.18917389e+00
-2.85763789e-02
1.51707824e+00
1.49904527e+00
13 1
-3.7050e-01 -2.1527e-01
5 2
2 0 1 4 12 
217
1.17068932e+00
-2.19396748e-01
-7.29252082e-01
-4.19812743e-01
-2.62519501e-01
9.68869605e-01
7.83396861e-01
-3.89198491e-02
3.47581678e-01
-7.12271781e-01
3.02337106e-01
-1.52879292e+00
0.00000000e+00
0.00000000e+00
1.58904692e-02
1.61038972e-03
2.52647064e-01
-1.22365780e+00
9.67850788e-03
2.09697188e-01
2.37845665e+00
-2.53676413e-01
6.11589936e-01
0.00000000e+00
0.00000000e+00
0.00000000e+00
0.00000000e+00
0.00000000e+00
0.00000000e+00
0.00000000e+00
0.00000000e+00
0.00000000e+00
0.00000000e+00
8.54960563e-01
3.86375826e-01
0.00000000e+00
0.00000000e+00
7.14993133e-01
-5.26847178e-01
-3.59643721e-01
1.00383698e-01
7.88649556e-01
0.00000000e+00
0.00000000e+00
0.00000000e+00
-7.05294320e-02
-3.67601712e-01
-1.69441159e-01
-4.64273992e-01
3.08335791e-01
4.40340073e-01
4.32617418e-01
0.00000000e+00
5.49921504e-01
1.20874493e-01
5.00765929e-01
1.42365931e-01
-5.18718501e-01
1.14544157e-01
-3.01665014e-01
4.81880331e-01
4.62122789e-01
-2.26467633e-01
0.00000000e+00
4.39402783e-01
-3.46830285e-01
3.69034207e-01
2.74963927e-02
3.62252329e-01
3.02773991e-02
0.00000000e+00
4.00255133e-01
-4.60517656e-01
5.80888226e-01
-7.26709376e-02
1.89545960e-01
2.65509903e-01
6.08619637e-01
4.08523819e-01
2.98274517e-01
8.80431682e-02
1.46776342e+00
6.55026945e-02
7.88401186e-02
0.00000000e+00
5.62600819e-01
-3.10812155e-01
-8.54463628e-02
4.15786795e-01
6.93534863e-01
-8.11484174e-01
0.00000000e+00
5.06894222e-01
4.69241357e-01
3.75817075e-01
-9.86001804e-02
2.87978022e-01
-1.28096181e-01
0.00000000e+00
0.00000000e+00
0.00000000e+00
0.00000000e+00
0.00000000e+00
0.00000000e+00
0.00000000e+00
0.00000000e+00
0.00000000e+00
0.00000000e+00
0.00000000e+00
0.00000000e+00
0.00000000e+00
0.00000000e+00
0.00000000e+00
0.00000000e+00
0.00000000e+00
0.00000000e+00
0.00000000e+00
0.00000000e+00
0.00000000e+00
3.70975360e-02
-5.15717624e-01
-1.66754023e+00
0.00000000e+00
0.00000000e+00
0.00000000e+00
7.03558311e-01
-7.94491953e-02
-6.63301325e-01
-2.73024944e-01
9.60542109e-01
-7.28096382e-01
-8.75627144e-02
5.84067356e-01
1.06900565e+00
0.00000000e+00
6.19088892e-02
8.20529085e-01
-1.29376992e+00
7.60877744e-01
5.40482385e-01
3.45233277e-01
-6.89167389e-01
-2.94471980e+00
-1.30685363e+00
5.52200260e-01
-6.50926684e-01
0.00000000e+00
0.00000000e+00
0.00000000e+00
-7.48153143e-02
9.40980026e-01
-3.25750548e-01
1.75936931e-02
-2.55289754e+00
-2.00548140e-01
-3.66428881e-01
2.64388510e-01
-1.76242682e-01
0.00000000e+00
3.25263617e-01
-8.77960840e-01
2.27281159e-02
2.60450843e-01
1.32140487e-01
-3.76960443e-01
7.41779504e-01
5.52424508e-01
9.54850301e-01
8.80780933e-02
-2.58104258e+00
0.00000000e+00
0.00000000e+00
0.00000000e+00
1.69133313e+00
-6.45378654e-01
-1.18677769e+00
-6.33144166e-02
0.00000000e+00
-3.33840164e+00
-1.00373353e+00
4.08899396e-01
2.40884742e+00
0.00000000e+00
2.31819588e-01
4.04953744e+00
0.00000000e+00
0.00000000e+00
-5.29290426e-01
-5.30407654e-01
2.38754367e-01
0.00000000e+00
-5.51851539e-02
-1.17929101e+00
-7.67568432e-01
0.00000000e+00
0.00000000e+00
0.00000000e+00
-5.75383068e-01
4.82891613e-01
2.00645607e+00
-2.69043862e-02
0.00000000e+00
4.83230133e-01
-2.35888009e+00
-7.85100092e-01
-2.27850644e+00
0.00000000e+00
2.12401771e-02
3.45034014e-01
0.00000000e+00
0.00000000e+00
6.45554643e-01
1.04808537e+00
1.18502288e+00
0.00000000e+00
-1.03535127e-02
1.73240103e+00
136
3.51068265e-01
4.20042101e-01
-2.60755178e-02
-8.60579124e-01
1.48022563e-02
8.45799830e-01
-1.21601405e-01
0.00000000e+00
0.00000000e+00
0.00000000e+00
0.00000000e+00
0.00000000e+00
0.00000000e+00
0.00000000e+00
0.00000000e+00
0.00000000e+00
2.66270469e+00
1.98247245e+00
0.00000000e+00
-1.48324038e+00
-1.51392530e-01
-1.45898400e-01
3.50222488e-01
7.81712043e-01
9.99665045e-01
0.00000000e+00
0.00000000e+00
-1.48324038e+00
4.37856739e-01
-1.29821327e+00
-7.06822586e-01
3.67548207e-01
-9.36328854e-02
-3.50919420e-01
5.72115479e-01
0.00000000e+00
1.66619225e-01
1.19391335e+00
9.78101081e-01
-8.26902068e-01
-8.58807157e-01
8.17146958e-01
1.43630499e+00
0.00000000e+00
0.00000000e+00
0.00000000e+00
0.00000000e+00
3.07875883e+00
3.33690132e-01
6.27215528e-01
0.00000000e+00
0.00000000e+00
-2.29055832e+00
-4.04867675e-01
-6.79501119e-01
-8.34183838e-01
-5.28683932e-01
-1.83101910e-01
9.84816648e-01
-2.35622468e-01
2.91828091e-01
6.44418755e-01
-1.84353606e+00
-1.05967011e-01
-9.45988360e-01
-4.50257174e-01
0.00000000e+00
3.03797462e+00
1.16750795e-01
6.25467564e-01
-1.75084703e-01
0.00000000e+00
0.00000000e+00
0.00000000e+00
0.00000000e+00
0.00000000e+00
0.00000000e+00
0.00000000e+00
0.00000000e+00
0.00000000e+00
0.00000000e+00
0.00000000e+00
0.00000000e+00
0.00000000e+00
0.00000000e+00
0.00000000e+00
-9.60331831e-01
-1.20318686e+00
-1.80624832e+00
0.00000000e+00
0.00000000e+00
0.00000000e+00
7.14555644e-01
7.48922017e-01
-6.38603129e-01
-8.05257440e-01
1.33898342e-01
-5.81179204e-01
-3.41328058e-01
9.35974904e-01
8.95399188e-01
0.00000000e+00
7.30880765e-01
-1.72243351e-01
-1.34696103e+00
2.42618611e-01
6.56307422e-01
-1.39422564e-01
-2.22952958e-01
-2.83112853e+00
-1.73294806e-01
3.87565859e-01
-3.42160725e+00
0.00000000e+00
0.00000000e+00
0.00000000e+00
1.44952736e+00
-3.47026713e-01
-1.03583130e+00
-1.24107159e+00
-4.45503869e-05
-2.52063844e+00
-1.09949538e+00
1.02861602e+00
2.60852794e+00
0.00000000e+00
1.56375732e+00
5.12365774e+00
-7.33698655e-04
2.98868342e+00
-1.36472347e-01
-1.10826273e+00
1.25761715e-02
-8.03050931e-03
9.72903851e-01
5.27102648e-01
11 1
-4.1948e-01 -1.6269e-01
6 0
2 0 1 4 12 13 
217
2.40634954e-01
4.30013997e-02
-7.60716969e-01
-3.93953598e-01
-1.34614795e-01
3.04810691e-01
2.16862456e-01
1.45465226e-01
9.16767256e-01
-1.42065223e+00
0.00000000e+00
0.00000000e+00
0.00000000e+00
0.00000000e+00
0.00000000e+00
0.00000000e+00
0.00000000e+00
-1.84371924e+00
2.26536540e-02
-3.44048813e-01
4.15172986e-01
5.12418615e-03
-2.79272760e-01
1.66918121e+00
2.05844403e-02
-9.34430305e-01
0.00000000e+00
0.00000000e+00
0.00000000e+00
0.00000000e+00
0.00000000e+00
0.00000000e+00
0.00000000e+00
3.23015673e+00
3.06285595e+00
0.00000000e+00
0.00000000e+00
-1.16624593e-01
-6.08848048e-02
1.57863175e-01
1.58938010e-01
-1.24539411e-01
2.25882577e-01
0.00000000e+00
0.00000000e+00
4.16625844e-01
6.69045935e-01
-4.24867890e-01
-2.48168756e-01
-3.70892207e-01
-6.76759393e-01
5.98090655e-01
0.00000000e+00
1.77869378e-01
-2.74034983e-01
2.31344807e-01
0.00000000e+00
-6.63910654e-01
-1.83266432e-01
4.52811630e-01
4.72351126e-01
-2.92810538e-02
-2.02435118e-01
-1.72698093e-01
-3.73851778e-03
-9.53160524e-02
2.22047261e-01
6.26539080e-02
1.95024303e-01
4.66324572e-01
0.00000000e+00
-1.51729376e-01
-5.32287614e-01
4.22923659e-01
5.53808225e-02
-3.05593288e-02
9.07857789e-01
6.23439361e-01
1.72543731e-01
-3.75971854e-01
-2.90818914e-01
1.17257980e+00
-2.64529224e-01
2.19627206e-02
0.00000000e+00
-3.69258101e-02
-3.51668254e-01
1.56490344e-01
7.83770694e-02
1.21070420e-01
7.63283014e-01
0.00000000e+00
8.96526834e-03
-3.96386436e-02
1.21165150e-01
1.10511065e-01
4.78152458e-01
1.26524435e-01
-2.13155298e-01
-1.87893945e-02
-4.23911460e-01
2.37375211e-01
-1.66310494e-01
2.35204435e-01
2.49773976e-01
0.00000000e+00
0.00000000e+00
0.00000000e+00
0.00000000e+00
0.00000000e+00
0.00000000e+00
0.00000000e+00
0.00000000e+00
0.00000000e+00
0.00000000e+00
0.00000000e+00
0.00000000e+00
0.00000000e+00
0.00000000e+00
-1.35663282e+00
-1.26434128e+00
-1.68487784e+00
0.00000000e+00
0.00000000e+00
0.00000000e+00
1.02074157e+00
2.72207111e-01
-6.30972708e-01
-6.49118886e-01
-9.29586903e-02
-8.82535001e-01
-2.16024498e-02
2.23982714e-01
6.31014072e-01
0.00000000e+00
2.47312651e-01
-1.81360312e-01
-1.19208822e+00
8.39650596e-01
8.92048854e-01
2.81008068e-01
-3.67294062e-01
-2.36425846e+00
-4.63306673e-01
7.52651988e-01
-2.05304134e-01
0.00000000e+00
0.00000000e+00
0.00000000e+00
-2.77350041e-01
4.52424234e-01
1.06280579e-02
7.48939925e-02
-4.04849991e-01
1.98623702e-01
-2.21812145e-01
6.34569214e-01
1.21395871e-01
0.00000000e+00
7.51964145e-02
3.38948742e-01
3.32644338e-02
-6.57870258e-01
-6.50436978e-01
-2.39663223e-01
1.71211851e-01
5.00460211e-01
-2.72115356e-02
-3.37726686e-01
-4.99730536e+00
0.00000000e+00
0.00000000e+00
0.00000000e+00
1.58144316e+00
1.56731895e+00
2.37927588e+00
0.00000000e+00
-1.15150859e-02
-2.15176068e+00
-3.36302201e-03
2.05262261e+00
3.46163867e+00
0.00000000e+00
9.08754863e-01
5.26248464e+00
0.00000000e+00
0.00000000e+00
1.71743928e+00
2.15122232e+00
1.13719405e+00
-3.67132981e-01
-1.39385983e-01
2.59150252e+00
-6.35114231e-01
0.00000000e+00
0.00000000e+00
0.00000000e+00
1.50255213e+00
8.71220693e-01
7.99700048e-01
0.00000000e+00
-1.56155197e-02
2.08111895e+00
-1.75366352e-03
7.57903190e-01
9.79094921e-01
0.00000000e+00
1.16236753e+00
9.01288583e-01
0.00000000e+00
0.00000000e+00
4.18168486e-01
5.36721470e-01
1.67387349e+00
-1.24814637e-01
-5.13239633e-02
5.18309444e-01
136
1.36287239e+00
0.00000000e+00
0.00000000e+00
-2.73555316e+00
4.59732890e-02
2.01959058e+00
-7.33501744e-03
1.89922983e+00
-7.35618415e-03
0.00000000e+00
0.00000000e+00
0.00000000e+00
0.00000000e+00
0.00000000e+00
0.00000000e+00
0.00000000e+00
1.65686947e+00
8.09655347e-01
4.42306226e-02
-8.87837211e-01
-1.80859510e-02
5.14631716e-01
6.60120837e-01
4.65232346e-01
1.81023282e-01
4.47787373e-01
0.00000000e+00
-8.87837211e-01
-1.00175436e-01
-3.01879673e-01
-1.02237927e+00
4.16145603e-01
-2.22997124e-01
8.73612937e-02
1.02063103e+00
0.00000000e+00
-2.35360583e-01
7.91382228e-01
5.04654564e-01
-2.22485555e-02
-7.15675463e-01
7.73038887e-01
1.27821211e+00
0.00000000e+00
0.00000000e+00
0.00000000e+00
4.40481763e-01
4.15480809e-01
-5.74456282e-02
1.67644247e-01
-3.97142238e-02
0.00000000e+00
-1.76814877e+00
-1.88657405e-01
-5.03755352e-01
-3.46423701e-01
-6.61936106e-01
-5.89659281e-01
8.00714826e-01
-3.23520492e-01
1.23951858e-01
3.94022219e-01
-9.18157747e-01
1.20182705e-01
-5.59488904e-01
-6.64887672e-01
6.12860618e-01
1.08198397e+00
-1.57558340e-01
2.53018672e-01
-1.56763548e-01
8.74639743e-01
3.38352370e-01
2.18938828e-01
1.69057250e-01
-2.63277050e-01
0.00000000e+00
0.00000000e+00
0.00000000e+00
0.00000000e+00
0.00000000e+00
0.00000000e+00
0.00000000e+00
0.00000000e+00
0.00000000e+00
0.00000000e+00
2.47649753e-01
-1.86680305e+00
-1.82638397e+00
0.00000000e+00
0.00000000e+00
0.00000000e+00
6.54346991e-01
1.10589071e+00
-7.37441701e-01
-8.21062203e-01
3.47132315e-01
-7.91355665e-01
-4.60613972e-01
9.75049365e-01
1.05852835e+00
0.00000000e+00
1.16060075e+00
-4.84913773e-01
-1.25468376e+00
3.72462669e-01
6.56299936e-01
-2.06095079e-01
-3.16800101e-01
-3.18774760e+00
-2.35691223e-01
3.39710032e-01
-3.88972102e+00
0.00000000e+00
0.00000000e+00
0.00000000e+00
2.11131890e+00
-1.09542604e+00
-1.12708469e+00
-9.51107732e-01
-5.13789271e-03
-2.91887176e+00
-2.59707543e+00
1.14133016e+00
2.05646181e+00
0.00000000e+00
1.99066264e+00
5.71365593e+00
-1.99367753e-04
2.23486143e+00
5.00945742e-01
-6.37318720e-01
3.47802246e-01
-2.21695931e-02
1.19862901e+00
8.81622693e-01
6 1
-4.3449e-01 -1.1609e-01
7 0
2 0 1 4 12 13 11 
217
5.36462892e-02
-2.94794322e-01
2.66654458e-01
-6.49677700e-02
-3.31267398e-01
5.82057388e-01
1.19897755e-01
1.55987503e-01
4.93988595e-01
-8.90854509e-01
-2.28972663e-01
-9.59717479e-02
0.00000000e+00
0.00000000e+00
0.00000000e+00
0.00000000e+00
0.00000000e+00
-6.90552792e-01
-1.70400363e-03
4.04585157e-01
-2.67697286e-01
1.20419921e-02
-1.21648461e-01
1.01189637e+00
-5.83943617e-03
-1.10761104e-01
0.00000000e+00
0.00000000e+00
0.00000000e+00
0.00000000e+00
0.00000000e+00
0.00000000e+00
0.00000000e+00
6.86560552e-01
5.50607420e-01
-5.21918926e-03
0.00000000e+00
-5.88899784e-01
1.08514671e-01
7.78697546e-02
1.73386811e-01
4.86572343e-02
1.79077864e-01
5.50397383e-02
0.00000000e+00
-5.89775260e-02
-1.23310635e-02
-9.24940586e-02
-4.47996161e-01
-6.05575338e-01
-1.10269879e-01
8.49256423e-01
0.00000000e+00
5.53862104e-01
2.11932278e-01
-1.76841621e-01
-2.21674026e-01
3.11406944e-02
-1.07928231e-01
2.42652745e-01
1.10734304e-01
-8.12863639e-01
7.55775625e-01
-1.13145922e-01
-5.76231211e-01
-2.38002328e-02
1.95310577e-01
4.16666229e-01
5.47712845e-01
7.44238679e-01
0.00000000e+00
-7.50330304e-01
-5.91485344e-01
5.66299586e-01
-2.49785658e-01
2.37677008e-01
1.13203673e+00
4.60955157e-01
-3.69150952e-02
-6.03658664e-01
-1.86133209e-01
1.33649429e+00
-1.84260564e-01
3.19525773e-01
0.00000000e+00
-4.78387603e-01
-1.93271861e-01
1.38334315e-01
9.51964890e-02
3.93699578e-01
9.88482416e-01
-3.73348325e-01
-1.35772894e-01
-3.59630162e-02
4.10204549e-01
-3.86401376e-01
1.52562959e-01
4.77207888e-02
3.41056043e-01
-2.82405006e-01
4.36009499e-01
1.29845871e-02
-2.76383983e-01
-1.79893348e-02
4.96907075e-02
0.00000000e+00
6.17315955e-02
-2.75318112e-01
8.93094132e-02
-6.40378390e-01
-9.73947195e-02
-1.75818526e-01
0.00000000e+00
0.00000000e+00
0.00000000e+00
0.00000000e+00
0.00000000e+00
0.00000000e+00
0.00000000e+00
-1.85970265e+00
-5.98177955e-01
-2.18632662e+00
0.00000000e+00
0.00000000e+00
0.00000000e+00
5.27945716e-01
7.64744352e-01
3.42623606e-01
-1.88322529e+00
-1.25618966e+00
-4.34570064e-01
-7.03443521e-03
1.11348214e+00
8.75097912e-01
0.00000000e+00
2.28330939e-01
6.70094139e-01
-4.11310794e-01
-3.34716633e-01
1.29836618e+00
-3.77609055e-01
-9.03295298e-01
-2.52357264e+00
-6.83468379e-01
8.07980641e-01
5.00651315e-02
0.00000000e+00
0.00000000e+00
0.00000000e+00
3.78806196e-02
-5.56630216e-01
-9.74502931e-01
1.18080199e+00
-5.68622470e-01
7.62776883e-02
1.13639943e-02
-2.76290538e-01
-7.60069406e-02
0.00000000e+00
1.07416121e-01
-4.12070250e-01
-4.25389085e-01
8.56524809e-01
-5.05465366e-01
3.24517479e-01
5.79530932e-01
4.13472442e-01
4.49394250e-01
-1.92137397e-01
-3.04744911e+00
0.00000000e+00
0.00000000e+00
0.00000000e+00
4.58907037e-01
-2.53054741e-01
-4.80022120e-01
-5.22885674e-03
0.00000000e+00
-1.75294042e+00
-1.44815330e+00
-3.04515264e-01
2.21849203e+00
0.00000000e+00
2.34170537e-02
3.58629674e+00
0.00000000e+00
1.53106381e+00
1.16337619e+00
-9.50871246e-01
-8.53987239e-01
-4.15972196e-02
0.00000000e+00
-5.49962372e-01
-2.08655296e-02
0.00000000e+00
0.00000000e+00
0.00000000e+00
3.69817365e-01
9.93628314e-01
7.39452640e-01
-1.21430252e-02
0.00000000e+00
-8.93183078e-01
-1.21848630e+00
5.34650361e-01
1.37136579e+00
0.00000000e+00
1.06642591e+00
3.17251937e-01
0.00000000e+00
8.34741377e-01
-2.02330652e-02
1.11759243e+00
4.57839889e-01
-6.35466937e-02
0.00000000e+00
1.59275801e+00
136
1.13902525e+00
0.00000000e+00
0.00000000e+00
-2.01918107e+00
4.09722476e-02
1.53841422e+00
-7.04188907e-03
1.10118119e+00
5.92229720e-03
0.00000000e+00
0.00000000e+00
0.00000000e+00
0.00000000e+00
0.00000000e+00
0.00000000e+00
0.00000000e+00
2.11078814e+00
1.48115402e+00
-4.73847026e-01
-1.29979555e+00
-4.79954865e-01
8.38749963e-02
3.02110420e-01
4.39225267e-01
8.18125673e-01
7.49212702e-01
5.26226608e-01
-1.29979555e+00
-1.27578829e+00
-7.15061431e-01
-1.21468920e+00
-7.44321172e-01
-9.45597539e-01
2.48224127e-01
1.29482119e+00
0.00000000e+00
4.16940582e-01
5.94887285e-01
6.35033636e-01
9.16899712e-01
3.41940156e-01
1.04820685e+00
1.73961251e+00
0.00000000e+00
0.00000000e+00
0.00000000e+00
-3.20070225e-01
4.66822435e-01
-2.40626879e-01
9.54112466e-02
-8.89388959e-02
0.00000000e+00
-2.49200971e+00
-2.03585075e-01
-5.88161796e-01
-4.18549099e-01
-1.42433367e+00
-1.33642691e+00
6.28283300e-01
-6.14020532e-01
8.19887641e-02
1.97899007e-01
6.41383871e-01
3.19861277e-01
-3.83717948e-01
-3.06903314e-01
2.45453386e-01
7.39774766e-01
-3.24429681e-01
9.95881076e-02
-3.74529842e-02
2.47291973e-01
-1.36831295e-01
1.89910276e-01
2.13303462e-02
-4.54841908e-01
0.00000000e+00
2.01519558e+00
-3.04509543e-01
4.63951835e-01
-3.97080918e-02
0.00000000e+00
0.00000000e+00
0.00000000e+00
0.00000000e+00
0.00000000e+00
5.05429090e-01
-2.12920110e+00
-1.88018817e+00
0.00000000e+00
0.00000000e+00
0.00000000e+00
8.09720393e-01
1.37835388e+00
-6.71519124e-01
-8.90817436e-01
3.78824138e-01
-7.88097379e-01
-5.69767017e-01
1.13976660e+00
8.01705256e-01
0.00000000e+00
1.08143891e+00
-5.34948030e-01
-1.03797637e+00
2.04397395e-01
8.59556327e-01
-1.47784533e-01
-2.51044531e-01
-3.59498809e+00
-4.41155968e-01
3.94147400e-01
-4.22304212e+00
0.00000000e+00
0.00000000e+00
0.00000000e+00
2.28169507e+00
-1.31188980e+00
9.50750655e-02
-8.56722519e-01
-4.82011776e-02
-2.76879614e+00
-2.56380466e+00
1.38117043e+00
1.56076991e+00
0.00000000e+00
1.38386310e+00
5.75753575e+00
0.00000000e+00
1.82920842e+00
-1.46955948e-01
-6.29909475e-01
6.15015404e-01
-1.90650759e-02
-7.84046021e-03
1.15731042e+00
5 1
-4.0463e-01 -1.4054e-01
8 0
2 0 1 4 12 13 11 6 
217
3.47934161e-01
-2.50720527e-01
-1.65854089e-01
2.85688718e-01
2.40102802e-01
2.80602598e-01
1.10845423e-01
-4.64669565e-01
1.02305423e-01
-7.79539068e-01
-1.87929106e-01
-3.63006047e-01
0.00000000e+00
0.00000000e+00
0.00000000e+00
0.00000000e+00
0.00000000e+00
-1.62981590e+00
3.04933385e-02
3.79663485e-02
-1.10610230e+00
2.77285327e-02
-4.90077973e-01
3.08385236e+00
-1.05570078e-01
-7.79280367e-01
0.00000000e+00
0.00000000e+00
0.00000000e+00
0.00000000e+00
0.00000000e+00
0.00000000e+00
0.00000000e+00
1.08102819e+00
4.14287590e-01
0.00000000e+00
0.00000000e+00
-6.39068709e-01
5.21605498e-02
4.80322046e-01
3.43380794e-01
2.07827505e-01
-1.44973873e-01
4.82858481e-02
0.00000000e+00
-7.53586136e-02
1.05692245e+00
-4.42919487e-01
-2.13280936e-01
-8.96130895e-01
4.90206791e-02
6.06671498e-01
0.00000000e+00
6.43193672e-01
-1.34257390e+00
2.88935044e-01
9.22469490e-02
2.67801680e-01
-2.53542085e-01
5.66948106e-01
-9.25364826e-02
-7.96296467e-01
1.23676711e+00
-1.31792565e+00
7.06718808e-01
6.73893583e-02
3.66650875e-01
1.06723108e-01
5.92490129e-01
2.60958049e-01
0.00000000e+00
-1.81528145e-01
-6.53012336e-03
3.23999431e-01
2.17173779e-01
2.05462875e-01
-3.41371589e-01
1.18788293e-01
9.41087273e-03
6.58884200e-01
-1.01264633e-01
1.09892956e+00
3.20999628e-01
5.98351170e-01
0.00000000e+00
8.49246993e-02
-1.75511336e-01
-3.15335877e-01
3.80406202e-01
5.78345339e-01
5.63256846e-01
5.83591349e-01
-6.33738293e-02
-2.46459899e-01
-1.62605398e-01
1.46794257e-01
-9.67796042e-03
6.09669960e-02
5.63181894e-01
-4.10700974e-01
-1.01756206e+00
1.61702816e-01
-8.24543782e-02
3.37504243e-02
8.23123364e-02
0.00000000e+00
4.19585771e-02
9.16151695e-02
2.95780708e-01
-2.72462751e-01
1.01948758e-02
-4.21296170e-02
0.00000000e+00
-1.63375933e-01
6.50154609e-02
3.61274919e-01
-1.41006270e-01
1.50035174e-01
1.71076546e-01
-5.87960367e-01
-1.57091744e+00
-2.30033438e+00
0.00000000e+00
0.00000000e+00
0.00000000e+00
4.49905476e-01
4.12271334e-01
-9.07621825e-01
-1.38304960e-01
9.65101637e-01
-8.62150038e-01
-2.97821775e-01
7.69227513e-01
2.40221622e-01
0.00000000e+00
4.22468009e-01
-2.23856259e-01
-1.04971882e+00
4.96840400e-01
-2.77433934e-02
4.86493368e-01
-2.49192583e-01
-2.73422877e+00
-1.78738119e-01
1.26512804e-01
4.54785900e-01
0.00000000e+00
0.00000000e+00
0.00000000e+00
1.76128752e-01
9.21618396e-03
-1.12469131e-01
-8.82218916e-02
-9.40359339e-01
1.93797215e-01
-3.03162045e-02
1.28805484e-01
2.86292028e-01
0.00000000e+00
-1.80998665e-01
3.90983701e-02
-2.27828908e-02
1.03713002e-01
5.42523636e-01
-1.55576796e-01
1.38195234e-01
3.91471536e-01
-1.53175385e-01
1.29444763e-01
-4.52799364e+00
0.00000000e+00
0.00000000e+00
0.00000000e+00
2.34631892e+00
3.26775952e-01
1.54560271e+00
-9.58180889e-02
-9.26926601e-02
0.00000000e+00
-5.91119276e-04
3.07231517e+00
3.09011205e+00
0.00000000e+00
1.02411393e+00
4.46122728e+00
0.00000000e+00
0.00000000e+00
3.80375649e-01
6.56674866e-01
1.02095294e+00
-1.23078687e-03
-1.01963102e-03
2.22578087e+00
-1.51425613e+00
0.00000000e+00
0.00000000e+00
0.00000000e+00
1.95810570e+00
3.13787461e+00
2.46963694e+00
-2.07309500e-02
-2.96398299e-02
0.00000000e+00
-4.67361209e-04
7.70776542e-01
1.43011282e+00
0.00000000e+00
1.56655423e+00
1.77643909e+00
0.00000000e+00
0.00000000e+00
9.85758825e-01
2.54412043e+00
1.76223209e+00
-9.45893722e-04
-8.01623405e-04
1.11561068e+00
136
1.22100040e+00
0.00000000e+00
0.00000000e+00
-1.55188661e+00
3.85083021e-02
-5.12107355e-01
2.72699372e-02
2.50587136e+00
-1.85555477e-01
0.00000000e+00
0.00000000e+00
0.00000000e+00
0.00000000e+00
0.00000000e+00
0.00000000e+00
0.00000000e+00
5.62341007e-01
3.17721845e-01
6.78803865e-01
-1.40010312e+00
-3.64594809e-01
1.60925456e-01
2.50092782e-01
3.38868799e-01
5.12983299e-01
6.39324736e-01
1.08350326e+00
-1.26103178e+00
-1.39465069e+00
-8.95454267e-01
-1.14165911e+00
-5.03558704e-01
-5.62265942e-01
2.01234875e-01
1.19463790e+00
0.00000000e+00
3.88446366e-01
6.25538748e-01
5.23097942e-01
8.08921334e-01
6.20084523e-01
1.10149120e+00
1.53361874e+00
0.00000000e+00
0.00000000e+00
0.00000000e+00
-8.64941763e-02
1.46184854e-01
-3.64457802e-01
1.10410995e-02
2.39998359e-02
0.00000000e+00
-1.92150562e+00
-2.07513498e-01
-4.17467903e-01
-3.94706425e-01
-1.70217532e+00
-1.47098820e+00
9.87633083e-01
-7.31239868e-01
-4.72949230e-02
-9.00994909e-02
5.99287957e-01
3.09668109e-01
-3.81355937e-01
-4.12485128e-01
5.86842884e-01
7.21049301e-01
-2.41216937e-01
1.44023514e-01
-3.37434164e-01
-2.20793143e-01
-5.50198797e-01
-1.26998734e-01
-8.56628245e-02
-2.36783569e-01
0.00000000e+00
1.57884331e+00
-2.47755255e-01
3.90077303e-01
-1.29798948e-01
0.00000000e+00
1.78461519e+00
3.45285111e-01
3.69719811e-01
-3.06562635e-01
-3.12265217e-01
-1.45860840e+00
-1.99474016e+00
0.00000000e+00
0.00000000e+00
0.00000000e+00
7.72032865e-01
1.06070657e+00
-7.09897971e-01
-8.05520693e-01
-1.73714932e-01
-6.74301478e-01
-5.50935069e-01
7.30715890e-01
1.02539341e+00
0.00000000e+00
7.73629563e-01
-1.44211560e-01
-1.20208538e+00
2.92131014e-01
6.64368548e-01
-3.59270221e-02
-2.07359402e-01
-3.09779327e+00
-2.94132448e-01
5.82161210e-01
-3.48916112e+00
0.00000000e+00
0.00000000e+00
0.00000000e+00
1.71788869e+00
-1.58131582e-01
-7.59337281e-01
-8.01998527e-01
-5.37794060e-05
-3.18246209e+00
-2.63588207e+00
1.04245921e+00
1.38483213e+00
0.00000000e+00
1.33790922e+00
4.79778637e+00
-1.97849959e-05
3.67687269e+00
3.99851493e-01
-1.04612032e+00
1.14940045e-01
-1.57959068e-01
-4.04135578e-03
1.35574073e+00
9 1
-9.4276e-01 2.9695e-02
8 0
2 0 1 4 12 13 11 6 
217
3.00507834e-01
-5.75171381e-01
-2.26305653e-01
-1.87772342e-01
-5.41830129e-01
2.07068044e+00
1.39100653e+00
-8.05733272e-01
4.65594100e-02
6.71700574e-01
-5.94013093e-01
3.48791121e-01
0.00000000e+00
0.00000000e+00
0.00000000e+00
0.00000000e+00
0.00000000e+00
-2.05364249e+00
2.47152724e-02
1.35778973e+00
-1.05283553e+00
2.97421144e-02
8.82440261e-02
3.40698585e+00
-9.76658842e-02
5.36436071e-01
0.00000000e+00
0.00000000e+00
0.00000000e+00
0.00000000e+00
0.00000000e+00
0.00000000e+00
0.00000000e+00
5.27192859e-01
2.37681891e-01
0.00000000e+00
0.00000000e+00
-3.88938243e-01
4.33468100e-01
3.51540124e-01
1.51341206e-01
2.13589028e-01
-2.26426103e-01
-2.34066278e-01
0.00000000e+00
6.79109807e-02
6.04069441e-01
-2.00297414e-01
-3.85998019e-01
-7.57757025e-01
-1.96902381e-03
6.70709373e-01
0.00000000e+00
5.82719073e-01
-8.85344298e-01
2.05474199e-01
-2.07553153e-01
4.45459998e-01
-2.47663577e-01
4.10747278e-01
-4.28595683e-01
2.50209393e-01
4.78894125e-01
-1.69456906e+00
5.70110427e-01
2.18391413e-01
9.16735610e-01
2.75704282e-01
5.08230853e-01
4.41177397e-01
0.00000000e+00
-2.55218146e-01
-2.10303572e-01
3.78795804e-01
2.77106210e-02
1.76930175e-01
2.48287817e-01
4.82689894e-01
-1.08157912e-01
2.33091946e-01
-3.89487361e-02
1.23868623e+00
-3.50754123e-02
1.83584409e-01
0.00000000e+00
-3.33168647e-03
3.79843183e-01
3.19341861e-01
-2.86368391e-02
-1.55023404e-02
-5.47833588e-02
0.00000000e+00
4.03486979e-02
-9.64691554e-01
6.46949811e-01
-4.17441072e-01
6.61948253e-01
1.80353172e-01
5.61458507e-01
-5.54841503e-01
-4.02682286e-01
2.39892157e-01
-6.50039370e-01
5.39986722e-02
-1.51502959e-02
0.00000000e+00
4.00003615e-03
-4.93768069e-01
2.59159931e-01
8.72609365e-02
3.73478666e-02
-2.89104844e-01
0.00000000e+00
6.75426545e-02
-1.87696048e-01
2.34669079e-01
2.91326246e-02
-1.70389990e-03
-2.16788520e-01
-4.57597770e-01
-1.89623238e+00
-9.44351575e-01
0.00000000e+00
0.00000000e+00
0.00000000e+00
4.60179339e-01
3.69291306e-01
-1.61291985e+00
-1.01291653e+00
8.64200634e-01
-5.16832169e-01
2.68246054e-01
5.73719216e-01
5.78191267e-01
0.00000000e+00
8.45643640e-01
3.19101185e-02
-1.05783770e+00
1.08225067e+00
2.30611236e-01
4.04691065e-01
-6.08827511e-01
-1.31738550e+00
-4.71639910e-01
-5.49269528e-02
-5.56277169e-01
0.00000000e+00
0.00000000e+00
0.00000000e+00
9.96615872e-02
-1.18349438e-01
4.30469587e-01
5.28228202e-01
-1.57008106e+00
-1.14730990e-01
-2.91730974e-01
8.60182920e-02
3.28064439e-01
0.00000000e+00
-4.67246839e-01
3.01475208e-02
3.26670999e-02
-3.58107077e-01
8.06037509e-01
-5.74936345e-02
4.05425514e-01
-5.24578877e-01
5.09030424e-02
1.48418925e-01
-3.45202053e+00
0.00000000e+00
0.00000000e+00
0.00000000e+00
1.27608083e+00
1.59452083e+00
1.00609167e+00
-1.42857765e-03
-7.54640337e-05
-1.10713620e+00
-2.08530462e-02
2.24058118e+00
3.20816704e+00
0.00000000e+00
1.99486389e-01
3.38313013e+00
0.00000000e+00
0.00000000e+00
0.00000000e+00
1.49376899e+00
5.94887418e-01
-1.28940164e-03
-1.37550104e-03
1.60262452e+00
-2.62288321e+00
0.00000000e+00
0.00000000e+00
0.00000000e+00
2.49294196e+00
2.46819834e+00
2.49454888e+00
-3.03075165e-04
-1.54380774e-04
3.60687863e-01
-1.10222663e-02
1.12377433e+00
8.89991512e-01
0.00000000e+00
6.46318382e-01
2.47635863e+00
0.00000000e+00
0.00000000e+00
0.00000000e+00
1.61255797e+00
5.77785815e-01
-1.89237501e-03
-2.54916602e-03
1.60975552e+00
136
8.95845683e-01
0.00000000e+00
0.00000000e+00
-1.71259204e+00
3.81104929e-02
-9.52487963e-01
2.90552009e-02
3.12908056e+00
-2.09028441e-01
0.00000000e+00
0.00000000e+00
0.00000000e+00
0.00000000e+00
0.00000000e+00
0.00000000e+00
0.00000000e+00
5.83419126e-01
2.47446286e-01
3.70874018e-01
-9.96400433e-01
-7.14202806e-02
2.86422663e-01
1.92439278e-01
2.23633773e-01
4.02450762e-01
5.03773685e-01
3.54946236e-01
-9.96400433e-01
-1.08003331e+00
-6.21355006e-01
-9.04997558e-01
-5.11036397e-01
-6.66368432e-01
3.75963828e-01
1.12262097e+00
0.00000000e+00
1.92095370e-01
5.29129438e-01
2.27163178e-01
5.48066100e-01
5.41820548e-01
9.81438149e-01
1.15773925e+00
0.00000000e+00
0.00000000e+00
0.00000000e+00
9.23918417e-02
2.13413837e-01
-1.18417295e-01
6.02632164e-02
-1.63433642e-02
0.00000000e+00
-1.97185656e+00
-2.48049585e-01
-4.06280921e-01
-6.16731470e-01
-1.37508881e+00
-1.27930952e+00
9.13197718e-01
-5.76798971e-01
-1.63621581e-01
-2.64899222e-01
3.47402244e-01
3.07320599e-01
-3.03884515e-01
-4.78283961e-01
8.67959893e-01
6.91176567e-01
-2.64137417e-01
1.39130260e-01
4.07937135e-02
4.42642895e-02
-2.85322108e-01
8.40737535e-02
-2.75792805e-02
-2.90435761e-01
0.00000000e+00
1.62714411e+00
-2.02158575e-01
3.95949000e-01
-1.71945614e-01
0.00000000e+00
1.72019759e+00
2.71117619e-01
3.88818811e-01
-5.71637886e-02
-3.78872890e-01
-1.45378296e+00
-2.06121569e+00
0.00000000e+00
0.00000000e+00
0.00000000e+00
9.22737788e-01
1.09991861e+00
-7.49225135e-01
-7.55241115e-01
2.50698880e-01
-7.32195786e-01
-5.61733226e-01
8.95834745e-01
8.32426310e-01
0.00000000e+00
7.60465101e-01
-2.37230971e-01
-1.21246308e+00
3.85109942e-01
6.71994710e-01
-1.13695334e-01
-2.77387294e-01
-3.25853277e+00
-4.59034451e-01
4.76337388e-01
-3.28464289e+00
0.00000000e+00
0.00000000e+00
0.00000000e+00
1.56638621e+00
-3.41373911e-01
-8.12480243e-01
-1.13756350e+00
-2.11224082e-04
-3.98844697e+00
-3.12920232e+00
1.10454723e+00
1.23865707e+00
0.00000000e+00
9.52307276e-01
4.40118303e+00
0.00000000e+00
4.09725520e+00
1.56747849e-01
-1.02955284e+00
1.53256745e-01
-9.01113690e-04
-7.81653243e-04
8.58710099e-01
