0 7 -999999999 -1 -1
1 1 0 -1 -1
0.5318 -1.071
356
3.34931717e-01
4.05588574e-01
-7.06568570e-02
1.76621984e-02
-3.10673085e-01
-3.31264781e-01
6.80453627e-01
0.00000000e+00
0.00000000e+00
6.96635333e-01
1.57784281e-01
-1.22658326e-01
3.10519180e-02
7.53836049e-03
8.63030416e-03
1.49353379e-03
0.00000000e+00
0.00000000e+00
0.00000000e+00
0.00000000e+00
0.00000000e+00
0.00000000e+00
0.00000000e+00
0.00000000e+00
0.00000000e+00
0.00000000e+00
0.00000000e+00
0.00000000e+00
0.00000000e+00
0.00000000e+00
0.00000000e+00
0.00000000e+00
0.00000000e+00
0.00000000e+00
0.00000000e+00
0.00000000e+00
0.00000000e+00
0.00000000e+00
0.00000000e+00
0.00000000e+00
0.00000000e+00
0.00000000e+00
0.00000000e+00
0.00000000e+00
0.00000000e+00
0.00000000e+00
0.00000000e+00
0.00000000e+00
0.00000000e+00
0.00000000e+00
0.00000000e+00
-9.83311490e-02
-3.33147558e-01
-1.65752017e+00
0.00000000e+00
0.00000000e+00
0.00000000e+00
0.00000000e+00
-2.24575390e-01
3.53951208e-01
-7.42028663e-02
2.77948094e-01
3.93084981e-01
3.64978124e-01
8.61670595e-01
-9.08264704e-01
-6.21045602e-01
-1.68459462e+00
-6.61804737e-01
-9.69120836e-02
-3.94351784e-02
-1.13730536e+00
3.35200645e-03
1.51830121e-01
5.12860586e-01
7.52007777e-03
-4.07045192e-01
1.62118123e+00
-4.71087812e-03
-4.88535176e-01
0.00000000e+00
0.00000000e+00
1.83129680e+00
6.65808016e-01
7.06020343e-02
-4.48045040e-02
-2.05428542e-02
4.24675332e-01
0.00000000e+00
0.00000000e+00
-6.35661895e-01
-7.91180184e-02
-2.68948499e-01
-8.23070118e-02
-1.86880194e-01
-1.28306567e-02
-1.46035123e-01
1.12867377e-02
-1.00317680e-01
2.94620196e-02
-4.26814027e-02
-2.45080157e-01
0.00000000e+00
0.00000000e+00
3.21586047e+00
2.10324769e+00
2.79850421e-01
-4.25966340e-02
9.39100832e-02
1.02753149e+00
-4.18086421e-01
-2.56740202e-01
6.09625504e-02
-6.29654587e-01
-6.48756342e-01
-6.44574154e-01
-5.70546108e-01
-1.13222885e+00
-1.61189057e-01
1.00911457e+00
0.00000000e+00
1.14936036e+00
0.00000000e+00
-1.96144027e+00
-2.07472042e-01
-3.92626995e-01
-2.67187823e-01
-4.06749242e-01
-2.82694196e-01
-2.92327920e-01
3.90353008e+00
3.99911828e+00
4.21968207e+00
3.96106417e+00
4.15591421e+00
4.21287535e+00
9.76957362e-02
2.19374400e-01
3.11748911e-03
2.08737790e-01
-4.16933142e-02
-9.43714447e-02
4.09224212e-01
-1.14395561e-01
2.27073747e-02
1.12012627e-01
-9.80972772e-02
-2.41494345e-01
6.83868733e-01
0.00000000e+00
0.00000000e+00
0.00000000e+00
8.07422497e-02
2.23047237e+00
0.00000000e+00
0.00000000e+00
-4.29679265e-01
9.65299583e-01
-1.89139457e+00
0.00000000e+00
-2.53440311e-01
-5.63126827e-01
-7.36093879e-01
-1.20518914e+00
-9.89534190e-01
0.00000000e+00
0.00000000e+00
0.00000000e+00
1.07500002e-01
4.96413771e-01
-6.38220448e-01
-1.31691650e-01
-2.19724309e+00
3.62521175e-01
3.92453891e-01
5.78944492e-01
6.79639051e-02
0.00000000e+00
4.12964940e-01
-1.00291069e+00
-1.03950163e+00
6.14399772e-01
7.43372036e-01
8.83824659e-01
4.95027836e-01
-1.55062039e+00
-6.17162696e-01
1.03242993e+00
2.82158223e-01
0.00000000e+00
0.00000000e+00
0.00000000e+00
3.47172635e-02
-9.65196842e-02
2.02755734e-01
2.96260555e-01
-4.12425073e-01
2.15525431e-01
1.76564878e-01
-2.23876949e-02
9.18386392e-02
0.00000000e+00
-1.20249158e-01
-1.10744508e-01
-7.46859356e-02
1.57711878e-01
-9.52715548e-02
-8.00458505e-02
-9.05899634e-03
6.47527058e-02
1.57598739e-01
-9.41791462e-02
-5.64186515e-01
-1.16262315e-01
-1.68669528e-01
-5.03033964e-01
-2.81506348e-01
5.67806293e-01
4.18387432e-02
-7.25907351e-01
4.89892823e-02
0.00000000e+00
0.00000000e+00
0.00000000e+00
-1.06790815e-01
1.74058780e-01
-2.86810313e-01
-2.91410222e-01
2.38412220e-01
-4.68822334e-02
1.59140593e-01
2.08002227e-01
4.55441396e-02
0.00000000e+00
-3.23008413e-01
-9.30543761e-02
3.79588760e-02
-1.01463285e-01
-6.15945589e-02
8.53116507e-02
-2.87447103e-02
1.78021268e-01
1.29148889e-01
1.33149565e-01
-4.47924200e-01
5.56464036e-01
2.29796824e-01
-1.30940693e-02
-4.25347675e-01
-1.37177996e-01
-2.11887664e+00
-1.19555605e+00
-6.85834555e-01
5.03315478e-01
1.08594766e-01
-7.49088240e-01
-2.88169679e-01
-9.90365343e-01
-4.96257182e-01
-4.27450309e-02
-1.76831597e+00
0.00000000e+00
0.00000000e+00
0.00000000e+00
-8.76204019e-02
1.25523025e+00
-6.91239299e-01
-1.60518439e-01
-1.84047170e+00
8.00650961e-02
4.72440584e-01
1.55758350e-01
1.88111650e-01
0.00000000e+00
8.16025205e-01
1.71485226e-01
-1.01972715e+00
5.81661825e-01
-6.38965808e-01
1.32762030e-01
-4.24757955e-02
-1.69838511e+00
9.01372675e-02
4.67410252e-01
3.92324269e-01
0.00000000e+00
0.00000000e+00
0.00000000e+00
-4.11001634e-02
-1.62614112e-02
4.61102349e-02
2.45095324e-01
1.20814136e-01
2.95352593e-01
2.20216365e-01
-1.70111289e-01
1.35637993e-01
0.00000000e+00
-1.81905360e-01
-1.15241849e-01
-7.94923899e-02
1.68406752e-01
-3.87852777e-01
6.36296387e-02
1.43846310e-02
1.29346484e-01
-5.08449075e-03
-4.96201529e-02
-8.58902743e-01
-2.63604739e-01
0.00000000e+00
1.38324546e+00
8.33224775e-02
4.40925195e-01
-4.60531960e-02
-6.58476739e-01
-3.00984480e-01
0.00000000e+00
0.00000000e+00
0.00000000e+00
1.61346511e-01
-4.83555221e-03
1.55935880e-01
1.42196439e-01
4.45749781e-02
-5.27025088e-01
-3.35332228e-01
-7.25880272e-02
-4.05257649e-02
0.00000000e+00
4.18107727e-01
1.45351485e-01
3.01664629e-02
-1.93150719e-01
6.82174082e-02
1.08379854e-02
1.33741226e-01
-3.00779494e-01
-5.82304869e-02
-7.89932221e-02
-5.95298004e-01
0.00000000e+00
2.20584072e+00
5.09798687e-02
-9.09413225e-01
-2.99522087e-01
0.00000000e+00
6.13536640e-01
-3.21221205e-01
2.58103023e-01
-2.94160445e-02
-5.28209065e-01
-6.09891138e-01
4.76827689e-01
1.46758249e+00
-4.75782297e-01
247
-4.02689904e-01
-3.94299421e-01
0.00000000e+00
7.94476132e-01
-1.18877555e+00
-2.33362333e-01
-5.37257656e-01
6.83223003e-01
0.00000000e+00
0.00000000e+00
-5.12734378e-02
3.73731498e-01
-2.64443200e-01
2.65549750e-01
0.00000000e+00
0.00000000e+00
0.00000000e+00
0.00000000e+00
0.00000000e+00
0.00000000e+00
0.00000000e+00
0.00000000e+00
0.00000000e+00
0.00000000e+00
0.00000000e+00
0.00000000e+00
0.00000000e+00
0.00000000e+00
0.00000000e+00
0.00000000e+00
0.00000000e+00
0.00000000e+00
0.00000000e+00
0.00000000e+00
0.00000000e+00
0.00000000e+00
0.00000000e+00
0.00000000e+00
0.00000000e+00
0.00000000e+00
0.00000000e+00
-2.23367526e+00
1.54156398e-02
2.29019105e-01
6.97367071e-04
4.23636572e-01
4.02943212e-03
1.17832968e+00
-5.45131108e-03
0.00000000e+00
0.00000000e+00
2.39105385e+00
1.45723109e+00
3.14402917e-01
-1.46933523e-01
1.00680918e-01
7.15473629e-01
0.00000000e+00
0.00000000e+00
3.47871800e+00
1.82893582e+00
4.39092041e-01
0.00000000e+00
3.21857983e-01
2.40645165e-02
2.82100629e-01
-5.97187375e-01
-5.90396535e-01
-1.02107314e+00
-8.99775074e-01
-9.20124348e-01
-3.82358793e-01
-9.22912071e-01
0.00000000e+00
1.67570447e+00
0.00000000e+00
1.46340983e+00
0.00000000e+00
0.00000000e+00
2.13815256e-01
-2.62630920e-01
-2.68586022e-02
-3.10680128e-01
-4.27317674e-01
-2.11012779e-01
4.75920402e+00
4.99630721e+00
4.90514026e+00
4.88072637e+00
4.84919134e+00
5.14121307e+00
5.52649317e-01
6.30073265e-03
-1.84939318e-01
2.51098375e-01
-1.80955700e-01
-4.11971515e-01
2.71933581e-01
1.38849951e-01
1.02824404e-01
2.84136495e-02
1.15834017e-01
7.08304238e-02
8.55232057e-01
-1.20694088e+00
2.13319499e+00
0.00000000e+00
-5.09810828e-02
6.38675974e-02
-2.92544329e+00
0.00000000e+00
-1.45210475e-01
-8.10754139e-01
-6.80019650e-01
-1.41916413e+00
-9.55964613e-01
0.00000000e+00
0.00000000e+00
0.00000000e+00
3.54155280e-01
8.56428101e-01
-5.66399316e-01
-7.80215702e-01
-2.99112265e+00
9.76828399e-02
3.53375979e-01
4.00312442e-01
-2.00443126e-01
0.00000000e+00
9.26396270e-01
-4.28447923e-01
-1.01271939e+00
5.40453648e-01
7.43298152e-01
5.84725734e-01
5.48152232e-01
-1.12348944e+00
-9.96858526e-02
8.41578101e-01
-5.06191145e-01
1.58351764e-01
-4.24373963e-01
-8.48939047e-01
-1.01636230e-01
-5.13393634e-01
0.00000000e+00
0.00000000e+00
0.00000000e+00
5.27836531e-01
-4.21323903e-02
2.25269809e-01
6.97240772e-01
0.00000000e+00
3.20736223e-01
1.19142773e-01
3.06447586e-01
1.86542391e-01
0.00000000e+00
6.87460676e-01
8.02771652e-01
2.81094648e-01
4.92391472e-01
-4.35380477e-01
3.44000152e-01
1.32426406e-01
2.27148716e-02
-1.11593064e-01
2.94667681e-01
-6.64542909e-01
-3.99327873e-01
2.61121973e-01
6.03552200e-01
-4.49773469e-01
-3.03562239e-01
-2.33699482e+00
-1.01032831e+00
-9.57440262e-01
-1.46211230e-01
-1.49357652e+00
-1.11864444e+00
-6.53310561e-01
-2.09918378e+00
0.00000000e+00
0.00000000e+00
0.00000000e+00
-4.45363822e-01
1.51441995e+00
-6.49860154e-01
-1.80616467e-01
-2.62961190e+00
1.84305946e-01
5.03690630e-01
-1.89708252e-01
2.57180414e-01
0.00000000e+00
6.36541066e-01
-1.16640789e-01
-6.56538540e-01
5.18958182e-01
1.54634364e-01
6.41217693e-02
-3.11088476e-01
-1.79821795e+00
2.81671790e-01
7.62938463e-01
-1.00678804e+00
-3.15254470e-01
0.00000000e+00
6.91445544e-01
-1.56904904e-01
-2.36845408e-01
0.00000000e+00
0.00000000e+00
0.00000000e+00
1.25480303e-01
3.55501277e-02
-2.94799828e-02
1.56883121e-01
0.00000000e+00
5.65273081e-01
3.08532811e-01
4.26578097e-01
1.46667130e-01
0.00000000e+00
-1.31063058e-01
8.94177794e-02
-1.25029246e-01
3.32989011e-03
5.13946789e-01
3.31322429e-01
1.38184031e-01
4.17072010e-01
1.97455266e-01
2.55967470e-01
-6.91533570e-01
0.00000000e+00
1.50581632e+00
-3.03934503e-01
-1.09239574e+00
-3.64765180e-01
0.00000000e+00
5.41352598e-01
-6.44894622e-01
-7.27630565e-01
1.70120144e-02
1.27812347e+00
-3.03338931e-01
1 -999999999 5 0 -1
1 0 1 1 -1
4.4747e-01 -4.9857e-01
356
-4.87466598e-01
0.00000000e+00
0.00000000e+00
0.00000000e+00
0.00000000e+00
0.00000000e+00
0.00000000e+00
0.00000000e+00
0.00000000e+00
0.00000000e+00
0.00000000e+00
0.00000000e+00
0.00000000e+00
0.00000000e+00
0.00000000e+00
0.00000000e+00
3.33115898e-01
0.00000000e+00
-3.43502134e-01
-6.78826143e-02
-8.12229376e-02
-2.10836184e-01
0.00000000e+00
0.00000000e+00
-1.25426910e-01
-5.42943772e-01
-1.01110342e-01
1.26699652e-01
-2.42919185e-01
-1.09628475e-01
9.04552567e-03
2.18377348e-01
0.00000000e+00
-1.50543326e+00
4.31389034e-02
-1.34764510e+00
4.96500811e-03
1.22980501e+00
-9.15303316e-01
4.94005600e-01
6.05541563e-01
0.00000000e+00
0.00000000e+00
0.00000000e+00
0.00000000e+00
0.00000000e+00
0.00000000e+00
0.00000000e+00
0.00000000e+00
0.00000000e+00
0.00000000e+00
1.81134736e-01
-5.55190233e-01
-1.17541901e+00
0.00000000e+00
0.00000000e+00
0.00000000e+00
0.00000000e+00
-1.75774223e+00
2.27801201e+00
8.48186159e-01
6.04263709e-01
1.42071596e+00
-9.90911666e-01
3.73091161e-01
-1.32566308e+00
-1.37171765e+00
-2.46395428e-01
1.32456741e-01
-1.17677972e-02
2.32911372e-01
-3.23757962e-02
1.95193312e-03
-1.12369233e-01
-3.53048402e-01
1.94126212e-03
-1.61304534e-01
-2.34499141e-01
3.93773412e-03
-3.17911098e-01
0.00000000e+00
0.00000000e+00
1.15491961e+00
3.11295517e-01
-7.86197245e-02
7.58183806e-01
8.23014609e-01
8.58408000e-01
0.00000000e+00
0.00000000e+00
4.11199663e-01
-2.08838063e-01
1.39070667e-01
-1.97756218e-01
-1.61519255e-01
-4.00521634e-02
9.94485866e-02
-7.05666542e-02
-1.08180849e-01
-1.52815141e-01
-1.70537419e-01
-1.19910996e-01
0.00000000e+00
0.00000000e+00
1.53621919e+00
2.88723359e+00
-2.90276857e-02
-4.45142243e-01
-2.11172971e-01
6.49929883e-01
2.40034479e-01
-7.64458486e-02
-2.51498509e-01
-6.89324851e-01
-1.73522224e-01
-3.85000946e-02
1.52966026e-01
-1.15198175e+00
0.00000000e+00
1.70691307e+00
0.00000000e+00
1.65770886e+00
0.00000000e+00
0.00000000e+00
-2.72153048e-01
9.76639555e-03
-3.87318001e-01
-3.67854623e-01
-9.36618116e-02
-7.02029562e-01
5.16148727e+00
5.17624639e+00
5.25721376e+00
5.15895318e+00
5.38656910e+00
5.43324393e+00
6.57172805e-01
7.23939812e-01
6.81983559e-02
2.71050855e-01
1.38664937e-01
-1.57282011e-02
-2.76994989e-01
-1.17321519e-01
2.11837786e-01
5.67526285e-02
-2.40060514e-01
-3.58529347e-01
1.28175613e-01
0.00000000e+00
0.00000000e+00
0.00000000e+00
-1.56144954e+00
3.12510539e+00
0.00000000e+00
0.00000000e+00
9.45807327e-01
1.88785324e-01
0.00000000e+00
-1.93160843e+00
-8.89090748e-01
-7.09756176e-01
-1.13435894e+00
-7.33335580e-01
-2.02344969e+00
0.00000000e+00
0.00000000e+00
0.00000000e+00
2.92150185e-01
1.37910743e+00
-9.16477104e-01
1.70273792e-01
-1.63153335e+00
-3.02644744e-01
3.26123026e-01
6.05064978e-01
9.66188396e-02
0.00000000e+00
1.58395515e-01
-1.19032211e+00
-1.39440034e+00
3.15579455e-01
4.50193173e-01
7.63594526e-01
-2.09076312e-01
-1.29155038e+00
-3.65978495e-01
7.21432227e-01
2.08976673e-01
0.00000000e+00
0.00000000e+00
0.00000000e+00
-2.39342114e-03
-2.28319192e-02
1.49730842e-01
3.21988660e-01
-1.22558365e+00
2.78467305e-01
2.32139446e-01
-8.48891410e-03
-9.04629662e-02
0.00000000e+00
3.23853675e-02
3.61119498e-02
-5.18015913e-02
2.01172222e-01
1.82311407e-01
-4.11472626e-02
1.45761458e-01
1.77571342e-02
5.98626392e-02
-6.00203516e-03
-6.31381435e-01
-2.21228278e-01
0.00000000e+00
-1.16631265e+00
7.99577375e-02
1.34453960e-01
8.07043440e-02
-4.36386582e-01
-9.72131963e-02
0.00000000e+00
0.00000000e+00
0.00000000e+00
-2.11091773e-01
2.18870347e-01
-9.59312637e-02
-1.83705808e-01
5.62713210e-01
-4.05805042e-03
2.29493752e-01
3.28694589e-01
1.29443418e-01
0.00000000e+00
-4.60954162e-01
-1.36978750e-01
8.24175695e-02
-9.69899092e-02
-2.81255438e-01
-1.70946398e-01
-1.71003393e-01
-1.60180883e-02
5.86171731e-03
1.74225236e-01
-4.10153157e-01
0.00000000e+00
8.87168251e-01
4.40231679e-01
-1.39206825e+00
-6.67862470e-01
0.00000000e+00
-1.00705906e+00
1.08830147e-01
1.37710973e-01
-1.47250413e-01
-6.58323029e-01
-7.24205784e-01
2.51382728e+00
-1.55319451e-01
-3.92485500e-01
-1.44309176e+00
0.00000000e+00
0.00000000e+00
0.00000000e+00
-4.47549607e-03
1.82498436e+00
-9.91881781e-01
-3.82298840e-01
-1.38122863e+00
3.44114623e-01
2.28104315e-01
1.08379859e-01
6.19643157e-01
0.00000000e+00
7.29297023e-01
1.83020470e-01
-6.49482174e-01
8.97032771e-01
-1.55520630e+00
-7.83794049e-03
-1.69326385e-01
-2.12924974e+00
3.99224113e-01
4.94094849e-01
4.67847180e-01
0.00000000e+00
0.00000000e+00
0.00000000e+00
1.32869978e-01
-1.56792653e-01
3.14025773e-01
3.08233370e-01
-1.14770810e+00
3.49769303e-01
1.31913376e-01
-3.95632187e-02
2.50734037e-02
0.00000000e+00
-6.30514069e-02
7.59863219e-03
-1.41239289e-01
1.16743064e-01
3.49515539e-01
8.49374639e-02
2.20615359e-01
2.05813561e-01
-1.52758557e-01
-7.81484199e-02
-5.60077336e-01
-2.23294475e-01
-4.12201110e-01
-1.31882428e-01
-2.13566432e-01
1.79571660e-01
1.05692259e-01
-5.08558395e-01
-3.05512988e-01
0.00000000e+00
0.00000000e+00
0.00000000e+00
-6.75178462e-02
1.52917771e-02
-6.00687821e-02
-1.18310892e-02
9.78623866e-01
-5.22943241e-01
-3.09037778e-01
-3.82118318e-01
-1.10545667e-01
0.00000000e+00
4.64492321e-01
3.00106555e-01
-1.30874284e-01
-9.72490502e-02
-3.28272761e-01
-1.08057246e-02
1.04044615e-01
-1.10794339e-01
1.45297074e-01
-1.71310316e-01
-3.36782861e-01
8.32531180e-01
-8.95629600e-01
-1.42876299e-01
-8.83014420e-01
-4.86461700e-01
-1.87216667e+00
-3.79707892e-01
-3.62211779e-01
2.80377806e-01
-1.70312550e-02
-7.49808251e-01
-3.96552719e-01
5.21011683e-01
-1.55263110e+00
-2.02029354e-01
247
-7.21799227e-01
0.00000000e+00
0.00000000e+00
0.00000000e+00
0.00000000e+00
0.00000000e+00
0.00000000e+00
0.00000000e+00
0.00000000e+00
-4.99316769e-01
0.00000000e+00
0.00000000e+00
0.00000000e+00
0.00000000e+00
-2.98514336e-01
0.00000000e+00
-5.78810374e-01
2.80296038e-01
-5.98457192e-01
3.13652315e-01
0.00000000e+00
0.00000000e+00
0.00000000e+00
-2.61551063e-01
-7.28223161e-01
-3.23671610e-01
-1.81852994e-02
-4.60028345e-01
0.00000000e+00
6.62485221e-01
-1.12251357e+00
0.00000000e+00
1.32216053e-01
-1.74065813e-01
0.00000000e+00
0.00000000e+00
0.00000000e+00
0.00000000e+00
0.00000000e+00
0.00000000e+00
0.00000000e+00
-5.51595367e-01
4.66795330e-03
-9.51079036e-02
-1.02185567e-04
8.53897216e-02
4.98233926e-03
-1.60485679e-01
7.39275167e-03
0.00000000e+00
0.00000000e+00
1.07347944e+00
-3.54204764e-01
-9.05527811e-01
1.12410535e+00
7.97554612e-01
8.08090649e-01
0.00000000e+00
0.00000000e+00
1.37613715e+00
2.60339683e+00
0.00000000e+00
2.36258539e-01
1.00567687e-01
2.48333014e-01
-2.52719269e-01
-5.77499092e-01
3.82239666e-01
-4.18792152e-01
-3.13624875e-01
-8.05236586e-02
-3.20604625e-01
-1.12085963e+00
0.00000000e+00
1.26543373e+00
0.00000000e+00
6.22582070e-01
0.00000000e+00
-1.69691076e+00
-3.80887534e-02
-4.44624899e-01
-6.90728774e-01
-5.51832931e-01
-4.67819044e-01
-7.39120511e-01
5.45926867e+00
5.32573677e+00
5.39374816e+00
5.38317307e+00
5.73774462e+00
5.76006781e+00
1.00275770e+00
5.51328589e-01
3.49456300e-01
2.78731568e-01
6.90635529e-03
3.68713017e-02
1.14125762e-01
-3.96813394e-01
8.10104699e-02
-3.35962040e-01
-6.44356780e-01
-6.91394827e-01
-2.25771104e-01
-3.92981141e-01
1.73336759e+00
0.00000000e+00
-1.03046982e-01
1.30818871e-01
0.00000000e+00
-2.08216177e+00
-9.38444836e-01
-1.12302325e+00
-4.98491084e-01
-7.44543202e-01
-2.06146809e+00
0.00000000e+00
0.00000000e+00
0.00000000e+00
-2.95464111e-01
1.28397036e+00
-6.00876948e-01
2.20648700e-01
-2.50416196e+00
1.76474069e-01
3.38095144e-01
4.94587679e-01
-8.17052829e-02
0.00000000e+00
7.02137284e-02
-1.15315149e+00
-9.95612098e-01
3.24740005e-01
8.77226791e-01
4.32845478e-01
2.73339030e-01
-1.42435937e+00
-2.72553965e-01
7.74276154e-01
-8.83621543e-01
-3.81085721e-01
0.00000000e+00
-9.88492017e-01
2.82310436e-01
-6.98653521e-02
0.00000000e+00
0.00000000e+00
0.00000000e+00
3.36571651e-01
4.12940918e-01
2.59531093e-01
2.51314227e-01
0.00000000e+00
2.77975316e-01
4.49093261e-01
3.09877819e-01
2.71410779e-01
0.00000000e+00
3.41702255e-01
5.47081063e-01
8.84541758e-02
4.82211318e-01
-9.59168899e-01
4.05573144e-01
2.54416283e-01
2.35404880e-01
2.82301889e-01
1.47828618e-01
-5.02535822e-01
0.00000000e+00
4.64277043e-01
6.67499137e-01
-1.17784654e+00
-5.57359115e-01
0.00000000e+00
-1.36961318e+00
-1.63784183e-01
-6.20487427e-01
1.24976669e+00
-8.91582457e-01
-9.28161689e-01
-1.24303429e+00
0.00000000e+00
0.00000000e+00
0.00000000e+00
-4.58713810e-01
1.04860962e+00
-6.07332293e-01
-6.42151451e-03
-7.36181126e-04
4.36648439e-01
2.99196354e-01
-1.29210282e-01
4.03120593e-01
0.00000000e+00
6.46980320e-01
-4.67205949e-01
-1.07315593e+00
4.76145645e-01
-2.84114510e-01
-7.23120235e-02
-4.29627469e-02
-1.53338698e+00
-2.81869345e-01
4.03686300e-01
-5.52610448e-01
-2.21192136e-01
-6.06593798e-01
2.94387196e-01
1.41578020e-01
2.10994079e-01
0.00000000e+00
0.00000000e+00
0.00000000e+00
2.12259560e-03
5.12481326e-02
2.40077461e-02
4.40912399e-02
-3.15964484e-01
2.86139732e-01
1.18710747e-01
2.66969866e-01
2.89346016e-02
0.00000000e+00
-1.79117336e-01
-2.02731713e-01
1.19663773e-03
1.58851250e-01
1.40139422e-02
7.84527475e-02
-1.24375521e-01
2.62972958e-03
-3.47169147e-02
-9.46891889e-03
-3.31418313e-01
5.32480641e-01
-3.46865507e-01
-1.24731387e-01
-6.90423837e-01
-2.77298948e-01
-1.04137449e+00
2.80489193e-02
4.45090497e-02
-4.13124889e-01
5.13610595e-01
-7.21931407e-01
-3.12285328e-01
7 1
-1.8107e-02 2.7387e-01
2 1
0 1 
217
2.20758591e-01
-4.41958019e-02
-1.72128396e-01
-3.99008005e-01
-4.25169909e-01
6.74729920e-01
3.68405746e-01
8.74281600e-03
4.57882672e-01
-5.74970718e-01
9.76444956e-02
-4.28237634e-01
-2.78004415e-01
6.70346120e-01
0.00000000e+00
0.00000000e+00
0.00000000e+00
4.31539435e-01
1.96382076e-03
1.18339105e-01
3.08135831e-03
2.77511424e-03
2.92001991e-01
-2.21677901e-01
6.69951679e-03
4.08518868e-01
0.00000000e+00
0.00000000e+00
9.92781384e-01
-2.09167542e-01
-6.70945600e-01
8.99343520e-01
7.38005025e-01
5.72597220e-01
0.00000000e+00
0.00000000e+00
5.00189851e-01
-3.92603053e-01
1.13171793e-01
0.00000000e+00
0.00000000e+00
0.00000000e+00
0.00000000e+00
0.00000000e+00
5.00189851e-01
-4.83018286e-02
-3.44301225e-01
1.13171793e-01
0.00000000e+00
0.00000000e+00
0.00000000e+00
0.00000000e+00
0.00000000e+00
0.00000000e+00
0.00000000e+00
0.00000000e+00
0.00000000e+00
0.00000000e+00
0.00000000e+00
0.00000000e+00
1.13171793e-01
-4.83018286e-02
-3.44301225e-01
0.00000000e+00
2.31047001e-01
-1.22241454e+00
5.10037864e-01
-1.66236729e-01
-4.45167900e-01
7.76178982e-01
0.00000000e+00
4.51888023e-01
-2.05298678e-01
1.26623290e-01
4.20403490e-01
-3.57752722e-01
3.52403140e-02
0.00000000e+00
0.00000000e+00
0.00000000e+00
0.00000000e+00
0.00000000e+00
0.00000000e+00
0.00000000e+00
0.00000000e+00
0.00000000e+00
0.00000000e+00
0.00000000e+00
0.00000000e+00
0.00000000e+00
0.00000000e+00
0.00000000e+00
0.00000000e+00
0.00000000e+00
0.00000000e+00
0.00000000e+00
0.00000000e+00
0.00000000e+00
0.00000000e+00
0.00000000e+00
0.00000000e+00
0.00000000e+00
0.00000000e+00
0.00000000e+00
0.00000000e+00
0.00000000e+00
0.00000000e+00
0.00000000e+00
0.00000000e+00
0.00000000e+00
0.00000000e+00
0.00000000e+00
0.00000000e+00
0.00000000e+00
0.00000000e+00
0.00000000e+00
0.00000000e+00
0.00000000e+00
0.00000000e+00
-8.83715824e-01
-1.17310979e+00
-6.87650109e-01
0.00000000e+00
0.00000000e+00
0.00000000e+00
3.35338930e-01
2.95619263e-01
-5.25869105e-01
1.49003020e-01
-1.54583609e+00
-1.03033232e-01
-1.12993334e-01
3.44491283e-02
2.44723404e-01
0.00000000e+00
2.48003164e-01
-9.97651096e-02
-1.13007947e+00
7.75565983e-01
1.02797180e-01
3.80751494e-01
2.94973683e-01
-5.91772953e-01
2.40490283e-01
3.19983661e-01
-4.47651225e-01
0.00000000e+00
0.00000000e+00
0.00000000e+00
1.12421881e-01
3.86623622e-01
-5.04193321e-02
1.14548440e-01
-1.30506590e+00
3.46407381e-01
3.50161832e-01
1.81581997e-01
-8.30156740e-02
0.00000000e+00
1.94264894e-01
4.96466713e-02
-9.31501464e-02
1.27815962e-01
1.36168713e-01
-1.36218093e-01
-3.51636511e-02
-5.11676336e-01
-2.66201227e-01
3.36177440e-02
-1.01341263e+00
0.00000000e+00
0.00000000e+00
0.00000000e+00
2.94252594e-02
7.50163988e-01
-1.05716686e+00
-1.64228676e-01
-2.16229378e-01
2.30387372e-01
5.71412525e-01
5.99665701e-02
-7.45460888e-02
0.00000000e+00
1.43784492e-01
2.28663166e-01
-1.03974350e+00
9.10997086e-01
-3.55756981e-01
1.28892968e-01
-1.34090014e-01
-1.25892198e+00
-3.26007839e-03
2.36837499e-01
-3.42060490e-01
0.00000000e+00
0.00000000e+00
0.00000000e+00
-1.47197733e-02
1.90889762e-02
1.24916296e-01
2.18648006e-01
-1.18153315e+00
1.31097979e-01
-9.96327656e-02
1.65225605e-01
3.18428994e-01
0.00000000e+00
1.67576533e-01
-1.67015987e-01
-1.95500828e-01
-2.61791498e-01
4.41886503e-01
2.48766688e-01
2.47576628e-01
-2.44254613e-01
-2.30264080e-01
-3.05600045e-02
136
1.77875109e-01
-1.99341254e-02
-1.05324042e-02
2.93804317e-01
1.86527328e-03
2.29619981e-02
3.76584076e-04
-1.18957080e-01
4.70773572e-03
0.00000000e+00
0.00000000e+00
1.46622733e+00
6.76260464e-01
7.53632683e-02
1.18511157e+00
1.08935682e+00
1.16971812e+00
0.00000000e+00
0.00000000e+00
-9.84946395e-03
-1.75206520e-01
3.62931094e-01
0.00000000e+00
0.00000000e+00
0.00000000e+00
0.00000000e+00
0.00000000e+00
-9.84946395e-03
1.01791436e+00
-1.19312088e+00
3.62931094e-01
0.00000000e+00
0.00000000e+00
0.00000000e+00
0.00000000e+00
0.00000000e+00
0.00000000e+00
0.00000000e+00
0.00000000e+00
0.00000000e+00
0.00000000e+00
0.00000000e+00
0.00000000e+00
0.00000000e+00
0.00000000e+00
0.00000000e+00
0.00000000e+00
-6.31371324e-01
-2.36962144e-01
-6.28661737e-01
-1.12026347e+00
0.00000000e+00
1.09494180e+00
4.82094581e-01
5.23203309e-01
-1.50379425e+00
0.00000000e+00
0.00000000e+00
0.00000000e+00
0.00000000e+00
3.62931094e-01
1.01791436e+00
-1.19312088e+00
0.00000000e+00
0.00000000e+00
0.00000000e+00
0.00000000e+00
0.00000000e+00
0.00000000e+00
0.00000000e+00
0.00000000e+00
0.00000000e+00
0.00000000e+00
0.00000000e+00
0.00000000e+00
0.00000000e+00
0.00000000e+00
0.00000000e+00
0.00000000e+00
0.00000000e+00
0.00000000e+00
0.00000000e+00
0.00000000e+00
0.00000000e+00
0.00000000e+00
0.00000000e+00
-8.53302569e-01
-1.12485721e+00
-1.24418772e+00
0.00000000e+00
0.00000000e+00
0.00000000e+00
1.84057428e-01
6.56580008e-01
-5.81871563e-01
2.01773541e-01
-2.55227782e+00
1.98435678e-01
2.83920238e-01
1.73626514e-01
1.15510137e-01
0.00000000e+00
4.17210410e-01
-2.89518728e-01
-1.20889729e+00
9.45740114e-01
1.78227289e-01
3.05560486e-01
2.28576130e-01
-9.18013219e-01
-4.19169491e-02
4.59089875e-01
-1.38151357e+00
0.00000000e+00
0.00000000e+00
0.00000000e+00
1.19439375e-01
9.15975265e-01
-6.56496661e-01
6.76317392e-02
-1.83445071e+00
5.33931550e-01
5.23880351e-01
1.71168376e-01
4.07119324e-01
0.00000000e+00
5.51993942e-01
1.90366555e-01
-1.22802287e+00
7.73504859e-01
-5.50608928e-02
9.77099757e-03
-4.43075276e-01
-1.76717640e+00
-2.60544188e-01
5.98531081e-01
5 1
-1.3902e-01 2.6801e-01
3 0
0 1 7 
217
-1.11668316e-01
1.07949069e-01
-4.88202366e-02
7.09695328e-03
-1.53978976e-02
1.26155055e-01
2.82427652e-02
-1.56716360e-03
4.83387435e-02
1.02955604e-01
3.04119955e-03
-1.81322778e-01
-1.75893126e-01
8.83948014e-01
0.00000000e+00
0.00000000e+00
0.00000000e+00
-4.73125565e-02
-9.99806205e-03
4.11982000e-01
-1.45485931e-01
8.58983175e-03
1.14599694e-01
7.93153271e-01
-1.22651200e-03
3.51009328e-02
0.00000000e+00
0.00000000e+00
1.01887373e+00
-2.15973045e-02
-3.03727131e-01
3.74466368e-01
-1.36189544e-01
-5.13591753e-02
0.00000000e+00
0.00000000e+00
6.94808897e-02
-3.22181890e-01
3.33436672e-02
1.07689017e-01
0.00000000e+00
0.00000000e+00
0.00000000e+00
0.00000000e+00
6.94808897e-02
1.06172093e-02
-3.54790142e-01
4.31853530e-01
0.00000000e+00
-6.24299331e-01
2.25789468e-01
1.07689017e-01
0.00000000e+00
0.00000000e+00
0.00000000e+00
0.00000000e+00
0.00000000e+00
0.00000000e+00
0.00000000e+00
0.00000000e+00
-8.47567837e-02
1.06172093e-02
-1.07009631e-01
0.00000000e+00
-3.75287414e-02
3.45415542e-01
1.68727729e-01
8.36767075e-01
-2.42867303e-01
-3.48574835e-03
0.00000000e+00
-4.84594076e-01
-8.59526788e-01
4.64910563e-01
-4.33602235e-01
-5.43686897e-02
8.92665483e-01
0.00000000e+00
1.67833544e-01
-4.58309361e-01
1.11778136e-01
-4.89678530e-01
-3.80607939e-01
-3.04281349e-01
0.00000000e+00
0.00000000e+00
0.00000000e+00
0.00000000e+00
0.00000000e+00
0.00000000e+00
0.00000000e+00
0.00000000e+00
0.00000000e+00
0.00000000e+00
0.00000000e+00
0.00000000e+00
0.00000000e+00
0.00000000e+00
0.00000000e+00
0.00000000e+00
0.00000000e+00
0.00000000e+00
0.00000000e+00
0.00000000e+00
0.00000000e+00
0.00000000e+00
0.00000000e+00
0.00000000e+00
0.00000000e+00
0.00000000e+00
0.00000000e+00
0.00000000e+00
0.00000000e+00
0.00000000e+00
0.00000000e+00
0.00000000e+00
0.00000000e+00
0.00000000e+00
0.00000000e+00
-8.12429881e-01
-1.15227936e+00
-1.06942993e+00
0.00000000e+00
0.00000000e+00
0.00000000e+00
1.43082801e-01
5.94408768e-01
-3.69127204e-01
4.94580746e-02
-1.36868442e+00
3.42433063e-02
2.18968483e-02
2.63569108e-03
9.06318343e-02
0.00000000e+00
2.80105537e-01
-4.53001264e-01
-9.44219284e-01
7.18836554e-01
-1.27780009e-02
2.34995471e-01
1.95768937e-01
-8.32383976e-01
3.73296425e-01
1.71403979e-01
-1.67563467e-01
0.00000000e+00
0.00000000e+00
0.00000000e+00
1.35378289e-01
1.42568493e-01
-1.26653198e-01
2.79210444e-01
-1.21472330e+00
2.46622044e-01
2.79419930e-01
1.98701908e-02
1.88908190e-02
0.00000000e+00
1.88775335e-01
2.11597301e-01
-3.44415178e-01
1.59980982e-01
2.64982121e-01
5.36937593e-02
-2.18191616e-03
-1.18821536e-01
-5.10148252e-01
1.48390203e-01
-1.21710714e+00
0.00000000e+00
0.00000000e+00
0.00000000e+00
-5.17979093e-01
1.01862157e+00
-7.88389338e-01
-1.50893662e-02
-1.36129407e+00
2.47052858e-01
3.71588874e-01
3.11682719e-01
-9.79613665e-03
0.00000000e+00
3.79897957e-01
2.56153301e-01
-8.75930345e-01
6.98418043e-01
-5.61473945e-01
1.65098298e-01
4.64740148e-02
-9.00014288e-01
-1.29962432e-01
4.47834235e-01
-2.61354359e-01
0.00000000e+00
0.00000000e+00
0.00000000e+00
5.69806408e-01
-2.59429098e-01
2.30275777e-01
1.92450090e-01
-1.30103313e+00
1.33294611e-02
1.39849422e-01
1.23863549e-01
2.82268406e-01
0.00000000e+00
1.50318809e-01
6.46629540e-02
-1.17884412e-01
-6.62680305e-02
4.47173752e-01
1.00622833e-01
1.24386835e-01
-6.58391686e-01
-1.72687530e-01
-1.24668765e-01
136
1.38972807e-01
-1.46066075e+00
7.15843016e-03
-1.67708552e-01
5.21417237e-03
6.87254490e-01
3.71247733e-03
1.08008762e+00
-8.79441301e-04
0.00000000e+00
0.00000000e+00
1.11525463e+00
3.21327951e-01
1.78214377e-01
7.77818019e-01
4.45116541e-01
3.90177012e-01
0.00000000e+00
0.00000000e+00
1.34224217e-01
-6.60701751e-03
-8.49680696e-02
9.63236767e-02
0.00000000e+00
0.00000000e+00
0.00000000e+00
0.00000000e+00
1.34224217e-01
2.82162396e-01
-3.87016028e-01
1.02353785e+00
9.82466152e-02
-9.04922748e-02
-1.01801365e+00
9.63236767e-02
0.00000000e+00
0.00000000e+00
0.00000000e+00
0.00000000e+00
0.00000000e+00
0.00000000e+00
0.00000000e+00
0.00000000e+00
0.00000000e+00
0.00000000e+00
0.00000000e+00
0.00000000e+00
-7.01302689e-01
2.00399415e-02
-4.48688127e-01
-1.28593546e+00
0.00000000e+00
4.89990355e-01
1.57307672e-01
3.31763212e-01
-1.01733924e+00
1.32439076e-01
9.20469363e-01
-8.65734926e-02
3.54251319e-01
-6.00071172e-01
2.82162396e-01
-1.30678306e+00
0.00000000e+00
0.00000000e+00
0.00000000e+00
0.00000000e+00
0.00000000e+00
0.00000000e+00
0.00000000e+00
0.00000000e+00
0.00000000e+00
0.00000000e+00
0.00000000e+00
0.00000000e+00
0.00000000e+00
0.00000000e+00
0.00000000e+00
0.00000000e+00
0.00000000e+00
0.00000000e+00
0.00000000e+00
0.00000000e+00
0.00000000e+00
0.00000000e+00
0.00000000e+00
-7.47371678e-01
-1.07114363e+00
-1.20400743e+00
0.00000000e+00
0.00000000e+00
0.00000000e+00
2.71869192e-01
6.64695966e-01
-5.76201394e-01
1.50593077e-01
-2.39232200e+00
1.53797751e-01
2.98479737e-01
2.02089635e-01
1.23074001e-01
0.00000000e+00
3.80907679e-01
-2.02947241e-01
-1.08563510e+00
7.79043583e-01
2.28154227e-02
2.65578955e-01
2.41865509e-01
-8.42600700e-01
-4.28544270e-02
3.83742923e-01
-1.33787659e+00
0.00000000e+00
0.00000000e+00
0.00000000e+00
3.52068518e-05
8.38407199e-01
-8.54069948e-01
-5.84314877e-03
-1.41813379e+00
6.13589792e-01
5.02042682e-01
1.38602710e-01
3.16356348e-01
0.00000000e+00
4.40277912e-01
2.45831287e-01
-1.33569778e+00
5.98986877e-01
1.15540649e-01
1.74637618e-01
-2.33411878e-01
-1.79045194e+00
-2.71601666e-01
5.87025293e-01
2 1
-4.2740e-01 3.1036e-01
4 1
0 1 7 5 
217
2.76543367e-01
2.27611087e-03
-6.72198924e-01
-7.45604525e-01
-1.88221957e-01
1.33232296e+00
9.29541662e-01
-6.05216083e-01
1.35288404e-01
-5.12037595e-01
-4.86142240e-01
2.82920995e-01
-1.13922502e-01
1.28790123e+00
-6.93911026e-02
-5.78590120e-02
1.47076020e-01
-1.05635184e-01
2.14774780e-03
3.85349805e-01
4.28779838e-01
-7.54367438e-03
2.80232805e-01
2.27898152e-02
5.63910747e-03
2.59234615e-01
0.00000000e+00
0.00000000e+00
1.57040903e+00
6.70182931e-02
-1.89865877e-01
4.14748814e-01
9.95958070e-01
1.30850666e+00
0.00000000e+00
0.00000000e+00
2.78104138e-01
-3.14600634e-01
-2.45346719e-01
1.96758922e-01
3.61627660e-01
0.00000000e+00
0.00000000e+00
0.00000000e+00
2.78104138e-01
-1.45937201e-01
-3.29941691e-01
4.30702768e-01
3.74853745e-02
-3.58915678e-01
2.49103039e-01
2.92519525e-01
0.00000000e+00
7.90777282e-02
-6.85845457e-01
6.41825789e-01
0.00000000e+00
-5.79188163e-01
-1.58398229e-01
3.61627660e-01
-1.51409042e-02
5.69334106e-02
-4.33532778e-02
0.00000000e+00
-2.05287928e-01
-5.26795358e-01
5.06008069e-01
6.15213128e-01
2.15704359e-01
1.08073850e+00
0.00000000e+00
-3.62698281e-01
-8.30028942e-01
7.44959966e-01
-1.21268184e-01
5.66334374e-02
7.28463438e-01
0.00000000e+00
4.29761311e-01
-5.20141403e-01
2.46497307e-02
-6.95153731e-01
-1.39885321e-01
-1.31291744e-01
0.00000000e+00
7.63634951e-01
-9.83197057e-02
-9.48880956e-02
-7.40064751e-01
-8.16888124e-02
-3.07634511e-01
0.00000000e+00
0.00000000e+00
0.00000000e+00
0.00000000e+00
0.00000000e+00
0.00000000e+00
0.00000000e+00
0.00000000e+00
0.00000000e+00
0.00000000e+00
0.00000000e+00
0.00000000e+00
0.00000000e+00
0.00000000e+00
0.00000000e+00
0.00000000e+00
0.00000000e+00
0.00000000e+00
0.00000000e+00
0.00000000e+00
0.00000000e+00
0.00000000e+00
0.00000000e+00
0.00000000e+00
0.00000000e+00
0.00000000e+00
0.00000000e+00
0.00000000e+00
-8.41334091e-01
-8.61165908e-01
-1.35653092e+00
0.00000000e+00
0.00000000e+00
0.00000000e+00
2.75100393e-01
7.54212619e-01
-9.13718553e-01
-1.45584511e-01
-1.08041324e+00
-5.41572068e-01
3.19865493e-02
4.35426106e-01
6.11871759e-01
0.00000000e+00
2.01794840e-01
-9.45545749e-02
-1.41713627e+00
1.10663156e+00
-1.51233329e-01
-2.52141361e-01
2.24689243e-01
-6.64901493e-01
1.53985728e-01
1.09025691e-01
-4.67915017e-02
0.00000000e+00
0.00000000e+00
0.00000000e+00
1.61245055e-02
1.07997670e-01
2.27281130e-01
5.73365219e-02
-1.12162465e+00
3.24751261e-01
7.50879314e-03
-1.75408627e-01
1.63079452e-02
0.00000000e+00
8.06490893e-02
-1.09563827e-01
-5.49266188e-02
-5.83346658e-02
3.21649895e-01
3.86637642e-01
1.28147422e-01
-3.13219385e-01
-2.52476224e-01
3.64370616e-01
-1.40528288e+00
0.00000000e+00
0.00000000e+00
0.00000000e+00
-4.88690525e-01
7.95931391e-01
-1.04797445e+00
2.62794948e-01
-5.86481985e-01
3.42558192e-01
6.66487287e-01
-1.65002115e-01
8.97649080e-02
0.00000000e+00
3.59057699e-01
5.45495270e-01
-8.85674558e-01
3.13342141e-01
-1.74558184e-01
-4.45530427e-01
-3.71560365e-02
-1.02930456e+00
-1.86554875e-01
2.66212992e-01
1.13174615e-02
0.00000000e+00
0.00000000e+00
0.00000000e+00
1.85117112e-01
-3.03918212e-02
-3.82037419e-02
2.03084277e-01
-1.20414239e+00
-1.28829504e-01
-2.62384816e-01
4.07855862e-01
4.06989600e-01
0.00000000e+00
-3.19599601e-02
-9.53432041e-02
-2.98567642e-01
1.58464117e-01
-7.94408345e-02
5.18321412e-01
-1.69144246e-02
1.29754489e-01
2.07259465e-02
1.67182982e-01
136
3.24329558e-01
-1.79692680e-02
6.68104933e-03
-2.48352246e-01
6.80787983e-03
2.38520525e-01
-1.34311012e-03
3.52130547e-01
3.59360777e-03
0.00000000e+00
0.00000000e+00
1.07825972e+00
2.86150758e-01
-3.61383227e-02
7.83988284e-01
7.70749801e-01
7.22221903e-01
0.00000000e+00
0.00000000e+00
1.61772604e-01
-7.64194953e-02
-1.35121903e-01
1.89152832e-01
1.84945520e-01
0.00000000e+00
0.00000000e+00
0.00000000e+00
1.61772604e-01
3.71259001e-01
-5.75533407e-01
7.12000417e-01
1.16431519e-01
1.59972489e-01
-5.49709118e-01
2.08242127e-01
0.00000000e+00
1.30386309e-01
-5.87167476e-01
6.00955308e-01
0.00000000e+00
-3.03877946e-01
-3.16166656e-01
1.84945520e-01
0.00000000e+00
0.00000000e+00
0.00000000e+00
0.00000000e+00
-1.31302332e+00
5.97726688e-02
-3.05299334e-01
-5.60683363e-01
0.00000000e+00
6.86531074e-01
2.07048000e-01
2.89021925e-01
-7.77130188e-01
7.72378644e-02
7.47858283e-01
-2.05794502e-01
2.16082022e-01
-4.29401596e-01
-3.75313718e-02
1.46224698e-01
-5.28880082e-01
9.51892968e-02
-2.20143011e-01
0.00000000e+00
0.00000000e+00
0.00000000e+00
0.00000000e+00
0.00000000e+00
0.00000000e+00
0.00000000e+00
0.00000000e+00
0.00000000e+00
0.00000000e+00
0.00000000e+00
0.00000000e+00
0.00000000e+00
0.00000000e+00
0.00000000e+00
0.00000000e+00
0.00000000e+00
0.00000000e+00
0.00000000e+00
0.00000000e+00
-7.59695944e-01
-1.11332248e+00
-1.20127621e+00
0.00000000e+00
0.00000000e+00
0.00000000e+00
2.38860102e-01
6.12323184e-01
-5.61621853e-01
3.25364157e-01
-2.57853646e+00
2.01471799e-01
3.24758715e-01
1.76661373e-01
-4.16098943e-02
0.00000000e+00
4.42075159e-01
-1.83533547e-01
-1.11213347e+00
7.88730085e-01
2.21216052e-01
1.98159193e-01
2.43273360e-01
-8.36562307e-01
-2.23455504e-02
3.62173700e-01
-1.42691325e+00
0.00000000e+00
0.00000000e+00
0.00000000e+00
1.92628213e-01
7.95181590e-01
-6.78058207e-01
-4.55903992e-02
-1.53217822e+00
5.33292764e-01
4.86699035e-01
2.20256267e-01
2.04389204e-01
0.00000000e+00
5.08734245e-01
-1.07693685e-02
-1.16955520e+00
6.69993241e-01
1.68228500e-01
1.66326259e-01
-7.10691975e-02
-1.99933384e+00
-3.30054199e-01
4.63966064e-01
9 1
-4.0377e-01 3.7483e-01
5 0
0 1 7 5 2 
217
2.36030768e-01
3.14052754e-01
-2.98379673e-01
1.24080188e-01
4.41094174e-01
-2.60851908e-01
2.41558204e-02
-4.22551806e-01
-4.69082786e-01
3.75806707e-01
4.57741776e-03
4.07107963e-01
2.35286142e-01
7.02052779e-01
0.00000000e+00
0.00000000e+00
0.00000000e+00
-2.06933568e-01
-2.58210127e-03
4.86442866e-01
1.76383448e-01
9.02626998e-04
2.66331485e-01
5.45012937e-01
-1.10315362e-04
1.92822141e-01
0.00000000e+00
0.00000000e+00
8.57512695e-01
-7.43017268e-02
-2.83341353e-01
3.73350789e-01
-1.61171923e-01
1.81098338e-01
0.00000000e+00
0.00000000e+00
0.00000000e+00
-1.59912867e-04
-4.78025924e-01
-3.10977415e-02
2.86929975e-01
3.67280387e-01
0.00000000e+00
0.00000000e+00
-8.09943954e-02
-2.91525307e-01
-2.15249369e-01
3.85291053e-01
0.00000000e+00
-1.48329548e-02
3.59589777e-01
1.20492263e-01
0.00000000e+00
-6.61190580e-02
-1.77785199e-01
6.84896034e-01
0.00000000e+00
-3.65259527e-01
-2.43307544e-01
-3.41337812e-02
-1.14334014e-03
1.04565093e-01
4.15050314e-02
0.00000000e+00
-1.82777955e-01
-5.24609244e-01
3.26279520e-01
5.68770281e-01
9.25292028e-02
4.51214267e-01
0.00000000e+00
-6.17651981e-01
-6.71953204e-01
5.51582336e-01
-5.70626425e-01
3.28210898e-01
8.38908391e-01
0.00000000e+00
3.30396760e-01
-4.46369887e-01
9.11461857e-02
-2.09136004e-01
-1.83150449e-01
-3.43134778e-01
0.00000000e+00
3.32034069e-01
-1.59885166e-02
-3.48988074e-02
-7.83471181e-01
-6.11044938e-02
-4.94377880e-01
0.00000000e+00
-5.84913363e-01
-6.88548655e-01
5.09123400e-01
-1.39874283e-01
3.14899058e-01
4.81682728e-02
0.00000000e+00
0.00000000e+00
0.00000000e+00
0.00000000e+00
0.00000000e+00
0.00000000e+00
0.00000000e+00
0.00000000e+00
0.00000000e+00
0.00000000e+00
0.00000000e+00
0.00000000e+00
0.00000000e+00
0.00000000e+00
0.00000000e+00
0.00000000e+00
0.00000000e+00
0.00000000e+00
0.00000000e+00
0.00000000e+00
0.00000000e+00
-8.79502666e-01
-8.42607931e-01
-1.12164015e+00
0.00000000e+00
0.00000000e+00
0.00000000e+00
-9.78355572e-02
6.92503441e-01
-6.88921091e-01
2.44429273e-01
-1.41923886e+00
-7.16447672e-02
5.00028431e-01
3.65074360e-01
2.48117225e-01
0.00000000e+00
-1.33192258e-01
-5.45599793e-01
-1.07056502e+00
9.38526242e-01
-1.88568625e-01
2.03857089e-01
-3.59715860e-02
-1.06812582e+00
6.03072677e-01
4.02414496e-01
-2.09511997e-01
0.00000000e+00
0.00000000e+00
0.00000000e+00
2.00476290e-01
1.17354126e-01
-1.41883473e-01
1.05287884e-01
-1.10164361e+00
4.07242138e-01
5.81082820e-02
-2.38062435e-01
-5.22788335e-02
0.00000000e+00
3.07525539e-01
2.72420583e-01
-1.38637098e-01
2.03405304e-03
2.63394099e-01
-2.06841893e-02
1.02441045e-01
2.01751657e-01
-5.74476786e-01
2.01187363e-02
-9.73356828e-01
0.00000000e+00
0.00000000e+00
0.00000000e+00
-2.52066913e-01
1.16377602e+00
-7.83582725e-01
4.94445191e-01
-1.70268208e+00
4.48203673e-01
4.79830405e-01
-2.42493159e-02
1.79539825e-01
0.00000000e+00
7.14222505e-01
6.35287728e-02
-1.16837659e+00
7.41426351e-01
-2.90516681e-01
2.32466326e-01
6.45231775e-02
-1.27534970e+00
-1.68432812e-01
1.09937742e-01
-3.27409254e-01
0.00000000e+00
0.00000000e+00
0.00000000e+00
4.45290588e-01
-3.07863713e-01
3.46679164e-01
-1.14299394e-02
-1.24715785e+00
-2.33234613e-02
1.34552579e-01
1.09063521e-01
1.88514158e-01
0.00000000e+00
3.26430708e-02
1.34375358e-01
-2.72311638e-01
-1.00008479e-01
3.74026892e-01
2.30040415e-01
1.82782073e-01
-3.46962935e-01
-1.58574370e-01
-3.77446821e-02
136
9.14224259e-03
-1.43821473e+00
1.65354168e-03
-2.27791444e-02
1.78833133e-03
4.27737517e-01
6.56568141e-03
1.04239860e+00
-5.48148972e-04
0.00000000e+00
0.00000000e+00
1.05620914e+00
1.87166199e-01
2.08653784e-01
6.58816059e-01
3.63927800e-01
2.23322213e-01
0.00000000e+00
0.00000000e+00
3.52343092e-01
-9.85801086e-02
-3.52918688e-01
-1.79146293e-01
1.26236938e-01
1.61207302e-01
0.00000000e+00
0.00000000e+00
-3.60691754e-01
1.91660002e-01
-2.89795560e-01
8.61923127e-01
2.82425788e-01
1.70564208e-01
-4.18539603e-01
1.59284957e-01
0.00000000e+00
2.21847796e-01
-5.47178867e-01
6.96675175e-01
0.00000000e+00
-1.70291830e-01
-5.21391674e-01
-3.00866407e-01
0.00000000e+00
0.00000000e+00
0.00000000e+00
0.00000000e+00
-1.39784331e+00
4.42434159e-02
-2.96804423e-01
-4.67076743e-01
0.00000000e+00
4.11483555e-01
3.18941678e-01
2.04017628e-01
-7.51064093e-01
9.22906514e-02
6.99363723e-01
-1.36750522e-01
2.56093709e-01
-3.97471157e-01
9.13610591e-02
-9.80552464e-03
-5.44320635e-01
8.90911660e-02
-3.19051455e-01
0.00000000e+00
1.46045213e-01
-4.78410323e-02
2.36211897e-01
-5.98461178e-01
0.00000000e+00
0.00000000e+00
0.00000000e+00
0.00000000e+00
0.00000000e+00
0.00000000e+00
0.00000000e+00
0.00000000e+00
0.00000000e+00
0.00000000e+00
0.00000000e+00
0.00000000e+00
0.00000000e+00
0.00000000e+00
0.00000000e+00
-6.84234534e-01
-8.36934371e-01
-1.21819785e+00
0.00000000e+00
0.00000000e+00
0.00000000e+00
3.02294868e-01
6.06790951e-01
-4.97265041e-01
1.86710165e-01
-2.49436110e+00
7.49956215e-02
1.91141464e-01
2.22747776e-01
8.84093366e-02
0.00000000e+00
5.02368448e-01
-1.68616054e-01
-1.16529766e+00
7.07996240e-01
1.69831935e-01
3.44574131e-01
2.96111483e-01
-9.13505838e-01
-3.68664428e-02
3.63741863e-01
-1.37706468e+00
0.00000000e+00
0.00000000e+00
0.00000000e+00
8.01983259e-02
7.32505821e-01
-8.09815850e-01
-6.80762362e-02
-1.43372548e+00
5.52445607e-01
4.35702177e-01
2.89112898e-01
3.38384904e-01
0.00000000e+00
3.98103551e-01
1.09158742e-01
-1.14984995e+00
5.53237479e-01
-2.16108398e-02
1.94944980e-01
-9.22586286e-02
-1.75007939e+00
-3.03104297e-01
5.67661500e-01
10 1
-3.5516e-01 3.8973e-01
6 1
0 1 7 5 2 9 
217
2.35840564e-01
5.99439036e-02
-2.19198908e-01
-2.40370426e-01
2.28626104e-01
1.65238845e-02
1.21883525e-01
-3.05804259e-01
-2.06157355e-01
-4.97352414e-02
-3.37848779e-01
6.70876127e-02
4.29337070e-01
2.12937952e-01
0.00000000e+00
0.00000000e+00
0.00000000e+00
4.20415142e-01
3.39367329e-03
-1.91982589e-01
-6.78324092e-02
4.60588190e-03
2.00843582e-01
-1.47208726e-01
5.44334243e-03
3.26396007e-01
0.00000000e+00
0.00000000e+00
8.75639799e-01
-1.48119180e-01
-2.21529849e-01
1.05972635e+00
8.96824791e-01
7.01264039e-01
0.00000000e+00
0.00000000e+00
1.71856743e-01
-2.13733124e-01
-1.64530049e-01
-4.66932649e-02
1.74072687e-01
2.10399483e-01
1.04468088e-01
0.00000000e+00
1.15168092e-01
-1.43898490e-01
-3.39838920e-01
3.46187273e-01
2.57651671e-01
-1.42447408e-01
-2.32749950e-01
3.27257773e-01
0.00000000e+00
-5.57504791e-02
-1.96990555e-01
4.68606004e-01
0.00000000e+00
-1.78537181e-01
5.86487349e-02
-7.44002529e-02
-2.47000536e-01
1.68004915e-01
1.42979443e-01
0.00000000e+00
-2.08184546e-01
-5.83615893e-01
3.16094026e-01
4.64413684e-02
2.30923213e-01
6.19168928e-01
0.00000000e+00
-1.20879543e-01
-5.20176788e-01
4.70123653e-01
4.29762772e-02
-1.13403545e-01
1.75002889e-01
0.00000000e+00
2.25395401e-01
9.09432833e-02
3.47614052e-02
-1.47164122e-01
-2.43162423e-02
-2.71503572e-01
0.00000000e+00
3.53877521e-01
-1.00804282e-01
1.26981376e-01
-3.83484416e-01
-7.84708537e-02
-1.55775255e-01
0.00000000e+00
-5.73228021e-01
-5.26677225e-01
5.02406929e-01
-9.05109433e-02
3.06661656e-01
2.18241436e-01
0.00000000e+00
5.00736962e-01
-5.34086825e-02
1.80480051e-01
1.51208426e-01
-2.60017987e-01
-4.14044049e-01
0.00000000e+00
0.00000000e+00
0.00000000e+00
0.00000000e+00
0.00000000e+00
0.00000000e+00
0.00000000e+00
0.00000000e+00
0.00000000e+00
0.00000000e+00
0.00000000e+00
0.00000000e+00
0.00000000e+00
0.00000000e+00
-1.08835697e+00
-1.09597921e+00
-1.11150503e+00
0.00000000e+00
0.00000000e+00
0.00000000e+00
1.36241353e-01
4.65173631e-01
-3.15200229e-01
2.44569738e-01
-1.61141655e+00
2.75216527e-02
4.60237927e-01
1.52014404e-01
3.83749575e-01
0.00000000e+00
1.81529631e-01
-3.44338238e-01
-1.59786271e+00
8.53483927e-01
-7.93480204e-03
2.69621614e-01
-1.33193504e-01
-7.70293852e-01
2.10456346e-01
2.84135068e-01
-3.82111173e-01
0.00000000e+00
0.00000000e+00
0.00000000e+00
2.95783143e-01
2.79705012e-01
-5.39411769e-02
5.37882380e-02
-1.14036080e+00
9.94278670e-02
-2.32890991e-02
2.16196724e-01
-1.66818956e-01
0.00000000e+00
6.19206374e-02
-1.11140911e-02
5.94819769e-02
-4.80990598e-02
7.36313222e-02
-5.29179657e-02
2.03132574e-01
-1.02353613e-01
-1.37832994e-01
1.15490845e-02
-1.21608721e+00
0.00000000e+00
0.00000000e+00
0.00000000e+00
-8.14331067e-02
6.27403885e-01
-9.26953449e-01
5.12521250e-01
-9.57979403e-01
4.84573154e-01
4.08563401e-01
-1.33890314e-01
-9.94386496e-02
0.00000000e+00
4.23759149e-01
-3.13991637e-02
-1.30077411e+00
6.87305251e-01
1.64180479e-01
3.56113951e-01
3.68842784e-01
-1.51243108e+00
-3.02519338e-01
9.74680957e-02
-3.62886820e-01
0.00000000e+00
0.00000000e+00
0.00000000e+00
1.32050570e-01
-5.08146202e-02
2.92755292e-02
-1.75593919e-01
-1.31770524e+00
-5.31845497e-03
-2.98214914e-02
3.30340869e-01
3.91917825e-01
0.00000000e+00
1.33809524e-01
-1.40753342e-01
-8.41226568e-02
-2.04730742e-01
1.96218751e-01
3.40920422e-01
1.17858374e-01
-1.01034994e-01
-5.64572733e-02
1.31074049e-01
136
-1.22498168e-01
-2.03656625e-01
-4.88573993e-03
2.15402131e-01
-1.44728470e-04
-9.38517207e-02
2.80820508e-03
-4.03919535e-02
3.95135470e-03
0.00000000e+00
0.00000000e+00
1.39389831e+00
7.45170090e-01
4.65248639e-01
1.20968881e+00
1.04002394e+00
1.04953175e+00
0.00000000e+00
0.00000000e+00
3.06158646e-01
-2.26070746e-01
-3.98215273e-01
-2.78781632e-01
-1.50435667e-02
2.28917141e-01
2.60537263e-01
0.00000000e+00
-4.23361666e-01
2.77050470e-01
-3.13865764e-01
9.85275130e-01
2.67999861e-01
2.82340882e-01
-6.46608410e-01
2.30176239e-01
0.00000000e+00
9.90319709e-02
-6.80366701e-01
8.83164159e-01
0.00000000e+00
-3.19155297e-01
-6.64645601e-01
-1.42234580e-01
0.00000000e+00
0.00000000e+00
0.00000000e+00
0.00000000e+00
-1.57021375e+00
7.51012803e-02
-4.39821807e-01
-5.08187629e-01
0.00000000e+00
3.11115802e-01
1.50922451e-01
2.30450098e-01
-5.68072636e-01
0.00000000e+00
8.47690538e-01
1.71883057e-02
2.73565934e-01
-2.21403082e-01
1.84468260e-01
6.74139233e-02
-4.61341774e-01
6.03544215e-02
-1.21417950e-01
0.00000000e+00
5.34515826e-02
-9.44078780e-02
2.22635109e-01
-5.71481346e-01
0.00000000e+00
3.53106894e-01
-8.81114447e-02
3.93328067e-02
-4.18084811e-02
0.00000000e+00
0.00000000e+00
0.00000000e+00
0.00000000e+00
0.00000000e+00
0.00000000e+00
0.00000000e+00
0.00000000e+00
0.00000000e+00
0.00000000e+00
-5.84707143e-01
-6.19243119e-01
-1.18639645e+00
0.00000000e+00
0.00000000e+00
0.00000000e+00
2.27811466e-01
6.03400858e-01
-6.15853261e-01
2.28811194e-01
-2.55319098e+00
1.63773141e-01
2.15391395e-01
1.36298368e-01
1.06743722e-01
0.00000000e+00
4.39629739e-01
-1.81828598e-01
-1.10513350e+00
8.11567958e-01
1.72693142e-01
3.25687764e-01
2.98061240e-01
-8.16087217e-01
-3.83004046e-02
3.94127523e-01
-1.35713975e+00
0.00000000e+00
0.00000000e+00
0.00000000e+00
1.70687775e-01
8.27262606e-01
-6.78406214e-01
-1.69431517e-02
-1.67957077e+00
4.84994439e-01
4.55114731e-01
3.10955916e-01
3.53091800e-01
0.00000000e+00
4.42509180e-01
2.12333293e-01
-1.15377757e+00
6.21912533e-01
9.22580297e-03
4.93792941e-02
-3.31192937e-01
-1.72253544e+00
-2.39694540e-01
5.27513501e-01
6 1
-5.4438e-01 4.2323e-01
7 0
0 1 7 5 2 9 10 
217
2.62010968e-02
-6.42625404e-01
2.81198933e-01
-2.54652477e-01
-1.69083887e-01
6.91538922e-01
4.73587783e-01
-4.45445193e-01
-2.08952316e-01
-1.34130969e-01
6.63336156e-02
-2.40637273e-01
-1.35684099e-01
1.35333170e+00
-2.55954251e-01
-1.80497300e-02
6.08662279e-02
-1.68162391e-01
-7.82926261e-04
-1.05136680e-02
-3.26196483e-01
8.51906599e-03
4.30879839e-01
7.76514222e-01
1.32135724e-03
4.55372388e-01
0.00000000e+00
0.00000000e+00
1.62680868e+00
4.95084480e-01
-2.80503355e-01
2.64441019e-01
-1.86736802e-02
3.23394680e-01
0.00000000e+00
0.00000000e+00
0.00000000e+00
-1.30435968e-01
-2.84709815e-01
-2.30150240e-01
-1.57670319e-01
5.07322518e-02
1.79094301e-01
3.93794802e-01
-4.31194014e-01
1.41182580e-01
-2.64269957e-01
5.20603041e-01
3.27831018e-01
-1.93763076e-01
-1.46296518e-01
3.11640149e-01
0.00000000e+00
-3.11237836e-01
-1.90162643e-01
5.25052370e-01
0.00000000e+00
-1.61099115e-01
-1.81084121e-01
3.38709015e-02
-3.34881863e-01
-1.21479320e-01
2.77016197e-01
0.00000000e+00
-8.40047919e-01
-8.14535742e-01
5.58854810e-01
4.59838594e-01
3.07394206e-01
5.44127527e-01
0.00000000e+00
-5.15001105e-01
-7.77852267e-01
3.29824283e-01
-1.86926231e-01
2.79528940e-01
7.09442579e-01
0.00000000e+00
-1.39571932e-01
-4.61608708e-01
2.13055475e-01
-2.65476411e-01
-1.71264039e-01
-2.36547883e-01
0.00000000e+00
2.65733224e-01
-7.54391683e-02
-9.28279252e-02
-4.30791262e-01
-1.46704202e-01
-1.90315527e-01
0.00000000e+00
-1.13774901e+00
-9.99170030e-01
6.35110703e-01
-5.12916898e-01
5.50454912e-01
4.10960442e-01
0.00000000e+00
1.78680853e-01
7.48216897e-03
-7.56358262e-02
-1.57060639e-02
-7.68439302e-02
1.00569956e-02
0.00000000e+00
9.05474885e-02
-3.43424742e-01
-1.46942063e-01
-3.51043007e-01
-1.00202254e-01
-9.03536047e-02
0.00000000e+00
0.00000000e+00
0.00000000e+00
0.00000000e+00
0.00000000e+00
0.00000000e+00
0.00000000e+00
-8.38983233e-01
-1.09032544e+00
-1.39097427e+00
0.00000000e+00
0.00000000e+00
0.00000000e+00
6.52035740e-01
1.12795818e+00
-5.91734158e-01
2.91400240e-01
-1.23706285e-01
5.82956375e-01
3.86624842e-01
6.09351272e-01
1.15473910e+00
0.00000000e+00
5.91284683e-01
7.00935256e-01
-1.18216305e+00
1.98325064e+00
7.10486279e-01
5.30896445e-01
-1.10556641e-01
-3.72563131e-01
2.95497115e-01
4.06665205e-01
-9.12411978e-01
0.00000000e+00
0.00000000e+00
0.00000000e+00
7.18948966e-01
6.76827264e-01
8.31055987e-01
6.77021629e-01
-1.88410343e-01
6.62980384e-01
7.92670499e-01
8.95997970e-01
6.29307424e-01
0.00000000e+00
8.17114277e-01
4.15549032e-01
6.18746573e-01
1.35800126e-01
5.89469490e-01
6.10979799e-01
7.30701171e-01
2.29360805e-01
4.28267300e-01
9.41615720e-01
-1.30489523e+00
0.00000000e+00
0.00000000e+00
0.00000000e+00
1.50411118e-01
3.41565287e-01
-1.19427147e+00
8.72328288e-02
-1.04682328e+00
3.30682436e-01
3.89501124e-01
2.71341385e-01
-1.82432057e-01
0.00000000e+00
3.03628880e-01
4.27008192e-01
-1.32004744e+00
9.99652247e-01
-4.02309073e-01
5.86127505e-01
-4.57605796e-01
-1.46246854e+00
3.63468532e-01
5.10442886e-01
-2.04435847e-01
0.00000000e+00
0.00000000e+00
0.00000000e+00
1.09816365e-01
1.81462086e-01
9.89466331e-02
1.09697283e-01
-1.16225305e+00
-1.57723405e-01
2.41362377e-01
1.20241061e-01
2.38621224e-01
0.00000000e+00
7.24838820e-02
3.47786356e-02
-5.62113918e-01
-1.57921075e-01
1.81860545e-01
-4.88983921e-02
4.16674354e-01
1.49542139e-01
-2.06499378e-01
1.35486790e-01
136
7.08641954e-02
-1.71810838e+00
4.37961461e-02
-1.49795025e-01
9.07262580e-03
7.10448528e-01
3.88655896e-03
1.22831907e+00
-8.04690282e-04
0.00000000e+00
0.00000000e+00
1.00148427e+00
2.64206898e-01
1.13844553e-01
6.01639661e-01
1.99723697e-01
6.48949280e-02
0.00000000e+00
0.00000000e+00
2.74834919e-01
5.34262960e-02
-1.42922974e-01
-1.67563219e-01
-1.17043906e-01
-1.42342129e-02
2.95902316e-02
1.54777061e-01
-1.09805230e-01
2.49112034e-01
-1.61634724e-01
8.22801915e-01
2.79072769e-01
1.36902947e-01
-5.19775705e-01
1.46893422e-01
6.93374073e-02
9.74856164e-02
-6.45769402e-01
5.45044658e-01
0.00000000e+00
-7.41957617e-02
-5.39549217e-01
-2.94537943e-01
0.00000000e+00
0.00000000e+00
0.00000000e+00
0.00000000e+00
-1.51877007e+00
-2.71413265e-02
-3.33020111e-01
-4.69387919e-01
0.00000000e+00
7.34200805e-01
2.80255536e-01
3.09703611e-01
-3.38767353e-01
1.02700146e-01
7.63872128e-01
2.57397309e-02
2.57194410e-01
-1.24250284e-01
1.86722120e-01
6.91763108e-02
-3.44551286e-01
9.40889473e-02
-7.35875721e-02
0.00000000e+00
1.54905365e-01
-1.48114433e-02
2.03721329e-01
-3.70098206e-01
0.00000000e+00
-2.87289608e-01
-1.81201465e-01
-5.56870126e-02
1.53858868e-03
1.49799324e-01
-3.19670230e-01
-3.55214110e-01
-3.47666632e-02
-3.38771557e-01
0.00000000e+00
0.00000000e+00
0.00000000e+00
0.00000000e+00
0.00000000e+00
-5.36829458e-01
-5.90495057e-01
-1.23596545e+00
0.00000000e+00
0.00000000e+00
0.00000000e+00
2.66038514e-01
6.07032060e-01
-6.07606202e-01
2.64935507e-01
-2.40925066e+00
1.57271723e-01
2.59540917e-01
1.40540082e-01
2.74634920e-02
0.00000000e+00
3.91878057e-01
-2.84231072e-01
-1.16508156e+00
7.42848984e-01
1.75323265e-01
3.28330845e-01
3.24919010e-01
-7.67778059e-01
-2.79073165e-02
3.39766964e-01
-1.38917018e+00
0.00000000e+00
0.00000000e+00
0.00000000e+00
1.35454099e-01
6.88628318e-01
-6.78242260e-01
4.27836187e-02
-1.55716179e+00
5.62577420e-01
4.10559858e-01
2.89025774e-01
3.84972006e-01
0.00000000e+00
4.94983814e-01
3.52056255e-02
-1.16152103e+00
5.35382034e-01
2.74155801e-03
2.74679881e-01
-1.00091134e-01
-1.86878595e+00
-3.46514134e-01
4.66152104e-01
11 1
-8.2126e-01 4.6747e-01
8 0
0 1 7 5 2 9 10 6 
217
6.61196729e-02
7.42555806e-02
-6.22088567e-01
2.92807196e-02
1.49010480e-01
-6.38451922e-01
-4.02824312e-01
1.65219606e-01
-6.15386690e-04
-1.60738780e-01
-1.78644232e-01
7.27742042e-01
4.99193124e-01
-3.21507696e-01
0.00000000e+00
0.00000000e+00
0.00000000e+00
-8.99866141e-02
3.41928565e-03
5.95361803e-01
3.18558225e-01
5.40634467e-03
5.22895926e-01
1.77301805e+00
1.20846804e-03
2.83664363e-01
0.00000000e+00
0.00000000e+00
1.66823554e+00
5.60156226e-01
7.36829836e-02
3.13097956e-01
1.80823158e-01
5.46095046e-01
0.00000000e+00
0.00000000e+00
0.00000000e+00
-2.81828047e-01
-1.43974745e-01
-7.29514092e-02
-7.82073700e-02
1.32011203e-02
1.81829053e-01
4.52533391e-01
0.00000000e+00
-1.89657563e-01
-1.80785822e-01
6.04412190e-01
0.00000000e+00
-6.18222771e-02
-2.52159176e-01
3.59317869e-01
0.00000000e+00
-2.23844570e-01
3.72573798e-02
3.84616654e-01
0.00000000e+00
4.17140545e-02
-1.83225968e-01
-9.77378628e-02
-3.61569346e-01
2.60888818e-01
1.71282520e-01
0.00000000e+00
-7.50878822e-01
-8.27346490e-01
4.89911778e-01
5.22611394e-01
3.27086717e-01
6.91347883e-01
0.00000000e+00
-5.62271694e-01
-2.64756079e-01
4.93992976e-01
-9.81270990e-02
1.77702289e-01
5.16606166e-01
0.00000000e+00
5.93101177e-02
-2.41606529e-01
1.80675067e-01
-4.33708496e-01
-1.65994842e-01
-1.83269462e-01
0.00000000e+00
1.22501828e-01
-5.38280847e-02
-7.30459212e-02
-4.34281300e-01
1.66637665e-02
-1.13063708e-02
0.00000000e+00
-7.52303786e-01
-4.09598893e-01
5.19627343e-01
-1.75462524e-01
3.05505274e-01
2.75892414e-01
0.00000000e+00
6.71962847e-02
-4.21158858e-01
-2.04177261e-01
-6.02502423e-02
2.03100649e-01
-6.36855319e-02
0.00000000e+00
7.09354028e-02
-6.38554539e-01
-2.90646421e-01
-1.87228655e-01
1.49117651e-01
-3.78458167e-02
0.00000000e+00
2.01538186e-01
-4.41522437e-01
1.02105297e+00
-3.24218660e-01
7.10898515e-01
-1.37512474e-01
-9.56508904e-01
-2.56824457e-01
-9.90617201e-01
0.00000000e+00
0.00000000e+00
0.00000000e+00
3.38930266e-01
5.83121202e-01
-7.09307500e-01
6.74953799e-02
-1.22797051e+00
2.33625425e-01
-1.40309991e-01
8.93374151e-02
3.69899646e-01
0.00000000e+00
1.39461272e-01
-7.46734245e-01
-9.94656719e-01
1.10039419e+00
6.97152693e-02
2.61823156e-01
4.66854030e-02
-7.45416923e-01
-3.68608381e-01
6.41898440e-01
-4.09498597e-01
0.00000000e+00
0.00000000e+00
0.00000000e+00
2.80435803e-01
2.83923922e-01
1.00129418e-01
-1.62520641e-02
-1.35842829e+00
-5.00771238e-02
1.55225786e-01
2.01372456e-01
1.17183338e-01
0.00000000e+00
2.69540475e-01
3.13493906e-01
-5.55929239e-01
-2.29069871e-02
2.21827666e-01
1.10984429e-01
1.25601221e-01
-5.40014408e-01
-4.62814779e-03
-4.09807582e-02
-8.13651665e-01
0.00000000e+00
0.00000000e+00
0.00000000e+00
-3.81315526e-01
8.20526339e-01
-9.67868486e-01
1.63642742e-01
-7.70308259e-01
-2.84638099e-01
2.07309522e-01
2.19661350e-01
5.91182346e-01
0.00000000e+00
1.20832240e-01
8.67175843e-01
-1.32485657e+00
9.36560494e-01
-6.06239661e-01
5.16168211e-01
-2.15087334e-01
-1.11398992e+00
1.80407041e-01
2.27186062e-01
-3.55039817e-01
0.00000000e+00
0.00000000e+00
0.00000000e+00
1.51245185e-01
-4.27025938e-02
1.09029863e-01
3.01287513e-01
-5.52831572e-01
2.03343193e-01
-2.69584126e-02
2.05691394e-01
-1.97932171e-02
0.00000000e+00
1.00304851e-01
-5.90084263e-01
-5.08565590e-01
-1.92383236e-01
2.07014972e-01
4.75330232e-02
9.11728110e-02
4.61327326e-02
-1.97270024e-01
3.12793554e-01
136
-1.96861320e-01
-1.12088183e+00
-2.44804261e-03
-3.11954115e-01
5.65990738e-03
3.83407815e-01
2.39854871e-03
8.52566810e-01
-1.00650751e-03
0.00000000e+00
0.00000000e+00
8.18864130e-01
2.30642876e-01
5.26246928e-02
5.50517891e-01
1.45168053e-01
3.49810583e-02
0.00000000e+00
0.00000000e+00
2.44703090e-01
1.66102679e-02
-1.38344597e-01
-2.29085611e-01
-1.94835667e-01
-1.09561676e-01
3.13260764e-02
1.82326796e-01
-1.66323317e-01
3.95877195e-01
-2.92299016e-01
8.08297542e-01
1.46691341e-01
2.20427404e-01
-6.60263302e-01
1.57660562e-01
0.00000000e+00
1.42975205e-01
-6.05784441e-01
4.27697572e-01
0.00000000e+00
2.72718267e-02
-3.90673830e-01
-4.40278751e-01
0.00000000e+00
0.00000000e+00
0.00000000e+00
0.00000000e+00
-1.66447152e+00
-6.76022615e-02
-3.26294227e-01
-4.81791978e-01
0.00000000e+00
8.23979711e-01
3.21715286e-01
3.42145080e-01
-3.41176326e-01
8.26024663e-02
6.51042854e-01
4.61126077e-02
2.39227635e-01
-1.68943060e-01
4.49915206e-02
2.84065037e-01
-2.35287027e-01
1.52070106e-01
-3.34194526e-02
0.00000000e+00
-1.79275878e-01
-2.33528416e-01
2.45516543e-01
-4.94801309e-01
0.00000000e+00
-9.10178162e-02
-1.50019711e-01
-2.09814625e-02
4.03190585e-02
1.51144555e-01
-4.49203426e-01
-3.54698797e-01
-5.80050566e-02
-2.88156152e-01
-8.07038792e-01
7.26187428e-01
-6.48260776e-02
3.12606262e-01
-2.63847921e-01
-4.92885792e-01
-6.07463464e-01
-1.23375614e+00
0.00000000e+00
0.00000000e+00
0.00000000e+00
2.25582705e-01
5.53281710e-01
-5.66257018e-01
2.63897609e-01
-2.48758938e+00
1.47102605e-01
2.67861012e-01
1.53608249e-01
1.00746636e-01
0.00000000e+00
3.96558337e-01
-1.72474705e-01
-1.11093602e+00
7.25892689e-01
1.24898652e-01
2.71695317e-01
2.53445845e-01
-6.95584900e-01
1.43703708e-02
3.00144151e-01
-1.42933206e+00
0.00000000e+00
0.00000000e+00
0.00000000e+00
1.69357909e-01
6.76610110e-01
-7.08454044e-01
-2.86332499e-02
-1.68000500e+00
4.47527295e-01
4.48837910e-01
2.83951233e-01
3.01747118e-01
0.00000000e+00
4.64815770e-01
1.33030522e-01
-1.17709233e+00
5.93739454e-01
7.96486659e-02
2.53302443e-01
-4.58660413e-02
-1.79583610e+00
-3.01093187e-01
4.55079466e-01
12 1
-7.2286e-01 4.8382e-01
8 1
0 1 7 5 2 9 10 6 
217
7.79469805e-02
1.53614044e-01
-3.34062781e-01
-1.31147881e-01
2.32410986e-01
-3.95197124e-01
-7.57069646e-02
-9.04135668e-02
-1.55557139e-01
7.91053507e-02
2.13023760e-02
4.42397097e-01
5.54977231e-02
1.53144552e+00
-1.73224664e-02
-1.29142609e-02
3.94682633e-01
2.86437745e-02
-5.92864269e-03
3.31184534e-01
1.00403836e-01
-4.83626079e-03
3.90252026e-01
-3.37781631e-02
3.76523773e-03
3.50294858e-01
0.00000000e+00
0.00000000e+00
1.05338470e+00
-1.15492903e-02
-6.46258361e-01
2.42186592e-01
4.08693190e-01
1.03098911e+00
0.00000000e+00
0.00000000e+00
0.00000000e+00
1.40828175e-01
-2.05394264e-01
-2.72840172e-01
-1.35633656e-01
-5.26294858e-02
1.91368862e-01
3.12550796e-01
7.20776129e-02
-2.05070694e-01
-2.26486901e-01
5.51316881e-01
1.67113979e-01
-2.20000687e-01
-1.03816231e-01
2.58230231e-01
0.00000000e+00
-2.80691277e-01
-3.76387595e-01
5.34107225e-01
0.00000000e+00
-3.78715189e-02
-1.35799898e-01
1.06868243e-01
-7.44111484e-02
1.77413124e-01
-1.24751721e-01
0.00000000e+00
-6.17875971e-01
-8.04834007e-01
5.36516455e-01
2.23611204e-01
1.70371950e-01
5.62951533e-01
0.00000000e+00
-4.57887683e-01
-4.95567801e-01
3.18458007e-01
-2.43117544e-02
2.89573950e-01
3.70762448e-01
0.00000000e+00
-1.96291385e-02
-4.86662877e-01
8.17532467e-02
-1.26523002e-01
-1.06119571e-01
-5.32149558e-02
0.00000000e+00
3.20046415e-01
-6.57190157e-03
-1.03553040e-01
-4.29175984e-01
-1.11864172e-01
-4.05137765e-03
0.00000000e+00
-5.82326173e-01
-3.50419575e-01
5.37805947e-01
-2.43567920e-02
1.31747824e-01
-4.61704909e-02
0.00000000e+00
2.06888044e-01
1.67205186e-01
-1.56248862e-01
-6.33765791e-02
6.67555653e-02
-6.52111245e-02
0.00000000e+00
1.27561068e-01
-3.56010375e-01
-1.97408634e-01
-1.74624488e-01
-4.96414544e-02
-4.02390281e-02
0.00000000e+00
-3.10032310e-01
-1.40020352e-01
4.92159634e-01
-2.83937610e-01
2.85166545e-01
3.77183619e-02
-7.20584724e-01
-4.89548387e-01
-1.01816224e+00
0.00000000e+00
0.00000000e+00
0.00000000e+00
9.82856053e-02
3.79749630e-01
-3.83199375e-01
-3.42042094e-01
-1.27501832e+00
-2.26229058e-01
-6.37945331e-02
8.45983499e-02
4.01474893e-01
0.00000000e+00
6.57568277e-01
-2.27070452e-01
-1.32948532e+00
1.13220546e+00
-5.04709201e-02
1.56164534e-01
-9.18032129e-02
-3.69971245e-01
2.40335497e-01
1.90540051e-01
-2.35567570e-01
0.00000000e+00
0.00000000e+00
0.00000000e+00
1.83261522e-01
2.58858903e-01
-1.69039249e-01
3.04927724e-01
-1.20238702e+00
2.21419250e-01
1.85111575e-01
1.88721365e-01
6.99700515e-03
0.00000000e+00
-5.74327771e-02
6.57780701e-02
3.13543131e-02
4.42642432e-02
1.60770663e-01
7.03755317e-02
-2.43986450e-01
-3.00691289e-01
-2.86932925e-01
3.03061979e-01
-1.14450725e+00
0.00000000e+00
0.00000000e+00
0.00000000e+00
-3.97746225e-01
3.88996390e-01
-1.09471248e+00
-2.29040464e-01
-1.36599184e+00
7.14127380e-02
6.04347278e-02
7.72535605e-01
9.22919085e-02
0.00000000e+00
5.15123167e-01
-4.45073882e-02
-1.08201634e+00
6.65606249e-01
-3.17341793e-01
6.27269570e-01
2.93451203e-01
-6.00997605e-01
4.82036077e-01
1.86892478e-02
-1.92156457e-01
0.00000000e+00
0.00000000e+00
0.00000000e+00
4.63130978e-01
2.56383807e-01
3.86055447e-03
1.37587386e-01
-6.45287435e-01
7.20793141e-02
3.83851688e-01
-1.59954762e-01
-2.01655053e-01
0.00000000e+00
-6.44274201e-02
4.36939747e-01
-4.27933307e-01
1.99826344e-01
3.15836467e-03
9.29270863e-02
-2.48942486e-01
-4.73222225e-01
-2.35061518e-01
2.14582479e-01
136
-3.32607268e-02
-3.52671435e-02
-7.43239778e-03
-4.81329014e-01
4.85437459e-03
1.37010523e-01
-4.10467332e-05
3.46324907e-01
7.69275236e-04
0.00000000e+00
0.00000000e+00
5.31575509e-01
4.79034293e-02
-1.81810010e-02
4.84716326e-01
2.31700751e-01
3.99852246e-01
0.00000000e+00
0.00000000e+00
1.13921687e-01
1.26265586e-01
-1.65057052e-01
-2.01543574e-01
-1.52472200e-01
-6.83762936e-02
1.61500608e-02
2.97851059e-01
-1.49987816e-01
3.80114349e-02
-3.51388442e-01
7.71815368e-01
1.86632880e-01
7.83153561e-02
-4.05584500e-01
1.40265541e-01
0.00000000e+00
1.49279158e-01
-4.32156259e-01
4.49256018e-01
0.00000000e+00
-4.42550076e-03
-2.18044632e-01
-3.47765470e-01
0.00000000e+00
0.00000000e+00
0.00000000e+00
0.00000000e+00
-1.16329841e+00
2.74081104e-02
-2.27469822e-01
-4.41676333e-01
0.00000000e+00
3.99947100e-01
2.06154960e-01
2.23904484e-01
-2.48165752e-01
0.00000000e+00
5.00967271e-01
7.54174214e-03
1.90691740e-01
-1.19786537e-01
4.08873942e-02
1.99737534e-01
-2.55966897e-01
9.09598771e-02
-4.38230352e-02
0.00000000e+00
6.50270173e-02
-1.36912729e-02
1.73427886e-01
-4.04388170e-01
0.00000000e+00
-1.66202611e-01
-1.73841593e-01
-2.49111186e-02
-2.84982676e-02
4.23807609e-02
-2.77124365e-01
-3.04073353e-01
-2.92764836e-02
-2.78129448e-01
-9.61375583e-01
9.80748827e-01
-1.78191892e-01
4.30255871e-01
-3.84124196e-01
-4.97415936e-01
-5.35823871e-01
-1.29674478e+00
0.00000000e+00
0.00000000e+00
0.00000000e+00
2.15071608e-01
6.09424704e-01
-5.79619948e-01
1.91088706e-01
-2.31000133e+00
1.21039907e-01
2.26900307e-01
1.96869955e-01
1.25919970e-01
0.00000000e+00
3.96357912e-01
-2.17356922e-01
-1.17954424e+00
6.80189609e-01
1.34235078e-01
3.28219271e-01
2.97044329e-01
-8.29433331e-01
-1.79084715e-02
3.14758103e-01
-1.43830700e+00
0.00000000e+00
0.00000000e+00
0.00000000e+00
1.23434910e-01
6.42408693e-01
-7.12822578e-01
3.75701869e-02
-1.55993744e+00
4.87677612e-01
3.95390555e-01
3.17983290e-01
3.86248180e-01
0.00000000e+00
4.93916086e-01
1.13984925e-01
-1.18612118e+00
4.99881773e-01
6.16510357e-03
2.64709587e-01
-6.86149047e-02
-1.81785819e+00
-3.45434881e-01
4.83111278e-01
13 1
-9.7411e-01 5.1228e-01
8 1
0 1 7 5 2 9 10 6 
217
-2.13612723e-01
1.92777690e-01
-2.47387002e-01
-3.37053354e-01
-1.47190548e-01
2.57510770e-01
9.74257722e-02
-2.38905500e-01
-3.77827732e-02
-3.11532501e-01
-1.97264277e-01
6.46865907e-01
7.11991025e-02
3.77037191e-01
0.00000000e+00
0.00000000e+00
0.00000000e+00
1.03165845e-01
-1.93315701e-03
2.01829402e-01
-3.10858395e-01
5.93659786e-03
3.27983904e-01
5.70539678e-01
1.89346449e-03
2.10556464e-01
0.00000000e+00
0.00000000e+00
6.62437654e-01
-2.57477404e-01
1.78660687e-01
2.31790953e-01
7.10070903e-01
1.38734653e+00
0.00000000e+00
0.00000000e+00
0.00000000e+00
-1.47775216e-01
-3.25338726e-01
-3.05055231e-01
-1.35540829e-01
-6.42503569e-02
1.96122672e-01
4.33711653e-01
-4.48161453e-01
-2.43946332e-01
-4.42421922e-01
8.84851961e-01
2.25363664e-01
1.06250591e-01
-3.16850788e-01
7.29391514e-02
0.00000000e+00
-2.93602592e-01
1.27531039e-01
2.35655757e-01
0.00000000e+00
-1.62825041e-02
3.24873355e-01
-4.24019258e-01
-5.39645309e-01
9.65976810e-02
9.49215936e-02
0.00000000e+00
-3.53701141e-01
-4.37895210e-01
1.46102930e-01
4.83860875e-01
1.75743844e-01
2.25155681e-01
0.00000000e+00
-5.74755062e-01
1.77838623e-02
4.94373288e-01
-5.49333725e-02
-3.18139916e-02
5.88910457e-01
0.00000000e+00
-1.85886935e-01
-1.55938192e-01
1.61717881e-01
-2.91292958e-01
-1.89443670e-01
-1.41667218e-01
0.00000000e+00
4.90822651e-02
-1.43745966e-03
1.84978792e-02
-3.18205008e-01
-7.01354755e-02
-4.93643788e-03
0.00000000e+00
-2.49424619e-01
3.61095494e-02
1.43829017e-01
-2.42051069e-01
-1.08017121e-01
9.76703345e-02
0.00000000e+00
1.21826215e-01
-9.68446044e-02
-1.87438348e-01
2.06738322e-02
6.51028117e-02
4.11774684e-02
0.00000000e+00
1.63432047e-01
-2.11369358e-01
-2.24306256e-01
-1.97942972e-01
-1.62785207e-01
-1.47317929e-01
0.00000000e+00
2.14236600e-01
-2.03523065e-01
8.01597576e-01
-2.78244102e-01
6.96472586e-01
9.12833751e-02
8.23263643e-02
-3.52917401e-02
-1.29346854e+00
0.00000000e+00
0.00000000e+00
0.00000000e+00
-1.20822468e-01
8.99830824e-01
-1.10251282e+00
-4.40695240e-01
-1.06316289e+00
-1.12532300e+00
2.22347831e-01
4.24966689e-02
7.51816619e-01
0.00000000e+00
-1.94585043e-01
-4.58115808e-01
-9.92445500e-01
1.21454049e+00
1.23605693e-01
1.68300181e-01
7.63111399e-01
-5.16163411e-01
1.06031290e-01
4.28276634e-01
-3.02324439e-02
0.00000000e+00
0.00000000e+00
0.00000000e+00
4.44340497e-01
1.23012227e-01
2.35084671e-01
2.44772210e-01
-1.31376867e+00
4.82092220e-01
-5.06175196e-02
-5.55043963e-02
-2.28737536e-01
0.00000000e+00
3.95283719e-01
-1.57390776e-01
4.38461938e-02
1.80200984e-03
1.77175979e-01
8.20341886e-02
-1.13886285e-01
-2.43616989e-01
-1.39052327e-01
4.28981357e-02
-1.65256925e+00
0.00000000e+00
0.00000000e+00
0.00000000e+00
-3.65540240e-01
6.68016556e-01
-1.10306706e+00
9.46331892e-01
-7.87569030e-01
9.75756941e-01
6.07215769e-01
-1.07383843e-01
9.38224066e-02
0.00000000e+00
6.40817461e-01
7.76764844e-01
-1.01186968e+00
6.13301822e-02
-6.93507491e-01
-7.77800681e-01
-5.68388042e-01
-1.12388254e+00
-6.74001203e-01
7.90384507e-01
-1.49148029e-02
0.00000000e+00
0.00000000e+00
0.00000000e+00
2.87933072e-01
2.25345712e-01
1.11976358e-01
-2.94439534e-01
-4.97190918e-01
-4.44295314e-01
-2.90141113e-01
1.71656578e-01
4.47759193e-01
0.00000000e+00
-6.19740609e-02
-4.60241563e-01
-1.84026349e-01
1.67775775e-01
2.75708156e-01
5.28497574e-01
6.86181103e-02
-1.73972914e-01
2.09709090e-01
-1.03612655e-01
136
-9.36510400e-02
-8.08622411e-02
-4.03646807e-03
-1.11314212e-03
1.31887962e-03
3.99943510e-02
-3.87012857e-03
-5.16700078e-02
2.95453332e-03
0.00000000e+00
0.00000000e+00
8.73509790e-01
3.35603658e-01
7.50340183e-03
7.70676631e-01
7.12698884e-01
6.25553670e-01
0.00000000e+00
0.00000000e+00
2.27030175e-01
-4.11299472e-02
-2.38139923e-01
-2.31777730e-01
-1.55974930e-01
-3.55697452e-02
7.09172885e-02
3.10993772e-01
-3.19165541e-01
3.51910227e-01
-3.67574906e-01
9.16049891e-01
7.01395582e-02
2.49301276e-01
-5.92729198e-01
2.42109034e-01
0.00000000e+00
1.83413719e-01
-5.81005485e-01
4.19697381e-01
0.00000000e+00
2.00189535e-01
-5.62393375e-01
-3.99797210e-01
0.00000000e+00
0.00000000e+00
0.00000000e+00
0.00000000e+00
-1.95272222e+00
-1.52067299e-01
-4.11286968e-01
-4.21414837e-01
0.00000000e+00
9.42883683e-01
3.13411310e-01
3.42418393e-01
-3.07274722e-01
7.54422254e-02
5.78198401e-01
4.67081343e-02
2.08368048e-01
-1.24290962e-01
1.07925722e-02
2.72890249e-01
-1.93626530e-01
1.23612050e-01
-4.77932461e-02
0.00000000e+00
2.12710642e-01
-6.98061136e-02
2.71150942e-01
-5.49044071e-01
0.00000000e+00
-3.10036669e-01
-2.00436089e-01
-5.82153811e-02
-5.68165375e-02
1.71173194e-01
-6.34959422e-01
-3.80832000e-01
-9.34367069e-02
-2.02231467e-01
-1.42304279e+00
1.34456223e+00
7.08501218e-02
4.16455220e-01
-2.54615259e-01
-4.90361313e-01
-5.62521097e-01
-1.31132221e+00
0.00000000e+00
0.00000000e+00
0.00000000e+00
2.09882620e-01
5.16461201e-01
-5.49843262e-01
2.46695706e-01
-2.47411927e+00
1.15101929e-01
3.07998334e-01
2.38191889e-01
1.65812686e-01
0.00000000e+00
4.17135363e-01
-1.91953642e-01
-1.19964400e+00
7.21684645e-01
9.33203759e-02
3.39685433e-01
1.89701663e-01
-7.90278117e-01
-4.28349654e-03
3.37127735e-01
-1.43966124e+00
0.00000000e+00
0.00000000e+00
0.00000000e+00
1.78396626e-01
6.27785720e-01
-7.15223542e-01
-2.09122608e-02
-1.62106003e+00
4.10667840e-01
4.26777787e-01
3.59437317e-01
2.76446333e-01
0.00000000e+00
4.43934518e-01
2.06676083e-01
-1.27954053e+00
6.08354178e-01
6.00071910e-02
2.65798644e-01
-1.16645517e-02
-1.83510592e+00
-3.18712728e-01
4.98276080e-01
8 2
-9.6125e-01 5.1648e-01
8 -1
0 1 7 5 2 9 10 6 
217
-1.68391403e-01
-2.11337664e-01
5.29814929e-02
-1.19498188e-01
-3.35649862e-01
2.98934168e-01
-8.86788434e-02
-3.93017565e-02
2.70043514e-01
-4.97884730e-01
-9.41811234e-02
2.60881853e-01
8.00749124e-02
5.92533961e-01
2.89741602e-01
1.76548881e-03
2.95421994e-01
2.32359707e-01
1.41181571e-04
1.13109427e-01
1.48023589e-01
-4.91341760e-03
2.47886031e-01
-8.38516301e-01
3.78372478e-03
4.47910506e-01
0.00000000e+00
0.00000000e+00
1.12023245e+00
4.81281737e-02
2.52031362e-01
5.47795365e-01
3.60875347e-01
2.29864362e-01
0.00000000e+00
0.00000000e+00
0.00000000e+00
-3.30714356e-01
-3.11164485e-01
-2.17054862e-01
-1.05564868e-01
2.13841009e-02
3.23034030e-01
3.90369410e-01
-2.70947598e-01
-3.17903073e-01
-3.38664577e-01
7.15914504e-01
3.07739100e-01
-3.33503590e-01
-9.46347522e-02
2.62096175e-02
0.00000000e+00
3.00047153e-02
-6.25962251e-01
5.32691381e-01
0.00000000e+00
1.52969943e-01
2.59448184e-01
-3.03494650e-01
-3.65154100e-01
2.78549111e-01
-1.43106041e-01
0.00000000e+00
-8.38728157e-02
-1.78859353e-01
2.81381098e-01
8.41230158e-02
2.21507749e-01
8.09785093e-02
0.00000000e+00
-3.39898858e-01
-4.69130586e-02
3.90212710e-02
9.79790405e-02
1.32486185e-01
4.59908487e-01
0.00000000e+00
-2.86449498e-01
-9.32141825e-02
8.18901289e-02
-2.45854524e-01
3.61679661e-02
8.67521135e-02
0.00000000e+00
3.66073201e-01
9.53711570e-02
-2.09372760e-02
-2.01908792e-01
1.58336243e-01
-5.22350253e-02
0.00000000e+00
-4.14925214e-01
-5.35072328e-01
2.40267190e-01
1.85872586e-02
6.26662159e-03
4.11554907e-02
0.00000000e+00
2.88940179e-01
-7.97893127e-02
2.27773786e-01
-4.04385075e-01
3.50144448e-03
-2.28202529e-01
0.00000000e+00
8.64291605e-02
-3.49401597e-01
-1.84609214e-01
-2.26721797e-01
-7.02113493e-02
-2.08787886e-02
0.00000000e+00
5.15331272e-01
-1.96451425e-01
1.09520953e+00
-1.91719188e-01
6.66689998e-01
-1.38743169e-01
-4.59754682e-01
-3.18008607e-01
-1.05774907e+00
0.00000000e+00
0.00000000e+00
0.00000000e+00
2.46549631e-01
6.25007397e-01
2.23549984e-02
3.32319331e-02
-1.52442502e+00
-1.43132978e-01
3.52424924e-01
1.05833691e+00
9.88984888e-02
0.00000000e+00
5.03398508e-01
-1.25647555e+00
-1.50578655e+00
8.29387079e-01
1.77042864e-01
-3.76064760e-01
4.92246725e-02
-1.18747461e+00
1.48430476e-01
7.91322516e-01
-1.92683260e-01
0.00000000e+00
0.00000000e+00
0.00000000e+00
1.01344695e-02
-7.34212224e-02
-5.70068149e-01
2.33111062e-01
-6.31561315e-01
3.26988654e-01
-2.97599279e-02
-5.28861712e-01
1.22562230e-02
0.00000000e+00
-6.13292371e-02
4.96933745e-01
3.85572007e-01
-5.14951966e-02
9.07427473e-02
2.49952833e-01
-4.04609169e-02
-1.50664840e-01
2.74569420e-01
-1.35321904e-01
-1.11627569e+00
0.00000000e+00
0.00000000e+00
0.00000000e+00
1.27056639e-03
3.90635412e-01
-4.88901280e-01
-6.48886338e-01
3.07720308e-01
-9.47798980e-02
4.36404840e-01
3.04809926e-01
-4.84999569e-01
0.00000000e+00
5.26473342e-01
8.67817583e-01
-1.35868135e+00
4.59404087e-01
-4.74463945e-01
3.54747800e-01
-4.52815927e-01
-9.31705247e-01
-1.17401742e-01
2.87075736e-01
-2.08145710e-01
0.00000000e+00
0.00000000e+00
0.00000000e+00
1.02519641e-01
1.87194150e-01
-9.31010961e-02
2.96389658e-01
-5.83295589e-01
3.44068831e-03
-2.60855512e-02
-1.04982006e-02
4.96891532e-01
0.00000000e+00
-1.23245022e-01
-5.72483782e-01
-2.07814496e-01
-8.40634125e-02
2.53290235e-01
1.18097170e-01
1.95987751e-01
-3.55475153e-02
-2.28629301e-01
1.02807432e-01
136
-4.99115698e-01
6.09413562e-03
-7.39588074e-03
-1.81587977e-01
-2.52530642e-03
-2.05216883e-02
-3.51525682e-03
-3.03100168e-01
-5.10484819e-03
0.00000000e+00
0.00000000e+00
1.04281814e+00
7.05075965e-01
5.72494447e-01
1.10416267e+00
6.77128042e-01
5.49620821e-01
0.00000000e+00
0.00000000e+00
5.07049379e-01
-2.55886639e-02
-2.48732850e-01
-2.88632387e-01
-2.59765808e-01
-1.58713498e-01
-7.22126776e-02
4.74808082e-02
-9.95307971e-02
4.18060733e-01
-3.43628434e-01
9.12766664e-01
2.63603744e-01
3.14078480e-01
-6.33038211e-01
1.42547120e-01
7.28838348e-02
4.05628411e-01
-6.53975765e-01
2.33368561e-01
0.00000000e+00
-9.44871856e-02
-8.05442954e-01
-6.54878305e-01
0.00000000e+00
0.00000000e+00
0.00000000e+00
0.00000000e+00
-1.82415288e+00
-6.46875412e-02
-4.09384202e-01
-4.67844133e-01
0.00000000e+00
1.42090006e+00
3.91227520e-01
4.89309812e-01
-2.59411281e-01
0.00000000e+00
9.45573208e-01
1.44871467e-01
3.00054759e-01
-1.61808115e-01
-4.89895244e-02
1.51178930e-01
-2.37452384e-01
1.48169517e-01
4.37073310e-02
0.00000000e+00
4.55388058e-01
8.36886804e-03
2.63346465e-01
-4.24486945e-01
0.00000000e+00
-9.18959341e-01
-3.15591496e-01
-1.71758874e-01
-4.65148106e-03
0.00000000e+00
-7.58166787e-01
-3.38828603e-01
-1.20250794e-01
-1.77032413e-01
-1.52568709e+00
1.42156519e+00
6.02071400e-02
4.49144925e-01
-3.13653862e-01
-4.37003327e-01
-4.99987347e-01
-1.33194771e+00
0.00000000e+00
0.00000000e+00
0.00000000e+00
2.61397190e-01
5.95301580e-01
-5.84196666e-01
1.93878433e-01
-2.50296870e+00
6.35862984e-02
2.72682195e-01
1.83699670e-01
1.81094273e-01
0.00000000e+00
3.73607454e-01
-2.24548837e-01
-1.17654677e+00
7.64480458e-01
1.05135693e-01
3.74461073e-01
2.92150527e-01
-7.59756405e-01
-4.69669823e-02
3.01561801e-01
-1.49368414e+00
0.00000000e+00
0.00000000e+00
0.00000000e+00
2.20743047e-01
6.83623300e-01
-7.03144304e-01
1.24871575e-01
-2.20154112e+00
5.10868886e-01
4.40159254e-01
3.77536191e-01
3.76910988e-01
0.00000000e+00
4.91890003e-01
2.65987536e-02
-1.26674555e+00
6.02858364e-01
1.13554890e-01
3.38573844e-01
-2.77798502e-02
-1.84144513e+00
-2.82427184e-01
5.21209904e-01
4 2
-1.1981e+00 5.3567e-01
8 -1
0 1 7 5 2 9 10 6 
217
5.17035660e-01
2.00752522e-02
-4.41873431e-01
-2.97147327e-01
1.05325206e-01
1.99962361e-01
1.41330775e-01
3.53646088e-01
5.03805646e-01
-1.60832523e-01
2.45300946e-01
-2.59292508e-01
-4.78726913e-01
2.26561096e-01
-4.99028781e-01
8.84822189e-03
4.28708056e-01
1.82242418e-01
3.08142523e-04
-5.19873941e-02
-1.97989121e-01
8.08558354e-03
3.86276372e-02
1.03181114e+00
-1.45042323e-02
-8.53665336e-02
0.00000000e+00
0.00000000e+00
6.70687106e-01
-3.79118377e-02
3.39155399e-01
4.28615012e-01
-4.83787257e-02
4.83417833e-01
0.00000000e+00
0.00000000e+00
0.00000000e+00
-1.16466724e-01
-1.45726732e-01
-1.46555096e-01
-2.33013600e-02
1.25116410e-01
3.36815556e-01
3.94631624e-01
-2.11052173e-01
-2.42923701e-02
-2.30302335e-03
4.72697503e-01
0.00000000e+00
2.25686221e-02
-1.38805904e-01
1.13834603e-01
0.00000000e+00
-2.95110765e-01
-1.28268120e-01
3.82574161e-01
0.00000000e+00
1.22140581e-01
2.10305543e-01
-9.34903083e-02
1.43154213e-01
3.70529828e-01
-8.91703637e-02
0.00000000e+00
-1.83886367e-01
-4.20417529e-01
4.82050983e-01
1.73886146e-01
2.18871043e-01
6.46887596e-01
0.00000000e+00
6.48806300e-02
-1.20524934e-01
6.15328508e-01
-5.01437255e-02
2.01215947e-01
-5.62267371e-02
0.00000000e+00
1.01539085e-01
-4.83908989e-04
2.61923162e-01
-1.25682631e-01
6.85717579e-02
-4.69562211e-02
0.00000000e+00
3.36727080e-01
-2.91801913e-01
1.94886783e-01
-5.45861534e-01
-1.45782033e-02
-3.86932563e-02
0.00000000e+00
-2.11872268e-01
-5.67761958e-01
5.76939437e-01
-9.53994476e-02
4.55305509e-01
1.63871318e-01
0.00000000e+00
4.19025252e-01
-2.26993937e-01
7.98891680e-02
1.26739318e-01
1.81212396e-02
-1.54859696e-01
0.00000000e+00
6.31139725e-02
-3.56548439e-01
2.75800519e-01
-4.70572878e-01
4.26868690e-02
-3.95094517e-02
0.00000000e+00
-3.04857839e-01
9.75045641e-03
4.87244899e-01
-4.54320234e-01
3.34648600e-01
1.45169936e-01
-4.53368650e-01
-3.07200841e-01
-1.08216875e+00
0.00000000e+00
0.00000000e+00
0.00000000e+00
4.88722147e-02
3.66786910e-01
-1.10340316e+00
2.90357946e-01
-1.16577169e+00
4.69004526e-01
6.78737257e-02
-1.05104972e-01
1.83264107e-01
0.00000000e+00
3.68540237e-01
6.83598737e-02
-9.51603264e-01
1.06035206e+00
5.05927435e-01
5.19705541e-01
-1.74512495e-01
-1.84084721e+00
-5.94379857e-02
3.69467445e-01
-2.31208068e-01
0.00000000e+00
0.00000000e+00
0.00000000e+00
2.05064002e-01
2.62024861e-01
6.76866839e-02
-2.17089780e-01
-7.37121677e-01
1.02853526e-01
8.94699769e-03
1.17738384e-01
-2.44851034e-02
0.00000000e+00
8.79299069e-02
-3.98822824e-01
-2.61383933e-01
-1.09058512e-01
4.06528421e-05
1.45425807e-01
1.80888209e-01
1.08287350e-01
1.49391059e-02
2.14928276e-01
-1.47197190e+00
0.00000000e+00
0.00000000e+00
0.00000000e+00
1.15527897e-01
1.02155262e+00
-2.88517850e-01
4.07221135e-01
-1.93274281e-01
4.96429734e-01
7.02612672e-01
9.24513167e-01
2.76327270e-01
0.00000000e+00
4.33102428e-01
-8.14455095e-02
-9.23050791e-01
1.23934616e+00
7.45858428e-02
7.38783316e-01
-1.02190718e-01
-1.11039563e+00
8.73637356e-02
4.50639403e-01
-5.60609396e-01
0.00000000e+00
0.00000000e+00
0.00000000e+00
4.76777268e-01
4.23907203e-01
1.74006325e-01
2.38857592e-01
-1.66016415e-01
4.37730334e-01
4.07230711e-01
3.33453982e-01
5.99422481e-01
0.00000000e+00
6.43309676e-01
3.07203399e-01
5.61255096e-01
2.25060769e-01
-8.66113203e-02
3.69176225e-01
6.96004183e-01
1.76434413e-01
5.32722320e-01
6.89146945e-01
136
-1.36005303e-01
-4.77975679e-01
1.03309164e-02
4.05030248e-02
8.38454530e-04
2.07017735e-02
1.09685015e-03
2.80765579e-01
-3.25692582e-03
0.00000000e+00
0.00000000e+00
1.04408353e+00
5.67024573e-01
3.95395292e-01
8.73004782e-01
6.38666896e-01
4.95980189e-01
0.00000000e+00
0.00000000e+00
4.45951445e-01
-5.93249090e-02
-2.72848481e-01
-2.94168897e-01
-2.21619066e-01
-8.52881790e-02
5.55330429e-02
2.95759742e-01
-2.24601613e-01
4.77348419e-01
-4.23203751e-01
8.15316956e-01
1.20707836e-01
3.86891876e-01
-5.31824223e-01
1.70622798e-01
1.11038133e-01
3.63047446e-01
-6.66803478e-01
2.48713453e-01
0.00000000e+00
1.96067280e-01
-6.63084161e-01
-5.37924967e-01
0.00000000e+00
0.00000000e+00
0.00000000e+00
0.00000000e+00
-2.08960723e+00
-1.91024435e-01
-4.16458752e-01
-4.05673335e-01
0.00000000e+00
1.42001796e+00
5.18308715e-01
4.29811945e-01
-3.14737224e-01
1.55572112e-01
5.45283452e-01
7.04241847e-02
1.81772592e-01
-1.58478257e-01
-1.30191938e-01
1.42678392e-01
-1.76273135e-01
1.05312505e-01
7.57885530e-02
0.00000000e+00
3.57725385e-02
-8.66748772e-02
1.81809016e-01
-4.58713069e-01
0.00000000e+00
-4.93728084e-01
-2.29666025e-01
-9.31435906e-02
4.56574770e-02
2.25073665e-01
-7.44868440e-01
-3.63623447e-01
-1.23596105e-01
-2.15026007e-01
0.00000000e+00
1.55751459e+00
1.11855080e-01
4.45925596e-01
-2.76123897e-01
-4.34937891e-01
-4.32807886e-01
-1.34768463e+00
0.00000000e+00
0.00000000e+00
0.00000000e+00
2.24858248e-01
5.77596841e-01
-5.88277337e-01
2.20934184e-01
-2.54809361e+00
9.06791894e-02
2.89999498e-01
2.58424674e-01
1.70662829e-01
0.00000000e+00
3.68029180e-01
-1.92316883e-01
-1.17841520e+00
7.78793526e-01
7.01565408e-02
2.93627279e-01
1.94188363e-01
-7.36626471e-01
4.59529900e-02
3.12141537e-01
-1.44024785e+00
0.00000000e+00
0.00000000e+00
0.00000000e+00
1.59964868e-01
6.12546627e-01
-7.52329119e-01
8.48091943e-02
-1.52867859e+00
4.23658258e-01
4.37219957e-01
2.73379605e-01
3.77104774e-01
0.00000000e+00
4.08328140e-01
2.34892385e-01
-1.30201945e+00
5.87182256e-01
5.97260943e-02
2.83813842e-01
-1.83994545e-01
-1.73512502e+00
-3.42888508e-01
4.62161381e-01
