0 7 -999999999 -1 -1
1 1 0 -1 -1
0.2457 -0.5048
356
5.77723442e-01
2.19096455e-01
3.58626987e-01
6.91718754e-01
-1.59625005e-01
-6.10998262e-01
8.82536162e-01
0.00000000e+00
0.00000000e+00
1.09077020e+00
2.25651786e-01
-5.61848185e-01
1.02422006e+00
2.31638722e-01
1.30127758e-01
3.29952274e-01
0.00000000e+00
0.00000000e+00
0.00000000e+00
0.00000000e+00
0.00000000e+00
0.00000000e+00
0.00000000e+00
0.00000000e+00
0.00000000e+00
0.00000000e+00
0.00000000e+00
0.00000000e+00
0.00000000e+00
0.00000000e+00
0.00000000e+00
0.00000000e+00
0.00000000e+00
0.00000000e+00
0.00000000e+00
0.00000000e+00
0.00000000e+00
0.00000000e+00
0.00000000e+00
0.00000000e+00
0.00000000e+00
0.00000000e+00
0.00000000e+00
0.00000000e+00
0.00000000e+00
0.00000000e+00
0.00000000e+00
0.00000000e+00
0.00000000e+00
0.00000000e+00
0.00000000e+00
-5.14949146e-01
-5.17935888e-01
-6.11581709e-01
0.00000000e+00
0.00000000e+00
0.00000000e+00
0.00000000e+00
1.60632395e-01
5.05919031e-01
6.28205939e-01
-2.50465038e-01
3.44196566e-01
-1.00788241e+00
-5.55311458e-01
4.76931493e-02
0.00000000e+00
0.00000000e+00
0.00000000e+00
0.00000000e+00
0.00000000e+00
-4.05770775e-03
4.51184917e-02
-7.54281947e-01
-3.58852077e-01
1.77575868e-02
-2.66482307e-01
9.40633227e-01
4.07577339e-03
-3.33063150e-02
0.00000000e+00
0.00000000e+00
0.00000000e+00
0.00000000e+00
0.00000000e+00
0.00000000e+00
0.00000000e+00
3.07240064e-01
1.51044069e-01
1.19439309e-01
-6.55492253e-01
-2.12743269e-01
-2.08950118e-01
-2.86393463e-01
-1.21261431e-01
-2.97806016e-01
2.49312387e-01
1.21808598e-01
-1.45160400e-01
-7.70480045e-02
-1.28885401e-01
3.80068587e-01
0.00000000e+00
0.00000000e+00
2.57859394e+00
2.47704585e+00
0.00000000e+00
0.00000000e+00
0.00000000e+00
0.00000000e+00
0.00000000e+00
0.00000000e+00
-3.92827314e-01
-4.85986849e-01
2.68302217e-01
1.14281723e-01
-3.70491792e-01
-1.13414849e+00
5.15142941e-01
1.75648692e+00
3.17240139e-02
-1.33356951e+00
8.97076722e-01
-1.76463777e+00
7.22305363e-01
4.63048984e-01
-3.57647240e-03
-6.77191792e-01
-1.09737487e+00
-1.40875694e+00
4.74173033e+00
4.99786077e+00
4.77866673e+00
4.82460390e+00
5.32134988e+00
5.16593156e+00
1.62954662e-01
3.90736986e-01
4.88283454e-01
7.61133396e-01
2.58210321e-01
-2.82575021e-02
1.37453335e-02
2.84263697e-01
7.41226440e-02
3.83637484e-01
3.72474912e-01
4.52196981e-01
0.00000000e+00
0.00000000e+00
0.00000000e+00
0.00000000e+00
1.02223314e-01
3.13601343e+00
0.00000000e+00
0.00000000e+00
4.75500128e-01
-1.52277383e-01
0.00000000e+00
0.00000000e+00
-1.02356685e+00
-8.65408178e-01
-9.77303652e-01
-1.03391423e+00
-2.00087050e+00
0.00000000e+00
0.00000000e+00
0.00000000e+00
8.96873960e-01
7.21909720e-01
-1.18877529e+00
6.24447491e-01
-1.91608704e+00
4.10544403e-02
4.90565365e-01
1.45134456e+00
1.37079930e-01
0.00000000e+00
6.65671652e-01
-8.74187104e-01
-1.68242476e+00
-4.93054880e-01
1.09661470e+00
1.19660785e+00
3.53341382e-02
-3.17024832e+00
-9.76475582e-01
9.42878664e-01
9.46305682e-01
0.00000000e+00
0.00000000e+00
0.00000000e+00
5.32841435e-02
1.94552597e-01
1.23209202e-01
-2.64858255e-02
2.54060663e-01
-9.92903725e-03
-2.68660649e-03
-3.16343722e-01
-1.97417694e-01
0.00000000e+00
2.07306255e-03
-5.24717584e-01
9.26959140e-02
4.52558303e-01
-2.02008705e-02
-5.64814348e-02
-5.99976290e-02
5.42625850e-01
3.87928530e-01
5.75778199e-02
-7.98830826e-01
-4.21895830e-01
0.00000000e+00
0.00000000e+00
-6.43402948e-02
6.08041114e-02
-1.16024869e-01
-3.66675072e-01
-6.90072033e-01
0.00000000e+00
0.00000000e+00
0.00000000e+00
-2.68722427e-01
2.02152439e-01
-1.40507349e-01
2.35727329e-02
-5.40560776e-01
6.52870323e-02
7.25268469e-02
4.78139268e-01
-2.72474361e-02
0.00000000e+00
-3.26095269e-01
4.22785970e-01
1.85025958e-02
-4.79600946e-01
1.74179547e-01
-1.06748111e-01
8.11879551e-02
-1.51983462e-01
-3.29200634e-01
1.42259991e-01
-3.76934996e-01
0.00000000e+00
0.00000000e+00
-2.26397290e-02
-1.20203967e+00
-6.01671019e-01
0.00000000e+00
0.00000000e+00
0.00000000e+00
1.46878769e-01
-1.72931458e-01
-5.75618330e-01
-6.00368656e-01
0.00000000e+00
0.00000000e+00
0.00000000e+00
-1.89932241e+00
0.00000000e+00
0.00000000e+00
0.00000000e+00
-4.61345603e-01
1.55306347e+00
-1.43410788e+00
5.29168791e-02
-7.18922363e-01
4.12178272e-01
-9.29753913e-02
-2.60454423e-01
1.62323179e-01
0.00000000e+00
-5.97954335e-01
1.02339729e+00
-1.05042260e-01
1.05048688e+00
-2.23743098e+00
-2.03535155e-01
-2.83082048e-02
-1.25003348e+00
9.68271120e-01
2.68150574e-01
2.37411947e-01
0.00000000e+00
0.00000000e+00
0.00000000e+00
6.55725337e-02
2.29626076e-01
2.99939301e-01
7.23919937e-02
6.33661615e-01
-8.04972957e-02
3.08123685e-01
-1.15602314e-01
2.92920524e-01
0.00000000e+00
-1.87511991e-01
-6.76626853e-01
1.18538233e-01
-1.83170956e-01
-6.23280798e-01
-6.37067941e-02
-8.34072653e-02
1.43824541e-01
1.61515130e-01
-7.48974180e-02
-8.09385896e-01
-2.90326479e-01
0.00000000e+00
1.53683916e+00
-2.81595641e-01
1.50091339e-02
-9.64914457e-02
-2.08844167e-01
-1.03469886e-01
0.00000000e+00
0.00000000e+00
0.00000000e+00
-2.42138719e-01
-2.97488695e-01
-1.13409864e-01
2.75591204e-01
2.99504003e-01
-9.12481478e-02
-1.86441867e-01
-5.39272107e-01
2.22666818e-01
0.00000000e+00
5.47745107e-01
7.12157523e-02
-7.68468695e-02
2.99272953e-01
5.69662722e-01
1.64586796e-01
6.31467404e-02
-4.35287233e-01
-2.53267132e-01
-3.81461347e-01
-5.19059417e-01
-3.56211931e-01
2.24690517e+00
-8.95292109e-01
-1.08993652e+00
-5.75081699e-01
0.00000000e+00
1.44607454e+00
-5.45766204e-01
-5.49091512e-02
-2.14972217e-01
-3.05200330e-01
-5.14854818e-01
4.58435245e-01
1.86716088e+00
-2.21099230e+00
247
1.10224059e-01
1.10224059e-01
0.00000000e+00
1.06183849e+00
-9.51614428e-01
-1.94230634e+00
-6.26481772e-01
1.49122074e+00
0.00000000e+00
0.00000000e+00
-8.50531865e-02
6.18156335e-01
3.96259813e-01
8.99459375e-01
0.00000000e+00
0.00000000e+00
0.00000000e+00
0.00000000e+00
0.00000000e+00
0.00000000e+00
0.00000000e+00
0.00000000e+00
0.00000000e+00
0.00000000e+00
0.00000000e+00
0.00000000e+00
0.00000000e+00
0.00000000e+00
0.00000000e+00
0.00000000e+00
0.00000000e+00
0.00000000e+00
0.00000000e+00
0.00000000e+00
0.00000000e+00
0.00000000e+00
0.00000000e+00
0.00000000e+00
0.00000000e+00
0.00000000e+00
0.00000000e+00
0.00000000e+00
0.00000000e+00
2.95152814e+00
-1.15779183e-02
-2.57824668e+00
2.97413592e-02
-2.63057405e-01
5.91718552e-03
0.00000000e+00
0.00000000e+00
0.00000000e+00
0.00000000e+00
0.00000000e+00
0.00000000e+00
0.00000000e+00
2.05834952e-01
4.97356878e-01
-5.92967771e-01
2.87176367e+00
3.23209471e+00
0.00000000e+00
0.00000000e+00
0.00000000e+00
0.00000000e+00
0.00000000e+00
0.00000000e+00
-1.49265154e-01
-2.35464785e-01
9.48216084e-02
-3.47465034e-01
-8.16488829e-01
-1.30767742e+00
1.40855027e+00
1.18342850e+00
0.00000000e+00
-3.09614352e-01
0.00000000e+00
-1.17107232e+00
-2.82689232e-02
-4.59952178e-01
-1.44298521e-01
-8.57990568e-01
-5.62891370e-01
-6.54984212e-01
6.87426345e+00
7.19534327e+00
7.17660656e+00
7.21575648e+00
7.70162949e+00
7.33862200e+00
1.06339803e+00
6.39054595e-01
7.01758410e-01
1.36825915e+00
6.50218194e-01
7.45875582e-01
2.97475245e-01
3.35141301e-01
-3.34610128e-01
-1.55745665e-02
3.15787624e-02
3.78291679e-01
0.00000000e+00
-4.13484874e-01
4.37233444e+00
0.00000000e+00
5.23708933e-01
-3.68281821e-01
0.00000000e+00
0.00000000e+00
-1.22633597e+00
-1.53520364e+00
-9.19861675e-01
-2.20200897e+00
-2.76153961e+00
0.00000000e+00
0.00000000e+00
0.00000000e+00
7.58270905e-01
2.06110452e-01
-9.80011676e-01
4.26193933e-01
-1.75376145e+00
-8.51153350e-02
3.22198269e-02
6.97547763e-01
-3.09024759e-01
0.00000000e+00
7.33791373e-01
-5.74392272e-01
-1.10009238e+00
-5.52449188e-01
1.67033492e+00
6.75786671e-01
3.07659986e-01
-3.03826288e+00
-9.04019242e-01
1.02767373e+00
-1.26231651e+00
-6.85470241e-01
0.00000000e+00
0.00000000e+00
2.11918038e-01
5.16798122e-01
0.00000000e+00
0.00000000e+00
0.00000000e+00
1.95897731e-01
3.03109879e-01
1.70104536e-01
1.05824581e-01
1.19936494e-01
-1.13275370e-01
1.44354230e-01
-5.33731952e-02
3.23830683e-01
0.00000000e+00
1.00840464e-01
-4.00014231e-02
1.09669609e-01
4.78229465e-01
-2.20901651e+00
2.65246703e-01
-1.45236972e-01
5.04085719e-01
4.96648503e-01
-2.40077005e-01
-5.76846267e-01
0.00000000e+00
0.00000000e+00
-3.94072518e-01
-1.49922310e+00
-5.40865725e-01
0.00000000e+00
0.00000000e+00
0.00000000e+00
-9.58357377e-01
0.00000000e+00
0.00000000e+00
0.00000000e+00
-3.12187065e+00
0.00000000e+00
0.00000000e+00
0.00000000e+00
7.26284812e-01
-1.07801034e+00
-1.26166040e-01
1.26089780e+00
0.00000000e+00
9.57876735e-01
1.77188386e+00
1.10310308e+00
1.36472659e+00
0.00000000e+00
1.11444773e+00
1.98356240e+00
1.12154809e+00
1.15635765e+00
7.68269746e-02
9.31712012e-01
6.86602247e-01
0.00000000e+00
1.84846954e+00
1.77949742e+00
-9.66960388e-01
-9.67902422e-01
0.00000000e+00
1.28739023e+00
-2.44412131e-01
-9.67083528e-01
0.00000000e+00
0.00000000e+00
0.00000000e+00
8.24107998e-01
2.35269484e+00
9.21439746e-01
9.71541821e-01
0.00000000e+00
8.58923854e-01
8.69019418e-01
1.40431954e+00
9.02443743e-01
0.00000000e+00
5.64292816e-01
2.18784142e-01
7.39699703e-01
8.47246583e-01
1.14141696e+00
8.12030753e-01
7.00759483e-01
0.00000000e+00
9.05649311e-01
9.08962140e-01
9.42033881e-04
-1.71170508e+00
1.24565507e+00
-8.33712814e-01
-2.15491026e+00
4.80407466e-02
0.00000000e+00
5.84722739e-01
-1.38039171e+00
-2.20295101e+00
1.29822020e+00
4.28557926e+00
0.00000000e+00
1 -999999999 5 0 -1
1 0 1 1 -1
2.7109e-01 -1.9679e-01
356
2.32543966e-01
0.00000000e+00
0.00000000e+00
0.00000000e+00
0.00000000e+00
0.00000000e+00
0.00000000e+00
0.00000000e+00
0.00000000e+00
0.00000000e+00
0.00000000e+00
0.00000000e+00
0.00000000e+00
0.00000000e+00
0.00000000e+00
0.00000000e+00
2.32543966e-01
0.00000000e+00
1.51875890e-02
-1.29174403e-01
-4.42131540e-01
9.33159382e-02
0.00000000e+00
0.00000000e+00
-5.92812990e-02
-4.00051135e-01
1.76388405e-01
3.39775652e-02
-1.26224352e-01
1.71193596e-02
1.24292582e-01
2.32543966e-01
0.00000000e+00
-6.55384897e-01
-1.11725735e-01
0.00000000e+00
-9.21810823e-01
5.99234289e-01
8.24555003e-01
2.88694574e-01
6.01573467e-01
0.00000000e+00
0.00000000e+00
0.00000000e+00
0.00000000e+00
0.00000000e+00
0.00000000e+00
0.00000000e+00
0.00000000e+00
0.00000000e+00
0.00000000e+00
-1.00478131e+00
-4.27924148e-01
-1.55391092e+00
0.00000000e+00
0.00000000e+00
0.00000000e+00
0.00000000e+00
-1.20054501e-01
5.03955475e-01
5.45924462e-01
-9.01194050e-02
4.37886350e-01
-9.85268674e-01
-6.31212345e-01
2.26221657e-01
0.00000000e+00
0.00000000e+00
9.63310820e-02
-8.05137652e-03
-1.83414503e-01
2.75776890e-01
-5.07921982e-03
-1.98744877e-01
-2.36862907e-01
1.28010429e-03
-1.68783522e-01
9.72989014e-02
-3.51548431e-03
-2.66207919e-01
0.00000000e+00
0.00000000e+00
0.00000000e+00
0.00000000e+00
0.00000000e+00
0.00000000e+00
0.00000000e+00
1.74202310e-01
8.89132345e-02
-3.05715789e-02
-4.93345647e-02
-5.28066281e-01
-4.01537435e-01
-6.05194583e-01
9.17542996e-02
9.76066378e-02
-3.09338044e-01
-3.39160102e-01
2.91329961e-01
9.60597199e-02
-3.53365500e-02
-3.98410883e-01
0.00000000e+00
0.00000000e+00
2.51534895e+00
3.88611901e+00
0.00000000e+00
0.00000000e+00
0.00000000e+00
0.00000000e+00
0.00000000e+00
0.00000000e+00
-3.58214644e-01
-7.94727659e-01
2.71835196e-01
2.37525256e-01
-3.70497796e-02
-1.60217335e+00
3.40424436e-01
1.38372334e+00
-2.35149467e-01
-1.23203891e+00
1.44832668e-02
-1.40009929e+00
-2.01293897e-01
-8.50625012e-02
-4.57253703e-01
-5.20195734e-01
-9.69439871e-01
-2.91672713e-01
7.07825074e+00
7.25740647e+00
7.23104074e+00
7.10476938e+00
7.55819848e+00
7.25247284e+00
3.90865388e-01
6.28991474e-01
6.07095087e-02
-2.32704739e-02
-4.95161207e-01
-1.81835950e-01
-4.19490420e-01
-1.51298877e-01
-2.48457365e-01
-2.92566208e-02
-7.97966673e-02
-7.31132807e-02
0.00000000e+00
0.00000000e+00
0.00000000e+00
0.00000000e+00
-1.12865663e+00
3.10890237e+00
0.00000000e+00
0.00000000e+00
1.36120059e+00
-4.76683640e-01
0.00000000e+00
-2.20947954e+00
-9.35688465e-01
-8.97428192e-01
-1.34711652e+00
-5.46667313e-01
-2.28280498e+00
0.00000000e+00
0.00000000e+00
0.00000000e+00
5.34409749e-01
1.75058680e+00
-1.87084004e+00
3.65367023e-01
-3.82452868e-01
-5.51996403e-01
5.05746207e-01
1.16793316e+00
-4.15014372e-01
0.00000000e+00
3.99581817e-01
-2.22727044e+00
-1.43054192e+00
-3.90377053e-01
1.49736440e+00
1.04030010e+00
-3.66417535e-01
-2.41462283e+00
-6.92498218e-01
1.19793743e+00
3.18247651e-01
0.00000000e+00
0.00000000e+00
0.00000000e+00
2.97117769e-01
6.95160795e-02
5.05579378e-01
4.44720775e-01
-3.12533581e+00
1.01382254e-01
1.42073747e-01
1.16946959e-01
5.76637417e-01
0.00000000e+00
1.87571665e-02
-6.29167365e-01
-9.38232781e-02
5.14648328e-01
-2.54825781e-02
3.80430726e-01
2.75282659e-01
5.44187108e-01
1.02215365e-01
1.02560949e-01
-8.29160787e-01
-4.16794433e-01
0.00000000e+00
-3.68838760e-01
-8.10405727e-02
-3.45352520e-02
-6.35757247e-02
-3.18683457e-01
-5.83601475e-01
0.00000000e+00
0.00000000e+00
0.00000000e+00
-7.81408702e-01
3.28086903e-01
-4.68289016e-01
-4.36015682e-01
1.44759091e+00
2.06923459e-03
-3.25861100e-01
4.67478980e-01
-1.54100469e-01
0.00000000e+00
-1.57185799e-01
5.46481951e-01
-2.85721307e-01
-5.51187458e-01
9.03852667e-01
-6.94461437e-01
-2.24741000e-01
8.50893706e-03
-2.66534343e-01
5.78352572e-02
-4.12366353e-01
0.00000000e+00
-5.16421265e-01
-3.33483754e-01
-1.45364420e+00
-5.18894032e-01
0.00000000e+00
-2.47026375e-01
-3.67904711e-01
1.74558480e-01
-1.11145782e-01
-5.82306730e-01
-9.34750164e-01
0.00000000e+00
0.00000000e+00
-5.68854353e-02
-1.44409551e+00
0.00000000e+00
0.00000000e+00
0.00000000e+00
3.17136759e-02
-1.28883005e-01
-7.21099301e-01
-1.16586502e-01
-1.81982163e+00
3.23363181e-01
1.12546548e-01
-2.35149978e-01
6.01314829e-01
0.00000000e+00
1.67881694e-01
9.83207520e-01
-2.12960768e-01
9.82927192e-01
-1.85818063e+00
3.47680912e-02
1.04563148e-01
-1.20181944e+00
9.38199325e-01
5.69920551e-01
3.96567264e-02
0.00000000e+00
0.00000000e+00
0.00000000e+00
5.23837806e-01
1.41226845e+00
6.03661305e-01
6.51301324e-01
0.00000000e+00
2.72335125e-01
2.87827392e-01
6.59162684e-01
-5.42076297e-01
0.00000000e+00
-1.46113180e-01
-2.65369116e+00
-5.94046005e-01
1.23230027e-01
-8.32426868e-01
4.10058330e-01
5.84760745e-01
-1.58976977e-01
-2.89577075e-01
2.60595841e-01
-5.87628507e-01
-1.61779508e-01
-1.03833917e-01
1.62683002e-01
-3.09532596e-01
-1.25187440e-03
2.62419885e-03
-1.63151832e-01
-2.53506318e-01
0.00000000e+00
0.00000000e+00
0.00000000e+00
-1.04542824e-01
-1.24062633e+00
6.29812806e-02
4.77759462e-02
0.00000000e+00
1.45095717e-01
3.54946174e-01
-1.61711008e+00
2.65289061e-01
0.00000000e+00
4.74426188e-01
6.76439159e-01
8.81446757e-01
7.28376928e-01
-5.49532620e-01
-2.72748351e-02
-3.10612497e-01
4.04670702e-02
6.40095975e-01
-4.45762991e-01
-4.25848999e-01
6.50894538e-01
-5.54678022e-02
-1.02074483e+00
-8.56466998e-01
-7.35648684e-01
-1.90541159e-01
-4.72685381e-01
0.00000000e+00
-6.42597798e-02
-1.59685377e-01
-5.11703527e-01
-1.20818314e-01
7.72420196e-01
-8.93238510e-01
0.00000000e+00
247
-5.44224670e-02
0.00000000e+00
0.00000000e+00
0.00000000e+00
0.00000000e+00
0.00000000e+00
0.00000000e+00
0.00000000e+00
0.00000000e+00
2.27434607e-01
0.00000000e+00
0.00000000e+00
0.00000000e+00
0.00000000e+00
-5.44224670e-02
0.00000000e+00
-3.91230009e-01
3.36807542e-01
-2.28503131e-01
-6.92729195e-01
0.00000000e+00
0.00000000e+00
0.00000000e+00
-5.28021969e-01
-7.80202503e-01
-8.50259118e-02
-2.97052350e-01
-5.44224670e-02
0.00000000e+00
4.11887007e+00
-4.17329254e+00
0.00000000e+00
8.87007229e-02
-1.47455504e+00
0.00000000e+00
0.00000000e+00
0.00000000e+00
0.00000000e+00
0.00000000e+00
0.00000000e+00
0.00000000e+00
2.61088478e-02
1.48065118e-03
2.19199454e-01
-5.21074598e-03
-6.49155586e-01
6.49295112e-03
3.49424817e-01
-1.84343227e-02
0.00000000e+00
0.00000000e+00
0.00000000e+00
0.00000000e+00
0.00000000e+00
0.00000000e+00
0.00000000e+00
-1.18364567e-01
-1.45895701e-02
7.85316702e-02
2.35075226e+00
3.24300927e+00
0.00000000e+00
0.00000000e+00
0.00000000e+00
0.00000000e+00
0.00000000e+00
0.00000000e+00
-6.50398712e-01
-6.75332893e-01
-1.08748180e-01
7.13181573e-02
-6.24418616e-02
-9.79571243e-01
1.25378409e+00
1.27357046e+00
-1.56065714e+00
-2.16597356e-01
2.11247998e-02
-1.47239683e+00
1.88789003e-01
1.11218375e-01
-5.35848490e-01
-9.61490001e-01
-6.76206725e-01
-7.22721914e-01
6.14251836e+00
6.32163951e+00
6.37609895e+00
6.00921133e+00
6.63290066e+00
6.10643322e+00
8.06317210e-01
4.40879200e-01
2.85449960e-01
5.11525081e-01
-3.59696685e-01
-4.44911176e-01
-6.30924413e-01
-6.28330421e-01
-9.26067198e-01
-4.45105338e-01
-9.98696333e-01
-2.31077862e-01
0.00000000e+00
-7.01171983e-01
3.43843297e+00
0.00000000e+00
6.46749516e-01
-3.43444731e-01
0.00000000e+00
-1.90878704e+00
-9.25904911e-01
-1.09338236e+00
-8.38546050e-01
-5.50098644e-01
-2.01928727e+00
0.00000000e+00
0.00000000e+00
0.00000000e+00
8.23175076e-01
1.18335885e+00
-1.12526765e+00
3.09748295e-01
-1.41686454e+00
3.19405570e-01
1.71072450e-01
8.91785170e-01
-6.88337860e-01
0.00000000e+00
7.64591478e-01
-1.52680358e+00
-1.20675426e+00
-1.81582371e-01
1.38409500e+00
7.65267240e-01
3.49458070e-02
-2.78253935e+00
-5.42201254e-01
8.03618666e-01
-8.57437020e-01
-6.29929952e-01
0.00000000e+00
2.78298884e-01
4.42714527e-01
2.02169880e-01
0.00000000e+00
0.00000000e+00
0.00000000e+00
5.05125309e-01
5.77374784e-01
6.78872457e-01
5.25593732e-01
0.00000000e+00
4.53416536e-01
6.60061589e-01
-2.39106006e-01
9.60557667e-01
0.00000000e+00
6.11716847e-01
5.42840893e-01
5.20302554e-01
1.01457205e+00
-3.15459562e+00
6.92838069e-01
3.32049382e-01
5.91929674e-01
6.75629428e-01
1.48356638e-01
-2.27507068e-01
0.00000000e+00
-1.97606948e-02
-1.74802624e-01
-1.16185025e+00
-2.95974959e-01
0.00000000e+00
-3.48356240e-01
2.83920723e-01
-8.65875291e-01
0.00000000e+00
0.00000000e+00
1.32313484e-01
-1.38864469e+00
0.00000000e+00
0.00000000e+00
0.00000000e+00
-6.21963482e-02
-3.50020443e+00
-6.97717334e-01
1.90046434e-01
3.32585564e-01
7.92423906e-01
1.49945098e-01
-1.96757341e-01
-4.48230816e-01
0.00000000e+00
3.57663356e-01
1.52698231e+00
1.71896310e-01
9.21952898e-01
-1.40138834e+00
-2.56884511e-02
5.26481150e-01
-1.13744519e+00
8.60338168e-01
2.50668361e-01
-6.88907634e-01
-3.17862836e-01
-1.63305863e-01
2.15710595e-01
-3.70267568e-01
2.92085119e-01
0.00000000e+00
0.00000000e+00
0.00000000e+00
-3.11959580e-02
3.89089609e+00
4.39929229e-01
-8.16550321e-02
-1.42363264e-01
1.64594233e-01
4.79637996e-01
8.55048775e-01
0.00000000e+00
0.00000000e+00
2.36650295e-01
0.00000000e+00
-4.67178667e-01
-8.13111189e-02
-9.04437399e-01
1.75487966e-01
6.00734592e-02
0.00000000e+00
-3.02381463e-01
5.50016449e-01
-3.71044798e-01
9.42522122e-01
-8.72719572e-02
-1.21162915e+00
-6.99737059e-01
-5.20683214e-01
-9.13339302e-02
-4.25792788e-01
0.00000000e+00
-1.79053845e-01
5.45731181e-01
-7.18417457e-01
0.00000000e+00
4 2
-9.1266e-02 -3.6812e-02
2 -1
0 1 
217
4.76730517e-01
5.58466182e-01
-8.39188868e-01
-3.77329670e-01
-3.09786962e-01
7.24403074e-01
4.78699064e-01
2.68220890e-01
6.84741946e-01
-7.55255358e-01
-2.35628289e-01
-3.99532510e-01
-1.41295241e-01
-4.36682475e-02
0.00000000e+00
0.00000000e+00
0.00000000e+00
0.00000000e+00
0.00000000e+00
0.00000000e+00
0.00000000e+00
0.00000000e+00
0.00000000e+00
4.49345129e-01
4.80935625e-04
2.83886781e-01
0.00000000e+00
0.00000000e+00
0.00000000e+00
0.00000000e+00
0.00000000e+00
0.00000000e+00
0.00000000e+00
-9.45276518e-03
2.30697435e-01
2.55485847e-01
0.00000000e+00
4.44310922e-03
4.72287408e-01
0.00000000e+00
0.00000000e+00
0.00000000e+00
0.00000000e+00
0.00000000e+00
0.00000000e+00
-1.02613098e-01
1.07056207e-01
4.72287408e-01
0.00000000e+00
0.00000000e+00
0.00000000e+00
0.00000000e+00
0.00000000e+00
0.00000000e+00
0.00000000e+00
0.00000000e+00
0.00000000e+00
0.00000000e+00
0.00000000e+00
0.00000000e+00
4.72287408e-01
-1.02613098e-01
1.07056207e-01
0.00000000e+00
1.07056207e-01
-3.28952904e-01
2.24231048e-01
5.82744288e-01
1.45443263e-01
2.84695840e-01
-1.67953760e-01
6.53406623e-02
-2.10479659e+00
5.14264012e-01
4.70054023e-01
6.50796030e-02
6.51231840e-01
0.00000000e+00
0.00000000e+00
0.00000000e+00
0.00000000e+00
0.00000000e+00
0.00000000e+00
0.00000000e+00
0.00000000e+00
0.00000000e+00
0.00000000e+00
0.00000000e+00
0.00000000e+00
0.00000000e+00
0.00000000e+00
0.00000000e+00
0.00000000e+00
0.00000000e+00
0.00000000e+00
0.00000000e+00
0.00000000e+00
0.00000000e+00
0.00000000e+00
0.00000000e+00
0.00000000e+00
0.00000000e+00
0.00000000e+00
0.00000000e+00
0.00000000e+00
0.00000000e+00
0.00000000e+00
0.00000000e+00
0.00000000e+00
0.00000000e+00
0.00000000e+00
0.00000000e+00
0.00000000e+00
0.00000000e+00
0.00000000e+00
0.00000000e+00
0.00000000e+00
0.00000000e+00
0.00000000e+00
-3.38544659e-01
-1.08207498e+00
-8.00347730e-01
0.00000000e+00
0.00000000e+00
0.00000000e+00
8.77317756e-01
4.56337469e-01
-7.84407570e-01
-1.41053728e-01
-9.26445807e-01
4.90243993e-01
-4.24525225e-02
1.69516636e-01
-1.70529598e-01
0.00000000e+00
3.42238807e-01
-8.49227921e-01
-5.27521722e-01
4.44850482e-01
1.67803962e-01
6.36461313e-01
4.22335200e-01
-1.25734946e+00
-7.95886637e-01
6.87421616e-01
-7.96085853e-02
0.00000000e+00
0.00000000e+00
0.00000000e+00
-2.68955311e-01
1.06462827e-01
1.47354624e-03
1.89780471e-01
-5.14688701e-01
-5.34432841e-02
2.59990206e-01
2.80257286e-01
1.36195645e-01
0.00000000e+00
-1.54986623e-02
1.38317922e-01
-3.95431079e-01
2.24084830e-01
9.98909146e-02
4.51744659e-02
-3.85639507e-03
-5.42175132e-01
4.53290358e-01
-2.20478492e-01
-1.77126450e+00
0.00000000e+00
0.00000000e+00
0.00000000e+00
-3.70716512e-02
-1.88840803e-01
-1.56646352e+00
8.82728552e-01
-3.42825543e-01
-5.04887772e-02
8.22983637e-01
1.12291769e+00
-2.57313982e-01
0.00000000e+00
-8.19966536e-01
-5.51150539e-01
-5.58793122e-01
6.26041452e-02
-3.45267593e-01
1.56762183e-01
4.29830274e-01
-9.72012521e-01
-1.76886533e-01
6.17990133e-01
-4.88994886e-02
0.00000000e+00
0.00000000e+00
0.00000000e+00
8.01755252e-02
-4.84297253e-01
4.60042688e-01
-2.94666645e-01
-4.09177443e-01
1.26397039e-01
-8.00625737e-01
-1.19635582e+00
1.94865786e-01
0.00000000e+00
6.42347961e-01
2.32280647e+00
3.59903913e-01
6.67308088e-01
-9.19207788e-01
1.59263056e-01
-4.31038338e-01
-1.13948201e+00
5.97204971e-01
1.56360499e-02
136
1.26150797e+00
0.00000000e+00
0.00000000e+00
0.00000000e+00
0.00000000e+00
2.27551291e-01
3.12769143e-02
1.03415928e+00
1.67546833e-03
0.00000000e+00
0.00000000e+00
0.00000000e+00
0.00000000e+00
0.00000000e+00
0.00000000e+00
0.00000000e+00
3.15015991e-01
5.66326528e-01
3.80165452e-01
-4.88686396e-01
3.67970488e-01
1.38222388e+00
0.00000000e+00
0.00000000e+00
0.00000000e+00
0.00000000e+00
0.00000000e+00
-4.88686396e-01
1.37100677e+00
-1.00303628e+00
1.38222388e+00
0.00000000e+00
0.00000000e+00
0.00000000e+00
0.00000000e+00
0.00000000e+00
0.00000000e+00
0.00000000e+00
0.00000000e+00
0.00000000e+00
0.00000000e+00
0.00000000e+00
0.00000000e+00
0.00000000e+00
0.00000000e+00
0.00000000e+00
0.00000000e+00
-1.49172268e+00
-7.73170038e-02
-1.32770308e+00
-7.06506167e-02
5.87953162e-01
2.94367210e-01
1.02633144e+00
2.85678147e-02
-1.78612229e+00
0.00000000e+00
0.00000000e+00
0.00000000e+00
0.00000000e+00
1.38222388e+00
1.37100677e+00
-1.00303628e+00
0.00000000e+00
0.00000000e+00
0.00000000e+00
0.00000000e+00
0.00000000e+00
0.00000000e+00
0.00000000e+00
0.00000000e+00
0.00000000e+00
0.00000000e+00
0.00000000e+00
0.00000000e+00
0.00000000e+00
0.00000000e+00
0.00000000e+00
0.00000000e+00
0.00000000e+00
0.00000000e+00
0.00000000e+00
0.00000000e+00
0.00000000e+00
0.00000000e+00
0.00000000e+00
-3.56761355e-01
-1.04914152e+00
-9.74273756e-01
0.00000000e+00
0.00000000e+00
0.00000000e+00
5.66675349e-01
-1.64171069e-01
-5.45074871e-01
3.32617574e-01
-1.58748043e+00
2.04973899e-01
2.98419466e-01
3.09987361e-01
3.29106411e-01
0.00000000e+00
6.48880870e-01
-1.05508710e+00
-9.48154999e-01
5.59745549e-01
9.25648571e-01
7.45913227e-01
3.40663830e-01
-2.17953056e+00
-2.44356817e-01
4.86949983e-01
-1.48411309e+00
0.00000000e+00
0.00000000e+00
0.00000000e+00
1.27704185e-01
-9.31078439e-01
-1.26704322e+00
2.80184249e-01
-9.07013634e-01
-1.48111516e-02
-6.77020669e-03
3.18675979e-02
-3.47270127e-01
0.00000000e+00
9.21695669e-02
3.31481821e+00
-7.67131092e-01
5.26939423e-01
-6.50838348e-01
1.85645306e-01
7.94756536e-02
-2.28347875e+00
5.97424688e-01
4.55093007e-01
2 1
-6.0881e-04 5.9141e-02
3 1
0 1 4 
217
1.03944764e+00
-6.60363960e-01
-6.22544617e-01
-5.81928853e-01
3.88480623e-01
4.25065970e-01
7.99946403e-01
-8.91236795e-01
5.21208396e-02
-2.04548674e-01
0.00000000e+00
0.00000000e+00
0.00000000e+00
0.00000000e+00
2.18597748e-01
2.02707617e-03
8.94461124e-02
5.01830303e-01
-3.29934760e-03
-1.36540427e-01
1.59003796e-01
-1.77153038e-03
-1.37947465e-01
1.60015793e-01
-8.54361279e-03
-2.54695357e-01
0.00000000e+00
0.00000000e+00
0.00000000e+00
0.00000000e+00
0.00000000e+00
0.00000000e+00
0.00000000e+00
3.40260575e-03
-3.35267041e-02
1.06957174e+00
0.00000000e+00
2.37786930e-01
4.60689528e-01
3.40971182e-01
0.00000000e+00
0.00000000e+00
0.00000000e+00
0.00000000e+00
0.00000000e+00
-1.52248010e-02
2.53011731e-01
3.06104908e-01
0.00000000e+00
2.12298002e-01
-5.77133824e-02
3.40971182e-01
0.00000000e+00
0.00000000e+00
0.00000000e+00
0.00000000e+00
0.00000000e+00
0.00000000e+00
0.00000000e+00
0.00000000e+00
5.89362708e-01
1.97073201e-01
2.53011731e-01
0.00000000e+00
1.95298349e-01
-8.34929864e-02
8.53756290e-01
7.70046430e-01
-9.60699853e-03
1.93065087e+00
5.36997605e-01
-3.39924404e-01
-2.68138148e+00
7.96643259e-01
5.70658136e-01
4.57311804e-02
1.29969424e+00
0.00000000e+00
5.43891839e-01
-1.60681556e-02
3.35701796e-01
7.21151431e-02
1.59854006e-01
-2.54133771e-01
0.00000000e+00
0.00000000e+00
0.00000000e+00
0.00000000e+00
0.00000000e+00
0.00000000e+00
0.00000000e+00
0.00000000e+00
0.00000000e+00
0.00000000e+00
0.00000000e+00
0.00000000e+00
0.00000000e+00
0.00000000e+00
0.00000000e+00
0.00000000e+00
0.00000000e+00
0.00000000e+00
0.00000000e+00
0.00000000e+00
0.00000000e+00
0.00000000e+00
0.00000000e+00
0.00000000e+00
0.00000000e+00
0.00000000e+00
0.00000000e+00
0.00000000e+00
0.00000000e+00
0.00000000e+00
0.00000000e+00
0.00000000e+00
0.00000000e+00
0.00000000e+00
0.00000000e+00
-1.21598550e+00
-5.62895301e-01
-1.54831229e+00
0.00000000e+00
0.00000000e+00
0.00000000e+00
4.92339829e-01
-2.56709463e-01
-9.44324807e-01
2.94513434e-01
-1.35716861e+00
2.45650720e-02
3.81275051e-01
2.78474130e-01
2.93646660e-01
0.00000000e+00
4.82065442e-01
-1.37796207e+00
-1.14090433e+00
8.74158719e-01
6.30187784e-01
6.04180473e-01
4.53178224e-01
-2.17533937e+00
2.00569271e-01
6.94942278e-01
-1.91524391e-02
0.00000000e+00
0.00000000e+00
0.00000000e+00
1.00591123e-01
-1.79456178e-01
9.69977689e-01
-9.11095647e-02
-9.00562288e-01
-2.16952704e-01
-1.18692882e-01
3.50531557e-01
-3.67148830e-02
0.00000000e+00
5.28218593e-01
-1.01281596e+00
-1.78650292e-01
2.49387019e-01
-5.49681752e-02
3.96101805e-01
-1.25992531e-01
9.08162827e-01
-6.70613408e-01
6.44058121e-02
-1.08558754e+00
0.00000000e+00
0.00000000e+00
0.00000000e+00
-1.80091431e-01
-6.43862519e-01
-1.12751927e+00
4.86667918e-01
-1.13880606e-01
-2.07747328e-01
-3.13618352e-01
-2.65923967e-01
1.68726070e-01
0.00000000e+00
-3.64486933e-01
2.51227556e+00
-1.78672584e-01
6.70939146e-01
-8.88715612e-01
8.48851034e-02
1.73561489e-02
-2.02005408e+00
8.98151522e-01
3.79983667e-01
2.15511458e-01
0.00000000e+00
0.00000000e+00
0.00000000e+00
-2.05794877e-01
-4.48330493e-02
3.11636974e-01
-1.16229303e-01
6.04741941e-01
2.11916601e-01
2.06814595e-01
6.95588610e-01
-1.76711781e-01
0.00000000e+00
-4.60731149e-01
-1.98215008e+00
-5.45438771e-01
5.76217924e-01
3.82584111e-01
5.61976585e-01
6.32902353e-02
7.43062955e-01
4.01699833e-02
-6.50600051e-01
136
1.43633325e+00
8.67275751e-01
-8.84074914e-03
6.22371154e-01
-4.82121720e-03
1.41209640e-02
-1.25135865e-03
-6.74346223e-02
-4.06092595e-03
0.00000000e+00
0.00000000e+00
0.00000000e+00
0.00000000e+00
0.00000000e+00
0.00000000e+00
0.00000000e+00
5.98718377e-01
5.11508862e-01
3.26106008e-01
-2.83667199e-01
-2.20962176e-01
6.92313800e-01
1.24864882e+00
0.00000000e+00
0.00000000e+00
0.00000000e+00
0.00000000e+00
-2.83667199e-01
6.38578036e-01
-8.59540212e-01
1.10925876e+00
0.00000000e+00
6.82609870e-01
-1.09955483e+00
1.24864882e+00
0.00000000e+00
0.00000000e+00
0.00000000e+00
0.00000000e+00
0.00000000e+00
0.00000000e+00
0.00000000e+00
0.00000000e+00
0.00000000e+00
0.00000000e+00
0.00000000e+00
0.00000000e+00
-2.24276224e+00
-1.35622751e-02
-9.67931140e-01
-1.20977300e-01
3.90213084e-01
6.47307623e-01
1.11106702e+00
3.60753870e-01
-1.67533932e+00
0.00000000e+00
6.04629390e-01
3.19991946e-02
-8.62017209e-02
-4.88020168e-01
1.32118791e+00
-8.59540212e-01
0.00000000e+00
0.00000000e+00
0.00000000e+00
0.00000000e+00
0.00000000e+00
0.00000000e+00
0.00000000e+00
0.00000000e+00
0.00000000e+00
0.00000000e+00
0.00000000e+00
0.00000000e+00
0.00000000e+00
0.00000000e+00
0.00000000e+00
0.00000000e+00
0.00000000e+00
0.00000000e+00
0.00000000e+00
0.00000000e+00
0.00000000e+00
0.00000000e+00
0.00000000e+00
-1.23491475e-01
-1.11236433e+00
-9.10617256e-01
0.00000000e+00
0.00000000e+00
0.00000000e+00
5.83517593e-01
1.50801881e-01
-5.62788374e-01
2.98211415e-01
-1.67954019e+00
3.02773176e-01
3.23059287e-01
3.69647835e-01
3.30619603e-01
0.00000000e+00
5.78222634e-01
-9.79626803e-01
-1.05359037e+00
5.10472290e-01
9.05739538e-01
7.58680012e-01
3.82621590e-01
-2.26700926e+00
-2.88103029e-01
4.25673905e-01
-1.47144265e+00
0.00000000e+00
0.00000000e+00
0.00000000e+00
2.12559994e-01
-7.02474286e-01
-1.20670205e+00
4.71370897e-01
-1.26511981e+00
-9.08276873e-02
9.95582162e-02
-1.18140045e-02
-2.67620490e-01
0.00000000e+00
3.12135277e-01
3.03203221e+00
-5.61745989e-01
7.05184457e-01
-9.69634846e-01
1.56148859e-01
1.32460885e-01
-2.81380133e+00
7.28032788e-01
5.68814264e-01
5 1
-9.3144e-03 1.8880e-02
4 0
0 1 4 2 
217
6.61880337e-01
-4.05383749e-01
-6.88295883e-01
-1.62105103e-01
-4.63653286e-03
9.88316971e-01
9.27814293e-01
-3.69583069e-01
4.49127092e-01
-1.15059776e+00
-7.10424516e-01
-8.78406307e-02
0.00000000e+00
0.00000000e+00
0.00000000e+00
0.00000000e+00
0.00000000e+00
-1.42171210e+00
5.49546981e-02
-3.50610568e-02
4.89516737e-01
1.46779409e-02
-3.28192444e-01
1.59407570e+00
-2.10847178e-03
-5.61656062e-01
0.00000000e+00
0.00000000e+00
0.00000000e+00
0.00000000e+00
0.00000000e+00
0.00000000e+00
0.00000000e+00
4.84190855e-01
4.30448210e-01
-2.52758728e-01
0.00000000e+00
-9.72483048e-02
-7.36372666e-02
3.37517680e-01
4.95248229e-01
0.00000000e+00
0.00000000e+00
0.00000000e+00
0.00000000e+00
-1.27235902e-01
2.99875973e-02
2.97229178e-01
0.00000000e+00
1.73405823e-02
-1.21539504e-01
-1.26690300e-01
0.00000000e+00
-4.64989271e-01
1.98321748e-01
6.02426560e-01
0.00000000e+00
-2.46499533e-01
1.08280953e-01
4.95248229e-01
5.43466311e-01
-1.09895320e-01
2.28309345e-01
0.00000000e+00
2.15050794e-01
1.82471184e-01
4.77070718e-01
1.23385138e+00
-3.02411757e-02
6.10438023e-01
-1.99049115e-01
-6.22335008e-01
-1.20263295e+00
7.61706611e-01
-1.13190974e-01
7.21557849e-01
1.12389934e+00
0.00000000e+00
5.35739910e-01
-2.98706578e-01
9.86055935e-02
1.94565276e-01
2.75348336e-02
-2.53180113e-01
8.31161436e-02
-1.14024492e-01
-6.24286335e-01
3.45033300e-01
-5.16037244e-01
3.47755385e-01
-1.68458735e-01
0.00000000e+00
0.00000000e+00
0.00000000e+00
0.00000000e+00
0.00000000e+00
0.00000000e+00
0.00000000e+00
0.00000000e+00
0.00000000e+00
0.00000000e+00
0.00000000e+00
0.00000000e+00
0.00000000e+00
0.00000000e+00
0.00000000e+00
0.00000000e+00
0.00000000e+00
0.00000000e+00
0.00000000e+00
0.00000000e+00
0.00000000e+00
0.00000000e+00
0.00000000e+00
0.00000000e+00
0.00000000e+00
0.00000000e+00
0.00000000e+00
0.00000000e+00
-6.92271435e-01
-1.10207383e+00
-1.32622620e+00
0.00000000e+00
0.00000000e+00
0.00000000e+00
3.18855852e-01
-3.12790747e-02
-5.81295396e-01
5.21171231e-01
-1.05937274e+00
-2.53599687e-01
1.56472186e-01
3.31190080e-01
6.32941128e-01
0.00000000e+00
3.98087332e-01
-1.13379440e+00
-1.03053453e+00
5.56074586e-01
5.74797878e-01
8.01794868e-01
2.46984525e-01
-1.77509605e+00
-6.57988297e-01
6.58364308e-01
1.94155840e-01
0.00000000e+00
0.00000000e+00
0.00000000e+00
2.24257272e-01
-1.65578477e-01
1.06894410e-02
-3.53730828e-01
-7.06362512e-01
4.12886961e-01
1.84303601e-01
1.98815984e-01
-1.72228601e-01
0.00000000e+00
3.78298887e-02
-1.92294799e-01
1.51210815e-01
2.28446154e-01
2.41459349e-01
-1.00981564e-01
3.19694228e-02
2.98548425e-02
3.29303542e-01
-1.95694652e-01
-1.56047320e+00
0.00000000e+00
0.00000000e+00
0.00000000e+00
4.76972781e-02
5.38515629e-01
-1.02837151e+00
2.98639142e-01
-1.27272559e+00
4.07837630e-01
-2.08883554e-01
1.94849218e-01
8.23804831e-02
0.00000000e+00
-4.07328202e-01
7.58307716e-01
-3.25719872e-01
7.78222674e-01
-6.55172390e-01
1.58497714e-02
-2.36844835e-01
-1.63283998e+00
5.15539723e-01
5.69573464e-01
7.82948265e-02
0.00000000e+00
0.00000000e+00
0.00000000e+00
-3.77147490e-02
-1.40221175e-01
2.40586225e-02
4.15534628e-01
-5.82084259e-01
-6.32838803e-01
4.76501251e-02
3.18333918e-01
-1.46486704e-01
0.00000000e+00
1.75301712e-01
5.98236322e-01
-1.84764745e-01
3.95172514e-02
-1.43122468e-01
8.26901556e-01
6.82890756e-01
-8.88450968e-01
5.62398043e-02
-3.50685998e-01
136
7.28281413e-01
0.00000000e+00
0.00000000e+00
-2.00164808e+00
6.54631837e-02
5.42159669e-01
2.29634240e-02
2.18776983e+00
-5.74938362e-03
0.00000000e+00
0.00000000e+00
0.00000000e+00
0.00000000e+00
0.00000000e+00
0.00000000e+00
0.00000000e+00
7.04416480e-01
4.37109418e-01
-4.13244485e-01
-1.31683298e-01
-3.75292145e-01
-7.46600187e-03
5.25099131e-01
7.17623727e-01
0.00000000e+00
0.00000000e+00
0.00000000e+00
-1.31683298e-01
1.91236961e-01
-5.66529106e-01
6.86306170e-01
0.00000000e+00
4.52753720e-01
-1.53142198e-01
4.36242964e-01
0.00000000e+00
-1.14116983e-01
-8.79266711e-01
6.79504582e-01
0.00000000e+00
1.22914012e-01
-7.13562427e-01
7.17623727e-01
0.00000000e+00
0.00000000e+00
0.00000000e+00
0.00000000e+00
-2.44418374e+00
3.65942553e-01
-6.90789063e-01
1.24754539e-02
2.54579239e-01
2.66525174e-01
9.14445755e-01
5.55695023e-02
-1.22044511e+00
0.00000000e+00
-1.34548385e-01
5.17785346e-02
-1.66491126e-01
-2.12507382e-01
7.58087487e-02
3.75713289e-02
-5.04789290e-01
1.98443520e-01
-7.00476221e-01
0.00000000e+00
0.00000000e+00
0.00000000e+00
0.00000000e+00
0.00000000e+00
0.00000000e+00
0.00000000e+00
0.00000000e+00
0.00000000e+00
0.00000000e+00
0.00000000e+00
0.00000000e+00
0.00000000e+00
0.00000000e+00
0.00000000e+00
0.00000000e+00
0.00000000e+00
0.00000000e+00
0.00000000e+00
0.00000000e+00
-1.26643593e-01
-5.48505486e-01
-9.55878830e-01
0.00000000e+00
0.00000000e+00
0.00000000e+00
5.58954829e-01
7.64585668e-02
-5.24358646e-01
3.94596792e-01
-1.59368929e+00
2.53388987e-01
2.32034864e-01
3.00846272e-01
4.83915153e-01
0.00000000e+00
5.92487777e-01
-9.46611345e-01
-1.08266718e+00
5.06545777e-01
7.77813708e-01
7.62768469e-01
4.25676505e-01
-2.37909870e+00
-2.48793845e-01
4.53852477e-01
-1.26600305e+00
0.00000000e+00
0.00000000e+00
0.00000000e+00
2.58001227e-01
-2.59501458e-01
-1.18978136e+00
1.13948863e-01
-5.90002984e-01
-3.61308238e-02
-3.40714082e-01
8.49537203e-02
-3.31256000e-01
0.00000000e+00
2.41368117e-01
3.05774055e+00
-9.08493220e-01
6.77445411e-01
-6.91110987e-01
-1.63449004e-01
-4.49458372e-01
-2.06887110e+00
7.12411272e-01
6.16897170e-01
9 1
-6.3432e-01 2.5642e-01
5 0
0 1 4 2 5 
217
1.36988447e-01
-2.68135072e-01
-1.86436427e-01
-1.14865366e-01
-3.28183709e-01
5.07797698e-01
1.04274096e-01
8.35864002e-02
4.10802103e-01
-8.48234382e-01
-4.98743502e-02
3.55676584e-03
0.00000000e+00
0.00000000e+00
0.00000000e+00
0.00000000e+00
0.00000000e+00
-1.21171664e+00
5.55046060e-02
2.37011438e-01
2.44381932e-01
1.24547491e-02
2.55130738e-01
1.10432315e+00
-1.98810766e-03
3.07005253e-02
0.00000000e+00
0.00000000e+00
0.00000000e+00
0.00000000e+00
0.00000000e+00
0.00000000e+00
0.00000000e+00
3.13663145e-01
2.69300463e-01
-4.45975162e-01
0.00000000e+00
-5.56478305e-02
-3.23306134e-01
-1.55004631e-01
9.57465648e-02
5.75200477e-01
0.00000000e+00
0.00000000e+00
0.00000000e+00
-2.75157178e-01
-3.85949861e-01
2.47834811e-01
0.00000000e+00
-1.01985445e-01
2.75432357e-01
-1.35022244e-01
0.00000000e+00
-3.64085256e-01
1.49914101e-01
8.75688649e-01
0.00000000e+00
-2.98980723e-01
-2.44684943e-01
3.93984178e-01
4.17055000e-02
-3.77142623e-01
4.72425570e-01
0.00000000e+00
-2.05288346e-01
-2.34346467e-01
4.38685165e-01
7.60631320e-01
-9.64083720e-02
8.81437821e-01
-4.20133669e-01
-6.20074932e-01
-9.87070932e-01
8.37553116e-01
1.94136680e-02
3.39643933e-01
9.36674003e-01
0.00000000e+00
2.48245267e-01
-3.16129051e-02
-7.44572552e-02
3.18122625e-01
-3.67995650e-02
-2.92801920e-01
-7.99363203e-02
-2.94911240e-01
-6.18708045e-01
2.92415128e-01
-1.37892512e-01
2.19420879e-01
1.40453572e-02
0.00000000e+00
-3.46731804e-02
-1.28509586e-01
7.91268316e-02
-6.42657653e-01
9.25347957e-02
5.02069270e-01
0.00000000e+00
0.00000000e+00
0.00000000e+00
0.00000000e+00
0.00000000e+00
0.00000000e+00
0.00000000e+00
0.00000000e+00
0.00000000e+00
0.00000000e+00
0.00000000e+00
0.00000000e+00
0.00000000e+00
0.00000000e+00
0.00000000e+00
0.00000000e+00
0.00000000e+00
0.00000000e+00
0.00000000e+00
0.00000000e+00
0.00000000e+00
-5.27128231e-01
-9.12570376e-01
-1.00514498e+00
0.00000000e+00
0.00000000e+00
0.00000000e+00
-9.39174779e-02
1.91721545e-01
-4.97271754e-01
6.78507729e-01
-1.80984732e+00
5.67855474e-01
1.67800533e-01
6.91198433e-01
5.54593300e-01
0.00000000e+00
2.81549153e-01
-1.61478560e+00
-8.17380602e-01
6.22866532e-01
8.34068495e-01
7.26904035e-01
3.92877514e-01
-1.75776579e+00
-2.72004778e-01
1.47885597e-01
-1.05412631e-01
0.00000000e+00
0.00000000e+00
0.00000000e+00
5.78686979e-01
-4.28174317e-01
-1.88097430e-01
-5.63804213e-01
-6.97275193e-01
-1.06994325e-01
1.54316671e-01
-1.46531163e-01
-1.62019726e-01
0.00000000e+00
3.62637883e-01
3.31832495e-01
3.27624986e-02
2.84226727e-01
2.77510625e-01
-1.29261032e-01
-8.00911389e-03
1.67702471e-02
1.07805826e-02
2.75229173e-01
-9.93433584e-01
0.00000000e+00
0.00000000e+00
0.00000000e+00
-4.32590356e-01
5.72354311e-01
-9.18307337e-01
5.83620501e-01
-1.11054520e+00
5.47742679e-02
4.53740493e-01
3.76567469e-01
1.07455453e-01
0.00000000e+00
-1.58685843e-01
4.69985037e-02
6.68818255e-02
7.51819620e-01
-9.21829734e-01
4.19527508e-01
1.39673934e-01
-1.91049982e+00
5.45139274e-01
3.40471549e-01
-3.46415936e-01
0.00000000e+00
0.00000000e+00
0.00000000e+00
4.30311459e-01
-2.36788640e-01
-7.20027465e-03
-1.07126521e-02
-2.86053555e-01
-1.50284776e-01
-5.68113808e-01
2.30883817e-01
-1.92156163e-01
0.00000000e+00
4.58281224e-02
1.35892839e+00
-1.18653432e+00
-1.12238823e-01
-2.34270594e-03
4.74621251e-01
2.73670668e-01
-1.65956996e-01
-6.16398284e-02
-1.80637103e-01
136
1.01066322e+00
0.00000000e+00
0.00000000e+00
-2.10714551e+00
6.99921010e-02
7.05779782e-01
2.29821337e-02
2.41202894e+00
-4.69566924e-03
0.00000000e+00
0.00000000e+00
0.00000000e+00
0.00000000e+00
0.00000000e+00
0.00000000e+00
0.00000000e+00
7.01563769e-01
5.31184785e-01
-2.22085338e-01
-2.68103558e-01
-1.04072639e-01
-1.03193338e-01
2.01780005e-01
5.73708095e-01
7.10544652e-01
0.00000000e+00
0.00000000e+00
-2.68103558e-01
-2.64119757e-04
-5.66265989e-01
9.87844800e-01
0.00000000e+00
4.38956483e-01
-3.28662650e-01
9.04325022e-01
0.00000000e+00
-1.59640804e-01
-1.06728575e+00
9.21322355e-01
0.00000000e+00
2.34293647e-01
-8.38346145e-01
7.52489921e-01
0.00000000e+00
0.00000000e+00
0.00000000e+00
0.00000000e+00
-3.06866409e+00
1.35274184e-01
-8.27528323e-01
9.43183562e-02
9.08345770e-02
1.54407071e-01
8.53209589e-01
4.30532789e-03
-6.58622877e-01
0.00000000e+00
-1.52393062e-01
5.79325967e-02
-1.58839831e-01
-2.47172030e-01
3.62399710e-02
-1.28382109e-01
-4.53477978e-01
2.04118423e-01
-5.76644259e-01
0.00000000e+00
7.18865259e-01
-2.71673746e-01
1.26471483e-01
-2.15124745e-01
0.00000000e+00
0.00000000e+00
0.00000000e+00
0.00000000e+00
0.00000000e+00
0.00000000e+00
0.00000000e+00
0.00000000e+00
0.00000000e+00
0.00000000e+00
0.00000000e+00
0.00000000e+00
0.00000000e+00
0.00000000e+00
0.00000000e+00
-2.04917340e-01
-6.82560532e-01
-1.04863707e+00
0.00000000e+00
0.00000000e+00
0.00000000e+00
5.74863972e-01
3.23800850e-02
-5.37039395e-01
3.71781537e-01
-1.53172718e+00
8.35963103e-02
3.14885792e-01
3.43000468e-01
4.82286940e-01
0.00000000e+00
4.72827938e-01
-1.00650301e+00
-9.85554488e-01
5.53817963e-01
7.48224093e-01
7.46104530e-01
3.72870879e-01
-2.26638930e+00
-2.37220452e-01
4.19156255e-01
-1.37809168e+00
0.00000000e+00
0.00000000e+00
0.00000000e+00
2.82009217e-01
-1.43316625e-01
-1.22953699e+00
2.57930992e-01
-7.60177511e-01
-2.87469268e-01
-3.84491348e-01
2.31065667e-01
-3.41135446e-01
0.00000000e+00
1.18777591e-01
2.71061349e+00
-8.11302942e-01
7.69470826e-01
-6.16517328e-01
1.13628805e-01
-1.22093083e-01
-2.32239946e+00
6.53433810e-01
5.03417920e-01
13 1
-5.7352e-01 3.3748e-01
6 1
0 1 4 2 5 9 
217
-8.18082598e-03
-3.35894146e-01
1.11682574e-01
-2.66044098e-01
-1.61283276e-02
-3.05247155e-01
-4.85717855e-01
3.44498843e-02
-1.77750075e-01
3.09815498e-01
0.00000000e+00
0.00000000e+00
0.00000000e+00
0.00000000e+00
9.02889906e-02
-3.71874548e-03
8.18418865e-01
3.14389653e-02
2.02849966e-03
3.23277153e-01
8.66287098e-02
-1.10425692e-03
3.61341349e-02
-2.16537492e-01
1.07596516e-03
7.66882919e-02
0.00000000e+00
0.00000000e+00
0.00000000e+00
0.00000000e+00
0.00000000e+00
0.00000000e+00
0.00000000e+00
-3.43609878e-02
-2.49598792e-01
2.75778954e-01
0.00000000e+00
1.45681184e-01
-2.85410302e-01
-1.45208791e-01
-1.05970345e-01
1.11934965e-01
2.70792463e-01
0.00000000e+00
0.00000000e+00
-2.35912188e-01
5.01966273e-02
3.53524493e-02
0.00000000e+00
8.24749093e-02
1.64061544e-01
-3.49098939e-01
0.00000000e+00
-2.85722657e-01
-2.50362679e-01
6.64383574e-01
0.00000000e+00
1.85202323e-01
-2.74998332e-01
2.06242543e-01
1.20533130e-01
-1.53437279e-01
2.47233226e-02
0.00000000e+00
-3.11102841e-01
-2.05967947e-01
7.39426529e-02
8.29060846e-01
2.28979362e-01
6.39662103e-01
9.00616527e-02
-3.44019265e-01
-2.59957721e-01
2.44195542e-01
3.28204670e-01
1.58124466e-03
9.16807660e-01
0.00000000e+00
-2.20648733e-02
-2.54825603e-01
5.64800888e-02
1.74117319e-01
-4.25960414e-02
3.98959608e-01
0.00000000e+00
-2.52925598e-01
1.16902415e-01
3.98273728e-01
-6.75811323e-01
-1.53528956e-01
2.09513052e-02
0.00000000e+00
8.05740536e-02
-2.61366067e-01
1.61097310e-01
-2.81915692e-01
-2.49852190e-01
-2.51987414e-01
0.00000000e+00
-1.89390517e-01
-2.19287066e-01
1.80539256e-01
-8.38165000e-01
6.70435045e-04
3.04517890e-02
0.00000000e+00
0.00000000e+00
0.00000000e+00
0.00000000e+00
0.00000000e+00
0.00000000e+00
0.00000000e+00
0.00000000e+00
0.00000000e+00
0.00000000e+00
0.00000000e+00
0.00000000e+00
0.00000000e+00
0.00000000e+00
1.81138441e-01
-1.11194170e-01
-1.12305520e+00
0.00000000e+00
0.00000000e+00
0.00000000e+00
4.25183044e-01
-2.15859993e-02
-5.48279331e-01
2.90910184e-01
-1.40050891e+00
1.47930981e-01
3.08136348e-01
5.68136652e-01
5.03694074e-01
0.00000000e+00
8.01857057e-02
-1.25238453e+00
-1.02580058e+00
1.01277336e+00
4.15193937e-01
6.03116415e-01
3.11992739e-01
-2.00410620e+00
2.54214184e-01
2.08142738e-01
-5.15223527e-02
0.00000000e+00
0.00000000e+00
0.00000000e+00
8.70757673e-02
1.16408774e-01
4.39239674e-01
1.31354249e-02
-2.64986626e-01
-7.83071905e-01
2.58200125e-01
-4.55177465e-02
-1.50748318e-01
0.00000000e+00
8.26971602e-01
-9.47916612e-01
-1.73783173e-01
-2.62138097e-01
7.99774178e-01
6.01705418e-01
-2.53093789e-01
-6.31215815e-01
-2.28208053e-01
5.46646818e-01
-2.11830339e+00
0.00000000e+00
0.00000000e+00
0.00000000e+00
6.96125185e-01
2.54927245e-01
2.72343669e-01
7.45866468e-01
2.55724734e-01
4.48432396e-01
-9.41813931e-01
4.47641829e-01
1.31162181e-01
0.00000000e+00
1.10781509e+00
3.35530795e+00
-7.49373437e-01
7.26148105e-01
1.40065973e-01
2.94923663e-01
1.89795838e-01
-5.36680509e-02
1.33943965e+00
1.60401637e+00
-1.74828343e-01
0.00000000e+00
0.00000000e+00
0.00000000e+00
5.37312849e-01
5.96588697e-01
9.03832602e-02
-3.24264715e-01
-1.62521557e-01
5.83528274e-01
1.34782308e+00
4.38525653e-01
6.87805408e-01
0.00000000e+00
6.86252751e-02
-5.06974403e-01
-1.81868644e-01
9.06894308e-01
2.45093767e-01
2.53100622e-01
7.40443530e-01
-3.74348906e-02
5.75125180e-01
-3.45441025e-01
136
9.33694619e-01
9.31422863e-01
-2.01565619e-02
3.15704403e-01
-4.06090532e-03
-1.22128719e-01
-9.30396992e-04
-1.91303928e-01
-7.02682597e-03
0.00000000e+00
0.00000000e+00
0.00000000e+00
0.00000000e+00
0.00000000e+00
0.00000000e+00
0.00000000e+00
2.47348393e-01
2.60721640e-01
4.25624587e-01
-6.54326801e-01
6.92964492e-01
2.73312013e-01
1.70948159e-01
1.24744946e-01
2.68072493e-01
5.79793172e-02
0.00000000e+00
-6.54326801e-01
1.33320536e+00
-6.86544072e-01
1.83431365e-01
0.00000000e+00
1.49842292e+00
-5.60996632e-01
-1.21778068e-01
0.00000000e+00
-1.08705971e+00
-5.51449748e-02
1.23011308e+00
0.00000000e+00
-7.33879451e-01
-2.07547448e-01
7.95799048e-01
0.00000000e+00
0.00000000e+00
0.00000000e+00
0.00000000e+00
-2.16455993e+00
3.29498374e-01
-4.95024381e-01
8.98030902e-02
1.97873607e-03
3.54383585e-01
7.38117057e-01
-1.24897051e-01
-6.01449227e-01
0.00000000e+00
2.63674249e-01
1.32463414e-01
3.39822453e-02
5.01987923e-02
-2.95749765e+00
-1.02390719e-01
-4.21459412e-01
7.28511606e-02
-4.32805475e-01
0.00000000e+00
1.15704002e+00
-1.58663462e-01
2.61351604e-01
-4.86961614e-02
0.00000000e+00
1.05858583e+00
-4.61720044e-01
2.98419326e-01
-1.70964780e-01
0.00000000e+00
0.00000000e+00
0.00000000e+00
0.00000000e+00
0.00000000e+00
0.00000000e+00
0.00000000e+00
0.00000000e+00
0.00000000e+00
0.00000000e+00
-2.23264122e-01
-9.30149199e-01
-1.11170865e+00
0.00000000e+00
0.00000000e+00
0.00000000e+00
4.95382809e-01
2.71185266e-02
-5.75689956e-01
2.99832703e-01
-1.73447494e+00
1.80505675e-01
3.21153506e-01
3.14311402e-01
4.54511671e-01
0.00000000e+00
6.25642805e-01
-1.05351058e+00
-1.01846566e+00
7.05091723e-01
7.76021820e-01
6.61047944e-01
3.38649263e-01
-2.07883407e+00
-2.62843890e-01
4.12840599e-01
-1.45863668e+00
0.00000000e+00
0.00000000e+00
0.00000000e+00
1.52415246e-01
-9.02714446e-01
-1.24690008e+00
4.53945572e-01
-8.71901955e-01
-2.41538706e-01
1.04223160e-01
6.75917486e-02
-1.50365019e-01
0.00000000e+00
1.75602825e-01
2.43849162e+00
-6.15741585e-01
6.34675286e-01
-6.07191514e-01
2.41122047e-01
1.45005328e-01
-2.27290878e+00
6.36419364e-01
4.01133205e-01
6 1
-7.6166e-01 3.1243e-01
7 0
0 1 4 2 5 9 13 
217
6.82996086e-01
-5.49746505e-01
-4.10099894e-01
-1.96313660e-01
1.65598096e-01
6.64518880e-01
6.52925751e-01
-2.40424117e-01
-5.12957826e-02
-8.10928921e-01
-8.42319780e-02
-3.50398740e-01
0.00000000e+00
0.00000000e+00
0.00000000e+00
0.00000000e+00
0.00000000e+00
-4.75590996e-01
-4.29342325e-03
-8.48920841e-01
2.04591243e-01
2.88656798e-03
4.00165988e-01
9.53995839e-01
-3.87447619e-03
9.16020636e-03
0.00000000e+00
0.00000000e+00
0.00000000e+00
0.00000000e+00
0.00000000e+00
0.00000000e+00
0.00000000e+00
-1.48115538e-01
-1.19150446e-01
9.50262070e-01
0.00000000e+00
1.54381161e-03
-1.70102048e-01
-5.93661226e-03
1.62285048e-01
5.30208540e-01
-2.43284231e-02
0.00000000e+00
0.00000000e+00
-2.34858238e-01
-1.92144588e-01
1.85552859e-01
0.00000000e+00
2.77846067e-01
-3.88769808e-01
-1.29165754e-01
0.00000000e+00
-4.39807868e-01
2.73753498e-01
7.49755613e-01
0.00000000e+00
-8.53292114e-02
5.31570696e-03
6.60847808e-01
5.14548502e-01
4.51674041e-02
1.23280180e-01
0.00000000e+00
-3.01845191e-01
-7.76243281e-02
5.83461199e-01
5.98821350e-01
4.01380078e-01
1.30152037e+00
-1.60434357e-01
-3.21714894e-01
-1.07060671e+00
7.17021439e-01
2.00040136e-01
4.48123897e-01
1.13774994e+00
0.00000000e+00
3.42251277e-01
-4.68133432e-03
1.23923190e-01
2.27895796e-01
2.16821619e-01
-5.64094111e-02
-2.18228861e-01
-2.63310600e-01
-4.89698962e-01
6.43369905e-01
-1.43490352e+00
5.21165642e-01
2.06118245e-01
0.00000000e+00
3.24739022e-01
-2.41319642e-01
2.58959586e-01
-6.89481450e-01
9.92974777e-02
3.35865688e-01
0.00000000e+00
2.91601803e-01
8.42173863e-04
1.32002429e-01
-6.29991361e-01
2.59391854e-01
2.03022752e-02
6.55639548e-01
3.09252233e-01
-2.21650831e-01
-2.52793448e-01
2.44072946e-01
-2.91022462e-02
-2.61843371e-01
0.00000000e+00
0.00000000e+00
0.00000000e+00
0.00000000e+00
0.00000000e+00
0.00000000e+00
0.00000000e+00
-9.71327759e-01
-7.84353453e-01
-1.20930685e+00
0.00000000e+00
0.00000000e+00
0.00000000e+00
3.51837684e-01
-5.49964652e-02
-1.09530548e+00
1.66838217e-01
-1.40499160e+00
1.35568027e-01
2.66764358e-01
-4.23984057e-01
6.13376429e-01
0.00000000e+00
1.38432739e-02
-1.04262826e+00
-9.92465202e-01
7.61866125e-01
1.43210840e+00
1.08530336e+00
3.16805913e-01
-1.93260709e+00
-2.76015215e-01
8.69374742e-01
-2.18925680e-01
0.00000000e+00
0.00000000e+00
0.00000000e+00
2.70342074e-01
-4.62598016e-01
5.61010113e-01
1.17033021e-01
-9.82511059e-01
2.43321466e-02
2.31067519e-01
8.34597452e-01
2.01870037e-01
0.00000000e+00
4.17702314e-01
3.15875385e-03
1.74358132e-01
3.65219236e-01
-1.35965996e+00
-3.73669122e-01
-3.50557444e-01
9.44600056e-02
3.34467977e-01
-3.19548862e-01
-1.42494001e+00
0.00000000e+00
0.00000000e+00
0.00000000e+00
-9.93655149e-02
1.03066849e-01
-1.03999615e+00
2.95834535e-01
-3.68617055e-01
-6.50711087e-01
1.38049997e-01
5.49494649e-02
2.27461015e-03
0.00000000e+00
-7.43481894e-01
2.37385970e+00
-1.40073331e-01
3.50996328e-01
-4.33487664e-01
-1.79933805e-01
-7.38129880e-01
-1.68702427e+00
5.25756049e-01
8.11093103e-01
1.00636399e-01
0.00000000e+00
0.00000000e+00
0.00000000e+00
-1.82562085e-01
-4.94608022e-01
-1.97072532e-01
2.02336620e-01
-4.30717594e-01
2.69940039e-01
-7.06255918e-01
1.10095398e-01
-8.71230972e-02
0.00000000e+00
5.83414382e-01
-2.40167368e-01
-7.69383646e-01
5.57346414e-01
3.09102373e-01
5.15015195e-01
6.15633247e-01
1.66018616e-01
3.30027882e-01
-4.50403505e-01
136
6.10079142e-01
0.00000000e+00
0.00000000e+00
-3.30655269e-01
-3.99143407e-02
4.22718868e-01
-5.85724744e-03
5.18015544e-01
-3.55502815e-03
0.00000000e+00
0.00000000e+00
0.00000000e+00
0.00000000e+00
0.00000000e+00
0.00000000e+00
0.00000000e+00
1.95612111e-01
8.10141096e-02
3.33452921e-01
-7.21020568e-02
2.29679541e-01
-4.67999002e-03
-5.67350788e-04
2.24996076e-02
6.38195459e-02
3.46360201e-01
2.50696440e-02
-7.21020568e-02
1.56511437e-01
-3.64628690e-01
4.49517245e-01
0.00000000e+00
4.09413135e-01
-1.72765881e-01
1.90155235e-01
0.00000000e+00
-3.13056183e-01
-5.39155379e-01
8.39983370e-01
0.00000000e+00
1.04862040e-02
-2.76706476e-01
2.92427182e-01
0.00000000e+00
0.00000000e+00
0.00000000e+00
0.00000000e+00
-1.42535848e+00
4.65881198e-01
-3.58103824e-01
9.64177077e-02
2.02623726e-01
-1.13711900e-02
8.49003712e-01
2.01758375e-02
-5.46122286e-01
0.00000000e+00
1.57069744e-01
1.13577439e-01
-9.50059799e-03
-1.35082179e-01
-5.18036694e-01
-1.85866530e-01
-4.87831420e-01
1.58347498e-01
-2.69455229e-01
0.00000000e+00
6.17829151e-01
-2.47965595e-01
1.53154415e-01
-6.63673124e-02
0.00000000e+00
6.08820327e-01
-4.86852827e-01
1.86340466e-01
-2.51792395e-01
4.55838106e-01
1.87639806e-01
-4.98066166e-01
4.62792770e-02
-3.98033045e-01
0.00000000e+00
0.00000000e+00
0.00000000e+00
0.00000000e+00
0.00000000e+00
-1.22227966e-03
-9.41219008e-01
-1.06839525e+00
0.00000000e+00
0.00000000e+00
0.00000000e+00
4.40495765e-01
2.31446330e-02
-6.14284180e-01
3.89091146e-01
-1.52211383e+00
1.34577502e-01
3.40948578e-01
3.70444285e-01
4.80644264e-01
0.00000000e+00
5.23225932e-01
-1.03721912e+00
-9.52614876e-01
5.74320219e-01
8.85193835e-01
6.81089298e-01
3.88763269e-01
-2.28236066e+00
-2.42977897e-01
3.51236586e-01
-1.58728080e+00
0.00000000e+00
0.00000000e+00
0.00000000e+00
2.73614310e-01
-1.00896224e+00
-1.16446640e+00
3.42368036e-01
-9.36820657e-01
-2.47157798e-01
-1.96384215e-01
1.55517757e-01
-1.36156874e-01
0.00000000e+00
9.57761456e-02
3.27326166e+00
-6.79757912e-01
6.38764746e-01
-8.32781812e-01
1.27776528e-01
-3.89064220e-02
-2.36083587e+00
6.65945886e-01
4.41924341e-01
12 1
-7.3612e-01 3.5344e-01
8 1
0 1 4 2 5 9 13 6 
217
5.36886921e-01
-2.50067246e-01
-2.86732821e-01
-7.77014529e-03
-1.91828482e-01
-2.90149742e-01
-3.28717397e-01
-5.15501275e-02
1.23797122e-01
-4.17851750e-01
9.33635678e-01
6.26965363e-02
0.00000000e+00
0.00000000e+00
1.06813596e+00
-2.27222195e-02
7.89289010e-01
-1.39428649e-01
2.61085375e-03
5.90519591e-01
-2.11042356e-01
2.47628572e-03
1.43881399e-01
-1.80778035e-01
3.05060484e-03
4.99238797e-01
0.00000000e+00
0.00000000e+00
0.00000000e+00
0.00000000e+00
0.00000000e+00
0.00000000e+00
0.00000000e+00
1.37345406e-01
-1.35137214e-01
5.34678728e-01
0.00000000e+00
4.57158233e-02
-2.53649188e-01
-2.16337097e-01
-3.31082122e-03
-6.63045269e-02
5.98780011e-01
4.31992720e-01
0.00000000e+00
-6.99653364e-02
-2.50685059e-01
1.03275978e-01
0.00000000e+00
2.34071070e-02
-1.09367058e-01
-3.55993827e-01
0.00000000e+00
-2.48747136e-01
-1.05026635e-01
7.41548979e-01
0.00000000e+00
2.30364426e-01
1.70564136e-01
4.07511345e-01
3.08057322e-01
-2.57245139e-02
2.54554113e-01
0.00000000e+00
-2.94514615e-01
-8.33426826e-02
3.25628912e-01
8.38376323e-01
5.05772624e-01
1.31421370e+00
1.26779244e-01
-1.91720183e-01
-3.16047962e-01
3.81620783e-01
4.60770069e-01
2.20207076e-01
1.00317190e+00
0.00000000e+00
1.70400791e-01
1.87365016e-02
3.88155544e-01
-5.68637316e-02
-2.16694143e-02
-1.59865353e-01
-6.94538255e-01
3.52100593e-02
-2.78518490e-01
7.90057218e-01
-7.87437777e-01
4.06157898e-01
1.27865040e-01
0.00000000e+00
3.27589094e-01
-1.34306964e-01
2.02761939e-01
-5.62808859e-01
6.53588728e-03
7.49895942e-02
0.00000000e+00
2.87138181e-01
5.75143197e-02
2.84052810e-01
-4.08167124e-01
-3.43040695e-02
-3.09471634e-01
-2.67896233e-01
1.46196341e-01
-5.05594075e-01
1.99100855e-01
-4.94927044e-01
4.59485957e-01
2.27604200e-01
0.00000000e+00
-7.84055692e-02
-2.17607167e-01
3.06237055e-01
-7.70587677e-02
3.09055434e-01
5.41406600e-02
-3.21557112e-01
-8.47112753e-01
-1.34680135e+00
0.00000000e+00
0.00000000e+00
0.00000000e+00
1.21691657e-01
-3.37733132e-02
-5.18161995e-01
3.21591734e-01
-1.42423889e+00
1.42491797e-01
2.88512973e-01
2.35348206e-01
8.56794106e-01
0.00000000e+00
1.80110122e-01
-1.27966763e+00
-7.54662631e-01
1.00035819e+00
5.61908562e-01
3.57351687e-01
2.94270959e-03
-2.04680119e+00
1.54798647e-01
4.86603891e-01
1.39701673e-01
0.00000000e+00
0.00000000e+00
0.00000000e+00
5.31611391e-01
-4.34175218e-01
-2.28264707e-01
-4.66667462e-01
4.30450168e-02
2.60727055e-01
-3.67155440e-01
9.77602722e-02
-7.72551106e-01
0.00000000e+00
2.62655018e-01
1.57719923e-01
-6.21356505e-01
7.15497653e-02
5.53770729e-01
3.21403325e-01
3.70927380e-01
4.51886715e-01
-3.68945650e-02
-5.62899134e-02
-1.64930264e+00
0.00000000e+00
0.00000000e+00
0.00000000e+00
5.61710869e-01
-1.99036862e-01
-8.30866156e-01
1.85785020e-01
-3.64693797e-02
4.05355696e-01
-4.92343712e-01
-3.95559484e-02
-3.29493895e-01
0.00000000e+00
5.20771371e-01
2.54190019e+00
-7.54764914e-01
1.19669091e+00
-4.92820077e-01
4.36272421e-01
-5.20152732e-01
-1.52831954e+00
1.14783910e+00
7.90751217e-01
-2.90165022e-01
0.00000000e+00
0.00000000e+00
0.00000000e+00
-2.15906106e-01
-8.40743467e-02
-9.94725426e-02
2.82012298e-01
-1.10332322e-02
-3.74707795e-01
1.24465852e+00
3.27367117e-01
-1.85045522e-01
0.00000000e+00
-1.06627282e-01
3.17825607e-01
-4.48630512e-01
3.76388628e-01
2.03516416e-01
-9.59677199e-02
4.18206274e-01
5.83509493e-01
-8.70751891e-02
1.24620350e-01
136
6.62469781e-01
9.24940147e-01
-5.43273495e-03
1.46242390e-01
1.11932963e-03
-1.58888193e-01
-1.81701267e-04
-2.49824563e-01
-3.09055276e-03
0.00000000e+00
0.00000000e+00
0.00000000e+00
0.00000000e+00
0.00000000e+00
0.00000000e+00
0.00000000e+00
2.00102034e-01
1.87931859e-01
2.74435888e-01
-3.12717268e-01
2.29487329e-01
7.35862155e-03
6.31389802e-02
1.74671990e-01
2.05422136e-01
2.94037100e-01
1.07089286e-03
-3.12717268e-01
3.37364798e-01
-3.93743247e-01
5.11173904e-01
0.00000000e+00
4.59437445e-01
-2.69789843e-01
3.14225278e-01
0.00000000e+00
-3.24619597e-01
-6.26612125e-01
9.52195997e-01
0.00000000e+00
4.51344908e-02
-6.42269918e-01
6.12689866e-01
0.00000000e+00
0.00000000e+00
0.00000000e+00
0.00000000e+00
-2.24513240e+00
2.51584088e-01
-5.46307118e-01
1.02152262e-01
-5.79373528e-02
2.62537222e-01
8.92383938e-01
3.83680369e-02
-4.19513255e-01
0.00000000e+00
1.43042462e-01
8.51359663e-02
-9.66080034e-03
-1.94689143e-01
-6.66082495e-01
-1.97027756e-01
-2.99911332e-01
1.44377625e-01
-3.12305072e-01
0.00000000e+00
6.62474418e-01
-2.46978433e-01
1.51612748e-01
-4.46419524e-02
0.00000000e+00
8.25352894e-01
-4.62934707e-01
2.24933161e-01
-1.67326072e-01
4.03335410e-01
2.19274246e-01
-4.37430925e-01
4.08558307e-02
-3.13564821e-01
0.00000000e+00
5.17111934e-01
-3.63612984e-01
3.14696172e-01
-2.63484964e-01
-7.46437393e-02
-8.03020391e-01
-1.14240994e+00
0.00000000e+00
0.00000000e+00
0.00000000e+00
4.60050505e-01
5.07889645e-02
-5.25920481e-01
3.37503364e-01
-1.68848705e+00
1.72822690e-01
3.25337670e-01
3.31756079e-01
5.22210720e-01
0.00000000e+00
5.77606874e-01
-1.14083134e+00
-9.85323956e-01
6.13840710e-01
7.76996242e-01
7.00734095e-01
3.65376424e-01
-2.24788325e+00
-2.25523410e-01
4.36535205e-01
-1.51480234e+00
0.00000000e+00
0.00000000e+00
0.00000000e+00
1.53053792e-01
-1.00760411e+00
-1.12766922e+00
3.87094081e-01
-7.68529619e-01
-2.34497617e-01
-1.44765463e-01
8.55244309e-02
-1.95561911e-01
0.00000000e+00
9.73257684e-02
2.79803738e+00
-5.73829785e-01
6.89218848e-01
-6.24080961e-01
1.93665577e-01
1.88809046e-01
-2.62748011e+00
7.53319984e-01
4.43167554e-01
11 1
-8.0987e-01 3.3230e-01
8 0
0 1 4 2 5 9 13 6 
217
6.37279022e-01
-3.07160544e-01
-4.92164488e-01
-5.64108749e-02
2.51063099e-01
-1.63311960e-01
1.19240357e-01
-8.11874736e-02
-2.60571047e-01
3.15650853e-01
5.27546612e-01
3.23362511e-02
0.00000000e+00
0.00000000e+00
0.00000000e+00
0.00000000e+00
0.00000000e+00
-2.29203398e-01
1.14871202e-02
-2.32281250e-01
6.38772186e-01
-1.13069773e-02
7.86346901e-01
2.27710234e-01
-4.72926590e-03
7.30160119e-01
0.00000000e+00
0.00000000e+00
0.00000000e+00
0.00000000e+00
0.00000000e+00
0.00000000e+00
0.00000000e+00
8.61214857e-02
-6.39390939e-02
6.15096630e-01
0.00000000e+00
-1.10500983e-01
-3.79604070e-02
-8.49103107e-02
9.58379005e-02
2.56356519e-01
2.60317823e-01
2.58138480e-01
0.00000000e+00
-2.56407294e-01
-3.51323866e-02
3.41123701e-01
0.00000000e+00
-2.33761125e-01
1.72974107e-01
-2.18486788e-01
0.00000000e+00
3.29599720e-02
-1.74814302e-01
6.31568125e-01
0.00000000e+00
8.00565484e-02
-3.42162943e-02
3.31414759e-01
2.10748396e-01
2.56524901e-01
1.70005725e-01
0.00000000e+00
-7.11888755e-02
-1.20059629e-01
5.66050058e-01
6.78051321e-01
1.42417840e-01
1.08419757e+00
1.63483703e-01
-5.40635602e-01
-1.31375526e+00
6.22147313e-01
6.20223937e-01
3.92283608e-01
1.03016198e+00
0.00000000e+00
5.39297815e-01
-4.56851292e-01
3.06568101e-01
3.92634131e-01
-2.08586894e-01
-6.46766639e-01
-3.83070701e-01
1.53380915e-01
-1.72348239e-01
4.75328811e-01
-3.50266417e-01
3.91639997e-01
-1.84246517e-01
0.00000000e+00
3.99300618e-01
-1.65490379e-02
1.61076478e-01
-3.21719888e-01
7.69019267e-02
-1.01171948e-01
0.00000000e+00
2.43548702e-01
-5.13690967e-02
9.97677297e-02
-4.70501068e-01
2.93962591e-01
-7.06963474e-02
4.02375588e-01
1.84249107e-01
1.32224021e-01
-8.57311149e-02
-2.85760010e-01
1.36385442e-01
-5.55298894e-03
0.00000000e+00
-1.05994806e-01
-3.63034555e-01
7.30477312e-01
-4.93642006e-01
1.27965163e-02
-7.62809399e-02
-1.07560824e+00
-9.25473517e-01
-1.27175685e+00
0.00000000e+00
0.00000000e+00
0.00000000e+00
4.37922277e-01
-3.02631701e-01
-9.60074620e-01
3.37529802e-01
-1.11541992e+00
1.53007002e-01
4.50538852e-01
3.50007331e-01
4.37267072e-01
0.00000000e+00
3.00161321e-01
-1.32350950e+00
-8.25890090e-01
8.90489571e-01
2.76895517e-01
8.41574780e-01
1.27512349e-02
-1.78671703e+00
9.39690955e-02
4.60372164e-01
-2.83542748e-01
0.00000000e+00
0.00000000e+00
0.00000000e+00
-3.61539016e-02
5.67768731e-01
4.58039312e-01
-2.54565733e-01
-6.83664428e-01
-6.62028487e-02
-3.82588002e-01
2.85169000e-01
1.48951419e-01
0.00000000e+00
1.07411956e-01
-2.67633464e-01
-2.22090007e-01
-2.55210089e-01
7.43430981e-01
-6.47074936e-01
2.80290133e-01
-9.43041142e-02
-2.80775767e-01
3.15659012e-01
-1.01371688e+00
0.00000000e+00
0.00000000e+00
0.00000000e+00
-4.38780056e-01
-2.72381710e-01
-1.36242133e+00
1.88899316e-01
-1.52470971e-01
-1.48263799e-02
-7.08888059e-01
4.05377696e-01
5.22675040e-01
0.00000000e+00
-6.56312944e-01
1.57735126e+00
-3.71399524e-01
3.78287452e-01
-1.19893207e-01
6.79200644e-01
1.13338059e-01
-1.27322252e+00
4.92175683e-01
-4.25326854e-04
-4.31611354e-01
0.00000000e+00
0.00000000e+00
0.00000000e+00
4.37857494e-01
-1.32978006e-02
4.53732146e-01
3.03904390e-01
-9.09847497e-03
-8.93597468e-01
3.41706318e-01
-2.41526496e-01
-2.45363174e-01
0.00000000e+00
4.85673993e-01
-1.41063208e-01
-4.68418479e-01
6.72562756e-01
-4.27065239e-01
-2.63933296e-01
2.92918316e-02
-9.45769814e-01
2.59999840e-01
2.32793325e-01
136
4.58303679e-01
0.00000000e+00
0.00000000e+00
-2.21505393e+00
2.98208077e-02
1.45752330e+00
-8.63452988e-03
1.21583431e+00
-4.21101138e-03
0.00000000e+00
0.00000000e+00
0.00000000e+00
0.00000000e+00
0.00000000e+00
0.00000000e+00
0.00000000e+00
1.86528371e-01
1.02201692e-01
1.69573615e-01
-1.58617404e-01
1.05262241e-01
-2.67305332e-02
1.01879108e-02
3.48985417e-02
7.91461489e-02
3.63245967e-01
5.09108070e-02
-1.58617404e-01
1.39094362e-01
-3.56622084e-01
4.49575905e-01
0.00000000e+00
3.61967611e-01
-2.47927927e-01
2.69696395e-01
0.00000000e+00
-3.37920275e-01
-6.53613280e-01
8.74885215e-01
0.00000000e+00
4.18097571e-02
-3.36725777e-01
4.12701182e-01
0.00000000e+00
0.00000000e+00
0.00000000e+00
0.00000000e+00
-1.75350647e+00
3.82391881e-01
-4.29454521e-01
1.17196788e-01
9.46853411e-03
3.68655166e-02
7.82491749e-01
1.35164908e-02
-4.50784092e-01
0.00000000e+00
-4.32175613e-02
6.07638190e-02
-4.20348206e-02
-1.16444994e-01
-3.87597441e-01
-6.52079254e-02
-2.75107423e-01
1.63679832e-01
-2.08819317e-01
0.00000000e+00
4.71999210e-01
-2.83838238e-01
1.11447106e-01
-2.18309276e-02
0.00000000e+00
5.15858774e-01
-5.02465786e-01
1.63462939e-01
-1.24671523e-01
4.88709862e-01
-1.25825867e-02
-5.61928419e-01
1.57210814e-02
-3.84848964e-01
0.00000000e+00
3.36951030e-01
-2.30479810e-01
2.08047389e-01
-1.83783805e-01
3.26166366e-02
-9.29082646e-01
-1.11085995e+00
0.00000000e+00
0.00000000e+00
0.00000000e+00
4.26890404e-01
-5.20675443e-02
-5.46042645e-01
3.90104090e-01
-1.55965677e+00
1.04405032e-01
3.84299230e-01
4.08308531e-01
4.77055765e-01
0.00000000e+00
5.01223785e-01
-1.03675569e+00
-9.39533806e-01
5.73185340e-01
8.63943326e-01
6.83351362e-01
3.23211592e-01
-2.27263896e+00
-2.36140652e-01
3.95997659e-01
-1.65309126e+00
0.00000000e+00
0.00000000e+00
0.00000000e+00
2.23529396e-01
-1.25776127e+00
-1.16108939e+00
3.73370211e-01
-1.01738797e+00
-2.64041412e-01
-2.72145127e-01
1.00400702e-01
-1.39256642e-01
0.00000000e+00
2.39823330e-01
3.10422623e+00
-6.90828259e-01
6.08996238e-01
-5.88516634e-01
3.29422944e-01
1.04314805e-01
-2.48542497e+00
6.87711129e-01
4.51565422e-01
7 1
-1.1002e+00 4.4973e-01
8 1
0 1 4 2 5 9 13 6 
217
5.12511812e-02
-4.47041372e-01
1.29642598e-02
-1.96108388e-01
-5.89167848e-01
1.03345066e+00
2.89932906e-01
1.39661423e-02
1.42092937e-01
8.36040218e-02
2.08393187e-01
2.98956352e-01
0.00000000e+00
0.00000000e+00
3.33158323e-01
-3.82905323e-03
2.31183560e-01
2.33384604e-01
-6.01285076e-04
7.04978588e-01
9.23084662e-02
4.09687912e-04
7.25411730e-01
-6.07600211e-01
1.29925547e-02
9.67701642e-01
0.00000000e+00
0.00000000e+00
0.00000000e+00
0.00000000e+00
0.00000000e+00
0.00000000e+00
0.00000000e+00
4.90098002e-01
4.40162042e-01
-8.79008862e-01
0.00000000e+00
-2.23934945e-01
-1.90850571e-01
-5.82775680e-03
5.67305117e-03
1.08323625e-01
3.48689402e-01
9.17837561e-03
0.00000000e+00
1.58780589e-01
1.63767554e-01
-3.75072199e-01
0.00000000e+00
1.33103562e-01
1.26694005e-01
-6.23338654e-01
0.00000000e+00
-4.10751974e-01
-5.62979917e-02
4.07411828e-01
0.00000000e+00
1.35518717e-01
-2.54302485e-02
4.16865995e-01
4.87779032e-02
-3.24948153e-01
3.27421431e-01
0.00000000e+00
2.08733318e-01
-3.62786342e-04
9.17306183e-02
1.08690085e+00
-2.49212755e-01
3.00042286e-02
0.00000000e+00
1.66508927e-02
3.69177440e-01
2.56658893e-01
4.93478221e-01
-2.22058605e-01
2.01463171e-01
0.00000000e+00
-1.12162194e-01
3.72144330e-02
-3.96203396e-02
-1.17949362e-01
2.03033715e-01
2.89402907e-01
0.00000000e+00
-4.16065144e-01
-2.43609226e-01
2.29523187e-01
-2.69679603e-01
2.37793138e-01
3.74287217e-01
0.00000000e+00
5.55388466e-02
-1.45215197e-01
1.14862163e-01
-3.07956813e-01
-1.19149828e-01
-2.08892363e-01
0.00000000e+00
-1.64097772e-01
-3.65144743e-01
2.35537666e-01
-7.64004661e-01
-2.01887128e-02
-2.08416681e-01
0.00000000e+00
1.97887400e-01
-1.09627502e-01
5.96920372e-02
-6.68866448e-01
-2.06328256e-01
2.58390269e-02
0.00000000e+00
-3.55167303e-01
1.25071290e-03
2.37857692e-01
-4.86113564e-01
1.68560792e-01
2.51021218e-01
4.51122930e-01
2.16966960e-01
-9.87665759e-01
0.00000000e+00
0.00000000e+00
0.00000000e+00
3.49830333e-01
4.06084713e-01
-7.22799856e-01
7.23745677e-01
-1.63757071e+00
-4.39647255e-02
4.41757736e-01
3.50350830e-01
4.41844167e-01
0.00000000e+00
5.83448152e-01
-2.08679108e+00
-8.74100575e-01
-1.27478814e-02
4.42524942e-01
1.28915710e+00
3.49310027e-01
-1.62581986e+00
1.51560873e-01
4.86514380e-01
-1.11615948e+00
0.00000000e+00
0.00000000e+00
0.00000000e+00
8.37117461e-01
-6.76325764e-01
1.20245414e-01
-5.65510361e-01
-9.58130335e-01
-2.18874710e-01
1.92725757e-01
4.17997841e-01
5.08890565e-01
0.00000000e+00
-3.49127542e-01
-1.04845087e+00
-1.22946220e-01
1.89689229e+00
-3.39485631e-02
-3.50995110e-01
2.00103062e-01
-1.86220322e-01
-5.90786598e-01
-1.88815476e-01
-8.75644113e-01
0.00000000e+00
0.00000000e+00
0.00000000e+00
-3.87002175e-01
-1.60833445e-01
-8.14026728e-01
7.04617624e-01
-1.42807720e-01
-2.99233854e-01
1.68570267e-01
-4.27965482e-02
-1.92033995e-01
0.00000000e+00
7.66827773e-02
1.61912824e+00
-3.17307891e-01
1.00800493e+00
-1.09211153e+00
2.16510788e-01
1.72759633e-01
-2.48996267e+00
4.68466094e-01
6.27732091e-01
-1.25136033e+00
0.00000000e+00
0.00000000e+00
0.00000000e+00
7.36699900e-01
5.59745454e-01
1.16694399e-02
-3.87133463e-01
-4.47153914e-01
8.15907422e-01
4.73420217e-01
-9.23109795e-02
2.08326717e-01
0.00000000e+00
7.29917297e-01
-2.92515217e+00
-3.06703187e-01
-7.18147100e-01
6.91283318e-01
8.85184598e-02
2.29552104e-01
-3.36842330e-01
-4.31501969e-01
-1.51455545e-01
136
3.76093414e-01
4.18539293e-01
-5.70448838e-03
3.70436053e-01
-6.03472088e-03
-1.14915239e-01
-2.52545617e-03
-2.97966693e-01
-1.01734068e-02
0.00000000e+00
0.00000000e+00
0.00000000e+00
0.00000000e+00
0.00000000e+00
0.00000000e+00
0.00000000e+00
-1.45502596e-02
-1.49300610e-02
4.05573734e-01
-4.93988196e-01
1.16816063e-01
-2.56926058e-02
1.35690409e-02
1.16064737e-01
1.96546280e-01
2.77559805e-01
1.75218290e-01
-4.93988196e-01
2.93384934e-01
-4.54660295e-01
6.30477715e-01
0.00000000e+00
2.79019700e-01
-2.89273447e-01
3.81547420e-01
0.00000000e+00
-2.59036856e-01
-7.22574967e-01
1.01118317e+00
0.00000000e+00
-3.92085108e-02
-5.42748387e-01
5.81971136e-01
0.00000000e+00
0.00000000e+00
0.00000000e+00
0.00000000e+00
-2.50324529e+00
9.53710730e-02
-6.02327663e-01
9.78523764e-03
0.00000000e+00
1.49222479e+00
9.75025419e-01
2.90325416e-01
-1.30947672e+00
0.00000000e+00
4.78550138e-03
1.07722936e-01
-5.26049919e-02
-8.07835931e-02
-3.79188059e-01
-2.28117817e-01
-3.28514375e-01
1.30607908e-01
-1.11911619e-01
0.00000000e+00
2.76319227e-01
-3.10293275e-01
6.65117198e-02
-2.30202391e-02
0.00000000e+00
2.87610927e-01
-4.59571555e-01
9.27668815e-02
-2.97747293e-01
0.00000000e+00
1.27818601e+00
-3.79499772e-01
2.98971285e-01
-3.23949869e-01
0.00000000e+00
1.85791755e-01
-2.25981783e-01
1.51484795e-01
-1.86494236e-01
-3.22820816e-01
-7.61151328e-01
-1.20136600e+00
0.00000000e+00
0.00000000e+00
0.00000000e+00
3.95129863e-01
1.17015046e-02
-5.14966508e-01
2.66918990e-01
-1.60477813e+00
1.94942502e-01
2.98003069e-01
3.95098151e-01
4.69549596e-01
0.00000000e+00
5.81893789e-01
-1.41770289e+00
-1.04009088e+00
6.87613145e-01
8.89479473e-01
7.15943535e-01
4.00329559e-01
-2.15876075e+00
-1.82353240e-01
4.10683226e-01
-1.33150205e+00
0.00000000e+00
0.00000000e+00
0.00000000e+00
1.10428684e-01
-7.96185735e-01
-1.04662298e+00
5.32810454e-01
-8.00601225e-01
-2.15269299e-01
9.75240299e-02
1.27557121e-01
-9.65022067e-02
0.00000000e+00
1.10394860e-01
1.61948251e+00
-4.65486829e-01
6.43647229e-01
-5.95961288e-01
2.85454145e-01
2.10597883e-01
-2.25941916e+00
7.94859672e-01
4.11790093e-01
