1 -999999999 -999999999 -1 -1
1 0 0 -1 -1
0.2743 -0.4412
356
8.06648817e-01
0.00000000e+00
0.00000000e+00
0.00000000e+00
0.00000000e+00
0.00000000e+00
0.00000000e+00
0.00000000e+00
0.00000000e+00
0.00000000e+00
0.00000000e+00
0.00000000e+00
0.00000000e+00
0.00000000e+00
0.00000000e+00
0.00000000e+00
0.00000000e+00
0.00000000e+00
0.00000000e+00
0.00000000e+00
0.00000000e+00
0.00000000e+00
0.00000000e+00
0.00000000e+00
0.00000000e+00
0.00000000e+00
0.00000000e+00
0.00000000e+00
0.00000000e+00
0.00000000e+00
0.00000000e+00
0.00000000e+00
0.00000000e+00
0.00000000e+00
0.00000000e+00
0.00000000e+00
0.00000000e+00
0.00000000e+00
0.00000000e+00
0.00000000e+00
0.00000000e+00
0.00000000e+00
0.00000000e+00
0.00000000e+00
0.00000000e+00
0.00000000e+00
0.00000000e+00
0.00000000e+00
0.00000000e+00
0.00000000e+00
0.00000000e+00
-5.05604152e-01
-5.84746168e-01
1.50389422e+00
0.00000000e+00
0.00000000e+00
0.00000000e+00
0.00000000e+00
-3.55388387e-01
1.01512607e+00
8.60253901e-01
9.65632942e-01
1.88800592e+00
-1.01254353e+00
1.27891009e-01
-1.61935088e+00
-1.71411362e+00
-1.00174039e+00
9.50322783e-01
-4.74194174e-02
-1.37508663e+00
1.20873822e+00
-1.63963350e-02
-7.19535246e-01
-8.33239375e-01
2.97048260e-03
-6.98549477e-01
-5.19172813e-01
7.37436131e-03
-6.96220175e-01
0.00000000e+00
0.00000000e+00
0.00000000e+00
0.00000000e+00
0.00000000e+00
0.00000000e+00
0.00000000e+00
-5.71602671e-01
5.93558012e-01
7.84693476e-01
-5.09948941e-01
-2.19662639e-01
1.22764672e-01
-1.37309921e-02
-1.65359864e-01
-2.24665966e-01
5.44216321e-02
1.64331971e-01
6.42524820e-02
-2.05449833e-02
6.50716103e-01
2.72066939e-01
0.00000000e+00
0.00000000e+00
2.41440027e+00
3.22461928e+00
0.00000000e+00
0.00000000e+00
0.00000000e+00
0.00000000e+00
0.00000000e+00
0.00000000e+00
-3.40623580e-01
-2.44761122e-01
-1.14199893e-01
1.06858943e-01
-2.53423940e-01
-7.61601864e-01
5.34323751e-01
-9.61708572e-02
0.00000000e+00
-2.84722058e-01
2.08055671e+00
-2.14405641e+00
-1.68638691e-01
-3.22260357e-01
-1.86497457e-01
-4.55912910e-01
-5.94185459e-01
1.60684323e-01
4.54723986e+00
4.67203882e+00
4.51209748e+00
4.63087427e+00
4.83603548e+00
4.76237375e+00
3.42439562e-01
2.02160381e-01
-2.38520513e-01
-4.76934228e-01
-9.29735285e-02
-1.08851887e-01
1.80950125e-01
-1.66641375e-01
-6.72684460e-01
-7.18753890e-01
-6.32644753e-01
-6.13816077e-01
0.00000000e+00
0.00000000e+00
0.00000000e+00
0.00000000e+00
-8.51159907e-01
2.93778867e+00
0.00000000e+00
0.00000000e+00
1.65780872e+00
1.70022034e-01
0.00000000e+00
-1.06597357e+00
-3.11861718e-01
-1.71116566e-01
-1.29588974e+00
-1.18088032e+00
-1.60775146e+00
0.00000000e+00
0.00000000e+00
0.00000000e+00
4.77520580e-01
8.58334105e-01
-6.66392141e-01
-3.33022624e-02
-1.10057360e-01
-1.86856690e-01
1.24941668e-01
8.51247335e-01
1.46264990e-01
0.00000000e+00
7.48438273e-01
-6.88312071e-01
-1.06672659e+00
5.65746240e-01
7.55075944e-01
5.23949457e-01
-2.88196692e-01
-2.58941631e+00
-1.38453481e+00
3.54524871e-01
-8.12814532e-03
0.00000000e+00
0.00000000e+00
0.00000000e+00
2.15529279e-01
-2.11323104e-01
3.01414059e-01
4.76340118e-01
-5.60315735e-01
1.66651892e-01
4.51839612e-01
-1.24333189e-01
9.03794121e-02
0.00000000e+00
4.27225401e-02
-9.98737160e-01
-2.68718776e-01
-1.99540252e-01
-4.78828667e-01
2.19682856e-01
4.92190769e-01
-3.68529170e-02
1.85528343e-01
2.28242775e-01
-8.87594816e-01
-1.08595108e-01
0.00000000e+00
-7.70058617e-03
1.77357075e-01
2.56731997e-01
1.55266318e-02
-3.80853737e-01
4.77281376e-02
0.00000000e+00
0.00000000e+00
0.00000000e+00
-7.16029767e-01
-1.33734024e-02
-6.13839554e-01
-4.54263930e-01
4.31608809e-01
1.54527515e-02
-2.54754856e-01
3.72622250e-01
-2.99653564e-01
0.00000000e+00
-3.34681927e-01
-2.48727094e-01
3.69167876e-01
2.85752036e-01
1.07700835e+00
-6.45991404e-02
-1.48568816e-01
5.70464487e-01
2.65330262e-01
-1.91186635e-01
-7.78999708e-01
0.00000000e+00
2.77746323e-01
2.24226172e-01
-7.20156640e-01
-2.03266610e-01
0.00000000e+00
-1.27657389e-02
7.06016286e-01
3.22579316e-01
-5.98019141e-02
-4.66044012e-01
-5.16890030e-01
0.00000000e+00
0.00000000e+00
5.42848207e-02
-1.35199689e+00
0.00000000e+00
0.00000000e+00
0.00000000e+00
5.91832587e-02
-1.10452391e-01
-5.72866560e-01
-3.14689735e-01
8.96284776e-01
-8.27420522e-01
6.51905482e-01
1.25968029e-02
4.90956959e-01
0.00000000e+00
4.24452909e-01
1.33582641e+00
-1.46830605e+00
7.01097739e-01
-8.44908831e-01
-3.74228715e-01
-5.76413283e-01
-1.74630796e+00
1.97400707e-01
7.13892119e-01
3.44174843e-01
0.00000000e+00
0.00000000e+00
0.00000000e+00
-2.93823470e-02
4.18865157e-01
2.80988403e-01
6.64077708e-01
-8.45971142e-01
8.52089275e-01
2.81531314e-01
-2.44126603e-01
3.17781832e-01
0.00000000e+00
6.62543904e-02
-1.04222952e+00
2.04042713e-01
-1.53121820e-01
-1.11791490e+00
3.63554426e-01
2.93074268e-01
2.00790219e-01
-4.85744846e-02
-1.17554052e-01
-7.91494411e-01
1.81721407e-01
-1.31066101e+00
-3.34772395e-01
9.22885962e-03
3.03950561e-01
1.69382607e-01
-2.91611761e-01
-6.45049254e-01
0.00000000e+00
0.00000000e+00
0.00000000e+00
4.14105982e-01
7.62655362e-02
3.82553774e-01
3.02876102e-02
-3.66736097e-01
-5.70500927e-01
-1.78331393e-01
-6.46175236e-01
8.56542787e-02
0.00000000e+00
3.32183475e-01
1.20361927e+00
-2.61788787e-01
1.58564413e-01
-2.05999693e-01
-3.54813980e-01
5.25709163e-02
-1.24000677e-01
-4.48570854e-01
-2.23936861e-01
-9.73215818e-01
2.78795914e+00
7.58033296e-01
5.43621221e-01
-5.60502478e-01
-3.52837973e-01
-8.79596675e-01
1.46577800e-01
-5.32667737e-02
3.36751126e-01
-1.48541559e-01
-5.41047541e-01
-2.07664505e-01
1.75671267e+00
4.62880680e-02
-9.04105454e-01
247
-8.94415039e-01
0.00000000e+00
0.00000000e+00
0.00000000e+00
0.00000000e+00
0.00000000e+00
0.00000000e+00
0.00000000e+00
0.00000000e+00
0.00000000e+00
0.00000000e+00
0.00000000e+00
0.00000000e+00
0.00000000e+00
0.00000000e+00
0.00000000e+00
0.00000000e+00
0.00000000e+00
0.00000000e+00
0.00000000e+00
0.00000000e+00
0.00000000e+00
0.00000000e+00
0.00000000e+00
0.00000000e+00
0.00000000e+00
0.00000000e+00
0.00000000e+00
0.00000000e+00
0.00000000e+00
0.00000000e+00
0.00000000e+00
0.00000000e+00
0.00000000e+00
0.00000000e+00
0.00000000e+00
0.00000000e+00
0.00000000e+00
0.00000000e+00
0.00000000e+00
0.00000000e+00
1.23091784e+00
-2.18039106e-02
6.41732878e-01
-1.10971970e-02
-1.19059298e+00
-2.98101402e-04
-1.57647278e+00
9.25242359e-03
0.00000000e+00
0.00000000e+00
0.00000000e+00
0.00000000e+00
0.00000000e+00
0.00000000e+00
0.00000000e+00
-5.06002814e-01
-3.11847221e-01
-7.65650033e-02
1.97588623e+00
3.49756106e+00
0.00000000e+00
0.00000000e+00
0.00000000e+00
0.00000000e+00
0.00000000e+00
0.00000000e+00
-6.73828689e-02
-4.49785777e-02
-3.26165754e-01
-3.62162584e-01
-6.05427215e-01
-1.46418427e+00
1.90572312e+00
1.80748407e+00
0.00000000e+00
0.00000000e+00
0.00000000e+00
2.80187478e-01
-6.41572792e-01
-4.46743224e-01
-4.58645444e-01
-4.61437643e-01
-2.50273244e-01
8.76871220e-02
5.92810597e+00
6.25952895e+00
6.29913237e+00
6.17493789e+00
5.75802678e+00
5.60538676e+00
-2.22170645e-01
-1.98880595e-01
-7.06630725e-01
-9.55869638e-02
-3.21388761e-01
-8.41205426e-01
0.00000000e+00
5.88388960e-03
-2.03338065e-01
-1.29619229e+00
-3.63696090e-01
-1.75660222e-01
0.00000000e+00
-2.22099087e+00
3.66248394e+00
0.00000000e+00
1.32657583e+00
1.10444032e+00
0.00000000e+00
-2.35753896e+00
-8.14841739e-01
-1.87407637e+00
-3.82497953e-01
-1.65193919e+00
-2.68891811e+00
0.00000000e+00
0.00000000e+00
0.00000000e+00
1.34980385e+00
1.12065467e+00
1.28255252e-01
3.34186596e-01
7.64523279e-01
7.13834813e-01
6.54841475e-01
5.60202093e-01
1.52012696e+00
0.00000000e+00
1.07060391e+00
-1.62143460e-02
-7.60797405e-01
1.22386081e+00
8.52805686e-01
6.73592041e-01
7.29378233e-01
0.00000000e+00
-7.59911974e-02
9.23014156e-01
-1.54558956e+00
-5.43757939e-01
0.00000000e+00
5.85275565e-01
5.05196222e-01
-6.67682821e-01
0.00000000e+00
0.00000000e+00
0.00000000e+00
6.87617424e-01
8.11740285e-01
1.01819430e+00
7.33551461e-01
-3.30331343e-01
8.51917311e-01
5.30316583e-01
2.95195851e-01
8.73235166e-01
0.00000000e+00
9.87039523e-01
1.07542892e+00
4.83085225e-01
7.05961965e-01
0.00000000e+00
6.28419578e-01
6.24757957e-01
0.00000000e+00
1.41155144e-01
7.76370644e-01
-1.00183162e+00
0.00000000e+00
7.06511782e-01
2.09385559e-01
-1.14332855e+00
-2.71083799e-01
0.00000000e+00
8.85525633e-02
5.66279487e-01
-8.72244747e-01
0.00000000e+00
0.00000000e+00
5.34243952e-01
-2.03443714e+00
0.00000000e+00
0.00000000e+00
0.00000000e+00
1.18237109e-01
-3.99887529e+00
-1.54424056e-02
5.61769052e-01
1.75434560e+00
5.38271436e-01
1.59912387e+00
4.48039430e-01
3.05485500e-01
0.00000000e+00
9.02419998e-01
2.25550402e+00
-7.68255038e-01
1.30046093e+00
7.78698044e-01
4.24760451e-01
1.57359631e-01
0.00000000e+00
8.00200677e-01
8.29886128e-01
-1.02281825e+00
-2.04647955e-01
-1.33330425e+00
-3.31956541e-02
2.01410907e-01
1.68346654e-01
0.00000000e+00
0.00000000e+00
0.00000000e+00
-1.10707676e-01
3.62831338e+00
2.43371969e-01
5.51901835e-01
-2.27811226e-01
5.51750082e-01
4.31112045e-01
5.41559647e-01
4.78922071e-01
0.00000000e+00
-8.22552720e-02
-1.52244404e+00
0.00000000e+00
-3.77815479e-01
3.05798214e-01
4.54027257e-01
1.83042640e-01
0.00000000e+00
3.08902363e-01
-2.32531850e-01
-8.18170296e-01
2.05773433e+00
5.59938430e-01
7.91262650e-01
-1.01161889e+00
-1.77849997e-01
-7.93953436e-01
7.43757173e-01
2.41764930e-01
-8.33768891e-01
2.05426198e+00
3.20387414e-01
1.41015221e-01
2 -999999999 -999999999 1 -1
1 0 0 1 -1
-3.7092e-01 7.5491e-01
356
-9.41727782e-02
0.00000000e+00
0.00000000e+00
0.00000000e+00
0.00000000e+00
0.00000000e+00
0.00000000e+00
0.00000000e+00
0.00000000e+00
0.00000000e+00
0.00000000e+00
0.00000000e+00
0.00000000e+00
0.00000000e+00
0.00000000e+00
0.00000000e+00
0.00000000e+00
0.00000000e+00
0.00000000e+00
0.00000000e+00
0.00000000e+00
0.00000000e+00
0.00000000e+00
0.00000000e+00
0.00000000e+00
0.00000000e+00
0.00000000e+00
0.00000000e+00
0.00000000e+00
0.00000000e+00
0.00000000e+00
1.71429916e-01
-2.65602694e-01
-1.82257315e+00
-1.69182922e+00
-6.45719901e-01
3.08315147e-03
1.45436648e+00
3.40536853e-02
5.39636583e-01
4.02581053e-01
0.00000000e+00
0.00000000e+00
0.00000000e+00
0.00000000e+00
0.00000000e+00
0.00000000e+00
0.00000000e+00
0.00000000e+00
0.00000000e+00
0.00000000e+00
-3.31559512e-01
-1.86326124e-01
-7.33837009e-01
0.00000000e+00
0.00000000e+00
0.00000000e+00
0.00000000e+00
-2.12305090e-01
8.13035683e-01
5.39368000e-01
-6.75204784e-01
-2.95837019e-01
-4.16781136e-01
-2.34422779e-01
5.77596075e-01
1.09024110e-01
2.61503740e-01
3.60632243e-01
1.19616671e-02
4.84233066e-01
1.60030359e-01
-7.13056568e-03
2.16512940e-01
-1.50613941e-01
4.09305730e-03
-2.86567699e-01
-4.64221438e-01
7.45134003e-04
-1.73506665e-01
0.00000000e+00
0.00000000e+00
0.00000000e+00
0.00000000e+00
0.00000000e+00
0.00000000e+00
0.00000000e+00
-8.48740977e-01
4.96268844e-01
2.58299354e-01
1.72407306e-01
8.83934894e-02
-1.12885216e-01
-3.03032986e-02
-2.87798982e-01
-2.16561239e-01
-5.78062582e-01
3.12655404e-01
-1.14761453e-01
1.15801259e-01
-1.63814979e-01
-3.14960742e-02
0.00000000e+00
0.00000000e+00
1.73163546e+00
3.63127352e+00
0.00000000e+00
0.00000000e+00
0.00000000e+00
0.00000000e+00
0.00000000e+00
0.00000000e+00
4.75644510e-02
-1.93273223e-01
1.37964942e-01
1.27539741e-01
-1.06267983e+00
-8.82924319e-01
6.00165220e-01
1.08616153e-01
-9.08821154e-01
-1.10494242e+00
7.80471564e-01
-1.81222275e-01
-2.84138892e-01
-8.21821556e-01
-8.37465208e-01
-1.41802875e+00
-6.77494992e-01
1.01923601e+00
5.22848719e+00
5.31739793e+00
5.20825381e+00
5.18286327e+00
5.19688590e+00
5.31435514e+00
7.44787454e-01
7.03019013e-01
-1.12528071e-02
4.98205019e-01
6.70538125e-01
2.09611808e-02
0.00000000e+00
6.93564841e-01
7.37138442e-02
1.83715503e-02
-2.51393790e-01
-1.19697584e+00
0.00000000e+00
0.00000000e+00
0.00000000e+00
0.00000000e+00
-7.05732913e-01
2.68066154e+00
0.00000000e+00
0.00000000e+00
6.11560135e-01
1.21867847e-01
0.00000000e+00
-2.96449746e+00
-8.17224758e-01
-3.91511462e-01
-1.00858348e+00
-3.69437375e-01
-1.82580824e+00
0.00000000e+00
0.00000000e+00
0.00000000e+00
3.28161149e-01
1.00821219e+00
-3.67393755e-01
-4.76431037e-02
1.18670223e+00
-2.04812880e-01
4.91498106e-01
-2.07055324e-01
6.05829635e-01
0.00000000e+00
2.66403442e-01
-8.86344344e-01
-1.65463688e+00
-2.24722420e-01
3.75333953e-01
4.93121327e-02
-3.25436018e-01
-1.71742772e+00
-9.32408253e-01
4.30619613e-01
-6.01259870e-01
0.00000000e+00
0.00000000e+00
0.00000000e+00
-4.13486947e-01
-4.19795015e-01
-7.89978492e-02
-8.85711526e-02
2.69901171e-01
-5.38529887e-01
1.52164701e-04
1.03952051e-02
-3.11279823e-01
0.00000000e+00
-3.26823141e-02
1.03870048e+00
1.14728618e-01
2.23861621e-01
-1.19581647e-01
9.55909522e-02
-3.76889574e-01
4.87350073e-01
-2.87809034e-01
-1.74316915e-01
-5.52296364e-01
-7.28115152e-02
0.00000000e+00
7.19711612e-01
4.83401388e-01
2.05462311e-01
3.31176846e-02
-3.11391511e-01
8.61545268e-01
0.00000000e+00
0.00000000e+00
0.00000000e+00
2.32629179e-01
-6.24486910e-01
1.08091457e+00
4.37392173e-01
4.04355402e-01
7.01100132e-02
-7.76762939e-02
-4.43950086e-01
1.07856416e-01
0.00000000e+00
3.53321687e-01
-8.57445204e-01
-8.51476724e-01
-1.75113909e-01
8.31090336e-01
8.20122047e-02
7.17052841e-01
-3.04067024e-01
-3.81512895e-02
-8.28221090e-02
-4.79484848e-01
0.00000000e+00
2.13935476e-02
2.84799100e-01
-1.27351188e+00
-7.44413243e-01
0.00000000e+00
0.00000000e+00
8.95118073e-01
-2.36315280e-01
-1.06219269e-01
-4.01878694e-01
-5.29098634e-01
0.00000000e+00
0.00000000e+00
9.61411972e-02
-7.60948837e-01
0.00000000e+00
0.00000000e+00
0.00000000e+00
1.06347907e-01
-2.09437144e+00
-1.61551305e-01
7.80902322e-01
2.29868976e-01
-5.79409060e-01
6.10486286e-01
7.00257483e-01
6.24134225e-01
0.00000000e+00
-6.93066940e-01
2.13863459e+00
-1.34095382e+00
4.95151416e-01
2.26737096e-01
4.36032768e-01
-4.15401619e-02
-2.05966841e+00
-2.20347205e-01
8.14064337e-02
-2.21379344e-01
0.00000000e+00
0.00000000e+00
0.00000000e+00
-1.10214251e+00
4.55985130e-01
-1.21776798e-01
-6.04470098e-01
-2.37566079e-01
3.50021754e-01
4.42505832e-01
-6.15984636e-01
1.44484584e-01
0.00000000e+00
5.11840865e-01
-1.05045919e+00
4.62646822e-01
2.40409153e-02
-1.87666597e-01
2.16420123e-01
5.25066716e-01
-2.63124208e-01
2.05147661e-01
6.23650367e-01
-2.91489005e-02
-1.52264179e-01
1.75144099e+00
7.00359715e-01
9.42898140e-01
1.40622501e-01
6.77245437e-03
-2.99659134e-01
-1.79803060e-02
0.00000000e+00
0.00000000e+00
0.00000000e+00
8.74278904e-01
-2.93107918e-01
-2.50790143e-01
7.26341399e-01
-2.76155251e-01
-3.55123463e-01
-3.73539808e-01
6.62098518e-01
-1.39653975e-02
0.00000000e+00
-1.05627289e+00
9.51226560e-01
1.77962547e-01
-2.79334363e-01
-1.03281180e-01
5.47351861e-02
-4.57930825e-01
3.64942817e-01
1.78795789e-01
-5.48860789e-01
1.23115278e-01
-6.49968097e-01
-9.63646664e-01
-1.12772536e-01
-7.31799936e-01
-2.39247283e-01
8.12228608e-01
-4.79059502e-01
-1.06928332e-01
1.43256569e-01
-1.24850500e-01
-2.57653353e-01
-4.92552653e-01
-3.67510845e-01
-9.09566947e-01
3.33606985e-01
247
-1.24782190e+00
0.00000000e+00
0.00000000e+00
0.00000000e+00
0.00000000e+00
0.00000000e+00
0.00000000e+00
0.00000000e+00
0.00000000e+00
0.00000000e+00
0.00000000e+00
0.00000000e+00
0.00000000e+00
0.00000000e+00
0.00000000e+00
0.00000000e+00
0.00000000e+00
0.00000000e+00
0.00000000e+00
0.00000000e+00
0.00000000e+00
0.00000000e+00
0.00000000e+00
0.00000000e+00
0.00000000e+00
0.00000000e+00
0.00000000e+00
-1.00706618e+00
-2.40755722e-01
-2.01364313e+00
1.00657695e+00
-8.34648728e-01
8.58508897e-01
6.31563240e-01
0.00000000e+00
0.00000000e+00
0.00000000e+00
0.00000000e+00
0.00000000e+00
0.00000000e+00
0.00000000e+00
1.32448455e-01
-2.41663272e-02
-1.40994105e+00
1.37246204e-02
-2.83812932e-01
1.32654702e-02
3.13483625e-01
1.54611008e-03
0.00000000e+00
0.00000000e+00
0.00000000e+00
0.00000000e+00
0.00000000e+00
0.00000000e+00
0.00000000e+00
-1.12203243e+00
-5.99279712e-04
-1.25190192e-01
6.80561130e-01
2.26330103e+00
0.00000000e+00
0.00000000e+00
0.00000000e+00
0.00000000e+00
0.00000000e+00
0.00000000e+00
-2.67083887e-01
-4.61330978e-01
-1.34279641e-01
-6.94134278e-02
-3.23079911e-01
-6.73195186e-01
1.01099887e+00
-3.47824448e-01
0.00000000e+00
-9.03249918e-02
3.78247729e-01
-1.23707548e+00
-6.70855047e-01
-1.62557214e-01
-4.60005671e-01
-1.14241551e+00
-3.71849410e-01
6.06786733e-01
4.37661824e+00
4.23315940e+00
3.93768514e+00
4.28908665e+00
4.35289745e+00
4.07231743e+00
8.25076184e-01
7.20895127e-01
3.12162336e-01
4.31969010e-02
6.77982471e-02
2.33082805e-01
1.48854712e-01
2.12303821e-01
-2.15307612e-01
-4.65286424e-02
-5.36078796e-01
-6.70043955e-01
0.00000000e+00
-1.31022681e+00
2.13146023e+00
0.00000000e+00
6.24049063e-02
-2.13173230e-02
0.00000000e+00
-2.70338009e+00
-9.23757986e-01
-1.00462504e+00
-4.92797324e-01
-3.14945514e-01
-1.92838303e+00
0.00000000e+00
0.00000000e+00
0.00000000e+00
4.35698285e-01
1.10785669e+00
-3.85708312e-01
6.75972466e-01
-8.00215857e-01
6.26709385e-02
6.53239108e-01
3.52509755e-01
-1.16275581e-01
0.00000000e+00
1.12158029e-01
-1.12917401e+00
-1.05279023e+00
3.50000854e-01
9.16499639e-02
4.01365028e-01
-1.00728718e-01
-2.26865381e+00
-7.71587883e-01
4.53630249e-01
-4.94620712e-01
1.94620713e-05
0.00000000e+00
6.63732958e-01
5.64845070e-01
-7.97812541e-01
0.00000000e+00
0.00000000e+00
0.00000000e+00
2.41322117e-02
-1.36537490e-01
-7.99140367e-03
2.51791351e-01
1.36209034e-02
-1.06948152e-01
6.55490184e-02
4.14625777e-01
-3.55258614e-01
0.00000000e+00
2.58348847e-02
5.75964600e-02
2.93411147e-01
-2.91658018e-01
-2.67791850e-01
2.33745596e-01
-8.40987386e-02
0.00000000e+00
-3.19850391e-01
-3.44434513e-01
-4.94640174e-01
0.00000000e+00
4.01993457e-01
4.58023803e-01
-1.43376232e+00
-9.23777449e-01
0.00000000e+00
0.00000000e+00
1.37218633e-01
-5.09984870e-01
0.00000000e+00
0.00000000e+00
6.23221368e-01
-8.07742838e-01
0.00000000e+00
0.00000000e+00
0.00000000e+00
8.32250894e-01
-8.96653572e-01
-2.31614857e-01
2.93329112e-01
-7.79410942e-01
2.03646651e-01
4.23873965e-01
-2.93308138e-02
1.07632950e+00
0.00000000e+00
8.58356536e-01
1.65876930e+00
-6.00692925e-01
3.07057133e-01
-2.08644945e+00
3.00303989e-02
1.60763623e-01
-2.26025116e+00
-7.24981149e-02
3.04751871e-01
5.20985091e-03
1.27146685e-01
1.70505582e+00
5.89934954e-01
7.04824988e-01
-3.45120544e-01
0.00000000e+00
0.00000000e+00
0.00000000e+00
2.28110384e-03
5.55697382e-01
1.54284225e-01
-1.99634277e-01
9.38136577e-02
-1.25028774e-01
3.38116310e-01
-3.80002116e-02
-7.96959260e-02
0.00000000e+00
4.32817203e-01
-1.18769439e+00
6.52061554e-02
3.90812325e-01
-6.54660998e-01
-2.86821567e-01
1.93369007e-01
-4.58364445e-01
2.35904142e-01
2.22478537e-01
-1.21936834e-01
-5.20328480e-01
-4.72475724e-01
4.94861706e-02
-8.12952689e-01
-6.19944010e-01
1.27296072e+00
4.25617907e-01
-3.93220682e-01
-1.93008680e-01
-3.93604251e-01
-1.04657389e+00
-1.04146615e+00
4 -999999999 7 1 2
2 0 1 1 1
-4.5974e-01 7.3539e-01
356
-1.70283924e-01
0.00000000e+00
0.00000000e+00
0.00000000e+00
0.00000000e+00
0.00000000e+00
0.00000000e+00
0.00000000e+00
0.00000000e+00
0.00000000e+00
0.00000000e+00
0.00000000e+00
0.00000000e+00
0.00000000e+00
0.00000000e+00
0.00000000e+00
3.04460485e-01
-4.74744409e-01
2.97273591e-03
-2.88125657e-01
-6.54721714e-01
-4.47914011e-01
0.00000000e+00
0.00000000e+00
-5.39491782e-01
-1.76548671e-01
5.28308578e-01
-9.55640877e-04
-9.99526295e-02
4.46104653e-02
5.83149000e-02
9.39080355e-02
-2.64191959e-01
-1.80964933e+00
-6.74843764e-01
2.26461135e-01
3.89706603e-03
1.08180353e+00
-1.34206648e+00
8.21753837e-01
9.31509814e-01
2.59810208e-01
-4.30094132e-01
-1.36362426e-01
-8.48267050e-01
1.62323066e+00
5.56129029e-01
-1.27618050e-01
-1.28846077e-01
5.23790684e-01
-4.58413703e-02
-1.76246987e-01
8.43415488e-02
-4.27150107e-01
0.00000000e+00
0.00000000e+00
0.00000000e+00
0.00000000e+00
-1.04964150e+00
1.29296194e+00
4.86152579e-01
4.90295239e-01
9.41765505e-01
-6.20247783e-01
3.35333178e-01
-6.21082288e-01
0.00000000e+00
0.00000000e+00
0.00000000e+00
0.00000000e+00
0.00000000e+00
0.00000000e+00
0.00000000e+00
0.00000000e+00
0.00000000e+00
0.00000000e+00
0.00000000e+00
-1.70283924e-01
-4.32955933e-04
-1.71732582e-02
0.00000000e+00
0.00000000e+00
0.00000000e+00
0.00000000e+00
0.00000000e+00
0.00000000e+00
0.00000000e+00
-4.96297599e-01
3.18009798e-01
8.00387783e-03
-1.99194094e-01
-1.59406687e-01
-1.66952474e-01
-1.53343552e-01
2.34087159e-01
5.29465038e-02
7.12797417e-02
-6.30767625e-03
3.08264981e-02
-2.96424925e-03
5.07546356e-02
1.42340939e-01
-1.84922236e-02
1.54631299e-01
2.02140874e+00
1.75388054e+00
0.00000000e+00
0.00000000e+00
0.00000000e+00
0.00000000e+00
0.00000000e+00
0.00000000e+00
-4.38425225e-01
-5.99944721e-01
-4.60517183e-02
6.58158810e-02
-2.82446443e-01
-8.90640441e-01
2.76406560e+00
0.00000000e+00
0.00000000e+00
0.00000000e+00
0.00000000e+00
-6.05254940e-01
-3.98010975e-01
3.75211981e-02
-5.54477072e-02
-2.94794245e-01
1.29618354e-01
1.05277254e-01
5.95779846e+00
6.22821164e+00
6.11398694e+00
6.37613057e+00
6.19419971e+00
6.11873441e+00
9.81839994e-01
4.69509925e-01
2.78008692e-03
9.88964629e-02
-3.39138827e-02
-2.96212138e-02
-6.13083176e-01
-1.09530581e-01
-5.51617720e-01
-2.86711093e-01
-4.69964081e-01
-2.85799488e-01
0.00000000e+00
0.00000000e+00
0.00000000e+00
0.00000000e+00
-1.44832835e+00
3.24283015e+00
0.00000000e+00
0.00000000e+00
1.27804442e+00
6.78760209e-02
0.00000000e+00
0.00000000e+00
-8.46915487e-01
-8.68092376e-01
-1.34477718e+00
-1.05607209e+00
-2.19169267e+00
0.00000000e+00
0.00000000e+00
0.00000000e+00
4.75072246e-01
1.14892094e+00
-7.19837832e-01
2.54014486e-01
-1.11693697e+00
4.02554579e-03
9.04808839e-01
6.72088822e-01
2.13195913e-01
0.00000000e+00
5.18833132e-01
-1.08104492e+00
-1.30173742e+00
3.81651537e-01
-2.20940173e-01
5.17514452e-01
-3.07100141e-01
-2.55594972e+00
-7.29177849e-01
7.50906446e-01
-4.42116325e-02
0.00000000e+00
0.00000000e+00
0.00000000e+00
-4.89633768e-02
1.00934270e-01
1.35812727e-01
4.01199420e-01
4.79141118e-01
3.15507006e-01
9.76373747e-02
1.44533628e-01
-1.04959060e-01
0.00000000e+00
-1.56589214e-01
-6.92326434e-02
2.47701575e-01
1.34627470e-01
7.82916888e-02
2.08224788e-01
2.32726725e-01
0.00000000e+00
-8.04211091e-02
-1.83940734e-01
-7.86081968e-01
-3.02314528e-01
0.00000000e+00
0.00000000e+00
0.00000000e+00
-8.65565954e-02
-1.46714038e-01
-6.90438949e-02
-4.74865941e-02
0.00000000e+00
0.00000000e+00
0.00000000e+00
-1.14380856e-01
-1.18260457e-01
-3.74919103e-02
-6.36556485e-01
-1.62503970e-01
-5.65099387e-01
-9.45955763e-02
7.16333486e-02
8.47593960e-01
0.00000000e+00
-3.63523451e-01
-6.20045430e-02
3.78569235e-01
-6.24809300e-02
0.00000000e+00
1.12168201e-01
-1.09512293e-01
0.00000000e+00
2.90561736e-01
-2.36642595e-02
-4.83767439e-01
0.00000000e+00
0.00000000e+00
0.00000000e+00
-1.40561070e+00
-5.44600959e-01
0.00000000e+00
0.00000000e+00
0.00000000e+00
-3.76340635e-02
-2.67598963e-01
-2.39367932e-01
-8.61009740e-01
0.00000000e+00
0.00000000e+00
0.00000000e+00
-1.92416447e+00
0.00000000e+00
0.00000000e+00
0.00000000e+00
7.63156508e-01
6.47924179e-01
-1.28388940e-01
7.39032911e-01
-1.97472919e-01
-2.94672921e-02
4.79052529e-01
-5.56533775e-01
7.54460447e-01
0.00000000e+00
9.23995412e-01
5.95288650e-01
-9.56425026e-01
7.13864101e-01
-2.16947186e+00
-1.04531312e-02
-9.76661139e-02
-2.94035924e+00
-4.11779141e-01
-4.29217604e-02
1.15819123e-01
0.00000000e+00
0.00000000e+00
0.00000000e+00
1.52455729e-01
7.96030470e-02
-1.28500923e-02
2.27766530e-01
1.34850442e-01
2.83332467e-01
2.22772394e-01
4.05132103e-01
8.31154674e-02
0.00000000e+00
-1.45509815e-01
-2.44930256e-01
2.42453997e-01
-1.94552575e-01
0.00000000e+00
2.09306897e-01
3.33592213e-01
0.00000000e+00
3.53453015e-02
-8.01782894e-02
-6.74952615e-01
-2.23166817e-01
0.00000000e+00
0.00000000e+00
0.00000000e+00
-7.50454067e-02
-7.23939692e-02
-7.57274408e-02
-9.35268505e-02
0.00000000e+00
0.00000000e+00
0.00000000e+00
-2.49685202e-01
8.10917926e-02
-2.81121317e-01
1.03753107e-01
1.47102243e-01
-3.54978650e-01
-1.67283106e-01
-1.21269463e-01
-7.41356866e-01
0.00000000e+00
2.43373002e-01
1.92335134e-01
4.53502551e-02
6.88923529e-01
0.00000000e+00
-6.66825378e-02
-1.70602791e-01
0.00000000e+00
-2.42586072e-01
1.84428537e-01
-4.51785798e-01
0.00000000e+00
0.00000000e+00
0.00000000e+00
-1.24921185e+00
-6.44925559e-01
0.00000000e+00
0.00000000e+00
0.00000000e+00
-1.67132008e-01
-5.87354739e-01
1.09561187e-01
-6.04286294e-01
0.00000000e+00
0.00000000e+00
0.00000000e+00
247
-3.04674781e-01
0.00000000e+00
0.00000000e+00
0.00000000e+00
0.00000000e+00
0.00000000e+00
0.00000000e+00
0.00000000e+00
0.00000000e+00
-9.70019758e-02
0.00000000e+00
0.00000000e+00
0.00000000e+00
0.00000000e+00
-6.04043068e-01
2.99368287e-01
-3.77749794e-01
-2.26293274e-01
-3.76389088e-01
-4.06914616e-01
0.00000000e+00
0.00000000e+00
0.00000000e+00
-2.78226719e-01
-7.92886181e-02
7.73716318e-01
-3.44647161e-01
-4.54403776e-01
1.49728995e-01
-1.20118485e+00
7.46781071e-01
-1.34172580e+00
1.16261499e+00
5.24062787e-01
-3.04674781e-01
0.00000000e+00
-2.04203265e-01
-1.00471516e-01
-8.76207258e-01
-1.89681451e-01
2.56838003e-01
0.00000000e+00
0.00000000e+00
0.00000000e+00
0.00000000e+00
0.00000000e+00
0.00000000e+00
-3.04674781e-01
-5.05596243e-04
0.00000000e+00
0.00000000e+00
0.00000000e+00
0.00000000e+00
0.00000000e+00
0.00000000e+00
0.00000000e+00
-7.57541069e-01
1.31797351e-01
3.21068937e-01
1.52746525e+00
1.41806243e+00
0.00000000e+00
0.00000000e+00
0.00000000e+00
0.00000000e+00
0.00000000e+00
0.00000000e+00
2.55432974e-01
-2.94618554e-01
-1.49331346e-01
7.36568465e-02
-7.81596876e-01
-9.35683074e-01
1.56654545e+00
-1.11678063e+00
-1.29899012e+00
0.00000000e+00
1.45758414e+00
-4.17022428e-01
-4.79031847e-01
-2.13369116e-02
-1.45094801e-01
-1.58464089e+00
-2.83491337e-01
1.41438379e+00
5.22094892e+00
5.35358719e+00
5.13726026e+00
5.13338522e+00
5.30442141e+00
5.15845786e+00
5.85267431e-01
6.11277307e-01
-2.76104485e-02
2.17830017e-02
4.53910529e-01
3.44131508e-01
1.03069777e-01
5.99216674e-01
-2.01314299e-01
1.26739378e-01
-7.66957743e-01
-1.49286359e+00
0.00000000e+00
-6.23525219e-01
1.82640751e+00
0.00000000e+00
3.18850438e-01
1.67824260e-01
0.00000000e+00
0.00000000e+00
-5.99496414e-01
-1.23264362e+00
-6.26639061e-01
-1.09609815e+00
-1.83214003e+00
0.00000000e+00
0.00000000e+00
0.00000000e+00
1.51108880e-01
8.96067681e-01
-1.34416575e-01
2.35705545e-01
3.13570894e-01
-4.03767711e-01
5.28682664e-01
9.02535955e-02
3.45883717e-01
0.00000000e+00
-4.98259483e-02
-7.28243421e-01
-1.46602089e+00
3.45452754e-01
3.81634549e-01
2.22039034e-01
-1.13548233e-01
-1.93496919e+00
-1.02725178e+00
5.15504399e-01
-5.72699819e-01
-4.91964147e-02
0.00000000e+00
0.00000000e+00
0.00000000e+00
-2.82875790e-01
0.00000000e+00
0.00000000e+00
0.00000000e+00
2.76833726e-02
6.70858323e-02
2.32566350e-01
3.97601218e-01
8.28301180e-02
4.49698178e-01
7.81681176e-02
-9.88697116e-04
-1.25322524e-01
0.00000000e+00
1.53818011e-01
1.37615102e-01
9.71276532e-02
5.40297032e-02
-1.61952348e+00
2.99838941e-02
3.64385566e-02
-2.58698543e-01
5.96892420e-02
-1.82677896e-01
-5.23503404e-01
0.00000000e+00
0.00000000e+00
0.00000000e+00
-1.25944021e+00
-5.50299999e-01
0.00000000e+00
0.00000000e+00
0.00000000e+00
-7.09140212e-01
0.00000000e+00
0.00000000e+00
0.00000000e+00
-1.72273721e+00
0.00000000e+00
0.00000000e+00
0.00000000e+00
8.33845039e-01
-2.19861314e+00
-4.17432620e-01
1.94774953e-04
-9.89063553e-01
-2.89986422e-01
2.94302541e-01
-3.65924069e-01
1.39275669e+00
0.00000000e+00
5.43311083e-01
2.26552541e+00
-9.32208444e-01
2.72197019e-01
-5.75225370e-01
-1.73270719e-01
-5.41748926e-02
-2.01067423e+00
2.44463486e-01
4.37240205e-01
-2.81737110e-01
-3.07010659e-02
0.00000000e+00
0.00000000e+00
0.00000000e+00
-1.06754269e-02
0.00000000e+00
0.00000000e+00
0.00000000e+00
-3.70888832e-01
4.73342117e-01
-2.47512499e-01
-1.69713350e-02
-6.10455961e-01
3.66923212e-01
8.01300003e-02
3.51111447e-01
2.09552667e-01
0.00000000e+00
-1.47870238e-01
-5.68484623e-01
5.33688511e-01
8.48416818e-02
-3.99247801e-01
-1.65912009e-01
1.37449195e-01
-1.26234234e-01
4.02278631e-01
3.58464264e-03
-2.51036045e-01
0.00000000e+00
0.00000000e+00
0.00000000e+00
-1.44100010e+00
-5.95937996e-01
0.00000000e+00
0.00000000e+00
0.00000000e+00
-8.45062105e-01
0.00000000e+00
0.00000000e+00
0.00000000e+00
13 1
-7.1631e-01 3.9565e-01
3 1
1 2 4 
217
2.08499604e-01
-4.73736833e-01
3.96475953e-02
4.48334343e-02
-2.30045205e-01
3.25931270e-01
-1.08744840e-01
3.29496362e-02
-1.70056576e-01
-9.96028625e-02
4.82327271e-01
5.00583887e-01
2.35018954e-01
5.13283873e-01
-6.13140135e-02
2.06487407e-02
1.31520244e+00
3.48671199e-01
2.74448774e-03
4.17382046e-01
3.96945534e-01
-5.97900613e-03
8.23829933e-01
-4.75803115e-01
2.25197927e-03
6.54931027e-01
0.00000000e+00
0.00000000e+00
0.00000000e+00
0.00000000e+00
0.00000000e+00
0.00000000e+00
0.00000000e+00
-5.38099246e-01
4.53894908e-01
2.92703942e-01
0.00000000e+00
-2.64292595e-02
-5.75633381e-02
3.10698133e-01
0.00000000e+00
0.00000000e+00
0.00000000e+00
0.00000000e+00
0.00000000e+00
-1.14517220e-01
2.02342441e-02
6.14322033e-02
6.78537161e-02
2.75570764e-02
-1.46552618e-01
3.10698133e-01
0.00000000e+00
0.00000000e+00
0.00000000e+00
0.00000000e+00
0.00000000e+00
0.00000000e+00
0.00000000e+00
0.00000000e+00
1.91702592e-01
6.78537161e-02
-3.28507724e-02
3.42581826e-01
-4.19252415e-01
-1.35972489e+00
5.68842449e-01
4.17021376e-01
-2.83672256e-01
7.03433314e-01
0.00000000e+00
-3.73123584e-02
9.90947637e-03
3.29193615e-01
-2.22639485e-01
-8.33816522e-02
4.32040742e-01
0.00000000e+00
-5.10567036e-02
-4.35534202e-01
4.34137469e-02
7.93787277e-02
2.16142561e-01
2.07414074e-01
0.00000000e+00
0.00000000e+00
0.00000000e+00
0.00000000e+00
0.00000000e+00
0.00000000e+00
0.00000000e+00
0.00000000e+00
0.00000000e+00
0.00000000e+00
0.00000000e+00
0.00000000e+00
0.00000000e+00
0.00000000e+00
0.00000000e+00
0.00000000e+00
0.00000000e+00
0.00000000e+00
0.00000000e+00
0.00000000e+00
0.00000000e+00
0.00000000e+00
0.00000000e+00
0.00000000e+00
0.00000000e+00
0.00000000e+00
0.00000000e+00
0.00000000e+00
0.00000000e+00
0.00000000e+00
0.00000000e+00
0.00000000e+00
0.00000000e+00
0.00000000e+00
0.00000000e+00
1.40565552e-01
-1.09215231e+00
-1.15534976e+00
0.00000000e+00
0.00000000e+00
0.00000000e+00
7.82238011e-01
5.69548672e-01
4.56951998e-01
2.09394098e-01
1.48536025e+00
-2.96887925e-01
6.53451449e-01
1.02303417e+00
1.99091934e+00
0.00000000e+00
9.17192545e-01
9.97638984e-01
-4.12750425e-01
8.75493859e-01
9.76508294e-01
3.05080317e-01
5.24612994e-01
-5.13758545e-01
-5.13269753e-02
9.72229016e-01
-1.34880490e+00
0.00000000e+00
0.00000000e+00
0.00000000e+00
9.91973222e-01
9.80255838e-01
2.39840086e-01
1.16425545e+00
-8.97819234e-01
1.06618678e+00
1.03661187e+00
1.38984082e-01
-5.73200266e-01
0.00000000e+00
8.10296777e-01
-1.70756848e-01
4.58433746e-01
4.84802130e-02
4.96950451e-01
1.12729425e+00
7.40221368e-01
-2.52652044e-01
3.98210566e-01
6.59464262e-01
-1.98469596e+00
0.00000000e+00
0.00000000e+00
0.00000000e+00
8.69668420e-01
-3.37519549e-01
-9.18051617e-02
2.05154300e-01
8.98009509e-01
-1.50202530e+00
5.78967532e-02
2.34114357e-01
5.01167290e-01
0.00000000e+00
3.18499462e-01
4.54873036e+00
-1.26699189e+00
6.29724538e-01
-3.07968433e-01
-5.41414569e-01
-3.13330197e-01
-5.59828468e-02
-1.21736111e-01
5.32032237e-01
-7.64302429e-01
0.00000000e+00
0.00000000e+00
0.00000000e+00
1.43838360e-01
1.28732164e+00
-3.36839574e-01
5.42173445e-01
2.24352317e-01
1.52142536e+00
4.49166198e-01
1.57906088e-01
9.30322297e-02
0.00000000e+00
5.40762828e-01
-8.16363814e-01
2.88541230e-01
8.33228039e-01
2.44248244e-02
7.78237264e-01
5.37256614e-01
-7.81995232e-02
-3.53438850e-01
3.90466581e-01
136
-1.55820606e+00
3.04524565e-01
-4.05968099e-03
-5.46701343e-01
2.03660854e-03
-6.19662891e-01
4.34842930e-03
-6.96366391e-01
1.27139730e-03
0.00000000e+00
0.00000000e+00
0.00000000e+00
0.00000000e+00
0.00000000e+00
0.00000000e+00
0.00000000e+00
-1.19832599e+00
-8.88680777e-02
-2.71011991e-01
3.48610409e-01
-1.43214254e-01
-8.64691782e-01
-8.98910433e-01
0.00000000e+00
0.00000000e+00
0.00000000e+00
0.00000000e+00
3.48610409e-01
-8.29228274e-01
8.02173175e-01
-3.25296688e-01
-1.16159155e-01
-9.43191895e-01
4.03796802e-01
-8.98910433e-01
0.00000000e+00
0.00000000e+00
0.00000000e+00
0.00000000e+00
0.00000000e+00
0.00000000e+00
0.00000000e+00
0.00000000e+00
0.00000000e+00
0.00000000e+00
0.00000000e+00
9.98859619e-01
4.39561613e-01
8.48716147e-01
5.63515900e-01
-1.02558714e+00
0.00000000e+00
1.82758778e+00
-2.72952735e-02
6.43920405e-01
-3.43475999e-01
0.00000000e+00
-3.74137824e-03
2.23600925e-01
3.44825170e-01
-5.93007316e-01
-1.16159155e-01
-3.52351787e-01
0.00000000e+00
0.00000000e+00
0.00000000e+00
0.00000000e+00
0.00000000e+00
0.00000000e+00
0.00000000e+00
0.00000000e+00
0.00000000e+00
0.00000000e+00
0.00000000e+00
0.00000000e+00
0.00000000e+00
0.00000000e+00
0.00000000e+00
0.00000000e+00
0.00000000e+00
0.00000000e+00
0.00000000e+00
0.00000000e+00
0.00000000e+00
0.00000000e+00
0.00000000e+00
1.44068586e-01
-1.29088922e+00
-1.11618176e+00
0.00000000e+00
0.00000000e+00
0.00000000e+00
5.12628737e-01
6.36065980e-01
-1.13754290e-01
5.30920930e-01
-9.50828747e-01
2.48253349e-01
5.81861941e-01
2.55310671e-01
3.89589985e-01
0.00000000e+00
5.15303359e-01
-2.28780049e-01
-8.71366917e-01
4.83428022e-01
-2.38587168e-01
3.04606681e-01
-1.09588541e-02
-2.55999686e+00
-1.01999972e+00
4.20121199e-01
-1.63065370e+00
0.00000000e+00
0.00000000e+00
0.00000000e+00
4.38405631e-01
-1.84301397e-03
-4.80972721e-01
2.50918169e-01
-4.32556256e-01
-2.07524150e-02
5.74768787e-01
-1.21010852e-01
3.63855743e-01
0.00000000e+00
4.32883636e-01
2.13341384e+00
-1.69189702e+00
3.21511790e-01
-3.48145632e-01
-1.32979084e-01
6.14387316e-02
-2.94364540e+00
-5.58197129e-01
5.24149508e-01
12 1
-9.3118e-01 4.3436e-01
4 1
1 2 4 13 
217
5.00703240e-01
-3.30179774e-01
-2.53170021e-01
-4.16286458e-01
1.43710457e-01
-1.07821568e-02
-1.06587586e-01
2.43144426e-01
-2.45421444e-01
4.73958582e-01
2.10072386e-01
6.98832614e-01
4.98929427e-01
1.53643435e-01
-2.53800319e-01
1.31500164e-02
1.17075467e+00
9.96665509e-01
-1.67569371e-02
9.83800632e-01
-5.37840786e-01
6.26925168e-03
8.73317058e-01
2.95678836e-01
-2.43688613e-03
5.59428934e-01
0.00000000e+00
0.00000000e+00
0.00000000e+00
0.00000000e+00
0.00000000e+00
0.00000000e+00
0.00000000e+00
-6.79954402e-01
5.22219598e-01
6.58438044e-01
0.00000000e+00
-2.82333510e-01
3.18759061e-02
4.15659960e-01
2.46503622e-01
0.00000000e+00
0.00000000e+00
0.00000000e+00
0.00000000e+00
-1.85669722e-01
-1.51614022e-02
3.93056765e-01
-8.15023854e-02
-2.15615046e-01
-2.29613248e-02
6.03102581e-01
0.00000000e+00
-2.05435841e-01
2.81201406e-01
-1.21800017e-01
0.00000000e+00
6.91216917e-02
-1.34764296e-01
2.46503622e-01
3.47017175e-01
-8.15023854e-02
1.46191189e-01
4.44536489e-01
-5.27097285e-01
-1.50651479e+00
7.75881831e-01
4.28765153e-01
-1.92617796e-01
1.16356812e+00
0.00000000e+00
1.69730341e-01
-6.32409789e-01
7.55881962e-01
1.36729503e-01
4.73295373e-01
7.27838247e-01
0.00000000e+00
2.35188450e-01
-6.74242175e-01
3.28717363e-01
-8.32618021e-02
-6.32025738e-02
-2.98285647e-01
4.29592485e-01
1.34654242e-01
-7.32467491e-01
-2.55813568e-02
-4.78707470e-01
-3.79621307e-02
4.58632228e-01
0.00000000e+00
0.00000000e+00
0.00000000e+00
0.00000000e+00
0.00000000e+00
0.00000000e+00
0.00000000e+00
0.00000000e+00
0.00000000e+00
0.00000000e+00
0.00000000e+00
0.00000000e+00
0.00000000e+00
0.00000000e+00
0.00000000e+00
0.00000000e+00
0.00000000e+00
0.00000000e+00
0.00000000e+00
0.00000000e+00
0.00000000e+00
0.00000000e+00
0.00000000e+00
0.00000000e+00
0.00000000e+00
0.00000000e+00
0.00000000e+00
0.00000000e+00
-4.51995720e-01
-1.07354101e+00
-9.11852428e-01
0.00000000e+00
0.00000000e+00
0.00000000e+00
5.31471756e-01
8.58602456e-02
7.51377621e-01
4.57263446e-01
3.87003626e-01
-4.61052866e-01
3.15172631e-01
4.26351173e-01
6.34297196e-01
0.00000000e+00
9.52531382e-02
-3.87244802e-01
-1.18825913e+00
9.01081254e-01
-4.38752244e-01
-2.13985255e-02
-4.99513223e-01
-1.86085516e+00
-5.99090558e-01
-4.08180054e-02
-4.00840174e-01
0.00000000e+00
0.00000000e+00
0.00000000e+00
-2.94924576e-02
-2.29715258e-01
-9.68302982e-01
-7.45083552e-02
-7.64728414e-01
5.52618708e-01
9.97867022e-02
-4.16935051e-01
-3.65684945e-02
0.00000000e+00
7.00285141e-01
-1.76670507e-01
-2.66998897e-01
-3.26518937e-01
7.61906864e-01
3.62489926e-02
7.70127151e-01
-1.05298044e+00
4.24485971e-01
5.97120085e-01
-2.34417850e+00
0.00000000e+00
0.00000000e+00
0.00000000e+00
4.11137679e-01
-4.99899145e-01
1.24742567e-01
3.05251560e-01
1.71408000e-01
-1.24051183e-01
2.97751128e-01
1.41188027e-01
3.79434900e-04
0.00000000e+00
2.26541098e-01
4.09684052e+00
-2.22018091e-03
3.69688227e-01
-1.02138725e+00
-2.00747008e-01
2.27175185e-01
-6.66037618e-03
-2.78582234e-02
8.12889128e-01
-5.64816372e-01
0.00000000e+00
0.00000000e+00
0.00000000e+00
4.95366675e-01
7.91804775e-01
1.81676290e-01
1.30579050e-01
-6.72405383e-01
4.97481115e-01
1.15757390e+00
8.27518401e-01
6.92638668e-01
0.00000000e+00
6.04734206e-01
-1.28363512e-01
-4.01014682e-03
2.54543569e-01
1.06423789e+00
1.01588794e+00
6.37320794e-01
-1.13652180e-02
-4.29064176e-02
8.19978803e-01
136
-3.99966542e-01
6.06515572e-01
-1.16454028e-02
4.52615293e-03
-3.74870372e-03
-5.60833995e-01
2.65896491e-03
-4.50174271e-01
-2.04384707e-04
0.00000000e+00
0.00000000e+00
0.00000000e+00
0.00000000e+00
0.00000000e+00
0.00000000e+00
0.00000000e+00
-6.88722472e-01
1.88170885e-01
1.00585045e-01
1.05452985e-01
1.48077604e-01
-1.84685370e-03
-3.45530174e-01
-3.06120103e-01
0.00000000e+00
0.00000000e+00
0.00000000e+00
1.05452985e-01
-1.74636641e-01
4.49396801e-01
-1.82597532e-01
-1.12853964e-01
-5.56380428e-01
-2.23909121e-01
-3.67255841e-02
0.00000000e+00
-7.32802204e-02
5.45089839e-01
-2.90394436e-01
4.89230608e-01
-1.00822566e-01
8.24124119e-02
-3.06120103e-01
0.00000000e+00
0.00000000e+00
0.00000000e+00
6.26431400e-01
6.94559569e-01
7.23529463e-01
4.01996698e-01
-8.36922563e-01
-1.23948624e+00
8.02367421e-01
1.76601358e-02
3.81782235e-01
-6.00724148e-01
0.00000000e+00
3.65202204e-01
1.65056029e-01
3.05972694e-01
-5.80984710e-01
9.26481746e-03
-5.94623046e-01
-9.51594108e-02
-1.17885998e-01
-1.07539784e-01
0.00000000e+00
0.00000000e+00
0.00000000e+00
0.00000000e+00
0.00000000e+00
0.00000000e+00
0.00000000e+00
0.00000000e+00
0.00000000e+00
0.00000000e+00
0.00000000e+00
0.00000000e+00
0.00000000e+00
0.00000000e+00
0.00000000e+00
0.00000000e+00
0.00000000e+00
0.00000000e+00
0.00000000e+00
0.00000000e+00
1.58035483e-01
-1.30832621e+00
-1.16199472e+00
0.00000000e+00
0.00000000e+00
0.00000000e+00
5.22476195e-01
6.69307943e-01
-2.04321807e-01
4.98619074e-01
-8.35178191e-01
1.10554432e-01
5.28846096e-01
2.57154513e-01
4.73693855e-01
0.00000000e+00
4.64568200e-01
-2.39898345e-01
-8.16814317e-01
4.14279007e-01
-1.57657210e-01
3.57709978e-01
-4.33068326e-02
-2.50125130e+00
-1.05916497e+00
3.98388951e-01
-1.65586739e+00
0.00000000e+00
0.00000000e+00
0.00000000e+00
3.74482779e-01
2.15401007e-02
-5.44613930e-01
2.61556690e-01
-2.38754641e-01
-1.32108011e-01
3.43545197e-01
-1.12889142e-01
3.61828106e-01
0.00000000e+00
3.72224075e-01
2.26628030e+00
-1.74488140e+00
3.30061897e-01
-3.99827135e-01
-2.13409842e-01
4.99357490e-02
-2.61229460e+00
-5.50380382e-01
5.11836800e-01
7 1
-9.3533e-01 4.6126e-01
5 1
1 2 4 13 12 
217
-7.42105278e-03
-3.81297253e-01
5.33301172e-02
-3.03468168e-01
-4.78350817e-01
1.14772939e+00
7.44190841e-01
-6.48048216e-02
4.96395611e-01
-9.55817161e-01
-5.44061423e-01
1.83517744e-01
-2.25595265e-01
-6.23870735e-02
-5.30882329e-01
-3.81913326e-03
-6.42918740e-01
6.42270362e-01
-4.41167032e-03
-9.41225526e-02
-1.16047183e-01
3.95224457e-03
9.16669934e-02
-2.76190304e-03
2.16235162e-03
9.60291146e-02
0.00000000e+00
0.00000000e+00
0.00000000e+00
0.00000000e+00
0.00000000e+00
0.00000000e+00
0.00000000e+00
-5.32261896e-01
2.22765867e-01
3.02074977e-01
0.00000000e+00
6.09663661e-03
-2.48268972e-01
-7.47660711e-02
2.46125355e-01
0.00000000e+00
0.00000000e+00
0.00000000e+00
0.00000000e+00
-4.18234463e-01
-6.32602613e-01
4.08378383e-01
-4.75428033e-02
6.30987775e-02
-4.11314954e-02
7.22750802e-01
0.00000000e+00
-1.28420042e-01
7.70561770e-01
-3.03441579e-01
5.60903322e-01
-3.37726436e-01
-6.53229672e-01
-1.11672379e-01
-2.21311756e-01
3.76761872e-01
-3.03758543e-01
0.00000000e+00
9.78458827e-02
-1.79883471e-01
4.08878902e-01
4.03771149e-01
-5.14145838e-01
-3.48532869e-01
0.00000000e+00
-1.67034270e-01
-7.63159884e-02
1.80864347e-01
1.39907955e-01
-2.12511295e-02
-1.81073003e-02
0.00000000e+00
-1.62871169e-01
-2.37768075e-01
1.02277960e-01
7.38968869e-02
5.31721562e-02
3.11260611e-01
0.00000000e+00
1.95603963e-01
-1.10544915e-01
-2.25208204e-03
-3.56422642e-01
-2.00772934e-01
-4.16432752e-01
0.00000000e+00
1.17065308e-01
2.73023787e-01
-3.01254500e-01
3.52309938e-03
1.76768140e-01
2.81472722e-01
0.00000000e+00
0.00000000e+00
0.00000000e+00
0.00000000e+00
0.00000000e+00
0.00000000e+00
0.00000000e+00
0.00000000e+00
0.00000000e+00
0.00000000e+00
0.00000000e+00
0.00000000e+00
0.00000000e+00
0.00000000e+00
0.00000000e+00
0.00000000e+00
0.00000000e+00
0.00000000e+00
0.00000000e+00
0.00000000e+00
0.00000000e+00
4.68972515e-01
1.34283471e-01
-4.32283799e-01
0.00000000e+00
0.00000000e+00
0.00000000e+00
7.75290149e-02
4.35847278e-01
-8.52829095e-01
6.07296069e-01
7.94854849e-02
1.37130226e-01
1.14580516e+00
6.26894629e-02
8.09095736e-01
0.00000000e+00
6.19319986e-02
-4.00356751e-01
-3.73400648e-01
7.86208250e-01
-3.85441146e-01
-2.84238936e-01
-3.33150748e-01
-1.61856688e+00
-4.30834164e-01
4.35158940e-02
-7.92072048e-01
0.00000000e+00
0.00000000e+00
0.00000000e+00
5.20930962e-01
3.52740940e-01
3.69998976e-01
-1.34621806e-01
-1.16856843e+00
1.19280369e-01
-3.76224328e-01
2.55056784e-01
9.42446233e-02
0.00000000e+00
2.46689654e-01
-4.46479953e-01
-4.59655842e-01
4.85450280e-01
5.52662277e-02
3.77729911e-01
9.31662743e-02
-8.44127418e-01
-6.48605048e-01
3.15655776e-01
-9.76465224e-01
0.00000000e+00
0.00000000e+00
0.00000000e+00
7.36852589e-01
1.12288789e+00
-3.82294042e-01
-2.72355782e-01
6.36725850e-01
5.81805616e-01
7.70706035e-01
7.32543168e-02
6.83585302e-01
0.00000000e+00
8.66703312e-01
1.15418297e+00
-6.17706977e-01
8.61339807e-01
-3.09834875e-01
-5.05870743e-03
8.74908030e-01
-3.08235049e-01
2.00204793e-01
1.05576825e+00
-1.06966114e+00
0.00000000e+00
0.00000000e+00
0.00000000e+00
6.15589892e-01
6.96907306e-01
5.63849767e-01
1.33625764e+00
5.75589497e-01
7.17115751e-01
6.03511176e-01
7.30223113e-01
3.92960772e-01
0.00000000e+00
6.88195614e-01
9.60870864e-02
-1.09028486e-01
4.15975663e-01
1.02105417e+00
5.12683342e-01
2.12227054e-01
-1.93000446e-01
1.22121248e-01
4.82588181e-02
136
-9.33833262e-01
8.12107298e-01
-2.98021508e-02
-7.50727526e-02
-7.87143251e-03
-7.97604640e-01
1.81411634e-03
-8.73263167e-01
2.46442523e-04
0.00000000e+00
0.00000000e+00
0.00000000e+00
0.00000000e+00
0.00000000e+00
0.00000000e+00
0.00000000e+00
-6.70141877e-01
-1.48136465e-02
-2.48877738e-01
-2.14733503e-01
-3.09960455e-01
-2.90701156e-01
-1.28525794e-01
5.63963104e-02
-4.63086645e-02
0.00000000e+00
0.00000000e+00
-2.24050905e-01
-4.59661040e-01
1.60082232e-01
-8.86070070e-02
1.94888118e-01
-6.78586147e-01
-3.58565667e-01
-6.69497400e-03
0.00000000e+00
1.86174252e-02
4.60843022e-01
-1.60335874e-01
2.97816559e-01
-3.13303419e-02
-1.69305898e-01
1.30122889e-01
0.00000000e+00
0.00000000e+00
0.00000000e+00
0.00000000e+00
2.51187700e+00
1.21009171e+00
5.58665352e-01
-4.61479318e-01
0.00000000e+00
3.71818236e-01
-1.39655156e-01
2.08637644e-01
-6.63974189e-01
0.00000000e+00
-3.12177802e-01
1.48998645e-01
2.17653843e-01
-5.45797439e-01
-9.55130046e-01
1.27085111e-01
-7.82019670e-02
-6.81636969e-02
-1.47712604e-01
0.00000000e+00
-1.35856911e-02
-4.22152912e-01
8.19725257e-02
-4.25822199e-01
0.00000000e+00
0.00000000e+00
0.00000000e+00
0.00000000e+00
0.00000000e+00
0.00000000e+00
0.00000000e+00
0.00000000e+00
0.00000000e+00
0.00000000e+00
0.00000000e+00
0.00000000e+00
0.00000000e+00
0.00000000e+00
0.00000000e+00
1.20575660e-01
-1.29416541e+00
-1.11291331e+00
0.00000000e+00
0.00000000e+00
0.00000000e+00
4.84549399e-01
5.59604486e-01
-1.05236371e-01
4.57402090e-01
-7.04644009e-01
1.38485706e-01
5.37621060e-01
1.74479594e-01
4.30705457e-01
0.00000000e+00
5.22088805e-01
-3.38082383e-01
-8.66972185e-01
2.24247900e-01
-2.62663361e-02
3.63249152e-01
-2.35571866e-02
-2.46951877e+00
-9.04916162e-01
4.33846445e-01
-1.65312831e+00
0.00000000e+00
0.00000000e+00
0.00000000e+00
2.64823317e-01
8.17486032e-02
-5.11089040e-01
1.60477457e-01
-4.63519821e-01
-2.45560631e-01
4.57753522e-01
-8.08791406e-02
5.36826515e-01
0.00000000e+00
3.08017166e-01
1.95777596e+00
-1.63115974e+00
3.87483894e-01
-3.87861385e-01
-1.46671083e-01
-7.02961913e-03
-2.39115839e+00
-4.78687816e-01
5.35581922e-01
3 2
-1.1254e+00 5.0364e-01
6 -1
1 2 4 13 12 7 
217
-1.08367323e-01
3.67292176e-01
-1.68117156e-01
-9.00974787e-01
-8.86859813e-01
7.42192148e-01
1.68417516e-02
-4.97721945e-02
6.18524741e-01
-1.53001750e+00
0.00000000e+00
0.00000000e+00
0.00000000e+00
0.00000000e+00
1.10176986e-01
-4.78245500e-03
4.26402439e-01
-2.93914661e-01
6.56155777e-03
1.02282458e-01
7.53703514e-02
6.43916914e-03
3.25897304e-01
0.00000000e+00
0.00000000e+00
0.00000000e+00
0.00000000e+00
0.00000000e+00
0.00000000e+00
0.00000000e+00
0.00000000e+00
0.00000000e+00
0.00000000e+00
-5.32762643e-02
-2.06437496e-02
-3.44473094e-02
4.99621415e-01
-6.83568775e-01
-3.88611410e-02
5.81649938e-01
1.04121448e+00
0.00000000e+00
0.00000000e+00
0.00000000e+00
2.38540012e-01
-1.51689769e-01
-2.29228880e-01
4.05304615e-01
5.01439503e-01
-6.21742747e-01
-2.70391513e-02
3.88541369e-01
0.00000000e+00
2.91843862e-01
8.43919944e-03
-4.05101344e-01
0.00000000e+00
2.42913095e-02
0.00000000e+00
1.45970497e-01
2.40082550e-01
-5.06557569e-01
-3.41513720e-01
0.00000000e+00
-1.85785116e-01
5.97421267e-01
2.53179808e-01
-1.80381822e-01
-1.75762015e-01
1.14477287e+00
0.00000000e+00
6.42411627e-01
1.09950053e+00
-1.92829446e-01
-6.86218168e-02
-5.57949504e-01
-4.42575869e-01
0.00000000e+00
1.58107696e-01
-6.99211032e-01
-1.10376016e-01
-3.79825651e-02
-1.56099003e-01
8.94897211e-01
0.00000000e+00
5.04124952e-01
-1.68046132e-01
-1.04495555e+00
5.68893136e-01
4.32463276e-01
9.74441044e-01
0.00000000e+00
4.92679156e-01
0.00000000e+00
-3.50693894e-01
-7.69720146e-01
-2.50352585e-01
1.12911353e-01
0.00000000e+00
1.33340624e-01
-2.24797939e-01
1.89207281e-02
-8.20194841e-01
-2.60628676e-01
-1.17279925e+00
0.00000000e+00
0.00000000e+00
0.00000000e+00
0.00000000e+00
0.00000000e+00
0.00000000e+00
0.00000000e+00
0.00000000e+00
0.00000000e+00
0.00000000e+00
0.00000000e+00
0.00000000e+00
0.00000000e+00
0.00000000e+00
1.54073159e-01
-1.07638530e-01
-2.41077411e+00
0.00000000e+00
0.00000000e+00
0.00000000e+00
2.62587052e+00
1.99213975e+00
3.53905859e-01
1.74865835e+00
-5.32208877e-01
1.68127971e+00
1.75341860e+00
8.72236624e-01
2.51338449e+00
0.00000000e+00
1.51989147e+00
-6.76867591e-02
3.85033401e-01
1.60022902e+00
1.07767345e+00
1.29434328e+00
-1.86048146e-01
-3.81878868e-01
1.33725321e+00
1.02688371e+00
-1.03909138e+00
0.00000000e+00
0.00000000e+00
0.00000000e+00
-5.36769578e-01
9.84651070e-01
1.77669045e+00
1.33199516e+00
-3.43985061e-01
1.23228621e+00
1.14526398e+00
1.98107353e+00
-4.22767030e-01
0.00000000e+00
-1.42105000e-02
1.00133867e+00
1.92890377e+00
1.87298176e+00
6.60395649e-01
1.00892208e+00
1.51313199e+00
-2.74702836e-01
-7.66564310e-01
1.66052741e+00
-1.92333220e+00
0.00000000e+00
0.00000000e+00
0.00000000e+00
7.22368362e-01
1.39346313e+00
6.29807142e-01
8.17342783e-01
-4.15838615e-02
1.27000455e+00
8.09194097e-01
1.07818920e+00
1.63115165e+00
0.00000000e+00
1.29664690e+00
3.50637294e-02
-4.64273324e-01
1.11709299e+00
1.14044472e+00
9.96231014e-01
1.38518537e+00
-3.72139658e-01
1.71971400e-02
2.08983381e+00
-1.09559293e+00
0.00000000e+00
0.00000000e+00
0.00000000e+00
1.42604158e+00
1.38557522e+00
7.36449310e-01
1.67326717e+00
-3.42459166e-01
-1.91322514e-01
1.62179319e+00
6.97794456e-01
-5.12755968e-01
0.00000000e+00
1.86066585e-01
1.07237358e+00
1.25590869e-01
1.06984950e+00
-4.77793019e-01
9.81217495e-01
3.51820063e-01
-4.34966019e-01
8.43083915e-01
-7.65375561e-01
136
-1.95026730e-01
6.23125548e-02
-9.03096976e-04
-1.34978795e-01
-2.00072429e-03
-1.22360490e-01
3.91975341e-03
0.00000000e+00
0.00000000e+00
0.00000000e+00
0.00000000e+00
0.00000000e+00
0.00000000e+00
0.00000000e+00
0.00000000e+00
0.00000000e+00
-5.25345154e-01
1.38632096e-01
1.91686329e-01
0.00000000e+00
1.33267655e-01
-3.08218427e-02
-9.18051125e-02
-2.52664391e-01
4.95371390e-02
0.00000000e+00
0.00000000e+00
0.00000000e+00
-3.52294578e-01
2.41307032e-01
8.74564765e-02
5.85623113e-01
-8.95755321e-01
-5.24659476e-01
3.91415391e-02
0.00000000e+00
1.30078432e-01
4.44310338e-01
-8.97289845e-02
4.58400004e-01
-3.82802123e-01
-8.40346028e-02
8.83065026e-02
0.00000000e+00
0.00000000e+00
0.00000000e+00
0.00000000e+00
1.18582096e+00
8.35043417e-01
4.23470116e-01
-5.24025598e-01
0.00000000e+00
-3.97125554e-01
-3.26226779e-01
5.19278862e-02
-5.78507842e-01
0.00000000e+00
5.20753635e-01
3.07568574e-01
2.84046281e-01
-3.33632421e-01
-1.29373250e+00
-3.17810979e-01
5.62747993e-02
-1.73261080e-01
-2.98537461e-02
0.00000000e+00
-3.29868502e-01
-2.43416309e-01
-7.34891691e-04
-2.06637407e-01
0.00000000e+00
8.24632915e-02
-5.50242872e-01
1.75563624e-01
-6.54165583e-02
0.00000000e+00
0.00000000e+00
0.00000000e+00
0.00000000e+00
0.00000000e+00
0.00000000e+00
0.00000000e+00
0.00000000e+00
0.00000000e+00
0.00000000e+00
2.68419520e-01
-7.53485541e-01
-1.24830482e+00
0.00000000e+00
0.00000000e+00
0.00000000e+00
5.07245830e-01
7.72976004e-01
-2.44064336e-01
6.12172046e-01
-2.16375962e+00
3.13447519e-01
6.70144046e-01
2.51262917e-01
2.82152559e-01
0.00000000e+00
5.48942753e-01
-3.41945222e-01
-7.44727168e-01
4.03619187e-01
4.11706140e-04
5.01570391e-01
8.81713518e-02
-2.26351889e+00
-8.99193252e-01
4.56787357e-01
-1.40709901e+00
0.00000000e+00
0.00000000e+00
0.00000000e+00
3.46360334e-01
3.02973512e-01
-3.71868208e-01
3.58107606e-01
-9.30667466e-02
-5.40290004e-02
5.07821800e-01
5.74903437e-02
5.77266285e-01
0.00000000e+00
5.32000605e-01
-2.07187711e-01
-1.53174682e+00
2.90219547e-01
-1.06344415e-01
2.40490900e-01
6.36482191e-03
-2.52237882e+00
-3.61868174e-01
6.22295135e-01
8 2
-1.1360e+00 5.1726e-01
7 3
1 2 4 13 12 7 3 
217
3.02511728e-01
-4.06179122e-02
-5.16230496e-01
-6.76493549e-01
-1.28644581e-01
1.04248262e+00
2.53739178e-01
3.04277286e-01
4.25472811e-01
1.44747271e-01
0.00000000e+00
0.00000000e+00
0.00000000e+00
0.00000000e+00
5.30983996e-01
-1.73070849e-03
2.34344542e-01
1.61200250e-01
-1.45947111e-03
3.84485055e-01
-3.89672518e-01
1.25597877e-02
1.10646383e+00
0.00000000e+00
0.00000000e+00
0.00000000e+00
0.00000000e+00
0.00000000e+00
0.00000000e+00
0.00000000e+00
0.00000000e+00
0.00000000e+00
0.00000000e+00
-2.09240865e-01
4.76562458e-01
3.51901352e-02
0.00000000e+00
-5.15778848e-01
-6.87901719e-01
-8.80542055e-02
-1.12778763e-01
2.29842978e-01
0.00000000e+00
0.00000000e+00
0.00000000e+00
-6.57691243e-01
-1.56732409e+00
-1.64474806e-01
2.02644949e-01
-4.22560480e-01
-7.60395439e-01
4.60354094e-01
0.00000000e+00
-1.76108972e-01
-5.04642552e-01
2.38935186e-01
0.00000000e+00
-4.96898878e-01
0.00000000e+00
1.29282978e+00
7.07694546e-01
-1.14181089e+00
-5.84225357e-01
0.00000000e+00
2.28127046e-01
-5.57425256e-01
2.41318841e-01
3.42575271e-01
-1.66934159e-01
7.24873838e-01
0.00000000e+00
1.90040081e-01
-1.78969196e+00
7.65847360e-02
-2.99496410e-01
3.58869111e-02
-4.01390959e-01
0.00000000e+00
7.36628075e-01
-5.60733919e-01
-2.22893721e-01
-1.49868722e-01
-2.11222626e-01
-9.59206446e-02
0.00000000e+00
6.67237933e-01
6.09308468e-01
-6.97793295e-01
8.21210032e-01
3.33067091e-01
1.19095858e+00
0.00000000e+00
2.62088629e-01
-2.38684137e-01
-5.81898711e-02
1.21403419e-01
9.86129697e-02
-7.99181222e-02
0.00000000e+00
3.35287249e-01
-4.46743592e-01
6.01368153e-01
-8.98529256e-01
-6.34143674e-01
-1.69806427e+00
4.05689762e-02
1.77276047e-01
0.00000000e+00
1.18880865e-01
3.44161741e-01
-3.42141600e-02
-1.11444737e-01
0.00000000e+00
0.00000000e+00
0.00000000e+00
0.00000000e+00
0.00000000e+00
0.00000000e+00
0.00000000e+00
6.40516864e-01
-3.81368277e-01
-2.02341887e+00
0.00000000e+00
0.00000000e+00
0.00000000e+00
1.80085930e+00
1.45722281e+00
1.06514518e+00
2.31849255e+00
-2.27509690e-01
2.06664712e+00
2.07423630e+00
1.70599336e+00
8.79704991e-01
0.00000000e+00
1.83901048e+00
1.11316569e+00
-1.65484323e+00
1.79497141e+00
1.74481601e+00
1.87336963e+00
7.94990571e-01
-6.24683158e-01
1.03073735e+00
1.64517826e+00
-1.44041308e+00
0.00000000e+00
0.00000000e+00
0.00000000e+00
-2.48997497e-01
1.76642620e+00
1.05013311e+00
-5.94669799e-02
-1.82934063e-01
1.29910615e+00
3.93929936e-01
6.54287170e-01
1.69071138e+00
0.00000000e+00
5.91811095e-01
7.65369598e-01
3.62146303e+00
1.51238052e+00
1.24499922e-01
9.66852418e-01
8.68624712e-01
-3.68038375e-01
-3.80046045e-02
1.47392317e+00
-1.95121117e+00
0.00000000e+00
0.00000000e+00
0.00000000e+00
2.02194484e+00
1.69383044e+00
-9.13624904e-01
2.40786622e-01
-6.75524933e-01
1.05480252e+00
1.46731614e+00
1.79229908e+00
1.39997767e+00
0.00000000e+00
1.94519889e+00
1.08467372e+00
-5.92988101e-01
1.78404603e+00
8.09300849e-01
1.04055581e+00
1.67329705e+00
-4.69875437e-02
1.09392487e+00
1.84200408e+00
-1.53254946e+00
0.00000000e+00
0.00000000e+00
0.00000000e+00
6.19760359e-01
9.77703465e-01
2.18284841e+00
2.76641549e+00
1.52126104e+00
2.89994309e-01
1.37493680e+00
-2.64846728e-01
6.93838676e-01
0.00000000e+00
5.83094725e-01
1.41525859e+00
9.58178125e-03
9.10607140e-01
6.32556128e-01
1.08569618e+00
7.13479526e-01
-2.86723686e-02
-9.74636010e-01
4.20041240e-01
136
-1.99154452e-01
-5.33065712e-02
8.96232752e-04
-4.28049833e-02
-1.95425112e-03
-1.03042898e-01
6.32504953e-03
0.00000000e+00
0.00000000e+00
0.00000000e+00
0.00000000e+00
0.00000000e+00
0.00000000e+00
0.00000000e+00
0.00000000e+00
0.00000000e+00
-4.75314925e-01
6.97194516e-02
2.06441021e-01
0.00000000e+00
1.12289337e-01
5.03343907e-02
7.15139973e-03
-7.17111177e-02
-8.00135790e-02
-1.70364795e-01
0.00000000e+00
5.67658322e-01
-5.18740358e-01
1.80861348e-01
3.46576804e-02
2.21852867e-01
-1.00701935e+00
-5.63992598e-01
-2.51554092e-02
0.00000000e+00
-9.43504893e-03
5.99878491e-01
-1.00880621e-03
5.06189064e-01
-3.38221775e-01
-1.56175131e-01
3.09496250e-01
0.00000000e+00
0.00000000e+00
0.00000000e+00
0.00000000e+00
1.37189969e+00
7.52107595e-01
4.46477089e-01
-4.70527760e-01
0.00000000e+00
-5.74234150e-01
-2.90718979e-01
-1.55101829e-02
-5.30461355e-01
0.00000000e+00
8.53871629e-01
3.86586581e-01
3.41432430e-01
-3.59090084e-01
-1.19371404e+00
-2.01106306e-01
4.03705732e-02
-1.67966695e-01
-6.22200964e-02
0.00000000e+00
-3.12179175e-01
-3.29326942e-01
7.84129137e-03
-3.16603191e-01
0.00000000e+00
1.46992267e-01
-4.71959309e-01
1.69362790e-01
-8.71567780e-02
-4.01061433e-02
-1.99787204e-01
7.28059507e-01
-7.51778386e-02
-4.19923276e-01
0.00000000e+00
0.00000000e+00
0.00000000e+00
0.00000000e+00
0.00000000e+00
9.91986962e-02
-7.66165496e-01
-1.38253205e+00
0.00000000e+00
0.00000000e+00
0.00000000e+00
4.86349896e-01
7.06510169e-01
-2.26421342e-01
7.13959424e-01
-2.18083111e+00
2.35247841e-01
7.22563988e-01
2.79270097e-01
2.98222179e-01
0.00000000e+00
5.36455049e-01
-4.79048057e-01
-1.00626328e+00
5.44139913e-01
4.36968757e-02
4.77084825e-01
1.00803942e-01
-2.20213697e+00
-8.65774203e-01
4.33638721e-01
-1.42335217e+00
0.00000000e+00
0.00000000e+00
0.00000000e+00
3.69676951e-01
4.94558450e-01
-3.45882594e-01
3.53455490e-01
2.68804598e-02
-3.52556669e-02
4.94678828e-01
1.22896204e-01
5.07051570e-01
0.00000000e+00
5.16084545e-01
-2.73210053e-01
-1.62252062e+00
3.09956405e-01
-1.85987061e-01
2.19827274e-01
2.41239644e-03
-2.53571005e+00
-4.66678765e-01
6.24414061e-01
