0 7 -999999999 -1 -1
1 1 0 -1 -1
0.4207 -0.3559
356
5.02882534e-01
4.65305277e-01
0.00000000e+00
1.18525006e-01
-3.31841061e-01
-5.24062680e-01
6.03466744e-01
0.00000000e+00
0.00000000e+00
8.63810141e-01
1.30262021e-01
-2.64336207e-01
1.09737595e-01
2.09127378e-02
4.25121364e-02
5.51001313e-02
0.00000000e+00
0.00000000e+00
0.00000000e+00
0.00000000e+00
0.00000000e+00
0.00000000e+00
0.00000000e+00
0.00000000e+00
0.00000000e+00
0.00000000e+00
0.00000000e+00
0.00000000e+00
0.00000000e+00
0.00000000e+00
0.00000000e+00
0.00000000e+00
0.00000000e+00
0.00000000e+00
0.00000000e+00
0.00000000e+00
0.00000000e+00
0.00000000e+00
0.00000000e+00
0.00000000e+00
0.00000000e+00
0.00000000e+00
0.00000000e+00
0.00000000e+00
0.00000000e+00
0.00000000e+00
0.00000000e+00
0.00000000e+00
0.00000000e+00
0.00000000e+00
0.00000000e+00
-9.65596646e-02
-3.36847763e-01
-1.38907351e+00
0.00000000e+00
0.00000000e+00
0.00000000e+00
0.00000000e+00
-2.34412591e-01
4.16461682e-01
6.89206905e-02
8.82601916e-01
1.03577180e+00
-1.00796143e-01
9.15409355e-01
-1.49970863e+00
-1.28280672e+00
-5.37087392e-01
0.00000000e+00
0.00000000e+00
0.00000000e+00
-1.02447730e-01
-4.81376042e-03
-1.40653128e-01
7.27183557e-02
-5.62542843e-03
-3.42086572e-01
6.25847752e-01
-3.24814072e-03
-6.15482038e-01
0.00000000e+00
0.00000000e+00
4.31218820e-01
3.43213142e-01
-5.78660664e-02
-3.06946467e-01
-2.04366553e-01
3.07143520e-01
0.00000000e+00
0.00000000e+00
-5.80587342e-01
2.86096111e-02
-1.35965680e-01
2.25440346e-02
-1.59162725e-01
-8.71412637e-02
1.59031865e-01
-3.45584580e-03
9.28534605e-02
6.17951408e-02
-4.57135832e-01
-3.09842120e-01
0.00000000e+00
0.00000000e+00
3.79895316e+00
2.34371865e+00
0.00000000e+00
0.00000000e+00
0.00000000e+00
0.00000000e+00
0.00000000e+00
1.39407645e-01
-9.05678374e-02
-4.95545139e-01
-2.64581388e-01
-4.17446755e-01
-6.36346627e-01
-1.52172222e+00
0.00000000e+00
0.00000000e+00
0.00000000e+00
0.00000000e+00
0.00000000e+00
0.00000000e+00
1.52158588e-02
-1.60270308e-01
-1.24804788e-01
-2.74160552e-01
-2.85152320e-01
-7.63969656e-01
4.73503499e+00
4.67052001e+00
4.74278967e+00
4.62942592e+00
4.69562931e+00
4.77530771e+00
3.41394076e-01
8.44902496e-02
2.28382824e-01
8.67046066e-02
1.26850646e-01
-1.47788832e-01
7.61227876e-02
-1.37104198e-01
7.98280989e-02
4.47782550e-02
-2.40633868e-01
-2.21899996e-01
1.30139341e-01
0.00000000e+00
0.00000000e+00
0.00000000e+00
0.00000000e+00
0.00000000e+00
0.00000000e+00
0.00000000e+00
6.20437545e-01
3.03857041e-01
-2.25064256e+00
0.00000000e+00
-4.07381659e-01
-7.36022179e-01
-6.38046411e-01
-1.10481394e+00
-1.04542807e+00
0.00000000e+00
0.00000000e+00
0.00000000e+00
6.86937132e-01
1.39450171e+00
-4.51992398e-01
-2.85868769e-01
-1.78955807e+00
6.50478691e-01
7.32478484e-01
1.01338512e+00
2.06175710e-01
0.00000000e+00
4.06281674e-01
-1.10683726e+00
-1.86618839e+00
3.39493176e-02
7.52754336e-01
7.34591967e-01
4.11978094e-01
-2.65902797e+00
-8.23614714e-01
9.14147262e-01
4.26240070e-01
0.00000000e+00
0.00000000e+00
0.00000000e+00
-3.31917352e-02
-2.25161822e-01
1.13564108e-01
2.46404695e-01
2.13661744e-01
-2.15457539e-03
-4.61770507e-02
-1.34627349e-01
-5.71939714e-02
0.00000000e+00
-7.28283508e-02
-1.05238168e-01
1.16659550e-01
8.94362165e-02
-1.22674713e-01
6.13826484e-02
-5.67719689e-02
4.72379932e-01
4.49778199e-02
-7.62069379e-02
-5.87778853e-01
-1.16310752e-01
-3.91837338e-01
-5.47267404e-01
-4.57308070e-01
5.30469467e-01
5.90118783e-02
-7.05792098e-01
-1.35909503e-02
0.00000000e+00
0.00000000e+00
0.00000000e+00
-5.49159820e-02
1.75634877e-01
-1.93834778e-01
-2.66741762e-01
-1.66260821e-01
8.66975820e-02
1.30919369e-01
2.26067613e-01
1.99309672e-01
0.00000000e+00
-2.24950641e-01
4.90909568e-02
-1.87799937e-02
4.40763081e-02
-8.51316528e-02
4.90777775e-02
-2.34893317e-02
-7.40746973e-02
7.58544178e-02
5.78601364e-02
-4.71468101e-01
4.50631239e-01
4.42585994e-01
1.27395784e-02
-4.57649216e-01
-2.91070906e-01
-1.47474444e+00
-1.05668697e+00
4.19831609e-02
4.31924829e-01
-1.99626923e-02
-7.03033043e-01
-1.66578310e-01
-4.48436969e-01
-5.58918382e-01
2.72110925e-01
-1.84083612e+00
0.00000000e+00
0.00000000e+00
0.00000000e+00
1.24126330e-01
1.56970225e+00
-3.61563365e-01
5.39295664e-02
-1.63871508e+00
5.98696309e-01
7.22289295e-01
-2.43668228e-02
3.55952362e-01
0.00000000e+00
3.33381238e-01
-2.20740717e-01
-1.52925536e+00
3.09730300e-01
-1.19142523e+00
1.50883242e-01
1.63417987e-01
-1.29243769e+00
-1.32585817e-01
1.68145079e-01
4.47560115e-01
0.00000000e+00
0.00000000e+00
0.00000000e+00
-7.23581069e-02
-6.56186212e-02
7.19221978e-02
1.29658492e-01
4.32594517e-01
-2.77947852e-02
5.08947324e-02
-1.69114265e-01
5.31789139e-02
0.00000000e+00
-1.34392082e-01
-1.66744135e-01
1.79416096e-01
1.49659099e-01
-3.41073011e-01
4.21632147e-02
-5.58898848e-02
2.84599081e-01
8.32056550e-02
3.25300637e-03
-9.25467031e-01
-3.11542194e-01
0.00000000e+00
-1.31388451e-01
-1.71693025e-01
4.24023574e-01
-3.91441682e-02
-6.96421600e-01
-2.16187103e-01
0.00000000e+00
0.00000000e+00
0.00000000e+00
1.26881614e-01
-2.31994551e-02
4.25911864e-04
1.28394838e-01
-1.69548670e-01
-7.49055070e-03
-9.11204613e-02
-1.36768287e-01
-1.75392479e-01
0.00000000e+00
2.82715103e-01
2.36641663e-01
-9.03458191e-02
-1.17631347e-01
5.18126245e-01
3.12694856e-02
2.96022857e-02
-3.40952479e-01
-1.82329334e-01
-2.35465368e-01
-6.13924836e-01
0.00000000e+00
0.00000000e+00
-1.84849215e-01
-9.15369086e-01
-4.24479984e-01
0.00000000e+00
1.00356594e+00
1.63551232e-01
2.90429715e-01
-1.05643209e-01
-6.09266491e-01
-4.90889102e-01
0.00000000e+00
1.86203341e+00
-6.92826095e-02
247
1.94194753e-01
1.94194753e-01
0.00000000e+00
1.00269941e+00
-8.08504654e-01
-4.36857205e-01
-6.13421038e-01
5.40958818e-01
0.00000000e+00
0.00000000e+00
-3.56699858e-01
2.28881425e-01
-1.01622288e-01
2.79638850e-01
0.00000000e+00
0.00000000e+00
0.00000000e+00
0.00000000e+00
0.00000000e+00
0.00000000e+00
0.00000000e+00
0.00000000e+00
0.00000000e+00
0.00000000e+00
0.00000000e+00
0.00000000e+00
0.00000000e+00
0.00000000e+00
0.00000000e+00
0.00000000e+00
0.00000000e+00
0.00000000e+00
0.00000000e+00
0.00000000e+00
0.00000000e+00
0.00000000e+00
0.00000000e+00
0.00000000e+00
0.00000000e+00
0.00000000e+00
0.00000000e+00
0.00000000e+00
0.00000000e+00
-5.04697492e-03
-1.65597127e-03
1.79593013e-01
-4.38414797e-03
7.04781587e-02
-5.65015771e-03
0.00000000e+00
0.00000000e+00
3.71757833e-01
9.57652981e-02
4.49281515e-01
-4.76619644e-01
3.19619162e-02
-2.27377431e-01
0.00000000e+00
0.00000000e+00
2.83135452e+00
1.59867692e+00
0.00000000e+00
0.00000000e+00
0.00000000e+00
0.00000000e+00
0.00000000e+00
0.00000000e+00
4.01210236e-01
-8.19790204e-02
4.27353776e-02
-3.53673780e-01
-7.79368420e-01
-1.86800031e+00
0.00000000e+00
0.00000000e+00
0.00000000e+00
0.00000000e+00
0.00000000e+00
0.00000000e+00
-2.45455221e-02
-1.05159410e-01
-1.41664107e-01
-3.94607525e-01
-3.84651839e-01
-2.58074602e-01
2.84516284e+00
3.20362454e+00
3.09444402e+00
2.93754571e+00
3.24512962e+00
3.09358198e+00
3.47339416e-01
-1.73599526e-02
2.54907172e-01
3.49095577e-01
-2.59222490e-01
1.58779348e-01
2.70441225e-01
1.32765963e-01
5.19878246e-01
4.17293784e-01
3.76105873e-01
3.12076565e-01
0.00000000e+00
0.00000000e+00
0.00000000e+00
0.00000000e+00
2.88057767e-01
2.56765671e-01
-1.93348268e+00
0.00000000e+00
-2.00977210e-01
-5.02699872e-01
-5.04865124e-01
-8.99617045e-01
-7.03677082e-01
0.00000000e+00
0.00000000e+00
0.00000000e+00
5.68458334e-01
9.97688516e-01
-4.28436053e-01
-7.20541606e-02
-1.42483571e+00
3.17798018e-01
5.55194108e-01
4.69642071e-01
-2.91111218e-01
0.00000000e+00
2.72233171e-01
-5.62930665e-01
-1.36656068e+00
-8.94891333e-02
8.33404713e-01
6.11472781e-01
3.36985596e-01
-1.37936088e+00
-7.30977635e-01
6.79201747e-01
-4.20295269e-01
-3.24309487e-02
-2.30343753e-01
-1.42703905e+00
-8.32564565e-01
-1.79421379e-01
0.00000000e+00
0.00000000e+00
0.00000000e+00
9.42884096e-02
3.46264153e-01
1.63129731e-01
1.26665627e-01
-3.18939241e-02
1.66902696e-01
-1.87040714e-01
-6.00709659e-03
1.30860056e-01
0.00000000e+00
2.55783468e-01
3.75655125e-01
-2.46727585e-01
-1.22940934e-02
-1.14081841e+00
6.77542322e-03
-6.74514151e-02
-2.06423424e-01
1.33387235e-03
5.15767259e-02
-3.87864320e-01
2.53362036e-01
1.13616490e-01
4.45610822e-01
-2.83381813e-01
-1.68546261e-01
-1.06688182e+00
-1.71374692e+00
-4.14854514e-01
-1.14835552e-01
-7.08247502e-01
-5.19876445e-01
6.33809688e-01
-1.40448217e+00
0.00000000e+00
0.00000000e+00
0.00000000e+00
-2.80049767e-02
1.02662899e+00
-1.46307840e-01
1.19044194e-01
-1.37095974e+00
6.32297160e-01
7.57936832e-01
-2.00628294e-01
2.42330917e-01
0.00000000e+00
4.69554409e-01
-4.51777139e-01
-1.00030512e+00
2.13773962e-01
-6.29420474e-01
-7.00744286e-02
1.50318640e-01
-1.13520909e+00
-2.28286468e-01
2.44606292e-01
-6.31433332e-01
-1.53805761e-01
0.00000000e+00
0.00000000e+00
-2.61010742e-01
-9.97052548e-02
0.00000000e+00
0.00000000e+00
0.00000000e+00
-3.79444255e-02
1.87766257e-01
-5.31724461e-02
-1.59289235e-01
-5.32462860e-01
7.24142945e-02
6.01294295e-02
2.81293797e-01
2.39447490e-01
0.00000000e+00
-2.41236076e-01
-2.38145087e-01
-1.74338823e-01
1.70170029e-01
1.29703407e-01
8.39146930e-02
-4.97601852e-02
-9.13789692e-02
1.21759801e-01
1.31423653e-01
-4.77627571e-01
0.00000000e+00
0.00000000e+00
-5.94055097e-01
-7.73048837e-01
-3.51059363e-01
0.00000000e+00
9.78226441e-01
1.65911379e-01
-4.21989473e-01
0.00000000e+00
1.01081891e+00
-1.63074221e-01
1 -999999999 5 0 -1
1 0 1 1 -1
3.7362e-01 2.3156e-01
356
2.75710536e-01
0.00000000e+00
0.00000000e+00
0.00000000e+00
0.00000000e+00
0.00000000e+00
0.00000000e+00
0.00000000e+00
0.00000000e+00
0.00000000e+00
0.00000000e+00
0.00000000e+00
0.00000000e+00
0.00000000e+00
0.00000000e+00
0.00000000e+00
2.73276635e-01
0.00000000e+00
-3.33587990e-01
-1.45917203e-02
-2.28568000e-01
-1.50302188e-01
0.00000000e+00
0.00000000e+00
2.20211823e-02
-4.68525927e-01
2.92163973e-02
2.11094535e-01
-1.62575720e-01
-1.42462338e-01
-2.85499313e-02
2.73276635e-01
0.00000000e+00
-1.15191743e+00
-8.72372101e-02
2.69057629e-02
-4.23278703e-01
8.63101682e-01
-9.78018450e-01
5.62092379e-01
5.96251550e-01
0.00000000e+00
0.00000000e+00
0.00000000e+00
0.00000000e+00
0.00000000e+00
0.00000000e+00
0.00000000e+00
0.00000000e+00
0.00000000e+00
0.00000000e+00
1.16517864e-01
-5.02195230e-01
-7.17626906e-01
0.00000000e+00
0.00000000e+00
0.00000000e+00
0.00000000e+00
-1.19142114e+00
2.13525786e+00
1.06372676e+00
3.50096331e-01
1.33578021e+00
-7.80442851e-01
5.44337189e-01
-1.60298920e+00
-1.47671248e+00
-1.76481543e-01
-1.56659270e-03
1.36970694e-02
-3.28685468e-02
-2.50141900e-02
-5.57594395e-03
3.82678250e-02
2.60238126e-02
-2.51937365e-03
-1.17196848e-01
2.76267506e-01
1.46979751e-03
-5.01313026e-01
0.00000000e+00
0.00000000e+00
-3.83340644e-02
-3.84311269e-01
-4.52679831e-01
-2.01132596e-02
5.09479630e-01
6.80875931e-01
0.00000000e+00
0.00000000e+00
2.63109017e-01
-2.53489453e-01
5.56485750e-02
-1.97421172e-02
-9.17777915e-02
9.62420306e-02
3.13134871e-02
5.70975928e-02
9.92491506e-02
9.12215735e-02
-3.74736730e-01
-2.46954283e-01
0.00000000e+00
0.00000000e+00
1.63681753e+00
2.45963529e+00
0.00000000e+00
0.00000000e+00
0.00000000e+00
0.00000000e+00
0.00000000e+00
9.83943323e-02
1.25276254e-01
-4.15077209e-01
2.34369075e-01
1.14156333e-01
-1.08452759e-01
-1.39661677e+00
0.00000000e+00
0.00000000e+00
0.00000000e+00
0.00000000e+00
0.00000000e+00
0.00000000e+00
-1.50547405e-01
-4.49349863e-02
-2.48313512e-01
-2.59325200e-01
-3.01108111e-01
-1.09312514e+00
4.29285988e+00
4.21058310e+00
4.22743347e+00
4.11912042e+00
4.17686966e+00
4.20106417e+00
2.49394504e-01
4.75785189e-01
5.61767625e-01
3.48362627e-01
2.97283266e-01
1.29821895e-01
-1.13881945e-01
-9.29922149e-02
2.55793521e-01
2.80068171e-01
1.08860978e-01
2.60696451e-03
8.52380822e-02
0.00000000e+00
0.00000000e+00
0.00000000e+00
0.00000000e+00
0.00000000e+00
0.00000000e+00
0.00000000e+00
2.77042852e-01
3.02037412e-02
0.00000000e+00
-9.78422877e-01
-5.91554201e-01
-6.02972753e-01
-7.69552795e-01
-6.02529119e-01
-1.36110700e+00
0.00000000e+00
0.00000000e+00
0.00000000e+00
3.97149779e-01
1.63469604e+00
-7.60277789e-01
3.16203833e-01
-2.61827425e-01
-6.04719955e-02
6.87831305e-01
7.50174316e-01
7.30738680e-02
0.00000000e+00
7.86875497e-02
-1.60449230e+00
-1.66316767e+00
-2.26145554e-01
4.91854091e-01
5.76316353e-01
-6.57319281e-02
-1.75982816e+00
-6.84430256e-01
7.19278941e-01
1.57994634e-01
0.00000000e+00
0.00000000e+00
0.00000000e+00
2.12145578e-02
3.02368155e-02
8.58341877e-02
1.47110881e-01
-1.07939838e+00
2.12911715e-01
8.47221022e-02
-8.33465077e-02
-1.33064397e-03
0.00000000e+00
-1.01268333e-01
2.59746108e-01
-1.96667130e-03
1.95089114e-01
2.17636925e-02
4.87192306e-02
1.90771612e-02
1.93591299e-01
1.39537594e-01
-3.42492896e-02
-4.50985603e-01
-1.99750336e-01
0.00000000e+00
3.30462877e-03
-1.67219623e-01
5.67306378e-02
2.38814554e-02
-2.80362430e-01
1.75197004e-03
0.00000000e+00
0.00000000e+00
0.00000000e+00
-2.60375109e-01
-1.32080088e-03
-1.71848328e-01
-2.24470189e-01
6.94714167e-01
3.60508786e-02
3.85681337e-02
4.62986927e-01
8.71226156e-02
0.00000000e+00
-3.43472337e-01
-1.75457806e-01
-3.50580225e-02
1.90494283e-02
-2.14893689e-01
-8.46760047e-02
1.91972549e-02
2.86527431e-02
3.50365358e-02
9.19455712e-02
-2.51235267e-01
0.00000000e+00
0.00000000e+00
3.11325754e-01
-9.10121392e-01
-3.91803865e-01
0.00000000e+00
-6.96680363e-01
-3.77145705e-01
1.36371095e-01
-6.92061214e-02
-4.58968838e-01
-5.18317528e-01
9.77741773e-02
-6.17443652e-02
-8.59665483e-02
-1.20550187e+00
0.00000000e+00
0.00000000e+00
0.00000000e+00
5.86525245e-01
1.71437522e+00
-1.55147785e-01
-1.77128371e-01
-1.48873536e+00
5.86475556e-01
1.76516414e-01
2.04519587e-01
4.45738438e-01
0.00000000e+00
3.91173247e-01
-2.62438155e-01
-1.58787973e+00
6.04498201e-01
-1.32655515e+00
2.12166213e-01
1.59959513e-01
-1.33701418e+00
-2.69238114e-01
3.16687340e-01
4.04968522e-01
0.00000000e+00
0.00000000e+00
0.00000000e+00
-8.04064622e-02
7.00722820e-03
8.41276393e-02
2.57245313e-01
-7.98165933e-01
1.09692714e-01
1.67177895e-01
-1.13948729e-01
-2.30116096e-02
0.00000000e+00
-1.09454006e-03
5.33675449e-02
1.86358351e-01
8.66113305e-02
1.06671334e-02
1.72704763e-02
8.51687924e-02
1.63674354e-01
1.68683340e-01
2.45436830e-02
-4.42747314e-01
-2.62396342e-01
3.65394527e-03
-2.52882668e-01
2.78141685e-01
9.65126328e-02
2.94912801e-02
-3.88400254e-01
-3.12199154e-01
0.00000000e+00
0.00000000e+00
0.00000000e+00
3.11264506e-01
-8.96609455e-02
1.49816145e-01
5.72127704e-02
-3.37957690e-01
2.84590156e-03
-6.61120565e-02
-7.04360611e-01
4.51662362e-03
0.00000000e+00
3.46667983e-01
2.42153716e-02
-5.77056921e-03
-2.49633631e-02
3.05838453e-01
1.50616491e-01
-2.54600901e-02
-1.47658630e-01
-6.84305977e-02
-1.94818847e-01
-1.80350973e-01
-4.36022589e-01
-1.16772768e+00
-9.91750908e-01
-7.62754557e-01
-3.40576411e-01
-7.39195788e-01
-4.49499404e-01
-3.02580024e-01
2.31866785e-01
-1.81412201e-02
-5.54301976e-01
-4.22178146e-01
7.88869253e-01
-9.07697696e-01
-1.09586527e+00
247
-6.59734502e-01
0.00000000e+00
0.00000000e+00
0.00000000e+00
0.00000000e+00
0.00000000e+00
0.00000000e+00
0.00000000e+00
0.00000000e+00
-4.09165130e-01
0.00000000e+00
0.00000000e+00
0.00000000e+00
0.00000000e+00
-6.45763808e-01
0.00000000e+00
-7.12977000e-01
6.72131921e-02
-5.08739864e-01
-1.30889565e-01
0.00000000e+00
0.00000000e+00
0.00000000e+00
-1.57252494e-01
-4.26331372e-01
-5.92807070e-02
-1.23771202e-01
-6.59734502e-01
0.00000000e+00
-1.41542610e+00
7.55691601e-01
-4.01615797e-02
8.52500832e-01
5.89197201e-01
0.00000000e+00
0.00000000e+00
0.00000000e+00
0.00000000e+00
0.00000000e+00
0.00000000e+00
0.00000000e+00
0.00000000e+00
0.00000000e+00
-1.78067147e-02
-1.07752154e-02
-3.79584748e-01
6.03053432e-04
-2.56590345e-01
3.48252318e-03
0.00000000e+00
0.00000000e+00
3.75923151e-01
-2.28665594e-01
-1.29037422e+00
1.48252858e-01
1.79425680e-01
1.62269079e-01
0.00000000e+00
0.00000000e+00
6.97979779e-01
1.31537131e+00
0.00000000e+00
0.00000000e+00
0.00000000e+00
0.00000000e+00
0.00000000e+00
0.00000000e+00
3.18501826e-01
-2.39887086e-01
1.12670297e-01
9.98314436e-03
-1.70914043e-01
-1.40329042e+00
0.00000000e+00
0.00000000e+00
0.00000000e+00
0.00000000e+00
0.00000000e+00
0.00000000e+00
4.44994203e-02
-2.24147224e-01
-2.74128847e-01
-3.34128563e-01
-4.11669238e-01
-6.62599560e-01
3.35441565e+00
3.33757322e+00
3.35351656e+00
3.13639720e+00
3.06012713e+00
2.94624695e+00
2.84410412e-01
3.44267471e-01
4.03095955e-01
2.18596562e-01
3.91649579e-01
1.79588432e-01
3.84324961e-02
-1.44163240e-01
1.19828135e-01
5.45678187e-02
1.25092663e-01
2.77489593e-02
0.00000000e+00
0.00000000e+00
0.00000000e+00
0.00000000e+00
-5.62024697e-01
-4.78407447e-02
0.00000000e+00
-9.60160217e-01
-6.93102290e-01
-6.64611990e-01
-4.52328991e-01
-5.62616604e-01
-1.35771428e+00
0.00000000e+00
0.00000000e+00
0.00000000e+00
1.68211568e-01
1.17690510e+00
-4.24984440e-01
1.42207257e-01
-7.68231285e-01
1.52722899e-01
4.41712217e-01
4.28664098e-01
-1.50212464e-01
0.00000000e+00
-2.48255523e-02
-1.22474585e+00
-1.19781033e+00
4.32968488e-02
5.97416976e-01
4.35785951e-01
9.18751357e-02
-1.35825413e+00
-4.01870213e-01
5.14421928e-01
-5.49318788e-01
-2.83867446e-01
0.00000000e+00
0.00000000e+00
4.90835845e-02
2.05287174e-02
0.00000000e+00
0.00000000e+00
0.00000000e+00
8.95525747e-02
3.62434553e-01
3.04266297e-02
6.57296598e-02
-8.72668134e-01
1.68857449e-01
1.64997208e-01
7.49212293e-02
1.20524361e-01
0.00000000e+00
1.00429731e-01
3.29465222e-01
-3.06013051e-02
1.86046316e-01
-6.25726157e-01
7.91451676e-02
-1.01270713e-01
-7.32603774e-02
-4.91959077e-02
7.21209991e-04
-2.65451342e-01
0.00000000e+00
0.00000000e+00
1.98825811e-02
-8.08395492e-01
-4.09234844e-01
0.00000000e+00
-4.32191224e-01
-4.98286267e-01
-3.99160648e-01
0.00000000e+00
-1.54401205e-01
-7.39530480e-01
-1.01494560e+00
0.00000000e+00
0.00000000e+00
0.00000000e+00
1.12311219e-01
8.58508454e-01
-1.66686410e-01
1.03037897e-01
-1.92240476e-01
4.71203170e-01
2.54077467e-01
-7.49475863e-02
1.13954959e-02
0.00000000e+00
3.69814944e-01
-3.62049977e-01
-1.09553307e+00
3.18863074e-01
-7.69519177e-01
1.25096355e-01
7.90447420e-02
-1.07158690e+00
-2.28405523e-01
2.42670703e-01
-3.50451349e-01
-2.11431725e-01
-8.72664371e-03
1.04693159e-01
1.76829580e-01
1.50400788e-01
0.00000000e+00
0.00000000e+00
0.00000000e+00
-2.47345661e-02
1.63730826e-01
-1.49003517e-02
6.67414299e-02
1.67779035e-01
8.75788065e-02
-1.96379871e-02
3.57442955e-01
1.61742022e-01
0.00000000e+00
-9.75443278e-02
-3.03628458e-01
-1.17110633e-01
-7.28302119e-02
-8.33285926e-02
-1.24672258e-01
-3.11550431e-02
1.29962634e-01
-1.09307258e-01
1.42727667e-02
-1.39019624e-01
-1.81770362e-01
-7.38513065e-01
-3.53972294e-01
-6.64494246e-01
-2.40897267e-01
-2.39379607e-01
7.01115732e-02
-2.61935947e-01
-4.23596980e-01
5.06377869e-01
-5.78111344e-01
-7.36077136e-01
2 1
-2.1652e-01 4.1886e-01
2 1
0 1 
217
-1.24775316e-01
-3.95509119e-01
1.24413288e-01
-5.74956559e-01
-4.15371890e-01
1.09682259e+00
6.64794279e-01
-9.36994416e-01
-3.82044488e-01
-4.23491029e-01
-6.07361787e-01
8.90163849e-02
6.15208571e-01
7.18527257e-01
0.00000000e+00
0.00000000e+00
0.00000000e+00
8.19874954e-02
5.74363289e-03
2.28420328e-01
1.48846524e-01
-1.28825767e-03
1.87140256e-01
-3.80138771e-01
3.45418067e-03
6.35755118e-01
0.00000000e+00
0.00000000e+00
5.61415628e-01
-3.67466021e-01
-1.04093340e+00
-2.90770467e-02
-1.76027969e-01
9.32146868e-01
0.00000000e+00
0.00000000e+00
-4.70025022e-01
1.07119728e-01
2.38129978e-01
0.00000000e+00
0.00000000e+00
0.00000000e+00
0.00000000e+00
0.00000000e+00
-4.70025022e-01
9.25611261e-02
1.45586017e-02
2.38129978e-01
0.00000000e+00
0.00000000e+00
0.00000000e+00
0.00000000e+00
0.00000000e+00
0.00000000e+00
0.00000000e+00
0.00000000e+00
0.00000000e+00
0.00000000e+00
0.00000000e+00
0.00000000e+00
2.38129978e-01
9.25611261e-02
1.45586017e-02
0.00000000e+00
-4.54551852e-01
-1.17310961e+00
4.44874410e-01
2.53858816e-01
-1.14183306e-01
8.79813653e-01
0.00000000e+00
-3.77463896e-01
-1.07732005e+00
5.00562051e-01
-3.72488763e-01
-2.47873471e-01
6.76498216e-01
0.00000000e+00
0.00000000e+00
0.00000000e+00
0.00000000e+00
0.00000000e+00
0.00000000e+00
0.00000000e+00
0.00000000e+00
0.00000000e+00
0.00000000e+00
0.00000000e+00
0.00000000e+00
0.00000000e+00
0.00000000e+00
0.00000000e+00
0.00000000e+00
0.00000000e+00
0.00000000e+00
0.00000000e+00
0.00000000e+00
0.00000000e+00
0.00000000e+00
0.00000000e+00
0.00000000e+00
0.00000000e+00
0.00000000e+00
0.00000000e+00
0.00000000e+00
0.00000000e+00
0.00000000e+00
0.00000000e+00
0.00000000e+00
0.00000000e+00
0.00000000e+00
0.00000000e+00
0.00000000e+00
0.00000000e+00
0.00000000e+00
0.00000000e+00
0.00000000e+00
0.00000000e+00
0.00000000e+00
-1.18718788e+00
-7.70319835e-01
-1.36862470e+00
0.00000000e+00
0.00000000e+00
0.00000000e+00
3.64389698e-01
4.81345257e-01
-7.60725311e-01
1.08553869e-01
-9.12615135e-01
1.50249501e-01
4.15886714e-01
3.00882193e-01
4.92324716e-01
0.00000000e+00
1.09824132e-01
-7.37331827e-01
-1.43832795e+00
3.62781986e-02
6.03738852e-01
3.32438742e-01
4.60377775e-02
-7.86556437e-01
-4.18021559e-01
2.43003872e-01
-1.23822669e-01
0.00000000e+00
0.00000000e+00
0.00000000e+00
3.06732526e-01
-1.07342295e-01
2.03841124e-01
1.47150830e-03
-4.33125349e-01
2.18714461e-01
1.50126740e-01
6.49676572e-02
-9.51739760e-02
0.00000000e+00
2.01501959e-01
-2.76777059e-01
-2.87984721e-01
1.94008996e-01
-2.72778812e-01
6.21041664e-02
2.24431612e-01
-5.31888247e-01
-6.09538236e-02
3.14300863e-01
-1.25653491e+00
0.00000000e+00
0.00000000e+00
0.00000000e+00
2.51076737e-01
7.17955067e-01
-4.41358564e-01
-1.41761413e-02
-5.22845730e-01
1.66448743e-01
4.22117924e-01
2.53087294e-01
-3.30728344e-02
0.00000000e+00
1.78306337e-01
-4.55815319e-01
-1.04708855e+00
9.04310321e-02
4.30735239e-02
1.74373900e-01
-1.08002259e-01
-7.27722539e-01
-2.49838404e-01
4.65148682e-02
5.30640220e-02
0.00000000e+00
0.00000000e+00
0.00000000e+00
4.21812041e-02
-1.91186667e-01
-8.00378118e-02
1.57879915e-01
-5.21685770e-01
2.94335808e-01
6.84104461e-02
2.37069285e-01
2.46401151e-01
0.00000000e+00
-1.07396930e-01
7.44736795e-02
-6.14914670e-01
1.99589560e-01
-4.64926186e-02
1.77403660e-01
1.72843767e-01
-2.49029547e-01
6.25665396e-02
1.30653021e-01
136
-9.91746961e-01
0.00000000e+00
0.00000000e+00
-4.26469704e-03
-3.55398581e-03
-3.72182907e-01
-1.63348835e-03
-5.97315777e-01
4.08266928e-03
0.00000000e+00
0.00000000e+00
2.52528281e-01
-7.03428404e-01
-1.24623127e+00
-3.32851018e-02
1.24922415e-01
6.31644712e-01
0.00000000e+00
0.00000000e+00
2.65245915e-01
-3.01930970e-01
-9.55061906e-01
0.00000000e+00
0.00000000e+00
0.00000000e+00
0.00000000e+00
0.00000000e+00
2.65245915e-01
-9.41966719e-02
-2.07734298e-01
-9.55061906e-01
0.00000000e+00
0.00000000e+00
0.00000000e+00
0.00000000e+00
0.00000000e+00
0.00000000e+00
0.00000000e+00
0.00000000e+00
0.00000000e+00
0.00000000e+00
0.00000000e+00
0.00000000e+00
0.00000000e+00
0.00000000e+00
0.00000000e+00
0.00000000e+00
5.38756073e-02
6.34226471e-01
4.94552687e-01
-8.65864949e-01
0.00000000e+00
1.69419593e-01
4.43123125e-01
5.59737604e-01
-9.83212079e-01
0.00000000e+00
0.00000000e+00
0.00000000e+00
0.00000000e+00
-9.55061906e-01
-9.41966719e-02
-2.07734298e-01
0.00000000e+00
0.00000000e+00
0.00000000e+00
0.00000000e+00
0.00000000e+00
0.00000000e+00
0.00000000e+00
0.00000000e+00
0.00000000e+00
0.00000000e+00
0.00000000e+00
0.00000000e+00
0.00000000e+00
0.00000000e+00
0.00000000e+00
0.00000000e+00
0.00000000e+00
0.00000000e+00
0.00000000e+00
0.00000000e+00
0.00000000e+00
0.00000000e+00
0.00000000e+00
-6.59478691e-01
-6.03849158e-01
-1.06282261e+00
0.00000000e+00
0.00000000e+00
0.00000000e+00
7.85980611e-01
3.80465596e-01
-2.41153462e-01
1.75341278e-01
-1.63400272e+00
5.11721263e-01
4.77855253e-01
5.46332430e-01
-3.78587429e-02
0.00000000e+00
5.23343573e-01
-6.18190279e-01
-1.68452746e+00
2.11798000e-01
5.49536180e-01
5.76194222e-01
3.14847674e-01
-1.93853004e+00
-5.29770515e-01
5.67794522e-01
-1.14295414e+00
0.00000000e+00
0.00000000e+00
0.00000000e+00
3.12218046e-01
7.65211205e-01
-2.06128111e-01
1.40246811e-01
-1.37288415e+00
5.74084426e-01
5.64217476e-01
8.51409802e-02
8.59509118e-02
0.00000000e+00
4.96383773e-01
-5.78970931e-01
-1.56336719e+00
3.45534571e-01
1.39765733e-01
2.57637396e-01
1.65949772e-01
-1.42267222e+00
-4.13097646e-01
4.81825006e-01
7 1
-1.5418e-01 4.1351e-01
3 1
0 1 2 
217
-2.59951160e-01
-1.83186953e-01
1.64352450e-01
-3.70043813e-01
-5.06147719e-01
7.22887030e-01
2.91478090e-01
1.39648672e-01
3.07891587e-01
-4.03058637e-01
-2.33337933e-01
-3.10008896e-01
-1.19835185e-01
5.57731506e-01
0.00000000e+00
0.00000000e+00
0.00000000e+00
5.37654906e-03
-3.57829998e-03
1.19224872e-01
-1.28568949e-01
1.32505055e-03
1.21498161e-01
-1.51079269e-01
5.43407013e-03
1.82724064e-01
0.00000000e+00
0.00000000e+00
3.61253005e-01
-6.28656285e-01
-1.24212266e+00
2.03047578e-01
2.61489282e-01
7.90916277e-01
0.00000000e+00
0.00000000e+00
5.80027982e-02
-2.55104373e-01
-3.32115436e-01
2.69265851e-01
0.00000000e+00
0.00000000e+00
0.00000000e+00
0.00000000e+00
5.80027982e-02
2.29797288e-03
-3.78077963e-01
-7.05459772e-02
1.20675618e-01
-7.30128751e-02
-1.88556584e-01
2.69265851e-01
0.00000000e+00
0.00000000e+00
0.00000000e+00
0.00000000e+00
0.00000000e+00
0.00000000e+00
0.00000000e+00
0.00000000e+00
1.25706998e-01
2.29797288e-03
-4.45958929e-01
0.00000000e+00
-3.87661312e-01
-7.26890478e-01
2.95036770e-01
-2.92607434e-01
-1.67031798e-01
1.13956645e+00
0.00000000e+00
1.07963514e-01
3.02007618e-02
5.38102511e-02
4.54479908e-01
-4.21724925e-01
-2.29659756e-02
0.00000000e+00
-3.88323170e-01
-3.58043087e-01
2.00605330e-01
-5.52496374e-01
-7.22333201e-02
7.14801866e-02
0.00000000e+00
0.00000000e+00
0.00000000e+00
0.00000000e+00
0.00000000e+00
0.00000000e+00
0.00000000e+00
0.00000000e+00
0.00000000e+00
0.00000000e+00
0.00000000e+00
0.00000000e+00
0.00000000e+00
0.00000000e+00
0.00000000e+00
0.00000000e+00
0.00000000e+00
0.00000000e+00
0.00000000e+00
0.00000000e+00
0.00000000e+00
0.00000000e+00
0.00000000e+00
0.00000000e+00
0.00000000e+00
0.00000000e+00
0.00000000e+00
0.00000000e+00
0.00000000e+00
0.00000000e+00
0.00000000e+00
0.00000000e+00
0.00000000e+00
0.00000000e+00
0.00000000e+00
-5.44673195e-01
-5.98972386e-01
-6.71257857e-01
0.00000000e+00
0.00000000e+00
0.00000000e+00
5.70908705e-01
1.99505919e-01
-3.34328271e-01
2.27968703e-01
-9.20806112e-01
3.72304316e-01
2.99853923e-01
2.82269731e-01
1.75564883e-01
0.00000000e+00
3.77328270e-01
-9.12409368e-01
-1.22741710e+00
2.77969212e-01
5.48375634e-01
4.14579976e-01
2.25000998e-01
-1.26719691e+00
-4.85995902e-01
5.05265544e-01
-2.18745601e-01
0.00000000e+00
0.00000000e+00
0.00000000e+00
1.44800416e-01
2.88178517e-02
1.87236912e-02
-6.63625364e-02
-3.90258874e-01
-1.05782558e-02
1.40319152e-01
1.09920744e-01
-1.34745418e-01
0.00000000e+00
1.13451347e-01
2.89452990e-01
-2.15781486e-01
4.96799769e-02
-9.91416823e-02
5.37333416e-02
9.59543449e-02
-3.59996656e-01
-1.38442772e-02
2.71097307e-02
-8.50476046e-01
0.00000000e+00
0.00000000e+00
0.00000000e+00
2.28913847e-01
5.75770756e-01
-4.83886280e-01
-7.32530866e-02
-3.85040927e-01
2.95903732e-01
2.84389927e-01
1.89137634e-01
2.53862318e-01
0.00000000e+00
1.46523296e-01
-4.19347651e-01
-1.24317107e+00
2.68793426e-01
-1.43106495e-01
2.63702776e-01
2.76052691e-01
-8.72576965e-01
-2.88474373e-01
2.75330396e-01
-2.11592868e-01
0.00000000e+00
0.00000000e+00
0.00000000e+00
9.58740507e-02
-5.84292898e-02
1.35406953e-01
2.52788707e-01
-8.28027161e-01
9.85090389e-02
9.62574370e-02
8.20346647e-02
-1.80296163e-01
0.00000000e+00
2.30417808e-01
-2.47241204e-02
-7.61328404e-02
4.35108954e-02
2.46702234e-01
6.34610859e-02
1.64123311e-03
-3.64614825e-01
-1.21149870e-01
9.51772932e-02
136
-6.02953708e-01
-1.30862728e-02
-2.40679761e-02
-5.08003523e-03
-3.46511330e-03
-2.42671847e-01
-1.34875477e-03
-3.42115553e-01
2.78610938e-03
0.00000000e+00
0.00000000e+00
3.31105295e-02
-4.74299868e-01
-8.64829266e-01
-7.09891504e-02
2.86592029e-01
5.30217676e-01
0.00000000e+00
0.00000000e+00
4.29769209e-01
-7.27932266e-02
-5.98770814e-01
-3.61158876e-01
0.00000000e+00
0.00000000e+00
0.00000000e+00
0.00000000e+00
4.29769209e-01
2.19870660e-01
-4.72063037e-01
-3.32433907e-01
1.79399150e-01
3.23558609e-01
-5.89895516e-01
-3.61158876e-01
0.00000000e+00
0.00000000e+00
0.00000000e+00
0.00000000e+00
0.00000000e+00
0.00000000e+00
0.00000000e+00
0.00000000e+00
0.00000000e+00
0.00000000e+00
0.00000000e+00
0.00000000e+00
-4.52546998e-01
1.91985770e-01
1.60332099e-03
-8.00738174e-01
0.00000000e+00
1.16121421e+00
6.59679636e-01
5.72102466e-01
-5.71357292e-01
0.00000000e+00
-1.54857075e-01
-1.13942864e-01
2.74782280e-01
-4.22693596e-01
2.19870660e-01
-8.82559403e-01
0.00000000e+00
0.00000000e+00
0.00000000e+00
0.00000000e+00
0.00000000e+00
0.00000000e+00
0.00000000e+00
0.00000000e+00
0.00000000e+00
0.00000000e+00
0.00000000e+00
0.00000000e+00
0.00000000e+00
0.00000000e+00
0.00000000e+00
0.00000000e+00
0.00000000e+00
0.00000000e+00
0.00000000e+00
0.00000000e+00
0.00000000e+00
0.00000000e+00
0.00000000e+00
-5.72765661e-01
-4.07426613e-01
-1.04922489e+00
0.00000000e+00
0.00000000e+00
0.00000000e+00
7.06651587e-01
3.99424584e-01
-2.48504559e-01
1.50072101e-01
-1.63758443e+00
6.03009628e-01
5.11306773e-01
4.90372716e-01
8.94096946e-02
0.00000000e+00
5.03670107e-01
-7.19473370e-01
-1.72729405e+00
2.09772630e-01
5.63540729e-01
5.35276237e-01
3.34566969e-01
-1.86658473e+00
-5.64786377e-01
6.17928865e-01
-1.05328218e+00
0.00000000e+00
0.00000000e+00
0.00000000e+00
3.27534988e-01
6.96044930e-01
-2.13793276e-01
1.64033911e-01
-1.34167955e+00
6.04823486e-01
6.20583301e-01
1.70704655e-01
2.01907107e-01
0.00000000e+00
3.68888068e-01
-6.83385998e-01
-1.59816459e+00
4.38849950e-01
6.17971381e-02
2.33711814e-01
1.25376938e-01
-1.35238336e+00
-3.13524872e-01
4.35393177e-01
5 1
-2.6638e-01 4.0126e-01
4 0
0 1 2 7 
217
-1.50076054e-02
4.11257033e-02
7.33974161e-03
-3.71427311e-02
1.27280276e-01
4.16776898e-02
1.27277768e-01
-1.46656777e-01
-5.27390492e-02
-2.77436807e-01
-3.10554617e-01
1.04408917e-01
9.37280165e-02
8.50926415e-01
0.00000000e+00
0.00000000e+00
0.00000000e+00
-3.14562290e-02
-8.05425510e-03
-4.93359305e-02
-5.08223009e-02
-4.31403570e-03
8.33209062e-02
8.44148704e-02
4.25712299e-04
1.13898366e-02
0.00000000e+00
0.00000000e+00
4.11018649e-01
-2.77262855e-01
-1.33970770e-01
4.25687751e-02
1.71845405e-02
-6.08689068e-02
0.00000000e+00
0.00000000e+00
0.00000000e+00
-1.45656040e-01
-9.13138286e-02
3.91562970e-02
1.58429951e-01
0.00000000e+00
0.00000000e+00
0.00000000e+00
0.00000000e+00
-2.94920290e-02
-1.27883592e-01
-9.01560548e-03
0.00000000e+00
5.00997636e-02
-1.06586988e-01
4.96642186e-01
0.00000000e+00
-2.97311933e-01
2.45904902e-01
-2.13489570e-01
0.00000000e+00
-9.22732856e-02
-1.51723034e-01
1.58429951e-01
9.30815064e-02
-2.94920290e-02
-1.02973098e-01
0.00000000e+00
-7.85970827e-02
5.84737002e-01
2.89345196e-01
6.70295339e-01
-2.25755719e-01
-1.72832251e-02
0.00000000e+00
-3.07285856e-01
-4.18150710e-01
4.63145614e-01
-3.16323707e-01
-1.70867363e-01
5.66660234e-01
0.00000000e+00
-3.98614848e-01
-5.54735878e-01
3.04845439e-01
-3.14988075e-01
7.87618035e-02
1.03656616e-01
0.00000000e+00
3.01562367e-01
-3.28720076e-01
5.34144493e-02
-6.55811070e-01
-3.69984422e-01
-3.80462587e-01
0.00000000e+00
0.00000000e+00
0.00000000e+00
0.00000000e+00
0.00000000e+00
0.00000000e+00
0.00000000e+00
0.00000000e+00
0.00000000e+00
0.00000000e+00
0.00000000e+00
0.00000000e+00
0.00000000e+00
0.00000000e+00
0.00000000e+00
0.00000000e+00
0.00000000e+00
0.00000000e+00
0.00000000e+00
0.00000000e+00
0.00000000e+00
0.00000000e+00
0.00000000e+00
0.00000000e+00
0.00000000e+00
0.00000000e+00
0.00000000e+00
0.00000000e+00
-5.26231199e-01
-3.61042886e-01
-7.76753980e-01
0.00000000e+00
0.00000000e+00
0.00000000e+00
5.12310699e-01
3.98774163e-01
-3.05020661e-01
1.80852387e-01
-1.24236517e+00
5.24914260e-01
5.10762613e-01
3.80843336e-01
1.91160529e-01
0.00000000e+00
4.35806996e-01
-7.18945343e-01
-1.43004199e+00
2.63382626e-01
4.55187837e-01
4.21216057e-01
1.25401154e-01
-1.42894810e+00
-5.06337860e-01
4.54292488e-01
-2.08443513e-01
0.00000000e+00
0.00000000e+00
0.00000000e+00
1.27062154e-01
4.43381968e-03
-3.88102106e-02
-1.10279763e-01
-1.22869338e-01
8.00405672e-02
6.12143831e-02
7.18802406e-02
-5.91858459e-02
0.00000000e+00
6.87041634e-02
7.76407041e-02
-1.47576369e-01
1.73790552e-02
-6.37548620e-02
-8.45968493e-03
9.25802191e-02
-3.15325553e-01
-2.44450337e-02
8.13278401e-02
-8.88460154e-01
0.00000000e+00
0.00000000e+00
0.00000000e+00
1.65996818e-01
7.28493710e-01
-3.91881980e-02
-1.03025649e-02
-1.17702336e+00
5.52084047e-01
4.22910851e-01
4.89629861e-01
3.06578510e-01
0.00000000e+00
2.50007976e-01
-5.82745411e-01
-1.33501705e+00
3.36267345e-01
-1.67277191e-01
2.92357107e-01
2.26833499e-01
-1.08098046e+00
-4.60300607e-01
1.93214962e-01
-1.77786656e-01
0.00000000e+00
0.00000000e+00
0.00000000e+00
1.76632432e-01
-2.44223608e-02
-1.88522265e-01
1.78591452e-01
-1.92612086e-01
-1.24257317e-01
2.83356634e-03
-4.34976908e-02
-1.21170452e-01
0.00000000e+00
3.17289323e-02
2.18375037e-02
-1.69003337e-01
1.91578825e-02
3.23730882e-01
9.74892629e-02
-1.16656935e-02
-2.30247115e-01
6.84080652e-02
7.20168261e-03
136
-5.97093279e-01
-1.18980407e-02
-1.46509617e-02
-3.64191056e-02
-5.24082901e-03
-4.07385364e-01
-1.40007238e-05
-1.41390769e-01
9.53613059e-04
0.00000000e+00
0.00000000e+00
1.43976031e-01
-1.16418674e-01
-3.33551943e-01
-4.95638698e-02
-5.69366427e-02
-1.53090553e-01
0.00000000e+00
0.00000000e+00
4.83395582e-01
-4.64214329e-02
-3.61921598e-01
-4.89519653e-01
-1.82626177e-01
0.00000000e+00
0.00000000e+00
0.00000000e+00
4.83395582e-01
-4.78192588e-02
2.96128206e-02
-1.89514444e-01
-2.35777065e-02
-1.38987986e-01
1.40740925e-01
5.12280740e-01
0.00000000e+00
-2.56338283e-02
-2.80599015e-01
-2.46100526e-01
1.32072751e-01
-3.74806098e-01
-3.80893769e-01
-1.82626177e-01
0.00000000e+00
0.00000000e+00
0.00000000e+00
0.00000000e+00
9.95879263e-02
6.36283251e-01
2.84602399e-01
-1.02506826e+00
0.00000000e+00
-1.72746441e-02
1.63483847e-01
2.15849362e-01
-5.43554521e-01
0.00000000e+00
-2.89958425e-01
-1.93524345e-01
1.91247271e-01
-3.98202829e-01
-3.05384470e-02
3.61568577e-01
-2.63348020e-01
1.11414553e-01
-5.57985840e-01
0.00000000e+00
0.00000000e+00
0.00000000e+00
0.00000000e+00
0.00000000e+00
0.00000000e+00
0.00000000e+00
0.00000000e+00
0.00000000e+00
0.00000000e+00
0.00000000e+00
0.00000000e+00
0.00000000e+00
0.00000000e+00
0.00000000e+00
0.00000000e+00
0.00000000e+00
0.00000000e+00
0.00000000e+00
0.00000000e+00
-4.28999267e-01
-3.94959602e-01
-9.41663653e-01
0.00000000e+00
0.00000000e+00
0.00000000e+00
6.83509156e-01
3.07294419e-01
-2.11766187e-01
2.68703988e-01
-1.62704044e+00
4.77434166e-01
4.68330546e-01
4.91567436e-01
8.72564224e-03
0.00000000e+00
4.50583960e-01
-6.45740225e-01
-1.61143870e+00
3.46254103e-01
4.98929006e-01
5.50583147e-01
3.44957671e-01
-1.81794256e+00
-5.12142816e-01
5.87534036e-01
-9.90441838e-01
0.00000000e+00
0.00000000e+00
0.00000000e+00
2.78865602e-01
5.35038025e-01
-2.21678245e-01
1.62925594e-01
-1.16774857e+00
6.64838713e-01
5.46559732e-01
1.17681740e-01
1.56639337e-01
0.00000000e+00
4.37588785e-01
-5.95266993e-01
-1.53060685e+00
3.77175680e-01
9.23075887e-02
2.05671558e-01
1.38370125e-01
-1.34394390e+00
-3.28943225e-01
4.84083468e-01
6 1
-5.8724e-01 4.2517e-01
5 0
0 1 2 7 5 
217
2.16774131e-01
-2.57206630e-01
1.98686633e-02
-3.51302370e-01
1.99583720e-02
4.62305564e-01
3.51299706e-01
-5.15753386e-01
-1.79784912e-01
-4.90708584e-01
-3.21780997e-01
6.35076012e-01
3.47081961e-01
3.36873895e-01
0.00000000e+00
0.00000000e+00
0.00000000e+00
4.77813161e-02
1.60784903e-03
7.58803093e-02
-9.89987031e-02
1.19504457e-03
3.00357028e-01
2.47282459e-01
-1.27195019e-03
4.60189443e-01
0.00000000e+00
0.00000000e+00
7.73826209e-02
8.08179117e-02
-2.83535266e-01
4.64578230e-01
1.18004059e-01
-2.40473425e-01
0.00000000e+00
0.00000000e+00
1.02815198e-01
-1.83199898e-01
-2.04262888e-01
1.95252325e-02
2.76989149e-01
2.04907337e-01
0.00000000e+00
0.00000000e+00
1.02087182e-01
2.05872915e-02
-2.75227600e-01
-1.58881479e-02
7.79757617e-02
4.50505193e-03
1.58016745e-02
4.87494699e-01
0.00000000e+00
-1.52013411e-01
-3.47594075e-01
2.83242691e-02
0.00000000e+00
-2.45858677e-01
-3.00870770e-01
7.62308572e-01
8.00726985e-02
1.98592749e-02
1.40269591e-02
0.00000000e+00
-6.72685518e-01
-5.81210279e-01
7.04105172e-01
2.82523019e-01
1.85354476e-01
5.89043890e-01
0.00000000e+00
-1.37457164e-01
-2.99391542e-01
4.21931947e-01
-1.88274057e-01
-6.75833247e-02
5.16261113e-01
0.00000000e+00
-6.50051686e-01
-5.44015199e-01
4.03089576e-01
-5.35261140e-01
4.63736241e-01
4.06383058e-01
0.00000000e+00
4.17453240e-01
-5.06637110e-01
1.45670556e-02
-4.84116125e-01
-2.15128838e-01
-8.84240193e-02
0.00000000e+00
5.27503132e-01
-2.79019785e-01
-3.38145252e-01
-7.39709578e-01
2.74162512e-02
-2.06581845e-01
0.00000000e+00
0.00000000e+00
0.00000000e+00
0.00000000e+00
0.00000000e+00
0.00000000e+00
0.00000000e+00
0.00000000e+00
0.00000000e+00
0.00000000e+00
0.00000000e+00
0.00000000e+00
0.00000000e+00
0.00000000e+00
0.00000000e+00
0.00000000e+00
0.00000000e+00
0.00000000e+00
0.00000000e+00
0.00000000e+00
0.00000000e+00
-1.00512657e+00
-9.11365671e-01
-1.24614992e+00
0.00000000e+00
0.00000000e+00
0.00000000e+00
5.39722758e-01
4.27314291e-01
-7.08608940e-01
1.74534544e-01
-1.34528330e+00
6.42683103e-01
6.45893057e-01
2.87274953e-01
6.66085062e-01
0.00000000e+00
4.38652579e-01
-1.46370574e+00
-1.07629326e+00
5.84048524e-02
5.88613841e-01
6.68059813e-02
-2.85447725e-01
-1.20017228e+00
-2.16938240e-01
5.14314549e-01
-1.47026152e-01
0.00000000e+00
0.00000000e+00
0.00000000e+00
6.47185740e-02
-9.27436693e-02
3.42240361e-01
5.00913318e-02
-1.32985406e+00
7.70972833e-02
9.03462213e-02
1.17883211e-01
-7.54563488e-02
0.00000000e+00
1.11188721e-01
6.60187946e-01
-3.20855954e-01
2.49322649e-01
-1.63654204e-01
1.35105822e-01
2.06126719e-01
-3.19848880e-01
-1.40917110e-01
1.91995235e-01
-1.11359794e+00
0.00000000e+00
0.00000000e+00
0.00000000e+00
1.87819367e-01
4.54070681e-02
-6.96234003e-01
1.87900716e-01
-9.15767564e-01
7.65631319e-01
3.88565477e-01
5.46657016e-01
3.58861356e-02
0.00000000e+00
3.15491760e-01
-8.14540224e-01
-1.11566821e+00
1.98663833e-01
-6.25351351e-02
1.99779782e-01
4.69673105e-01
-8.16122709e-01
-3.92558043e-01
3.58352362e-01
-3.91991790e-02
0.00000000e+00
0.00000000e+00
0.00000000e+00
4.09262556e-02
-8.86328626e-03
1.04046866e-01
1.58524666e-01
-3.80283116e-01
-9.29147222e-02
6.81551236e-02
7.04098834e-03
6.09023756e-02
0.00000000e+00
2.74442428e-02
1.43558165e-01
-3.12209449e-01
2.92036337e-01
1.33723578e-01
9.66028674e-03
-1.95163937e-01
-3.47614963e-01
1.70666616e-01
8.11647926e-02
136
-2.78751023e-01
-2.78242593e-02
4.57281844e-03
-6.67955255e-02
-1.62317238e-03
-4.22124714e-01
4.86469712e-03
2.37993476e-01
2.18934414e-04
0.00000000e+00
0.00000000e+00
1.80019705e-01
-1.97799285e-01
-1.49385029e-01
7.94379906e-02
-3.59952244e-02
-1.30823984e-01
0.00000000e+00
0.00000000e+00
3.47917690e-01
2.43760047e-03
-1.57290231e-01
-7.16104973e-02
-5.96593281e-02
-3.40546257e-01
0.00000000e+00
0.00000000e+00
3.52618667e-01
6.37195882e-02
4.62683735e-02
-1.82161641e-01
2.07974741e-01
-4.90306165e-02
-4.89775948e-02
2.47129182e-01
5.79125160e-02
1.31978470e-01
-2.26657929e-01
-3.89177366e-01
9.32232181e-02
-2.48555784e-01
-2.80581625e-01
-5.44332229e-02
0.00000000e+00
0.00000000e+00
0.00000000e+00
0.00000000e+00
2.03314889e-01
4.61710886e-01
1.68684905e-01
-2.27408210e-01
0.00000000e+00
5.96738807e-01
3.53968562e-01
2.86675043e-01
-4.50005383e-01
0.00000000e+00
-1.52114186e-01
-2.12633952e-01
1.44156536e-01
-2.15520974e-01
8.09853572e-02
-3.85892352e-02
-3.89245415e-01
2.50508558e-02
-3.64745602e-01
0.00000000e+00
-2.27540189e-01
-7.01582627e-01
3.43157112e-02
-2.77252812e-01
0.00000000e+00
0.00000000e+00
0.00000000e+00
0.00000000e+00
0.00000000e+00
0.00000000e+00
0.00000000e+00
0.00000000e+00
0.00000000e+00
0.00000000e+00
0.00000000e+00
0.00000000e+00
0.00000000e+00
0.00000000e+00
0.00000000e+00
-3.92290226e-01
-3.42903343e-01
-9.41543034e-01
0.00000000e+00
0.00000000e+00
0.00000000e+00
6.92394207e-01
3.29316314e-01
-2.79661701e-01
1.93524700e-01
-1.41889278e+00
4.75796455e-01
4.41091126e-01
4.80453598e-01
-2.28134985e-02
0.00000000e+00
4.91192302e-01
-7.08267700e-01
-1.58608995e+00
2.56109484e-01
5.41960606e-01
5.72741778e-01
4.08388052e-01
-1.86382105e+00
-5.13598305e-01
5.68633328e-01
-1.01759914e+00
0.00000000e+00
0.00000000e+00
0.00000000e+00
3.27136845e-01
6.87047450e-01
-2.14924655e-01
1.51325034e-01
-1.25406788e+00
5.28074058e-01
5.40961235e-01
1.08163201e-01
2.01893286e-01
0.00000000e+00
4.17675803e-01
-4.85257774e-01
-1.49278329e+00
3.50580287e-01
1.59341226e-01
2.32622851e-01
1.72838190e-01
-1.45132120e+00
-3.95583032e-01
3.98679227e-01
9 1
-5.4950e-01 4.5678e-01
6 0
0 1 2 7 5 6 
217
3.78660804e-02
2.52655700e-01
6.74187944e-02
2.54147590e-02
3.16047222e-01
-3.46419267e-01
-1.84174153e-01
-2.44989107e-01
-4.74285901e-01
1.87783060e-01
-6.97066750e-02
2.06815155e-01
4.49985588e-01
4.68090013e-01
0.00000000e+00
0.00000000e+00
0.00000000e+00
-2.09099260e-02
4.65765672e-04
7.21491773e-02
-1.61608939e-01
-3.48895751e-03
5.11413110e-01
2.22850760e-01
3.44408226e-04
1.52388271e-01
0.00000000e+00
0.00000000e+00
1.44810583e-01
-2.45292078e-01
-1.28838461e-01
9.79224403e-02
1.48681395e-01
3.02519202e-02
0.00000000e+00
0.00000000e+00
0.00000000e+00
5.14203258e-03
-2.51072613e-01
-5.48996945e-02
-7.88962154e-02
-1.37871124e-01
5.41960726e-01
0.00000000e+00
0.00000000e+00
-9.80773252e-02
-4.61386361e-02
-3.80332724e-02
0.00000000e+00
-3.57221196e-03
-1.69307236e-01
6.34587116e-01
0.00000000e+00
-1.36337996e-01
4.27855723e-02
-1.66816458e-01
0.00000000e+00
-5.98090397e-02
-1.68490005e-01
3.10775337e-01
-6.79463867e-02
-8.54722067e-02
1.77781705e-01
0.00000000e+00
-4.04850069e-01
-1.56787518e-01
4.95838731e-01
3.41091340e-01
-5.31225815e-02
3.14689770e-01
0.00000000e+00
-3.61496337e-01
-4.11694896e-01
4.32094200e-01
-4.10562384e-01
-3.27317830e-02
2.78231567e-01
0.00000000e+00
-3.85634557e-01
-4.91597605e-01
4.40086470e-01
-2.71664316e-01
-1.65858326e-02
1.96777920e-02
0.00000000e+00
1.74464202e-01
-3.48691845e-01
5.58262820e-02
-4.11929916e-01
-1.92424403e-01
-2.45777501e-01
0.00000000e+00
1.08239570e-01
2.28404955e-02
-4.49163020e-02
-7.19182193e-01
-2.54571875e-02
-5.05602908e-01
0.00000000e+00
-4.88380037e-01
-5.42084009e-01
3.95240108e-01
-9.52247451e-02
1.31273896e-01
-1.03463079e-01
0.00000000e+00
0.00000000e+00
0.00000000e+00
0.00000000e+00
0.00000000e+00
0.00000000e+00
0.00000000e+00
0.00000000e+00
0.00000000e+00
0.00000000e+00
0.00000000e+00
0.00000000e+00
0.00000000e+00
0.00000000e+00
-8.36743698e-01
-4.75760463e-01
-8.96482496e-01
0.00000000e+00
0.00000000e+00
0.00000000e+00
3.30208064e-01
4.31303244e-01
-4.60131899e-01
8.48810613e-02
-1.05632488e+00
5.24041486e-01
4.21866458e-01
3.01877768e-01
4.72042713e-01
0.00000000e+00
2.48358477e-01
-8.30482521e-01
-1.40349526e+00
2.10201809e-01
3.93527673e-01
3.80067576e-01
2.15303450e-01
-1.14210442e+00
-4.40231611e-01
4.22608315e-01
-2.48666256e-01
0.00000000e+00
0.00000000e+00
0.00000000e+00
2.22447208e-01
-1.05694179e-01
3.87982246e-02
-5.64516045e-02
-2.88440147e-01
1.26200815e-01
1.21709499e-01
8.13124095e-02
-2.03156206e-01
0.00000000e+00
1.56347855e-01
8.55373459e-02
-1.06106064e-01
4.04391367e-02
5.52336053e-02
-3.64020137e-02
-1.09015404e-03
-4.92329041e-01
4.43851079e-02
6.85919463e-02
-8.53978043e-01
0.00000000e+00
0.00000000e+00
0.00000000e+00
1.68447127e-01
6.27070957e-01
-3.56460837e-02
1.58783780e-01
-1.23765499e+00
6.41308566e-01
6.28882263e-01
1.90682574e-02
9.94160164e-02
0.00000000e+00
2.97387892e-01
-4.30252809e-01
-1.34781305e+00
4.60375175e-01
8.15976816e-02
1.64645121e-01
2.36589993e-01
-1.07965824e+00
-3.32986037e-01
2.64603446e-02
-2.02914432e-01
0.00000000e+00
0.00000000e+00
0.00000000e+00
2.55151562e-01
-5.14614372e-04
-1.87897724e-01
1.30838157e-01
5.58962164e-02
-2.50497303e-01
-8.45327358e-02
-2.00013250e-02
1.15426070e-01
0.00000000e+00
-2.00025815e-02
4.21453190e-03
-1.98163010e-01
-8.46243818e-02
2.15028670e-01
9.84285403e-02
-5.82926348e-02
-3.52342450e-01
6.92733563e-02
1.09697225e-01
136
-4.45813891e-01
-2.72222265e-02
-1.42307715e-02
-2.51957504e-02
-2.44916340e-03
-2.74597852e-01
-9.97907668e-04
-1.18798062e-01
1.04761465e-03
0.00000000e+00
0.00000000e+00
1.44686087e-01
-1.04105862e-01
-2.27371740e-01
-9.62812179e-02
-5.93985373e-02
-5.52264797e-02
0.00000000e+00
0.00000000e+00
5.51650297e-01
2.75970911e-02
-2.19095367e-01
-2.74326440e-01
-3.03806292e-01
-3.63580393e-01
1.35747213e-01
0.00000000e+00
5.76380934e-01
-2.89741291e-02
2.92071452e-02
-9.77272349e-02
3.17836635e-01
-1.78847365e-01
-1.68897459e-01
3.62551513e-01
7.37491991e-02
-3.11203982e-02
-3.12245915e-01
-3.26012428e-01
1.40278080e-01
-3.22025047e-01
-3.59742112e-01
-1.20225308e-01
0.00000000e+00
0.00000000e+00
0.00000000e+00
0.00000000e+00
3.00657064e-01
5.03566127e-01
2.30989427e-01
-2.75887766e-01
0.00000000e+00
5.28074063e-01
4.06148474e-01
2.40158506e-01
-4.52556773e-01
0.00000000e+00
-1.27901072e-01
-1.47842865e-01
1.68571515e-01
-2.44313410e-01
1.15241528e-02
1.98731267e-01
-2.80931234e-01
8.30534160e-02
-3.59229339e-01
0.00000000e+00
-3.80979094e-01
-7.33329442e-01
3.23019196e-02
-3.20023165e-01
0.00000000e+00
-3.39415365e-01
-8.16544380e-02
1.57769182e-01
-3.47707260e-01
0.00000000e+00
0.00000000e+00
0.00000000e+00
0.00000000e+00
0.00000000e+00
0.00000000e+00
0.00000000e+00
0.00000000e+00
0.00000000e+00
0.00000000e+00
-2.86724769e-01
-3.38380128e-01
-8.89001718e-01
0.00000000e+00
0.00000000e+00
0.00000000e+00
6.51579523e-01
3.34526908e-01
-1.81369143e-01
2.56812664e-01
-1.54167244e+00
5.01184892e-01
4.52806012e-01
4.39798446e-01
5.02645258e-02
0.00000000e+00
4.84244542e-01
-6.49505672e-01
-1.57533892e+00
2.69541857e-01
4.81560661e-01
5.17148602e-01
3.90067475e-01
-1.84180893e+00
-5.16586418e-01
5.87743693e-01
-9.76435084e-01
0.00000000e+00
0.00000000e+00
0.00000000e+00
2.78042655e-01
6.01378847e-01
-2.35372309e-01
1.57720566e-01
-1.17270306e+00
6.07214192e-01
5.02786236e-01
1.98176840e-01
1.62582168e-01
0.00000000e+00
4.17461607e-01
-5.95922607e-01
-1.51361207e+00
3.76718899e-01
1.03135623e-01
2.39121074e-01
1.58849394e-01
-1.38266451e+00
-3.47423845e-01
4.68075213e-01
10 1
-5.6263e-01 4.5883e-01
7 1
0 1 2 7 5 6 9 
217
-3.15617393e-03
8.81818020e-03
1.27332464e-01
2.41698177e-02
1.13199535e-01
-1.80869830e-01
-8.52280228e-02
-2.36573081e-01
-3.08044828e-01
7.91835517e-02
-9.03481366e-02
5.65276818e-01
3.67265278e-01
-2.88990742e-02
0.00000000e+00
0.00000000e+00
0.00000000e+00
-3.59798880e-03
-5.31536342e-03
1.36966029e-01
4.61095530e-02
-1.46138652e-03
1.99296897e-01
-8.75245127e-02
2.83670318e-03
2.96851060e-01
0.00000000e+00
0.00000000e+00
-1.05857383e-01
-4.36520860e-01
-6.81394172e-01
4.04138475e-01
2.24869069e-01
6.03016300e-01
0.00000000e+00
0.00000000e+00
0.00000000e+00
-1.77471235e-01
-1.91676590e-01
2.40031598e-02
1.52192476e-01
3.51437333e-02
-2.25671466e-02
1.15810862e-01
8.29718049e-02
-6.08693332e-02
-7.13519778e-02
2.10125453e-02
1.70177985e-01
6.78013595e-02
-4.75569540e-01
5.72944195e-01
0.00000000e+00
-2.80220268e-01
-1.02182789e-01
-2.02104787e-02
1.20731647e-01
-2.68359656e-01
-2.99135746e-01
4.92598863e-01
-1.76366505e-01
-3.93060959e-02
1.51107859e-01
0.00000000e+00
-5.25278854e-01
-4.60539627e-01
3.53219513e-01
-5.53322025e-02
1.71477715e-01
4.62560438e-01
0.00000000e+00
-1.21261247e-01
-4.05557458e-01
2.63683229e-01
1.15983221e-01
-1.45578157e-01
2.87590273e-01
0.00000000e+00
-3.84345283e-01
-1.99576538e-01
3.47149653e-01
-2.80339245e-01
3.40394559e-02
1.63046395e-01
0.00000000e+00
3.07117039e-01
2.38982905e-01
-1.19278288e-01
-2.16238080e-01
-1.90994925e-01
-2.52850099e-01
0.00000000e+00
2.40071103e-01
-2.83294273e-01
-2.95556985e-02
-3.85092110e-01
-2.11097032e-01
-2.12248533e-01
0.00000000e+00
-6.67317407e-01
-4.56644135e-01
4.46543250e-01
-2.00799533e-01
2.22368014e-01
1.94300650e-02
0.00000000e+00
1.70801796e-01
-1.30759415e-01
1.55888763e-01
-1.39021527e-01
-3.26918707e-01
-3.91544157e-01
0.00000000e+00
0.00000000e+00
0.00000000e+00
0.00000000e+00
0.00000000e+00
0.00000000e+00
0.00000000e+00
-6.47482642e-01
-6.54082534e-01
-8.02213259e-01
0.00000000e+00
0.00000000e+00
0.00000000e+00
4.42035184e-01
3.32367811e-01
-3.32131145e-01
3.61476804e-01
-8.49434583e-01
5.25400388e-01
4.78514678e-01
6.29652575e-01
3.10844191e-02
0.00000000e+00
1.24328001e-02
-9.36072460e-01
-1.24768314e+00
3.17541896e-01
-1.93476359e-01
3.62756997e-01
4.35741801e-01
-1.25110794e+00
-2.25038050e-01
3.03725060e-01
-3.27010234e-01
0.00000000e+00
0.00000000e+00
0.00000000e+00
1.56086284e-01
6.17412526e-02
7.11607617e-02
-5.89625355e-02
-5.56963294e-01
-1.41296669e-01
2.00534387e-02
2.01563750e-02
6.69577491e-02
0.00000000e+00
2.03067523e-01
2.29506284e-01
-1.96990439e-01
8.47632668e-02
2.79159538e-01
8.78203842e-02
-4.35393312e-02
-5.48853886e-01
-2.26154337e-01
1.65277399e-01
-7.99446186e-01
0.00000000e+00
0.00000000e+00
0.00000000e+00
4.92576973e-02
4.73194100e-01
-3.14073019e-01
3.32878606e-01
-6.07799010e-01
4.19113897e-01
4.12241781e-01
-1.96151871e-01
5.53277267e-02
0.00000000e+00
2.17818138e-01
-4.82834973e-01
-1.29105607e+00
3.20500999e-01
4.52231589e-01
2.68349119e-01
4.95158499e-01
-1.07133793e+00
-3.10683610e-01
-2.15818577e-02
-3.28132543e-01
0.00000000e+00
0.00000000e+00
0.00000000e+00
1.96047941e-01
7.18540921e-02
-1.36418340e-02
-9.27228072e-02
-2.97138602e-01
3.22384228e-02
-7.56589661e-03
2.52208712e-01
7.82135505e-02
0.00000000e+00
2.33205337e-02
-6.74116927e-02
-3.56404561e-01
-5.75914085e-02
-5.76037481e-02
2.02029830e-02
-9.44947817e-02
-1.46003948e-01
3.39781399e-03
1.84962687e-01
136
-2.78598590e-01
6.79672569e-03
-6.42024246e-03
2.02680794e-03
-1.05367685e-03
-1.59815948e-01
-7.10331909e-04
-1.27606175e-01
2.15557967e-03
0.00000000e+00
0.00000000e+00
3.89221427e-02
-2.50422383e-01
-5.24594707e-01
-9.57288817e-02
2.60446569e-01
3.25840202e-01
0.00000000e+00
0.00000000e+00
5.74969749e-01
1.89843482e-04
-2.25113707e-01
-2.45583456e-01
-2.23175787e-01
-1.77230931e-01
-1.41424953e-01
1.58770651e-01
5.48059800e-01
-7.91414215e-03
-3.79412951e-02
-8.18554524e-02
3.63185654e-01
-6.72349250e-02
-1.96464051e-01
4.53013432e-01
1.17987994e-01
1.11836009e-01
-3.13438837e-01
-3.56924338e-01
1.92830791e-01
-2.68141375e-01
-5.97695476e-01
-1.37902379e-01
0.00000000e+00
0.00000000e+00
0.00000000e+00
0.00000000e+00
8.94938853e-02
5.58241319e-01
1.04033578e-01
-2.99876433e-01
0.00000000e+00
9.91291840e-01
3.72718615e-01
3.89843339e-01
-4.88297429e-01
0.00000000e+00
-2.01902610e-02
-1.61060056e-01
1.77683556e-01
-2.87373214e-01
-3.55061257e-02
5.42128250e-02
-1.69742946e-01
4.87145319e-02
-1.94467033e-01
0.00000000e+00
-3.75938498e-01
-6.37673086e-01
-4.67979538e-03
-1.30814727e-01
0.00000000e+00
-2.32027555e-01
-7.20244549e-02
1.43383485e-01
-2.92544587e-01
0.00000000e+00
-6.01372630e-01
-3.75549122e-01
-8.28534539e-02
-1.10812943e-01
0.00000000e+00
0.00000000e+00
0.00000000e+00
0.00000000e+00
0.00000000e+00
-2.86471284e-01
-2.20709743e-01
-9.10961327e-01
0.00000000e+00
0.00000000e+00
0.00000000e+00
6.27360252e-01
2.95035938e-01
-2.70908430e-01
1.79615573e-01
-1.53505979e+00
5.82076745e-01
4.89416726e-01
3.74156243e-01
1.07368717e-01
0.00000000e+00
5.34015670e-01
-6.87050720e-01
-1.54777974e+00
2.92365496e-01
5.60005406e-01
4.83065548e-01
3.55388530e-01
-1.83064595e+00
-4.68318058e-01
5.48930521e-01
-9.58906153e-01
0.00000000e+00
0.00000000e+00
0.00000000e+00
3.30174209e-01
6.13169750e-01
-1.94016797e-01
1.63223932e-01
-1.35962314e+00
5.66753465e-01
5.71129980e-01
1.70162134e-01
2.24880598e-01
0.00000000e+00
4.40188187e-01
-5.45130610e-01
-1.45654110e+00
4.01148288e-01
1.12468738e-01
2.42758943e-01
1.20269540e-01
-1.46980121e+00
-3.55214848e-01
4.65093785e-01
11 1
-1.0231e+00 5.1681e-01
8 0
0 1 2 7 5 6 9 10 
217
1.79406579e-01
-7.92304718e-02
-1.37174132e-01
-2.11929730e-02
3.08417962e-01
-7.50213657e-01
-4.05188684e-01
-6.38399921e-02
-3.62371744e-01
3.02707013e-01
1.51850844e-01
-1.22921919e-01
4.86698202e-01
2.86252708e-01
0.00000000e+00
0.00000000e+00
0.00000000e+00
1.51522031e-02
-2.49397719e-03
1.32868667e-01
-1.91774225e-01
1.74187888e-03
6.19993418e-01
3.79120536e-01
3.88831741e-04
1.75275294e-01
0.00000000e+00
0.00000000e+00
-1.01166424e-01
-9.84814213e-02
2.63003737e-03
1.30737904e-01
9.96806161e-02
1.52757587e-01
0.00000000e+00
0.00000000e+00
0.00000000e+00
1.87667714e-02
-1.93166920e-01
-1.71411677e-01
-2.25985621e-02
-3.06409506e-02
1.58574437e-01
3.04145065e-01
1.35740586e-01
-2.70629406e-01
-1.66253199e-01
-5.05258380e-02
0.00000000e+00
-1.20541697e-01
-4.82844521e-02
8.13531177e-01
0.00000000e+00
7.13383353e-02
-2.53621080e-03
-1.05885111e-01
0.00000000e+00
-1.14155762e-01
-3.72737065e-01
4.16078320e-01
-6.09913199e-02
-1.48059576e-01
2.72719060e-01
0.00000000e+00
-4.59803439e-01
-5.55597674e-01
2.94203415e-01
4.84360649e-01
3.45006603e-01
4.91219388e-01
0.00000000e+00
-3.03981042e-01
-3.79350080e-01
5.10669360e-01
-1.61047166e-01
-2.72817391e-02
3.58342216e-01
0.00000000e+00
-3.64929404e-01
-1.31861972e-01
3.24088317e-01
-3.22790562e-01
2.20247667e-01
3.00421565e-01
0.00000000e+00
2.68212441e-01
-8.34740748e-02
8.75007570e-02
-2.89696511e-01
-1.76306618e-01
-2.04522797e-01
0.00000000e+00
2.33217024e-01
-2.57111934e-01
-1.82010044e-01
-5.48206329e-01
1.28199600e-01
2.66728272e-02
0.00000000e+00
-5.21287546e-01
-4.32311019e-01
5.68063893e-01
-1.32078988e-02
1.55683887e-01
-6.95857970e-02
0.00000000e+00
1.63854796e-01
-1.94356412e-01
-1.76725063e-01
-8.20248791e-02
1.92276846e-01
-5.10892297e-02
0.00000000e+00
3.63880415e-01
-4.41952072e-02
-1.91366334e-01
-3.71080401e-01
6.89249757e-03
-1.68154442e-01
-6.18403854e-01
-2.29604736e-01
-9.66462880e-01
0.00000000e+00
0.00000000e+00
0.00000000e+00
3.45732168e-01
5.22267087e-02
-7.75454763e-01
4.08152240e-01
-1.14542627e+00
8.56535651e-01
5.50004751e-01
3.19737549e-01
6.57288986e-02
0.00000000e+00
4.17632660e-01
-6.95373104e-01
-1.27010609e+00
3.17454385e-02
3.76938656e-01
2.63935841e-01
3.11867976e-01
-1.18245228e+00
-5.13186733e-01
6.15297826e-01
-1.74737235e-01
0.00000000e+00
0.00000000e+00
0.00000000e+00
2.41567512e-01
1.52399263e-01
1.79917764e-01
-2.38948262e-01
-2.23993680e-01
-2.13602873e-01
1.60425388e-02
9.68500772e-02
5.95793711e-02
0.00000000e+00
-4.34295726e-03
-1.45865199e-01
-3.60349797e-01
3.77366261e-02
1.01293364e-02
1.66912869e-01
1.23932779e-01
8.15841783e-02
-1.42088049e-01
-1.21987342e-02
-7.39791001e-01
0.00000000e+00
0.00000000e+00
0.00000000e+00
2.20228196e-01
2.19997235e-01
-3.75079278e-01
2.23571372e-01
-6.65985792e-01
5.75833588e-01
4.52157679e-01
2.39374157e-01
-8.25535352e-01
0.00000000e+00
2.04454430e-01
-5.08809104e-01
-1.16762645e+00
6.21780109e-01
3.59334287e-02
6.01159553e-01
3.01071798e-01
-9.91627178e-01
-1.31283072e-01
2.30593676e-01
-1.87077275e-01
0.00000000e+00
0.00000000e+00
0.00000000e+00
1.21353185e-01
1.36871343e-01
-2.75234936e-03
2.86418398e-02
-1.74949391e-01
3.79110697e-02
9.12916115e-02
-3.25652095e-02
6.25462946e-01
0.00000000e+00
3.09485081e-02
-8.59939683e-02
-1.41536396e-01
-2.33799628e-01
-1.74019501e-01
-1.76339801e-01
-1.24859788e-01
-4.57325880e-02
-1.61695873e-01
9.46867152e-02
136
-1.36560650e-01
-2.77079862e-02
3.26623256e-02
-5.66582990e-02
-1.63838856e-03
-2.03924391e-01
-2.67178610e-04
1.51730025e-01
6.02784931e-04
0.00000000e+00
0.00000000e+00
1.94965169e-01
-3.74170698e-02
-1.57038893e-01
6.19766465e-03
8.03847308e-03
-1.20852754e-01
0.00000000e+00
0.00000000e+00
3.08364243e-01
8.62823729e-02
-1.18071026e-01
-1.70479899e-01
-1.83703878e-01
-1.24417893e-01
8.75817586e-03
5.67072540e-02
3.60203054e-01
1.50186991e-01
-3.21047702e-03
-1.56232675e-01
1.64256715e-01
-1.42084437e-01
-1.67475669e-01
4.63485301e-01
8.53666812e-02
1.82447240e-02
-1.15363812e-01
-3.80118803e-01
1.51109215e-01
-2.68153229e-01
-3.13526099e-01
1.67518711e-02
0.00000000e+00
0.00000000e+00
0.00000000e+00
0.00000000e+00
1.65938872e-01
4.59706011e-01
1.95744731e-01
-3.03800233e-01
0.00000000e+00
5.05330646e-01
3.47097006e-01
2.66649330e-01
-4.09933651e-01
0.00000000e+00
-4.76552956e-02
-2.57412923e-01
2.05186685e-01
-2.76083557e-01
-2.89020775e-01
1.12587355e-01
-1.49145600e-01
4.81003865e-02
-3.69014006e-02
0.00000000e+00
-2.76397371e-01
-5.04751830e-01
4.28058274e-03
-1.09159741e-01
0.00000000e+00
-1.31878319e-01
-4.75429698e-02
1.52059556e-01
-2.97411180e-01
0.00000000e+00
-3.33376158e-01
-3.03509598e-01
-3.38012589e-02
-9.45582427e-02
0.00000000e+00
-1.06325025e-01
-4.47525536e-01
1.80375472e-02
-1.18433946e-01
-3.07711639e-01
-2.63683530e-01
-9.51128279e-01
0.00000000e+00
0.00000000e+00
0.00000000e+00
5.98473312e-01
3.48042626e-01
-2.63569783e-01
1.99881855e-01
-1.47197950e+00
5.02914142e-01
4.99687845e-01
3.97058540e-01
1.01282008e-01
0.00000000e+00
4.71810153e-01
-6.49137154e-01
-1.55447717e+00
3.33747011e-01
5.09034110e-01
5.09444587e-01
3.30722965e-01
-1.91444490e+00
-4.46921588e-01
5.47302658e-01
-9.97395666e-01
0.00000000e+00
0.00000000e+00
0.00000000e+00
2.80974708e-01
6.13434458e-01
-2.58196956e-01
1.94436355e-01
-1.23590533e+00
5.20255200e-01
5.19499316e-01
1.66506471e-01
1.89416016e-01
0.00000000e+00
4.03642546e-01
-5.56277258e-01
-1.47556527e+00
3.84111283e-01
1.88412261e-01
2.42619627e-01
1.58645658e-01
-1.45064707e+00
-3.46006826e-01
4.63249149e-01
12 1
-1.0394e+00 5.4179e-01
8 1
0 1 2 7 5 6 9 10 
217
3.47094471e-01
1.88287685e-02
-5.48730126e-01
-6.86963021e-02
5.38983931e-01
-5.09078314e-01
-4.93607323e-02
-2.86522749e-01
-2.65934296e-01
-4.98460344e-02
-3.01147828e-01
4.89166662e-01
4.24553396e-01
5.68502719e-01
0.00000000e+00
0.00000000e+00
0.00000000e+00
-1.57697444e-02
1.03484515e-02
8.26692312e-02
2.05490154e-01
-2.02928358e-03
3.37291304e-01
1.57610466e-01
1.98854843e-03
6.08819988e-03
0.00000000e+00
0.00000000e+00
7.93813933e-02
1.89060317e-01
-5.78128766e-01
7.35490348e-02
2.53208231e-01
3.39838095e-01
0.00000000e+00
0.00000000e+00
0.00000000e+00
7.78922837e-02
-1.69635805e-01
-2.09229052e-01
-6.47228574e-02
4.39361292e-03
3.18185899e-01
2.89880882e-01
2.56631928e-01
-1.32069885e-02
-2.04890196e-01
3.71324291e-02
-7.70421654e-02
-4.24900917e-01
-1.36314513e-01
9.05774780e-01
0.00000000e+00
-1.56312456e-01
-2.55485518e-01
9.54406844e-02
1.97949223e-01
-2.32778075e-01
-4.71792695e-01
7.94132551e-01
9.94779543e-02
-2.19544266e-01
3.66831275e-01
0.00000000e+00
-6.58187536e-01
-5.90226719e-01
4.76505258e-01
4.15438298e-01
5.28776750e-01
6.15299210e-01
0.00000000e+00
-4.16903051e-01
-5.12799556e-01
4.51453661e-01
-1.00130497e-01
3.12543861e-01
5.42716808e-01
0.00000000e+00
-2.07933717e-01
-4.97779950e-01
4.67364804e-01
-1.89371421e-01
8.76633840e-02
1.06645735e-01
0.00000000e+00
3.43184356e-01
-3.20519693e-01
1.74813771e-02
-1.91562377e-01
-1.35712624e-02
-2.10695425e-02
0.00000000e+00
4.20429752e-01
-2.80062780e-01
4.38736963e-02
-6.58624703e-01
-1.17208977e-01
-2.20026554e-01
0.00000000e+00
-4.66640508e-01
-2.05933749e-01
5.33060883e-01
-1.94679585e-01
2.92787456e-01
3.99704411e-02
0.00000000e+00
2.93808861e-01
-1.00005263e-01
-2.74440931e-02
-1.69003764e-01
8.07297028e-02
-6.01731373e-02
0.00000000e+00
2.76786734e-01
-3.47063807e-01
7.76678030e-03
-4.73328086e-01
6.27773613e-02
-1.62246937e-01
-5.34429389e-01
-3.63467731e-01
-9.15770338e-01
0.00000000e+00
0.00000000e+00
0.00000000e+00
4.99577200e-01
1.78235045e-01
-4.52811589e-01
1.31778251e-01
-1.40925515e+00
8.20927542e-01
4.79808314e-01
8.51377931e-02
5.68794668e-01
0.00000000e+00
3.40204221e-01
-5.99530333e-01
-1.33530150e+00
3.36650174e-01
2.35383534e-01
3.13826323e-01
4.83717732e-02
-1.18401990e+00
-5.81146246e-01
6.07599535e-01
-7.94466318e-02
0.00000000e+00
0.00000000e+00
0.00000000e+00
-3.07085890e-02
7.76819505e-02
1.09471746e-01
9.80732004e-03
-2.96486273e-01
-3.34458295e-01
1.26602949e-02
3.08116830e-02
-1.04316656e-01
0.00000000e+00
1.27574193e-01
2.17837523e-01
-1.37274498e-01
1.46430390e-01
1.80829773e-01
-9.12642094e-02
3.10611294e-01
-5.00576327e-01
1.00713466e-01
9.12085815e-02
-9.35762733e-01
0.00000000e+00
0.00000000e+00
0.00000000e+00
-5.07438815e-03
3.21640756e-01
-2.40451814e-01
7.75364743e-02
-8.48668002e-01
3.80015729e-01
2.41276394e-01
4.26652110e-01
-1.21108645e-01
0.00000000e+00
2.96239601e-01
-5.99268263e-01
-1.06477887e+00
5.45642911e-01
9.44267436e-02
6.10618350e-02
6.74088084e-02
-9.58082562e-01
-1.50755677e-01
5.40524127e-01
-3.97054919e-02
0.00000000e+00
0.00000000e+00
0.00000000e+00
6.33324180e-02
-9.95349488e-03
-1.11766796e-01
7.05188172e-02
-2.29577599e-01
3.72541026e-01
1.45321928e-01
-1.18580147e-01
3.27342978e-01
0.00000000e+00
1.67457557e-01
-2.13925952e-01
-4.62833826e-01
2.67242986e-02
7.54811740e-02
1.30476745e-01
9.55849823e-02
-4.15492156e-01
-9.66857244e-03
5.73111286e-02
136
-4.56106966e-01
0.00000000e+00
0.00000000e+00
3.71618498e-02
-6.54958286e-03
-1.22895833e-01
-2.46452934e-03
-3.16949994e-01
1.95492142e-03
0.00000000e+00
0.00000000e+00
8.03294683e-02
-2.16325770e-01
-4.88324696e-01
-9.10194860e-02
1.05142960e-01
2.12663663e-01
0.00000000e+00
0.00000000e+00
8.30002475e-01
6.17395394e-02
-1.63152524e-01
-2.17618370e-01
-2.70072184e-01
-2.63859472e-01
-2.35131241e-01
-1.98015189e-01
9.04530453e-01
3.21107678e-01
2.35661923e-02
9.44475288e-02
4.89679355e-01
1.88535697e-02
-3.10581762e-01
5.59432334e-01
3.33922336e-01
-2.05203614e-01
-4.90714964e-01
-6.20938934e-01
3.26323371e-01
-5.03178252e-01
-8.60472777e-01
-5.36879480e-01
0.00000000e+00
0.00000000e+00
0.00000000e+00
0.00000000e+00
4.15085421e-01
4.80020222e-01
1.95898515e-01
-3.07433942e-01
0.00000000e+00
1.68961811e+00
5.27395419e-01
4.99291012e-01
-3.69411040e-01
0.00000000e+00
3.61301131e-01
-4.10756214e-02
2.37798090e-01
-1.17277861e-01
-1.57818215e-01
2.17320452e-01
-2.82739873e-02
1.58637038e-01
-3.68719501e-02
0.00000000e+00
-7.04051730e-01
-5.43194209e-01
-8.36385616e-02
-7.99508866e-02
0.00000000e+00
-1.13269547e-01
-2.35331618e-01
2.44171631e-01
-3.49116313e-01
0.00000000e+00
-1.07691835e+00
-4.01838979e-01
-1.63993221e-01
-1.42155625e-01
0.00000000e+00
-5.05324559e-01
-4.53127935e-01
-6.10508019e-02
-8.74528648e-02
-2.95468984e-01
-2.07028716e-01
-9.97306714e-01
0.00000000e+00
0.00000000e+00
0.00000000e+00
5.88957940e-01
3.46502589e-01
-2.58669474e-01
1.84109860e-01
-1.45774456e+00
4.95288546e-01
4.61637293e-01
4.54891357e-01
1.22868388e-01
0.00000000e+00
4.61285167e-01
-7.14352149e-01
-1.57419058e+00
3.30242186e-01
4.94419428e-01
5.30898922e-01
3.27916984e-01
-1.81008399e+00
-5.13719359e-01
5.32434750e-01
-1.03032262e+00
0.00000000e+00
0.00000000e+00
0.00000000e+00
3.28283267e-01
5.98503250e-01
-2.16445532e-01
1.79983000e-01
-1.26357102e+00
5.38001982e-01
5.17922444e-01
1.92233584e-01
2.15104169e-01
0.00000000e+00
3.81477419e-01
-5.35121145e-01
-1.49185050e+00
3.46593827e-01
1.64349046e-01
2.50237459e-01
1.63373579e-01
-1.38084465e+00
-4.31751428e-01
4.13198626e-01
