0 7 -999999999 -1 -1
1 1 0 -1 -1
0.4566 -0.4992
356
7.73269269e-01
3.27846387e-01
4.45422882e-01
-1.55378262e-02
-1.29850046e-01
-1.10428227e-01
8.86215946e-01
0.00000000e+00
0.00000000e+00
-1.27806552e-01
-7.96419695e-01
4.72019163e-01
-5.14970008e-01
-3.33549463e-02
-1.22888639e-02
3.01059840e-02
0.00000000e+00
0.00000000e+00
0.00000000e+00
0.00000000e+00
0.00000000e+00
0.00000000e+00
0.00000000e+00
0.00000000e+00
0.00000000e+00
0.00000000e+00
0.00000000e+00
0.00000000e+00
0.00000000e+00
0.00000000e+00
0.00000000e+00
0.00000000e+00
0.00000000e+00
0.00000000e+00
0.00000000e+00
0.00000000e+00
0.00000000e+00
0.00000000e+00
0.00000000e+00
0.00000000e+00
0.00000000e+00
0.00000000e+00
0.00000000e+00
0.00000000e+00
0.00000000e+00
0.00000000e+00
0.00000000e+00
0.00000000e+00
0.00000000e+00
0.00000000e+00
0.00000000e+00
-6.59917953e-01
-3.66771656e-01
-1.72845884e+00
0.00000000e+00
0.00000000e+00
0.00000000e+00
0.00000000e+00
-5.29644258e-01
1.32181036e+00
8.10689337e-01
7.30295019e-01
1.54754738e+00
-7.92999691e-01
4.64573194e-01
-1.56354416e+00
-1.51989638e+00
-5.69381348e-01
-7.48510219e-02
-1.16064992e-02
-5.56638285e-01
-4.85112873e-01
6.59204723e-05
3.46951681e-02
4.88265928e-01
9.06877149e-04
-3.96402930e-01
8.44967236e-01
-4.76318830e-03
-7.35555638e-01
3.44935896e-01
4.15326452e-01
1.30069203e-02
0.00000000e+00
0.00000000e+00
0.00000000e+00
0.00000000e+00
0.00000000e+00
0.00000000e+00
0.00000000e+00
-1.80585916e-02
1.89354662e-01
-3.09060547e-01
-1.29461167e-01
7.22059363e-02
3.34400213e-02
3.14988314e-02
4.21651174e-02
3.01966510e-01
-4.39523019e-03
-2.79028390e-01
-9.16954133e-02
0.00000000e+00
0.00000000e+00
2.70777422e+00
2.16654348e+00
9.05499191e-01
1.36551742e+00
7.55180021e-01
2.90531359e-01
-1.42995106e+00
-1.33977821e+00
1.09090062e+00
-7.13239675e-02
-1.29069919e-01
-9.76082889e-01
-8.96297939e-01
-1.49962957e+00
0.00000000e+00
0.00000000e+00
0.00000000e+00
0.00000000e+00
0.00000000e+00
0.00000000e+00
-5.95717185e-01
-6.75267301e-02
-6.44041467e-02
-1.47678576e-01
1.35875590e-01
-6.53823161e-01
3.37658607e+00
3.63793338e+00
3.27666792e+00
3.55945936e+00
3.63376540e+00
3.42798957e+00
9.08209507e-01
-2.80075731e-01
2.77284885e-01
5.47987858e-02
3.49935800e-01
4.21640124e-02
-8.11427816e-02
-8.30221803e-03
8.35347943e-02
-4.00946159e-01
-2.80108295e-01
-1.23036257e-01
5.46998708e-01
0.00000000e+00
0.00000000e+00
0.00000000e+00
0.00000000e+00
0.00000000e+00
0.00000000e+00
0.00000000e+00
2.26270561e-01
7.31635665e-01
-9.39596489e-01
0.00000000e+00
-5.02942734e-01
-6.41222778e-01
-4.91965729e-01
-7.52051430e-01
-9.94908464e-01
0.00000000e+00
0.00000000e+00
0.00000000e+00
-2.48639526e-01
6.67889363e-01
-7.10321599e-01
-5.75854840e-02
-1.45339993e+00
-1.09236531e+00
-2.94629970e+00
6.06162191e-01
3.82626531e-01
0.00000000e+00
-8.02982983e-01
1.82333972e-01
7.70246441e-02
1.25385455e+00
5.76200562e-02
6.78098020e-01
1.21575992e+00
-9.26466576e-01
1.21656428e+00
9.05219117e-01
1.85013189e-01
0.00000000e+00
0.00000000e+00
0.00000000e+00
-1.71864609e-01
6.36085662e-01
3.32903360e-01
2.47812311e-01
0.00000000e+00
9.55195500e-01
1.73131714e+00
-6.34131033e-05
4.26471825e-01
0.00000000e+00
8.60772398e-02
-3.30473212e-01
-3.44325592e-01
-4.57773794e-01
3.34696647e-01
2.16053812e-01
1.00974772e-01
-1.08209597e-01
-3.06461382e-01
1.23865078e-01
-4.29873240e-01
-1.56419874e-01
6.35453173e-01
1.87775407e-01
-3.65711326e-02
3.34322560e-01
4.12284445e-02
-5.31970879e-01
-4.63742315e-01
0.00000000e+00
0.00000000e+00
0.00000000e+00
1.51264465e-03
-1.06225930e-01
-4.75679530e-01
-2.22085802e-01
0.00000000e+00
-3.39093595e-01
-4.06140933e-01
7.87274885e-01
4.41959921e-01
0.00000000e+00
-1.15894617e-01
3.96143621e-01
7.92441434e-02
8.01777668e-02
-5.02399176e-01
-1.40894624e-01
1.58291595e-01
3.59660384e-01
3.84839241e-01
1.53644188e-01
-2.73453366e-01
5.95968234e-01
-2.82733078e-01
-2.66819195e-01
-5.65035224e-01
-3.46522861e-01
-1.13444266e+00
-1.38108932e-01
4.56541153e-01
5.94117228e-01
2.46122074e-03
-9.43101309e-01
-2.18512363e-01
-3.54488730e-01
3.41814898e-01
0.00000000e+00
-1.39327421e+00
0.00000000e+00
0.00000000e+00
0.00000000e+00
8.77677836e-02
1.82966696e+00
-8.80565172e-01
1.31810010e-01
-1.78341306e+00
-2.10991416e-01
5.62495299e-02
-3.36169230e-01
3.97862201e-01
0.00000000e+00
1.23616819e+00
-8.47488808e-01
-1.66396136e+00
1.12664096e+00
-6.80402995e-01
1.82214248e-01
7.32242386e-01
-1.13903525e+00
1.11750596e-01
2.56380214e-01
5.49139751e-02
0.00000000e+00
0.00000000e+00
0.00000000e+00
1.80337616e-01
1.30447150e-01
2.64813638e-01
1.29100941e-04
-5.51648236e-01
2.51512896e-01
4.33509699e-01
1.18269485e-01
1.88086506e-01
0.00000000e+00
-1.05661601e-01
3.94712688e-01
1.17296604e-01
-8.32103357e-02
-8.45702496e-01
1.00018826e-01
-5.55569714e-02
-2.39842525e-01
-2.79362476e-01
3.67644059e-02
-7.25207851e-01
-2.39687990e-01
0.00000000e+00
9.97004683e-01
5.08940991e-01
2.61202354e-01
-7.80127414e-03
-4.93089070e-01
-2.58154135e-01
0.00000000e+00
0.00000000e+00
0.00000000e+00
-1.10616444e-01
-2.64437856e-01
-5.05732534e-02
1.29496073e-01
0.00000000e+00
-2.69129253e-01
-3.45089931e-01
-5.41722214e-01
-3.80186321e-01
0.00000000e+00
3.20946579e-01
6.32470664e-02
6.99122386e-02
1.88303413e-01
-1.46676933e-01
9.95451161e-02
-7.77048020e-02
1.56634322e-01
-1.96930386e-01
-2.40661773e-01
-4.85519862e-01
0.00000000e+00
-3.33636819e-01
-5.69908278e-02
-6.68066357e-01
-4.01534789e-01
0.00000000e+00
-9.29222204e-01
-7.20997167e-02
3.38747654e-01
-1.47050610e-01
-5.93231833e-01
-2.66531568e-01
0.00000000e+00
0.00000000e+00
-8.21876030e-01
247
-1.46882866e+00
-6.85372477e-01
-7.83456183e-01
-7.85796795e-02
-6.06792797e-01
-5.03888656e-01
1.32420835e-01
4.61167373e-01
0.00000000e+00
0.00000000e+00
4.85825917e-02
-1.16329876e+00
8.71872141e-01
-2.63981026e-01
0.00000000e+00
0.00000000e+00
0.00000000e+00
0.00000000e+00
0.00000000e+00
0.00000000e+00
0.00000000e+00
0.00000000e+00
0.00000000e+00
0.00000000e+00
0.00000000e+00
0.00000000e+00
0.00000000e+00
0.00000000e+00
0.00000000e+00
0.00000000e+00
0.00000000e+00
0.00000000e+00
0.00000000e+00
0.00000000e+00
0.00000000e+00
0.00000000e+00
0.00000000e+00
0.00000000e+00
0.00000000e+00
0.00000000e+00
0.00000000e+00
-1.36075060e+00
4.09998828e-02
-1.78994089e-01
2.42424705e-03
6.24174302e-01
-1.01004379e-02
-5.53258274e-01
-7.21950417e-03
-4.74616582e-01
-3.99166366e-01
-5.95045712e-01
0.00000000e+00
0.00000000e+00
0.00000000e+00
0.00000000e+00
0.00000000e+00
0.00000000e+00
0.00000000e+00
7.28574074e+00
1.40933290e+00
2.97027253e+00
2.67619642e+00
3.12677876e+00
0.00000000e+00
0.00000000e+00
0.00000000e+00
-5.81196117e-01
-1.45440186e+00
-8.33811871e-01
-1.54118706e+00
-6.39153037e-01
-1.76254544e+00
0.00000000e+00
0.00000000e+00
0.00000000e+00
0.00000000e+00
0.00000000e+00
0.00000000e+00
-1.04983568e+00
-6.95059022e-01
-3.05707685e-02
-3.67818280e-01
1.16144000e-01
-8.51021804e-01
4.52075655e+00
4.80640141e+00
5.02012179e+00
4.66227710e+00
4.58976169e+00
5.40047718e+00
0.00000000e+00
5.22558088e-01
0.00000000e+00
1.78075932e-01
0.00000000e+00
-1.42858532e-01
0.00000000e+00
0.00000000e+00
-6.82867583e-01
2.77315434e-01
7.11228785e-01
1.44235857e-01
-1.94227402e+00
0.00000000e+00
0.00000000e+00
0.00000000e+00
4.73445355e-01
9.95792678e-01
0.00000000e+00
0.00000000e+00
-2.31006280e-01
1.22292106e-01
-1.75365959e+00
-1.07190767e+00
-1.08714174e-01
0.00000000e+00
0.00000000e+00
0.00000000e+00
1.99966418e+00
1.44465941e+00
-2.85763215e-01
1.65310294e+00
0.00000000e+00
5.06293055e-01
1.15460121e+00
2.18856936e+00
8.51069869e-01
0.00000000e+00
1.46598567e+00
5.41090421e-01
0.00000000e+00
-3.91130205e-01
1.34043472e+00
2.39122445e+00
1.65998770e+00
3.96998594e-01
1.14319491e+00
2.87600719e+00
3.24634542e-01
-2.37427372e-02
-1.13138932e+00
-6.42125774e-01
-3.14106029e-01
-5.12823732e-01
0.00000000e+00
0.00000000e+00
0.00000000e+00
7.17678542e-01
1.25660826e+00
1.03012671e+00
1.31323450e+00
0.00000000e+00
0.00000000e+00
8.40165140e-01
2.81319625e-02
7.29625523e-01
0.00000000e+00
6.73890856e-01
0.00000000e+00
0.00000000e+00
1.70813669e+00
0.00000000e+00
9.32244865e-01
3.72255216e-01
0.00000000e+00
7.86542206e-01
4.67315926e-01
3.48377279e-01
-2.34427364e-01
-5.45248549e-01
-3.86189685e-01
-4.33348716e-01
-2.07263543e-01
-1.20535854e+00
3.13448785e-01
7.72281069e-01
-2.26085173e-01
-1.06291297e+00
1.06404857e+00
0.00000000e+00
-2.82556727e+00
0.00000000e+00
0.00000000e+00
0.00000000e+00
1.89463043e+00
2.95177108e+00
5.50926179e-01
1.91078544e+00
0.00000000e+00
1.19450983e+00
2.23853856e+00
1.00254748e+00
1.85473489e+00
0.00000000e+00
2.90152194e+00
4.70084416e-01
-1.77696930e-01
2.62287100e+00
8.13644075e-01
1.49945374e+00
1.60897016e+00
0.00000000e+00
1.13933044e+00
2.12754520e+00
-1.34420484e+00
-5.60988989e-01
0.00000000e+00
1.16930392e+00
7.62717553e-01
-5.43754309e-01
0.00000000e+00
0.00000000e+00
0.00000000e+00
8.45793661e-01
4.24339053e-01
1.79407574e-01
3.95076929e-01
0.00000000e+00
5.14618374e-01
3.11445120e-01
8.09034067e-01
3.72220544e-01
0.00000000e+00
2.63354554e-01
7.89992486e-01
9.84473823e-01
4.83566862e-02
4.22108706e-01
5.75893011e-01
5.77748002e-01
0.00000000e+00
7.78020397e-01
3.71483992e-01
-7.83215853e-01
0.00000000e+00
0.00000000e+00
-2.37662111e-01
-1.48136242e+00
-1.19267060e+00
0.00000000e+00
0.00000000e+00
3.05289032e-01
-2.88691821e-01
0.00000000e+00
0.00000000e+00
0.00000000e+00
8 -999999999 -999999999 0 -1
2 0 0 1 -1
9.8973e-02 5.0933e-01
356
8.08099265e-01
0.00000000e+00
0.00000000e+00
0.00000000e+00
0.00000000e+00
0.00000000e+00
0.00000000e+00
0.00000000e+00
0.00000000e+00
0.00000000e+00
0.00000000e+00
0.00000000e+00
0.00000000e+00
0.00000000e+00
0.00000000e+00
0.00000000e+00
0.00000000e+00
0.00000000e+00
0.00000000e+00
0.00000000e+00
0.00000000e+00
0.00000000e+00
0.00000000e+00
0.00000000e+00
0.00000000e+00
0.00000000e+00
0.00000000e+00
0.00000000e+00
0.00000000e+00
0.00000000e+00
0.00000000e+00
5.83892694e-01
2.24206571e-01
-1.56385647e+00
-2.21842448e+00
4.05919757e-01
5.68276971e-01
1.01640549e+00
-1.48853952e+00
1.13134368e+00
8.02708878e-01
0.00000000e+00
0.00000000e+00
0.00000000e+00
0.00000000e+00
0.00000000e+00
0.00000000e+00
0.00000000e+00
0.00000000e+00
0.00000000e+00
0.00000000e+00
-3.06307215e-01
-6.49543558e-01
-3.54833447e-01
0.00000000e+00
0.00000000e+00
0.00000000e+00
0.00000000e+00
-9.35143684e-01
1.14784766e+00
9.21840507e-01
9.47738891e-01
1.82485164e+00
3.69320557e-01
2.38276957e+00
-5.29767571e-01
0.00000000e+00
0.00000000e+00
0.00000000e+00
0.00000000e+00
0.00000000e+00
0.00000000e+00
0.00000000e+00
0.00000000e+00
0.00000000e+00
0.00000000e+00
0.00000000e+00
8.08099265e-01
8.61324533e-04
-9.26441930e-01
3.00702517e-01
-4.92526064e-02
5.56649355e-01
0.00000000e+00
0.00000000e+00
0.00000000e+00
0.00000000e+00
0.00000000e+00
0.00000000e+00
0.00000000e+00
-3.91597791e-01
-4.60339482e-01
-3.81717895e-01
-2.27676884e-01
1.18622306e-01
1.65735181e-01
-1.74922325e-01
9.85638786e-02
-3.83073430e-01
3.07159744e-02
-2.44317140e-01
-6.71839313e-02
1.07035148e+00
5.66893877e-01
2.65868688e+00
3.03646342e+00
1.22457476e+00
3.44695326e-01
7.63101697e-01
6.44242217e-01
-1.48174213e+00
-9.84681643e-01
4.12662951e-01
1.35679959e-02
1.00172100e-01
-3.72626208e-01
-1.14582813e+00
-1.36872655e+00
0.00000000e+00
0.00000000e+00
0.00000000e+00
0.00000000e+00
0.00000000e+00
0.00000000e+00
-3.72695459e-01
-2.57958547e-01
-2.97415126e-01
-2.98042009e-01
-2.42381496e-01
-7.59871519e-01
6.14857799e+00
6.05754915e+00
5.54187257e+00
5.90484144e+00
5.83784663e+00
5.73519316e+00
3.21631480e-01
5.72404302e-01
1.61671124e-01
1.21056543e-01
2.92495868e-01
-3.79930599e-03
-9.47664274e-01
-8.50451671e-01
-2.59695499e-01
-6.70730290e-01
-3.93235212e-01
-5.08335766e-01
5.10190221e-01
0.00000000e+00
0.00000000e+00
0.00000000e+00
0.00000000e+00
0.00000000e+00
0.00000000e+00
0.00000000e+00
2.97909044e-01
1.07576850e+00
0.00000000e+00
0.00000000e+00
-7.51293970e-01
-1.27883060e+00
-1.09929365e+00
-9.49533550e-01
-1.85058762e+00
0.00000000e+00
0.00000000e+00
0.00000000e+00
3.37289690e-01
1.61695628e+00
-7.20327082e-01
2.68755632e-01
0.00000000e+00
-2.21340391e-01
-6.23726146e-01
9.39405403e-01
1.34754016e+00
0.00000000e+00
-6.51982711e-01
-5.41187778e-01
-5.30872743e-01
1.25887083e+00
3.99913927e-01
1.01255102e+00
1.44138286e+00
-2.16616572e-01
1.11226804e+00
1.22889655e+00
-3.38958577e-01
0.00000000e+00
0.00000000e+00
0.00000000e+00
5.09477560e-01
6.35975642e-01
4.02426289e-01
5.55009755e-01
0.00000000e+00
5.91110735e-01
1.03533704e+00
3.73509178e-01
4.70051502e-01
0.00000000e+00
6.07224579e-01
-5.87029793e-03
7.23244210e-01
2.71091654e-01
5.65960505e-01
3.15327129e-01
2.42328885e-01
1.57644255e-01
2.66975758e-01
1.54405802e-01
-6.00092645e-01
-9.00304788e-02
0.00000000e+00
0.00000000e+00
0.00000000e+00
-6.39722512e-02
-1.32541076e-01
1.06482849e-01
-2.11270834e-01
0.00000000e+00
0.00000000e+00
0.00000000e+00
-4.69484416e-01
-3.56897285e-02
-4.57398157e-01
-4.44153139e-01
0.00000000e+00
3.73604812e-01
1.23902045e-01
1.51157523e-01
4.37408608e-01
0.00000000e+00
-8.27661571e-01
9.31864012e-01
-3.66154199e-01
2.99290221e-01
4.06331411e-01
-5.38052936e-01
8.57003816e-01
1.59366196e-01
-2.32093400e-01
3.28537378e-01
-5.10062166e-01
0.00000000e+00
0.00000000e+00
0.00000000e+00
-1.25049497e+00
-6.61263492e-01
0.00000000e+00
0.00000000e+00
0.00000000e+00
-4.57191649e-01
-2.13800822e-01
9.72898015e-03
-5.89231482e-01
0.00000000e+00
0.00000000e+00
0.00000000e+00
-2.22836415e+00
0.00000000e+00
0.00000000e+00
0.00000000e+00
1.13704043e+00
2.71916173e+00
4.99464934e-01
9.84364379e-01
0.00000000e+00
7.95199451e-01
1.17698639e+00
8.28476185e-01
1.40162917e+00
0.00000000e+00
1.46653533e+00
3.73109006e-01
-5.05042575e-01
1.66957256e+00
-5.14348050e-01
9.98692161e-01
1.55649757e+00
-1.96941209e+00
3.42475802e-01
7.88187197e-01
2.81844267e-02
0.00000000e+00
0.00000000e+00
0.00000000e+00
8.48241350e-01
6.46832457e-01
5.07674032e-01
7.33592854e-01
0.00000000e+00
5.99783003e-01
7.01019487e-01
7.12039784e-01
8.01330292e-01
0.00000000e+00
4.99058654e-01
5.89466621e-01
7.76745428e-01
5.84651359e-01
1.52399568e-01
7.59183746e-01
5.61088006e-01
1.01624053e+00
1.04724001e+00
9.81187694e-01
-9.90085851e-01
-4.34156178e-01
0.00000000e+00
0.00000000e+00
0.00000000e+00
-1.14250797e-01
-2.00943920e-01
-1.18961461e-01
-6.93118280e-01
0.00000000e+00
0.00000000e+00
0.00000000e+00
5.20300713e-01
-6.73010270e-02
3.60923992e-01
-4.29915153e-02
0.00000000e+00
-3.51436865e-01
-5.67804352e-01
-5.13568380e-01
-2.14269277e-01
0.00000000e+00
1.38446277e-01
1.27216067e-01
4.47648736e-02
-3.14213286e-01
2.71986128e-01
-3.69218456e-02
-9.11056376e-01
5.40093300e-01
-2.93620048e-01
-2.00657259e-01
-5.55929673e-01
0.00000000e+00
0.00000000e+00
0.00000000e+00
-1.23827830e+00
-8.44674427e-01
0.00000000e+00
0.00000000e+00
0.00000000e+00
-5.03384971e-01
-3.70059436e-01
2.87699806e-02
-3.93603877e-01
0.00000000e+00
0.00000000e+00
0.00000000e+00
247
-2.92642317e-01
0.00000000e+00
0.00000000e+00
0.00000000e+00
0.00000000e+00
0.00000000e+00
0.00000000e+00
0.00000000e+00
0.00000000e+00
0.00000000e+00
0.00000000e+00
0.00000000e+00
0.00000000e+00
0.00000000e+00
0.00000000e+00
0.00000000e+00
0.00000000e+00
0.00000000e+00
0.00000000e+00
0.00000000e+00
0.00000000e+00
0.00000000e+00
0.00000000e+00
0.00000000e+00
0.00000000e+00
0.00000000e+00
0.00000000e+00
-2.92642317e-01
0.00000000e+00
1.12185138e-01
-4.04827455e-01
0.00000000e+00
2.74487977e-01
1.74844710e-03
0.00000000e+00
0.00000000e+00
0.00000000e+00
0.00000000e+00
0.00000000e+00
0.00000000e+00
0.00000000e+00
0.00000000e+00
0.00000000e+00
0.00000000e+00
0.00000000e+00
0.00000000e+00
0.00000000e+00
-2.92642317e-01
1.03667664e-03
-7.12610779e-02
-1.91591560e-01
-2.97896789e-02
0.00000000e+00
0.00000000e+00
0.00000000e+00
0.00000000e+00
0.00000000e+00
0.00000000e+00
0.00000000e+00
9.58298925e-01
1.08053041e+00
4.15994876e-01
1.34564762e+00
7.86579695e-01
4.41440262e-01
-1.71947689e+00
-1.16614980e+00
6.31209507e-01
9.84686365e-03
4.18218350e-01
-8.49088380e-01
-5.29347313e-01
-1.03581604e+00
0.00000000e+00
0.00000000e+00
0.00000000e+00
0.00000000e+00
0.00000000e+00
0.00000000e+00
-4.25679700e-01
-1.85579736e-01
-1.00732421e-02
-9.15840742e-02
-1.43301519e-01
-5.16954454e-01
2.67499825e+00
2.92741415e+00
2.71906462e+00
3.03531095e+00
3.03037252e+00
2.81148492e+00
7.36502125e-01
2.25071660e-01
5.15363933e-01
3.21831484e-01
2.70695325e-01
1.29622600e-01
-8.64839861e-02
-1.24078847e-01
2.06608101e-01
-3.95261268e-01
-5.15419170e-02
-4.71752759e-02
1.04035769e-01
0.00000000e+00
0.00000000e+00
0.00000000e+00
-3.96678086e-01
1.07047782e+00
0.00000000e+00
0.00000000e+00
-4.49943954e-01
-8.00997289e-01
-5.66876855e-01
-8.06295870e-01
-1.25094124e+00
0.00000000e+00
0.00000000e+00
0.00000000e+00
-4.50271829e-01
1.00291863e+00
-1.26295671e+00
-6.16812302e-02
-1.19020894e+00
-7.36023591e-01
-2.16250643e+00
2.11948636e-01
5.42050291e-01
0.00000000e+00
-2.61133631e-01
6.75591894e-02
-8.02799514e-01
1.00669851e+00
3.40442003e-01
6.99167087e-01
9.14102438e-01
-1.03892657e+00
9.47194009e-01
9.83486404e-01
-3.53014425e-01
-2.10493488e-01
0.00000000e+00
0.00000000e+00
0.00000000e+00
1.03622314e-01
0.00000000e+00
0.00000000e+00
0.00000000e+00
2.29955378e-01
4.51474828e-01
6.13063388e-01
6.30695141e-01
0.00000000e+00
2.48335419e-01
1.36295937e+00
9.45008342e-02
6.18245694e-01
0.00000000e+00
3.47866200e-01
-6.32329174e-01
3.89773750e-01
-1.37607561e-01
-1.33644090e+00
8.97835242e-02
-1.80693855e-01
0.00000000e+00
4.59791908e-02
-2.15522324e-01
-1.42520937e-01
0.00000000e+00
0.00000000e+00
0.00000000e+00
-8.97926817e-01
-2.39450466e-01
0.00000000e+00
0.00000000e+00
0.00000000e+00
-6.58476351e-01
0.00000000e+00
0.00000000e+00
0.00000000e+00
-1.37317272e+00
0.00000000e+00
0.00000000e+00
0.00000000e+00
2.32365849e-01
1.41501403e+00
-6.36452686e-01
-5.48339561e-02
-1.57140672e+00
-2.08511397e-01
3.54331792e-01
-5.09252533e-02
5.25906138e-01
0.00000000e+00
9.02767734e-01
-4.87240819e-01
-2.05604402e+00
3.61746498e-01
-3.51807706e-01
4.77672392e-01
7.00904284e-01
-1.05271343e+00
-4.46846560e-01
5.72901106e-01
-5.84148407e-01
-4.74302626e-01
0.00000000e+00
0.00000000e+00
0.00000000e+00
4.29965347e-01
0.00000000e+00
0.00000000e+00
0.00000000e+00
2.12078347e-01
1.38766155e-01
5.92025261e-02
1.47585642e-01
0.00000000e+00
2.20656144e-01
2.82899317e-01
5.85953003e-01
2.96119541e-01
0.00000000e+00
-2.40871776e-02
5.35477022e-02
9.79675319e-02
1.30112761e-02
-5.84903635e-02
1.49736336e-01
5.30063421e-02
-2.02972471e-01
2.79104158e-01
1.78100047e-01
-1.09845781e-01
0.00000000e+00
0.00000000e+00
0.00000000e+00
-7.89024318e-01
-9.25742292e-02
0.00000000e+00
0.00000000e+00
0.00000000e+00
-6.96450088e-01
0.00000000e+00
0.00000000e+00
0.00000000e+00
3 2
-8.1288e-02 3.0604e-01
2 8
0 8 
217
1.52907367e-01
-2.45711897e-02
-3.45061509e-01
-7.48706453e-01
-4.08820983e-01
2.32662440e-01
2.50350460e-01
1.83170539e-01
4.46462868e-01
-3.71034029e-01
-7.41887598e-02
-4.15876847e-01
-6.08962184e-02
-1.22545284e-02
0.00000000e+00
0.00000000e+00
0.00000000e+00
0.00000000e+00
0.00000000e+00
0.00000000e+00
0.00000000e+00
0.00000000e+00
0.00000000e+00
1.52907367e-01
2.38312330e-04
2.93792618e-01
5.68357291e-01
-2.91487912e-01
-1.23962012e-01
0.00000000e+00
0.00000000e+00
0.00000000e+00
0.00000000e+00
0.00000000e+00
0.00000000e+00
0.00000000e+00
1.27690411e-01
-2.02529557e-01
2.27746513e-01
0.00000000e+00
0.00000000e+00
0.00000000e+00
0.00000000e+00
0.00000000e+00
1.27690411e-01
1.44572957e-01
-3.47102514e-01
2.27746513e-01
0.00000000e+00
0.00000000e+00
0.00000000e+00
0.00000000e+00
0.00000000e+00
0.00000000e+00
0.00000000e+00
0.00000000e+00
0.00000000e+00
0.00000000e+00
0.00000000e+00
0.00000000e+00
2.27746513e-01
1.44572957e-01
-3.47102514e-01
5.19089685e-02
-2.71321071e-01
-1.86042534e+00
1.16368755e-01
-1.00530783e+00
2.55950714e-01
1.16759843e+00
0.00000000e+00
2.72263368e-01
-1.13531410e-01
2.93070881e-02
7.23106410e-01
-1.48663089e-01
6.84573343e-01
0.00000000e+00
0.00000000e+00
0.00000000e+00
0.00000000e+00
0.00000000e+00
0.00000000e+00
0.00000000e+00
0.00000000e+00
0.00000000e+00
0.00000000e+00
0.00000000e+00
0.00000000e+00
0.00000000e+00
0.00000000e+00
0.00000000e+00
0.00000000e+00
0.00000000e+00
0.00000000e+00
0.00000000e+00
0.00000000e+00
0.00000000e+00
0.00000000e+00
0.00000000e+00
0.00000000e+00
0.00000000e+00
0.00000000e+00
0.00000000e+00
0.00000000e+00
0.00000000e+00
0.00000000e+00
0.00000000e+00
0.00000000e+00
0.00000000e+00
0.00000000e+00
0.00000000e+00
0.00000000e+00
0.00000000e+00
0.00000000e+00
0.00000000e+00
0.00000000e+00
0.00000000e+00
0.00000000e+00
-3.73164085e-01
4.84128945e-01
-7.68813718e-01
0.00000000e+00
0.00000000e+00
0.00000000e+00
4.35954122e-01
4.38295136e-01
-3.34639586e-01
6.45090795e-01
-1.17802338e-01
-3.35533456e-01
-9.56912122e-01
-4.62971431e-01
1.82196190e-01
0.00000000e+00
3.50775298e-02
7.18958648e-01
-1.31741216e-01
3.92080420e-01
1.24335105e-01
5.14731942e-01
8.68845001e-01
-3.57765747e-01
5.45810767e-01
7.46271709e-01
-6.03998279e-01
0.00000000e+00
0.00000000e+00
0.00000000e+00
5.30095978e-01
7.60673435e-01
2.74754677e-01
2.28344894e-01
-2.81145652e-01
5.79188301e-01
8.09673431e-01
9.77926760e-01
5.33247591e-01
0.00000000e+00
4.54836656e-01
3.29965250e-01
-3.83399545e-02
5.96504579e-01
2.39944935e-01
4.77909198e-01
5.17699861e-01
-6.97132939e-02
2.48310865e-02
4.62214099e-01
-6.41823967e-01
0.00000000e+00
0.00000000e+00
0.00000000e+00
-2.74194616e-01
1.53907629e+00
-1.01995641e-01
1.64925249e-01
-7.86432833e-02
2.53000884e-01
1.36703531e+00
-2.00465443e-01
1.32888849e-01
0.00000000e+00
-2.54714215e-01
-2.10355788e-03
-3.22601366e-01
3.52937184e-02
-2.66801634e-01
1.60748224e-01
8.17735120e-01
-2.46994270e-01
1.61981105e-02
2.34881887e-01
-5.80617003e-01
0.00000000e+00
0.00000000e+00
0.00000000e+00
7.08874741e-01
3.09257137e-01
1.91260365e-01
5.56593145e-01
-1.50408635e-01
4.05735949e-01
2.10569917e-01
5.78253266e-01
7.44938987e-01
0.00000000e+00
8.68040076e-01
1.92945442e-01
-1.41172089e-01
8.54121883e-01
5.91806077e-01
4.49837578e-01
3.10434817e-01
-2.18308747e-01
3.69238684e-01
3.92819648e-01
136
4.49650325e-01
0.00000000e+00
0.00000000e+00
0.00000000e+00
0.00000000e+00
0.00000000e+00
0.00000000e+00
4.49650325e-01
1.72766860e-03
3.87086311e-01
1.28447694e-01
-6.58836809e-02
0.00000000e+00
0.00000000e+00
0.00000000e+00
0.00000000e+00
0.00000000e+00
0.00000000e+00
0.00000000e+00
2.12472922e-02
-6.41973345e-02
4.92600367e-01
0.00000000e+00
0.00000000e+00
0.00000000e+00
0.00000000e+00
0.00000000e+00
2.12472922e-02
-3.34323712e-01
2.70126377e-01
4.92600367e-01
0.00000000e+00
0.00000000e+00
0.00000000e+00
0.00000000e+00
0.00000000e+00
0.00000000e+00
0.00000000e+00
0.00000000e+00
0.00000000e+00
0.00000000e+00
0.00000000e+00
0.00000000e+00
0.00000000e+00
0.00000000e+00
0.00000000e+00
6.13609531e-01
-3.22235861e-01
2.61623909e-01
3.83130569e-02
-2.90290316e+00
0.00000000e+00
-3.13076419e-01
2.49024597e-01
-4.74662006e-01
-1.27431132e+00
0.00000000e+00
0.00000000e+00
0.00000000e+00
0.00000000e+00
4.92600367e-01
-3.34323712e-01
2.70126377e-01
0.00000000e+00
0.00000000e+00
0.00000000e+00
0.00000000e+00
0.00000000e+00
0.00000000e+00
0.00000000e+00
0.00000000e+00
0.00000000e+00
0.00000000e+00
0.00000000e+00
0.00000000e+00
0.00000000e+00
0.00000000e+00
0.00000000e+00
0.00000000e+00
0.00000000e+00
0.00000000e+00
0.00000000e+00
0.00000000e+00
0.00000000e+00
0.00000000e+00
0.00000000e+00
-7.04270608e-01
-4.19108841e-01
-1.23533992e+00
0.00000000e+00
0.00000000e+00
0.00000000e+00
6.82302929e-01
4.85443469e-01
-7.43881706e-01
2.92080604e-01
-2.44919783e+00
-7.20336667e-01
-5.68835520e-01
3.35437248e-01
3.36372024e-02
0.00000000e+00
3.09687038e-01
4.80870916e-01
-1.39985473e+00
6.31779709e-01
-6.75337939e-02
6.95038516e-01
1.09441051e+00
-1.91702558e+00
5.53000985e-01
1.03763678e+00
-1.40722497e+00
0.00000000e+00
0.00000000e+00
0.00000000e+00
2.33363790e-01
1.05895229e+00
-4.89080049e-01
5.69026965e-02
-2.15384828e+00
3.33439682e-03
7.97738311e-01
3.08034289e-01
5.15379988e-01
0.00000000e+00
3.91383344e-01
-7.10836664e-01
-1.72440087e+00
4.12553285e-01
3.76361736e-02
3.61973189e-01
8.37315158e-01
-1.75554926e+00
-3.35731063e-01
7.47654311e-01
1 1
-2.3100e-01 3.5047e-01
3 -1
0 8 3 
217
-2.42620838e-01
-8.62404853e-02
-6.38864781e-02
-2.53246320e-01
-5.85366853e-01
7.61593656e-01
2.03510724e-01
1.19924011e-01
2.33313471e-01
3.09736845e-01
0.00000000e+00
0.00000000e+00
0.00000000e+00
0.00000000e+00
3.94517850e-01
-8.62273902e-04
1.86810189e-01
-2.07864013e-02
-1.69006462e-03
4.30735445e-01
-4.66176258e-01
3.48326074e-03
5.50719291e-01
-1.50176028e-01
-3.30557088e-03
3.96439257e-01
2.00580916e-01
-3.17672520e-01
-1.25529235e-01
0.00000000e+00
0.00000000e+00
0.00000000e+00
0.00000000e+00
0.00000000e+00
0.00000000e+00
0.00000000e+00
-2.59114208e-02
-4.11524896e-02
-1.72541543e-01
-3.01538485e-03
0.00000000e+00
0.00000000e+00
0.00000000e+00
0.00000000e+00
-2.59114208e-02
1.52209266e-02
-3.43014869e-01
3.48165389e-01
2.86641453e-01
-9.79626227e-02
-4.22744310e-01
-3.01538485e-03
0.00000000e+00
0.00000000e+00
0.00000000e+00
0.00000000e+00
0.00000000e+00
0.00000000e+00
0.00000000e+00
0.00000000e+00
2.47187382e-01
1.52209266e-02
-4.79117726e-01
-4.83275917e-01
-2.17532294e-02
-1.65071142e+00
8.08010479e-01
-3.79580347e-01
-5.45602171e-01
1.22827423e+00
0.00000000e+00
1.77988336e-01
-3.31266128e-01
9.66246836e-02
5.25396345e-01
-5.17233858e-01
-1.64488260e-01
0.00000000e+00
-5.53997411e-03
-7.95126535e-01
-2.41170049e-02
-2.05156680e-01
-2.12963859e-01
1.56654530e-02
0.00000000e+00
0.00000000e+00
0.00000000e+00
0.00000000e+00
0.00000000e+00
0.00000000e+00
0.00000000e+00
0.00000000e+00
0.00000000e+00
0.00000000e+00
0.00000000e+00
0.00000000e+00
0.00000000e+00
0.00000000e+00
0.00000000e+00
0.00000000e+00
0.00000000e+00
0.00000000e+00
0.00000000e+00
0.00000000e+00
0.00000000e+00
0.00000000e+00
0.00000000e+00
0.00000000e+00
0.00000000e+00
0.00000000e+00
0.00000000e+00
0.00000000e+00
0.00000000e+00
0.00000000e+00
0.00000000e+00
0.00000000e+00
0.00000000e+00
0.00000000e+00
0.00000000e+00
-4.19269984e-01
6.50957401e-01
-1.46283029e+00
0.00000000e+00
0.00000000e+00
0.00000000e+00
4.17749502e-01
1.09906163e+00
-2.42796587e-01
9.27064260e-01
-1.71750650e-01
-4.64169428e-02
-6.80833147e-01
1.64081179e-01
6.97864665e-01
0.00000000e+00
7.07759702e-01
9.02919459e-01
-7.28347929e-01
5.82526065e-01
3.54737177e-01
7.17909179e-01
1.09258213e+00
-8.65174215e-01
1.06458023e+00
1.55697235e+00
-5.54708598e-01
0.00000000e+00
0.00000000e+00
0.00000000e+00
8.63295502e-01
4.80100112e-01
3.28243970e-01
-1.99084979e-01
-1.96672148e-01
8.89676672e-01
1.18791704e+00
1.15059503e+00
8.02241690e-01
0.00000000e+00
3.24069856e-01
2.23798177e-01
-4.16017199e-02
6.53911865e-01
2.57081439e-01
4.67788901e-01
5.88409209e-01
-8.45634394e-02
-4.81163074e-01
2.41859087e-01
-1.00872234e+00
0.00000000e+00
0.00000000e+00
0.00000000e+00
-2.64240004e-01
1.32895307e+00
1.28257744e-01
5.32454181e-01
-2.23334720e-01
4.89964479e-01
1.49806615e+00
5.67323025e-02
1.02882861e+00
0.00000000e+00
8.15302243e-01
-5.48792135e-02
-1.03822743e+00
7.36911486e-01
3.02023507e-01
7.56349624e-01
1.01537349e+00
-5.47326470e-01
-1.79873685e-01
1.01846891e+00
-7.42785451e-01
0.00000000e+00
0.00000000e+00
0.00000000e+00
1.25821191e+00
5.21011617e-01
2.14170206e-01
3.28568638e-01
-2.05589814e-01
6.19117380e-01
7.84847132e-03
9.22050649e-01
5.47574300e-01
0.00000000e+00
5.84687056e-01
2.55850473e-01
-5.32299337e-01
9.92977439e-01
4.71393390e-01
3.22755539e-01
4.09247163e-01
-3.89859519e-01
6.13340981e-01
2.73477760e-01
136
8.97065831e-01
3.98979489e-01
5.88914551e-03
3.14201267e-01
-3.01677542e-03
1.56602865e-01
1.10460852e-03
2.72822100e-02
-5.27274577e-03
3.04307026e-01
1.65811136e-01
4.26947669e-01
0.00000000e+00
0.00000000e+00
0.00000000e+00
0.00000000e+00
0.00000000e+00
0.00000000e+00
0.00000000e+00
-1.20378413e-01
6.78885115e-03
5.02729203e-01
5.07926190e-01
0.00000000e+00
0.00000000e+00
0.00000000e+00
0.00000000e+00
-1.20378413e-01
-2.52351838e-01
-1.14896226e-01
1.14557131e+00
3.74036915e-01
9.52879729e-02
-7.38130077e-01
5.07926190e-01
0.00000000e+00
0.00000000e+00
0.00000000e+00
0.00000000e+00
0.00000000e+00
0.00000000e+00
0.00000000e+00
0.00000000e+00
0.00000000e+00
0.00000000e+00
0.00000000e+00
4.52246227e-02
-6.44592424e-01
2.97435962e-02
-3.51454586e-02
-2.71998325e+00
0.00000000e+00
9.65946377e-02
4.65568085e-01
-2.25293213e-01
-3.72165107e-01
0.00000000e+00
6.57944830e-01
1.71422217e-01
9.78994690e-02
-8.48400095e-01
-2.52351838e-01
-4.78989388e-01
0.00000000e+00
0.00000000e+00
0.00000000e+00
0.00000000e+00
0.00000000e+00
0.00000000e+00
0.00000000e+00
0.00000000e+00
0.00000000e+00
0.00000000e+00
0.00000000e+00
0.00000000e+00
0.00000000e+00
0.00000000e+00
0.00000000e+00
0.00000000e+00
0.00000000e+00
0.00000000e+00
0.00000000e+00
0.00000000e+00
0.00000000e+00
0.00000000e+00
0.00000000e+00
-7.62143539e-01
1.22906368e-01
-1.30509552e+00
0.00000000e+00
0.00000000e+00
0.00000000e+00
5.02872862e-01
6.76927550e-01
-5.90186235e-01
2.79182431e-01
-2.51483278e+00
-4.13241670e-01
-4.92187178e-01
2.53717708e-01
-7.69054568e-02
0.00000000e+00
5.29065679e-01
4.82645086e-01
-1.60544833e+00
4.30079769e-01
1.41784161e-02
6.80038452e-01
9.97204746e-01
-1.98784512e+00
5.78852542e-01
9.50786007e-01
-1.32688192e+00
0.00000000e+00
0.00000000e+00
0.00000000e+00
2.13859645e-01
9.97180044e-01
-4.89487544e-01
8.21820779e-02
-2.47268767e+00
2.22286353e-01
7.88791843e-01
4.27135158e-01
7.88738086e-01
0.00000000e+00
5.80839480e-01
-5.53849209e-01
-2.56504229e+00
5.56749923e-01
3.64685314e-01
4.66255219e-01
7.83050430e-01
-1.78238016e+00
-6.39429638e-01
9.04241024e-01
7 1
-4.4719e-01 4.0698e-01
4 1
0 8 3 1 
217
-1.49116669e-01
-2.08382654e-02
-5.51138098e-02
-3.14476812e-01
-4.12071099e-01
5.19922766e-01
4.25760706e-02
6.66760781e-01
2.20514217e-01
1.28210764e-01
0.00000000e+00
0.00000000e+00
0.00000000e+00
0.00000000e+00
3.24426481e-01
-1.54537550e-02
6.15041970e-01
-1.70682338e-01
-3.25829915e-05
5.72531185e-01
-2.95962571e-01
4.50342751e-03
4.04070965e-01
-6.89824098e-03
-4.32148929e-03
2.06431065e-01
1.06301426e-01
-2.20081963e-01
-3.53361320e-02
0.00000000e+00
0.00000000e+00
0.00000000e+00
0.00000000e+00
0.00000000e+00
0.00000000e+00
0.00000000e+00
0.00000000e+00
-3.82110684e-01
5.93086674e-02
-5.75989490e-02
-2.79627471e-02
0.00000000e+00
0.00000000e+00
0.00000000e+00
0.00000000e+00
4.92252868e-05
-5.12919963e-01
1.83774907e-01
0.00000000e+00
7.97219811e-02
-3.77260435e-01
-8.25499842e-02
0.00000000e+00
-4.86564674e-01
3.80100867e-01
1.77514607e-01
0.00000000e+00
1.67702285e-01
-3.20265857e-01
-2.79627471e-02
1.16363752e-02
4.92252868e-05
-4.20049314e-01
8.34754921e-02
-2.44277762e-01
-1.43178550e+00
6.42705107e-01
-2.11655455e-01
-6.31019507e-01
1.61252927e+00
0.00000000e+00
4.30451936e-01
-3.60728100e-01
-8.36845173e-02
8.18577688e-01
-4.95884087e-01
2.25280646e-01
0.00000000e+00
1.49684930e-01
-6.76156464e-01
-6.66934441e-02
-3.03773309e-02
-2.32108155e-01
1.04275391e-01
0.00000000e+00
3.99475404e-01
-5.97744534e-02
7.24207175e-03
2.72369769e-01
3.11301346e-01
8.86788368e-01
0.00000000e+00
0.00000000e+00
0.00000000e+00
0.00000000e+00
0.00000000e+00
0.00000000e+00
0.00000000e+00
0.00000000e+00
0.00000000e+00
0.00000000e+00
0.00000000e+00
0.00000000e+00
0.00000000e+00
0.00000000e+00
0.00000000e+00
0.00000000e+00
0.00000000e+00
0.00000000e+00
0.00000000e+00
0.00000000e+00
0.00000000e+00
0.00000000e+00
0.00000000e+00
0.00000000e+00
0.00000000e+00
0.00000000e+00
0.00000000e+00
0.00000000e+00
-9.05302174e-01
4.92887183e-01
-1.57870755e+00
0.00000000e+00
0.00000000e+00
0.00000000e+00
4.84838649e-01
1.33115333e+00
-8.86497687e-02
5.47321736e-01
-2.19727736e-01
-5.13573650e-01
-7.21952226e-01
3.93799961e-01
4.69411307e-01
0.00000000e+00
8.26187250e-01
9.21388868e-01
-7.29359359e-01
3.68505942e-02
4.86149652e-01
1.08711964e+00
1.47343703e+00
-1.58565840e+00
3.48339596e-01
1.31673052e+00
-7.17802620e-01
0.00000000e+00
0.00000000e+00
0.00000000e+00
6.99701366e-01
1.09287644e-01
-1.95615736e-01
-9.74701973e-02
-1.77623181e-01
1.31179279e+00
1.32128292e+00
6.96988750e-01
2.92888547e-01
0.00000000e+00
4.28776206e-01
1.93044511e-01
-2.08842914e-01
5.79446872e-01
-1.19211016e-01
2.78056520e-01
4.94973812e-02
-4.58837405e-01
2.57891235e-01
1.62425433e-01
-1.22488607e+00
0.00000000e+00
0.00000000e+00
0.00000000e+00
5.40923182e-01
1.04544482e+00
-3.02248555e-01
7.65944718e-01
-1.36823175e-01
2.53799382e-01
1.05724291e+00
4.75850334e-01
6.11101867e-01
0.00000000e+00
9.87157669e-01
7.93395640e-04
-1.39117031e+00
8.94244302e-01
3.49274251e-01
6.61364271e-01
1.03570082e+00
-1.37453962e+00
-3.08901971e-01
7.05890101e-01
-4.94215988e-01
0.00000000e+00
0.00000000e+00
0.00000000e+00
3.06641761e-01
5.66662891e-01
4.65532368e-02
-2.91564368e-01
-7.92016821e-02
6.61129603e-01
-4.32327631e-02
6.01387444e-01
7.77209558e-01
0.00000000e+00
2.77340367e-01
-5.89742939e-02
-8.82039233e-01
5.10936047e-01
6.61876185e-01
-1.93177223e-02
1.96104112e-01
-3.96329957e-01
5.05051515e-01
4.00632135e-01
136
8.45681711e-01
7.17136051e-01
-9.36598067e-03
2.63074631e-01
-3.28556897e-03
1.58389110e-02
2.89925658e-03
-1.50367882e-01
-3.51537855e-03
1.80966091e-01
1.55765601e-01
5.08950019e-01
0.00000000e+00
0.00000000e+00
0.00000000e+00
0.00000000e+00
0.00000000e+00
0.00000000e+00
0.00000000e+00
-1.76720336e-01
-2.29006423e-01
1.68733413e-02
5.16409315e-01
7.18125814e-01
0.00000000e+00
0.00000000e+00
0.00000000e+00
-1.76720336e-01
4.51717900e-01
-6.51110531e-01
9.63914718e-01
3.19982564e-01
-1.73895127e-01
-5.16244671e-01
3.89918379e-01
-3.49596357e-01
-1.61406457e-01
-2.52915778e-01
9.78148077e-01
1.57420657e-01
-2.74668645e-01
-5.76988495e-01
7.18125814e-01
0.00000000e+00
0.00000000e+00
0.00000000e+00
-6.28069510e-01
-1.41810344e+00
3.98792829e-02
5.60702911e-02
-2.13273876e+00
0.00000000e+00
-2.07165800e-01
1.64857604e-01
-3.09276677e-01
-1.75699297e-01
0.00000000e+00
8.02031236e-01
1.11021354e-01
5.36801369e-02
-6.86525490e-01
-1.81370840e+00
1.00353659e+00
2.96399775e-01
-2.89367165e-03
-1.49553279e-01
0.00000000e+00
0.00000000e+00
0.00000000e+00
0.00000000e+00
0.00000000e+00
0.00000000e+00
0.00000000e+00
0.00000000e+00
0.00000000e+00
0.00000000e+00
0.00000000e+00
0.00000000e+00
0.00000000e+00
0.00000000e+00
0.00000000e+00
0.00000000e+00
0.00000000e+00
0.00000000e+00
0.00000000e+00
0.00000000e+00
-7.28875028e-01
5.57766708e-02
-1.25141540e+00
0.00000000e+00
0.00000000e+00
0.00000000e+00
4.56672447e-01
6.60175585e-01
-6.25419408e-01
2.75082779e-01
-2.59122787e+00
-2.19298778e-01
-6.04802764e-01
2.37254910e-01
1.65127861e-01
0.00000000e+00
1.78882527e-01
3.28345298e-01
-1.59850776e+00
6.33831752e-01
9.62005723e-02
5.43041886e-01
9.22561806e-01
-1.67104976e+00
6.37500840e-01
9.24212671e-01
-1.31548692e+00
0.00000000e+00
0.00000000e+00
0.00000000e+00
2.76423630e-01
9.14099125e-01
-4.26748802e-01
1.11256037e-01
-2.50101892e+00
2.79932111e-01
8.55167448e-01
2.99185830e-01
8.72518536e-01
0.00000000e+00
4.89851673e-01
-5.49735539e-01
-2.64562761e+00
5.99248756e-01
2.17681013e-01
5.16931053e-01
6.31489261e-01
-1.47134652e+00
-5.68580144e-01
7.83786151e-01
6 1
-5.5373e-01 3.7180e-01
5 0
0 8 3 1 7 
217
-1.05853064e+00
-9.04717107e-01
6.59132175e-01
-1.18819936e+00
-1.57590369e+00
1.69235889e+00
2.41022442e-01
1.47993082e-01
-1.85151616e-01
-1.24105226e-01
6.82080712e-01
-9.43272196e-01
-2.20578493e-01
7.49216172e-01
1.65631940e-01
7.46347819e-03
1.05538326e-01
3.73239088e-02
-1.96355966e-03
3.52646147e-01
9.65989014e-02
-8.24988550e-03
6.93335786e-01
-1.35808540e+00
3.81621447e-03
1.40531784e+00
-7.19385624e-01
-1.79201278e-01
-1.59943743e-01
0.00000000e+00
0.00000000e+00
0.00000000e+00
0.00000000e+00
0.00000000e+00
0.00000000e+00
0.00000000e+00
0.00000000e+00
4.16474006e-01
-4.54341422e-02
-1.81713085e-01
-2.95077792e-01
-2.56818310e-01
0.00000000e+00
0.00000000e+00
0.00000000e+00
2.48857231e-02
-7.49740910e-01
4.93732368e-01
0.00000000e+00
2.48564001e-01
-6.18717271e-01
3.10722524e-01
4.53747035e-01
-2.62847049e-01
5.63206178e-01
-9.91610475e-02
0.00000000e+00
-6.46992560e-01
-2.78060368e-01
-1.17651822e-01
2.66595861e-01
-3.15343723e-01
-3.13821461e-01
0.00000000e+00
-1.00978278e+00
-2.86773286e+00
7.68018442e-01
3.07244469e-02
-8.16766303e-01
8.40466810e-01
0.00000000e+00
-5.62860297e-01
-3.17561258e-01
-3.60405766e-01
7.67490126e-01
-1.35264582e-01
-4.84103356e-02
0.00000000e+00
-2.73406895e-01
-1.70610264e+00
-1.44672002e-01
1.25389543e-02
-6.40451748e-01
-3.29563267e-01
-6.86773493e-01
-4.31791759e-01
3.96433495e-01
1.48346674e-01
-3.15456983e-01
-8.83120669e-02
2.87657267e-01
4.36292820e-01
-8.03945669e-02
-2.65628353e-01
-5.58071230e-01
1.03417665e-01
-8.56357669e-01
-3.36480995e-01
0.00000000e+00
0.00000000e+00
0.00000000e+00
0.00000000e+00
0.00000000e+00
0.00000000e+00
0.00000000e+00
0.00000000e+00
0.00000000e+00
0.00000000e+00
0.00000000e+00
0.00000000e+00
0.00000000e+00
0.00000000e+00
0.00000000e+00
0.00000000e+00
0.00000000e+00
0.00000000e+00
0.00000000e+00
0.00000000e+00
0.00000000e+00
-1.00654487e-01
1.43436770e-01
-6.71857600e-01
0.00000000e+00
0.00000000e+00
0.00000000e+00
6.49363629e-01
8.18796073e-01
-3.11811335e-01
1.34370667e+00
-1.61358405e-02
-3.31412651e-01
2.40833291e-01
2.85173742e-01
2.15167086e+00
0.00000000e+00
5.16084073e-01
1.37908216e+00
-3.17070880e-01
1.14645817e+00
-2.80355003e-01
-1.06660280e-01
1.52034697e+00
-1.10537360e+00
-4.54184795e-01
1.03334585e-01
-1.14223585e+00
0.00000000e+00
0.00000000e+00
0.00000000e+00
-1.55270598e-01
1.09646986e+00
6.98486207e-01
-2.40611869e-01
-1.30441421e-02
9.43456807e-01
1.22641532e+00
9.81553236e-01
1.45541632e-01
0.00000000e+00
5.71771950e-01
-5.29684207e-01
6.55539051e-01
3.54827557e-01
4.36911189e-01
8.74444594e-01
-2.04192146e-01
6.25256051e-02
8.16617081e-01
7.14370032e-01
-1.13499969e+00
0.00000000e+00
0.00000000e+00
0.00000000e+00
1.09811088e+00
1.91782259e+00
2.80561291e-01
8.24858072e-01
-6.20637985e-02
-3.66460106e-01
1.48049790e+00
5.10575430e-01
2.09676396e+00
0.00000000e+00
9.14539598e-01
2.64594815e-01
-6.71719329e-01
8.38619390e-01
-6.70300398e-01
1.16213789e+00
1.28465691e+00
-7.69931892e-01
3.99280502e-01
1.08692473e+00
-1.28572165e+00
0.00000000e+00
0.00000000e+00
0.00000000e+00
5.93884668e-01
3.62935269e-01
4.52285018e-01
6.10864517e-01
-7.26752584e-02
1.31445922e+00
-5.47224901e-03
1.07153320e+00
3.59927652e-03
0.00000000e+00
7.81311258e-01
7.20464039e-01
-2.44485464e-01
1.09735385e+00
1.78847364e+00
5.84612211e-01
9.16284722e-01
6.13971984e-01
-3.23051582e-01
1.22287227e+00
136
1.98713917e-01
-3.09274782e-01
5.27505220e-02
7.11196774e-01
-6.27474847e-03
3.76535078e-01
-6.25721224e-03
-5.79743153e-01
9.66272263e-04
-2.05968736e-01
-5.35475420e-03
4.10037407e-01
0.00000000e+00
0.00000000e+00
0.00000000e+00
0.00000000e+00
0.00000000e+00
0.00000000e+00
0.00000000e+00
2.88312431e-02
2.76875626e-01
1.83046979e-01
6.06530111e-02
-5.68251042e-02
-2.93867838e-01
0.00000000e+00
0.00000000e+00
1.79129615e-01
-4.12152445e-01
-3.93798071e-01
9.57646594e-01
6.63368088e-01
-5.19606858e-02
-3.98613685e-01
3.34048627e-01
4.09481651e-02
-3.39142059e-01
-4.35941279e-01
5.75084582e-01
1.14812002e-01
-3.73334583e-01
-2.75829313e-01
1.44483655e-02
0.00000000e+00
0.00000000e+00
0.00000000e+00
0.00000000e+00
-4.25240684e-01
1.59633303e-01
8.09216832e-02
-2.28894934e+00
0.00000000e+00
-1.78331903e-01
3.54610437e-01
-1.72932609e-01
-2.43148989e-01
0.00000000e+00
1.71775101e-01
2.38591245e-02
6.67663330e-02
-4.01109467e-01
-2.25963451e-01
-2.15326641e-01
2.09796883e-01
-4.60968659e-02
-7.66945047e-03
7.36642853e-01
7.63450966e-01
-5.65601069e-01
1.62689416e-01
-2.40353632e-01
0.00000000e+00
0.00000000e+00
0.00000000e+00
0.00000000e+00
0.00000000e+00
0.00000000e+00
0.00000000e+00
0.00000000e+00
0.00000000e+00
0.00000000e+00
0.00000000e+00
0.00000000e+00
0.00000000e+00
0.00000000e+00
0.00000000e+00
-5.11156839e-01
3.49817995e-01
-1.15180168e+00
0.00000000e+00
0.00000000e+00
0.00000000e+00
4.89852417e-01
8.54792499e-01
-7.16065527e-01
2.59400187e-01
-2.49039845e+00
-4.30301778e-01
3.29704403e-01
3.57950588e-01
5.66637502e-02
0.00000000e+00
3.92349033e-01
-1.39644738e-01
-1.44643734e+00
7.74227936e-01
-1.06106402e-01
6.00699939e-01
8.79641804e-01
-1.78295963e+00
3.60681879e-01
6.04147751e-01
-1.15444995e+00
0.00000000e+00
0.00000000e+00
0.00000000e+00
2.05581422e-01
1.29767325e+00
-5.73567757e-01
1.54720316e-01
-2.28514509e+00
2.52602283e-01
7.61968058e-01
1.94469620e-01
5.80567154e-01
0.00000000e+00
4.95589219e-01
-4.31602369e-01
-1.70710181e+00
4.46405860e-01
7.25242452e-02
4.01851869e-01
8.28714242e-01
-1.85927393e+00
-4.56723290e-01
4.66296755e-01
9 1
-8.0330e-01 4.3375e-01
6 0
0 8 3 1 7 6 
217
5.30046826e-01
-1.66888772e-01
-3.44796180e-01
3.89666366e-01
1.62534133e-01
2.81767875e-02
4.20314223e-01
7.69058721e-02
1.10576999e-01
3.46313913e-03
-3.10023383e-01
1.41254496e-01
1.46644854e-01
-4.23949708e-01
8.05268318e-01
-2.14812108e-02
3.47970682e-01
1.17517895e+00
-1.98533201e-02
-1.48268703e-01
-6.93809258e-01
1.97328206e-03
-2.83643339e-02
-7.56591183e-01
-2.46105009e-03
-4.75095736e-02
-5.87951670e-01
5.53162363e-01
5.64836132e-01
0.00000000e+00
0.00000000e+00
0.00000000e+00
0.00000000e+00
0.00000000e+00
0.00000000e+00
0.00000000e+00
0.00000000e+00
-2.75793288e-01
-2.25235318e-01
-1.16825655e-01
1.34808729e-01
2.94734233e-01
3.76514917e-01
0.00000000e+00
0.00000000e+00
-4.22777051e-02
-6.80465773e-01
5.89948776e-01
0.00000000e+00
2.49334464e-01
-5.71082479e-01
-4.18639543e-02
0.00000000e+00
1.41019454e-01
3.68422379e-01
4.18059735e-01
0.00000000e+00
8.21364386e-02
1.84119365e-01
-1.18333969e-01
-4.85962161e-02
-3.92389200e-01
6.29189033e-01
0.00000000e+00
-7.47976414e-01
-5.96336012e-01
1.19374896e+00
2.92138368e-02
8.42742802e-02
9.77757894e-02
0.00000000e+00
3.81242746e-01
-1.17807552e-02
2.99571998e-01
4.93251813e-01
-1.50767918e-01
-9.12715735e-02
0.00000000e+00
-2.13712119e-01
-1.70290841e-01
2.45441235e-01
-3.76769439e-01
4.98317710e-01
2.76960088e-01
3.11134899e-01
3.03965208e-01
7.33979352e-02
-2.64984798e-01
3.70021091e-02
1.79931516e-01
1.25251784e-02
5.48504277e-01
2.59022514e-01
-2.58298397e-01
-1.82098866e-01
-6.58586570e-01
-9.53810993e-02
2.11406236e-02
-5.96389813e-01
-2.60765033e-01
2.20441511e-01
6.65565637e-01
-1.18359244e-01
7.21636035e-01
4.63900563e-01
0.00000000e+00
0.00000000e+00
0.00000000e+00
0.00000000e+00
0.00000000e+00
0.00000000e+00
0.00000000e+00
0.00000000e+00
0.00000000e+00
0.00000000e+00
0.00000000e+00
0.00000000e+00
0.00000000e+00
0.00000000e+00
-5.59999187e-01
8.95990070e-01
-1.26196234e+00
0.00000000e+00
0.00000000e+00
0.00000000e+00
1.04639993e+00
1.42517032e+00
-2.64570756e-01
1.12633944e+00
-2.02862843e-01
-1.66092205e-02
5.37701248e-01
1.13879363e+00
8.61349101e-01
0.00000000e+00
-3.48314694e-01
2.63823128e-01
-1.49619739e+00
4.82011625e-01
-1.14676034e-01
6.58721289e-01
1.77694852e+00
-2.94443746e-01
-1.24739441e-01
6.92409530e-01
-1.03141158e+00
0.00000000e+00
0.00000000e+00
0.00000000e+00
4.16183778e-01
7.86488664e-01
2.47658993e-01
3.37639711e-01
-1.29383029e-01
8.88279879e-01
6.69546780e-01
2.42490423e-01
-6.67820552e-02
0.00000000e+00
1.04713921e+00
2.80037946e-01
1.37088346e+00
8.50536991e-01
6.86144229e-01
9.40648313e-01
-5.86831369e-02
-1.15029767e+00
4.08863442e-01
7.31581713e-01
-8.85503800e-01
0.00000000e+00
0.00000000e+00
0.00000000e+00
5.76703819e-01
7.99256044e-01
5.35449200e-01
7.68831041e-01
-1.50665336e+00
8.50066590e-01
1.42267747e+00
7.28912302e-01
1.22389007e+00
0.00000000e+00
1.09284508e+00
1.25146945e-01
-4.11613529e-02
1.18375600e+00
-1.00039875e+00
1.01052707e+00
1.07762217e+00
-8.59003958e-01
-2.27325859e-01
7.67183264e-01
-8.46072130e-01
0.00000000e+00
0.00000000e+00
0.00000000e+00
4.52118548e-01
8.79510651e-01
8.48370025e-02
4.35365364e-01
6.55846411e-01
-4.67627327e-03
2.56919727e-01
4.79977412e-02
3.49294923e-01
0.00000000e+00
5.55850839e-01
-4.72330114e-01
-5.76413005e-02
-5.65466287e-02
1.17770237e+00
1.10846976e-01
8.71505532e-01
-6.35054227e-01
8.41160726e-01
5.51125129e-01
136
2.88466455e-01
1.07920109e+00
-2.18810971e-02
3.32127029e-01
-9.47731161e-03
-3.68334178e-01
-3.50267640e-03
-7.54527490e-01
-4.34244691e-03
-2.45273871e-01
7.45457715e-02
4.59194554e-01
0.00000000e+00
0.00000000e+00
0.00000000e+00
0.00000000e+00
0.00000000e+00
0.00000000e+00
0.00000000e+00
9.98837951e-02
2.94655573e-01
-1.89585181e-01
-1.98435022e-01
-1.07657201e-01
5.34465185e-02
3.36157972e-01
0.00000000e+00
-2.00294699e-01
-1.26807785e-01
-5.61872462e-01
1.07786919e+00
1.73419936e-01
-5.72300763e-03
-2.26857926e-01
3.07918004e-01
-2.81053575e-01
-6.49371440e-02
-2.40978152e-01
7.90168273e-01
8.63579033e-02
-1.34566186e-01
-1.82987716e-01
-1.21188196e-01
0.00000000e+00
0.00000000e+00
0.00000000e+00
0.00000000e+00
1.42096512e+00
4.74886721e-01
3.36530828e-01
-2.57094802e+00
0.00000000e+00
-5.53604558e-01
3.46214512e-01
-2.60904465e-01
-2.69109639e-01
0.00000000e+00
3.92093644e-01
7.97894877e-02
1.34361529e-01
-5.95597032e-01
-9.86405227e-01
-5.77439596e-01
5.06109437e-02
-1.16445889e-01
-6.58005106e-02
6.84142512e-01
2.34234436e-01
-5.78477963e-01
2.13807277e-02
-2.42690828e-01
8.61646058e-02
7.10651768e-01
7.30488640e-02
3.17329717e-01
-8.45834447e-01
0.00000000e+00
0.00000000e+00
0.00000000e+00
0.00000000e+00
0.00000000e+00
0.00000000e+00
0.00000000e+00
0.00000000e+00
0.00000000e+00
0.00000000e+00
-4.90170822e-01
-2.65715080e-01
-1.09637887e+00
0.00000000e+00
0.00000000e+00
0.00000000e+00
5.12483489e-01
5.33853231e-01
-6.90813124e-01
1.87231343e-01
-2.17695410e+00
-4.09940092e-01
-4.81711393e-01
3.67146071e-01
1.65477460e-01
0.00000000e+00
1.99151435e-01
6.08443488e-01
-1.53492979e+00
7.21854605e-01
-2.13600845e-01
5.58102772e-01
9.78120941e-01
-1.81020987e+00
5.42163895e-01
8.47751610e-01
-1.39964839e+00
0.00000000e+00
0.00000000e+00
0.00000000e+00
2.46917541e-01
1.00315172e+00
-5.24838857e-01
2.17723080e-01
-2.57102398e+00
-5.31222450e-03
7.79694917e-01
2.57519109e-01
6.33052860e-01
0.00000000e+00
4.55373738e-01
-6.10188703e-01
-1.64403640e+00
5.48932439e-01
1.60830663e-01
3.69721680e-01
8.15564262e-01
-1.85264120e+00
-3.36160399e-01
6.56071360e-01
5 1
-8.7554e-01 4.5894e-01
7 0
0 8 3 1 7 6 9 
217
-3.25765245e-01
-3.81199528e-01
4.01729852e-01
-4.93379247e-01
-1.50355792e-01
2.39520058e-01
1.30632510e-02
2.44214863e-01
3.43797577e-01
-6.71000444e-03
-5.16805167e-01
1.02002741e+00
-1.54651137e-02
-4.38065771e-01
1.21140579e+00
-3.55978869e-02
-1.15772924e+00
-3.56445054e-01
-1.91635036e-03
4.78966190e-01
-6.46149614e-01
6.71580533e-03
3.89808826e-01
-5.34576371e-01
-1.22418958e-03
4.36323233e-01
-2.19293446e-01
1.81591162e-02
-1.24630915e-01
0.00000000e+00
0.00000000e+00
0.00000000e+00
0.00000000e+00
0.00000000e+00
0.00000000e+00
0.00000000e+00
0.00000000e+00
2.00493930e-01
-3.34937653e-01
-4.47847885e-01
-2.29367125e-01
7.22720344e-02
2.90532446e-01
3.08634228e-01
0.00000000e+00
1.82252333e-01
-9.35505971e-01
5.63784271e-01
0.00000000e+00
-2.66206764e-01
3.13271598e-01
2.13281397e-02
-3.01258578e-01
3.93809946e-02
-1.75150589e-01
4.46878315e-01
7.52579529e-01
-2.64415198e-01
-1.99013489e-01
-2.63668082e-01
-4.69899739e-02
-6.97066550e-01
6.03836499e-01
0.00000000e+00
-7.85099255e-01
1.43288930e-01
5.41205389e-01
3.80139096e-01
-8.18713796e-02
4.84043462e-01
0.00000000e+00
-9.76894383e-02
-1.72844785e-01
-5.75317933e-02
5.56844943e-01
-1.70544013e-01
1.54123688e-01
0.00000000e+00
-3.93615943e-01
-3.68272565e-02
-2.71827661e-02
-1.72894045e-01
9.50334639e-02
-1.11023102e-01
-1.57296696e-01
-2.03801451e-01
-1.57063135e-01
3.03923054e-02
-4.87254018e-01
4.94059748e-03
1.45083160e-01
2.46869836e-02
7.00431345e-02
-2.29427950e-01
-1.31494084e-01
-8.12872520e-01
-2.89001279e-01
8.44157429e-03
-1.02589397e+00
-3.04041216e-01
-4.25031896e-01
2.65238979e-01
3.99829701e-02
7.38930958e-01
4.85418856e-01
-6.43041247e-01
-2.99208532e-01
3.33545357e-01
2.46175989e-01
-8.86245179e-02
3.70308545e-01
1.74327611e-01
0.00000000e+00
0.00000000e+00
0.00000000e+00
0.00000000e+00
0.00000000e+00
0.00000000e+00
0.00000000e+00
-3.87410361e-01
2.82578743e-01
-1.18391062e+00
0.00000000e+00
0.00000000e+00
0.00000000e+00
1.05522635e+00
1.72894327e+00
2.34620909e-01
7.98487498e-01
-4.01721070e-01
1.22343855e-01
2.81671448e-01
1.07660996e+00
7.86188440e-01
0.00000000e+00
5.35351093e-01
8.34336922e-01
-8.99194838e-01
6.69305042e-01
1.48393001e-01
7.59396617e-01
1.10385259e+00
-3.87782696e-02
-8.59003190e-02
1.26375990e+00
-9.77418574e-01
0.00000000e+00
0.00000000e+00
0.00000000e+00
8.73564839e-01
2.07193158e-01
5.34682436e-01
6.16880505e-01
-3.20841004e-01
7.18374013e-01
9.86308086e-01
4.12010006e-01
2.67426793e-01
0.00000000e+00
6.31772380e-01
2.50756471e-01
1.21530909e+00
7.53601390e-01
7.20322721e-01
7.33965789e-01
8.67263494e-01
-3.44854610e-02
1.25447252e-01
6.36580436e-01
-6.10269815e-01
0.00000000e+00
0.00000000e+00
0.00000000e+00
-1.20569360e-01
8.72402196e-01
-1.45076092e-01
5.15326524e-01
-1.66161300e+00
-3.84993306e-01
4.75369145e-01
2.08920555e-01
8.85442557e-01
0.00000000e+00
1.10514445e-01
9.61156167e-02
-2.00621600e+00
1.05404477e+00
-8.85331211e-01
4.77925322e-01
7.91951846e-01
-5.47065060e-01
-8.55540500e-01
5.08121743e-01
-4.36423812e-01
0.00000000e+00
0.00000000e+00
0.00000000e+00
3.00193345e-01
3.53902026e-01
-3.81171363e-01
5.31669877e-02
1.05483306e-01
3.31083800e-02
2.49924575e-01
9.50286371e-02
-5.85326682e-02
0.00000000e+00
1.27066560e-01
-4.37985793e-01
4.79223860e-02
-4.78541422e-01
5.23364250e-01
5.51428483e-02
-8.96943403e-02
-9.07207136e-01
4.98797124e-02
-7.74741019e-02
136
1.79232998e-01
1.16548215e+00
-2.15701322e-02
3.68722895e-01
-9.57650560e-03
-5.75680817e-01
-2.39039682e-03
-7.79291230e-01
-4.05475777e-03
-3.00912654e-01
9.70027618e-02
3.83142891e-01
0.00000000e+00
0.00000000e+00
0.00000000e+00
0.00000000e+00
0.00000000e+00
0.00000000e+00
0.00000000e+00
8.05832463e-03
1.55724056e-03
-1.74457649e-01
-7.29711332e-02
6.52700855e-02
1.33528591e-01
1.91815304e-01
2.64322345e-02
-1.14481669e-01
-1.76222855e-01
-6.81389428e-01
9.85979023e-01
3.11204046e-01
3.97721294e-02
-3.39462733e-01
3.43360199e-01
-1.54526882e-01
-3.52420650e-01
-2.37376266e-01
7.63777068e-01
-8.54487324e-03
-1.05722855e-01
-1.78742291e-01
8.40310345e-02
0.00000000e+00
0.00000000e+00
0.00000000e+00
0.00000000e+00
1.60192599e+00
6.26245883e-01
3.58695174e-01
-4.52137860e-01
0.00000000e+00
-5.60943608e-01
3.37596733e-01
-3.01342078e-01
-1.98338834e-01
0.00000000e+00
3.33383413e-02
-2.42613280e-02
-7.97752366e-03
-3.93570191e-01
-7.89281260e-01
3.96136540e-02
-1.00868757e-01
4.57170631e-02
-1.35112632e-02
8.06792441e-01
-9.32927363e-02
-6.00036641e-01
-4.86421317e-02
-3.02186494e-01
1.23571410e-01
6.40634422e-01
3.99963565e-02
2.88719982e-01
-6.24649396e-01
-1.40137673e-01
-2.19139532e-01
-4.01215307e-01
7.30885566e-02
2.70034781e-01
0.00000000e+00
0.00000000e+00
0.00000000e+00
0.00000000e+00
0.00000000e+00
-4.15430706e-01
-1.30745101e-01
-1.06775855e+00
0.00000000e+00
0.00000000e+00
0.00000000e+00
4.47272265e-01
5.46322639e-01
-6.73969260e-01
3.18396162e-01
-2.33339419e+00
-4.93318889e-01
-3.15088081e-01
3.34698232e-01
2.55985413e-01
0.00000000e+00
1.18502404e-01
5.58125337e-01
-1.49271187e+00
7.79476841e-01
-2.10524014e-01
5.91517565e-01
9.18855517e-01
-1.74662672e+00
5.29881485e-01
7.98840623e-01
-1.32153129e+00
0.00000000e+00
0.00000000e+00
0.00000000e+00
2.28724294e-01
9.34991175e-01
-5.22604247e-01
1.05930748e-01
-2.38482160e+00
6.34447556e-02
7.83705136e-01
1.63917593e-01
6.28214025e-01
0.00000000e+00
5.28280984e-01
-6.82176377e-01
-1.59914658e+00
5.07922953e-01
1.76598907e-01
3.65608155e-01
8.47735504e-01
-1.82835343e+00
-3.41192381e-01
7.01689102e-01
12 1
-1.0803e+00 4.5000e-01
8 1
0 8 3 1 7 6 9 5 
217
6.39114804e-01
4.66779459e-01
-1.45571066e+00
-6.84808314e-02
4.63846760e-01
-2.62008791e-01
4.05959433e-01
-4.70625482e-01
-2.30691389e-01
-2.78545211e-01
0.00000000e+00
0.00000000e+00
0.00000000e+00
0.00000000e+00
3.97184058e-01
4.88215205e-03
-4.47569208e-01
-2.64863133e-01
-2.64020761e-03
4.17181564e-01
1.01216910e-01
-1.11569132e-02
2.63592844e-01
4.05576969e-01
-4.94901996e-03
-1.29980803e+00
3.44377564e-01
1.76567960e-02
2.77080444e-01
0.00000000e+00
0.00000000e+00
0.00000000e+00
0.00000000e+00
0.00000000e+00
0.00000000e+00
0.00000000e+00
0.00000000e+00
1.50190640e+00
8.27313985e-01
4.38301735e-01
3.62511845e-01
2.32466923e-02
2.32184534e-01
-3.27673828e-01
0.00000000e+00
-6.95144667e-01
-7.13423210e-01
1.05245500e+00
0.00000000e+00
-3.51549533e-01
-5.16410032e-01
1.64389533e-01
-6.38781070e-01
-2.35015198e-01
-1.76368787e+00
1.65022383e+00
0.00000000e+00
-2.04314521e-01
-7.64499831e-01
7.50992034e-01
1.04989286e+00
8.73145329e-01
1.13475318e+00
-2.31368168e+00
8.20760007e-01
0.00000000e+00
1.60913143e+00
6.38744216e-02
5.22905043e-01
1.01938995e+00
0.00000000e+00
7.79075353e-01
-2.77691367e-01
2.54567137e-01
6.97119632e-01
-3.94527686e-01
-7.00543779e-01
0.00000000e+00
5.84354952e-01
-4.00015708e-01
8.28822429e-01
1.71040013e-01
0.00000000e+00
0.00000000e+00
0.00000000e+00
3.16367469e-01
3.43126207e-01
-2.87383237e-02
8.55084199e-01
3.51485658e-01
2.82498899e-01
0.00000000e+00
7.61781938e-02
-3.00848483e-01
2.43668926e-02
-1.15219563e+00
5.38569717e-01
2.20708781e-01
-9.92762113e-02
-3.21169575e-01
-2.85301932e-01
7.68376894e-01
-3.47791986e-01
2.91183696e-01
-5.01079740e-01
2.90956057e-01
-4.73167053e-01
-2.29935502e-02
6.61554237e-01
-4.37518869e-01
1.59771562e-01
-2.66016786e-01
7.03693465e-01
5.67442974e-02
-3.85715116e-01
1.00175254e-02
-1.04280807e+00
-1.31340484e-01
-5.02276189e-01
2.82907111e-01
6.82766207e-01
-1.80171918e+00
0.00000000e+00
0.00000000e+00
0.00000000e+00
2.49489510e-01
1.63289096e+00
8.35093274e-01
2.01948889e+00
-6.53597110e-02
-9.02735002e-01
1.02695862e-01
1.38952645e+00
1.37584786e+00
0.00000000e+00
1.39447949e+00
8.43152903e-01
-4.25517912e-02
4.98100838e-01
-1.49818741e-01
-1.84268642e-01
7.91115906e-01
-1.90609416e+00
7.74109762e-01
2.17290157e+00
-4.85107226e-01
0.00000000e+00
0.00000000e+00
0.00000000e+00
1.64899026e+00
1.59702095e-01
-3.32618883e-01
-1.04082727e+00
-5.60547167e-02
1.56757055e+00
1.21533933e+00
4.82328242e-01
4.05231889e-01
0.00000000e+00
3.40245995e-01
-3.39121060e-01
-2.82131540e-02
8.91132138e-01
9.44356051e-01
1.85018444e+00
1.42271752e+00
1.74535556e+00
-8.39418326e-01
5.15257707e-01
-2.13505886e+00
0.00000000e+00
0.00000000e+00
0.00000000e+00
9.67613632e-01
2.57566402e+00
1.24989002e+00
1.49840340e+00
-9.37318141e-02
1.34518185e+00
1.57278182e+00
1.29600327e+00
2.29993471e+00
0.00000000e+00
1.39873244e+00
-1.16218295e-01
-2.00653704e-02
1.46913163e+00
1.10707130e+00
1.97262876e+00
1.32402972e+00
-1.05253491e-01
2.99597233e-01
2.06958118e+00
-1.30343348e+00
0.00000000e+00
0.00000000e+00
0.00000000e+00
1.46430748e+00
8.72297698e-01
-1.86226340e-01
9.09197809e-01
-5.13757791e-02
2.01143378e+00
1.36223328e+00
1.95220115e+00
6.47896554e-01
0.00000000e+00
1.24002385e+00
2.18781372e+00
-1.56418035e-02
1.63880775e+00
1.09072443e+00
4.54436246e-01
1.14456318e+00
-8.44130586e-02
1.71539795e+00
1.34375801e+00
136
3.49910568e-01
-2.10160531e-01
2.13543733e-02
1.78066611e-01
2.55434528e-03
2.83311426e-01
-6.96622172e-03
9.86930622e-02
-6.72393473e-03
6.35572538e-02
5.88666440e-02
2.27486670e-01
0.00000000e+00
0.00000000e+00
0.00000000e+00
0.00000000e+00
0.00000000e+00
0.00000000e+00
0.00000000e+00
2.81946913e-01
5.52643080e-02
-1.40220450e-01
-2.11399424e-01
-3.24396248e-01
-1.07034427e-01
1.69324749e-01
6.26425148e-01
-7.54579164e-02
-1.36571803e-01
-7.56024969e-01
7.60043618e-01
4.77909417e-02
1.87118297e-01
-2.34235879e-01
3.76832838e-01
-5.15140416e-02
-1.18109315e-01
-2.47674830e-01
6.56788483e-01
-7.73207637e-02
1.93456359e-01
-2.37907605e-01
6.26971539e-02
0.00000000e+00
0.00000000e+00
0.00000000e+00
-8.23314725e-01
-8.09030338e-01
9.97199348e-02
-3.30804337e-02
-8.07984340e-01
0.00000000e+00
-3.06082420e-02
4.72229893e-01
-1.66624660e-01
-2.21032002e-01
0.00000000e+00
3.14792262e-02
8.36830041e-02
-3.91330452e-02
-3.47513791e-01
-6.16373406e-01
8.78348370e-02
4.31253904e-02
3.96315099e-02
-1.56038498e-01
0.00000000e+00
9.56593434e-01
-3.61281998e-01
1.62592658e-01
-3.42680204e-01
1.61613772e-01
5.30610828e-01
-2.73303151e-02
2.57270041e-01
-3.94300200e-01
8.48905317e-02
-5.49820673e-01
-2.09660017e-01
6.34098593e-04
9.70859629e-02
3.57393622e-01
3.25193617e-01
-5.73655002e-01
6.95968847e-02
-2.30941043e-01
-4.89459570e-01
3.00138327e-01
-1.14648330e+00
0.00000000e+00
0.00000000e+00
0.00000000e+00
3.50438161e-01
5.71112096e-01
-6.12119474e-01
2.54596319e-01
-2.52417092e+00
-1.93241499e-01
-3.70739472e-01
2.69557380e-01
2.55307911e-01
0.00000000e+00
3.68198379e-01
6.40458570e-01
-2.13966854e+00
6.14356459e-01
3.38599508e-02
5.97979912e-01
9.74190063e-01
-1.82828125e+00
6.52369242e-01
9.39313411e-01
-1.32426104e+00
0.00000000e+00
0.00000000e+00
0.00000000e+00
2.95999541e-01
9.60036726e-01
-4.60646641e-01
1.23773808e-01
-2.40777690e+00
3.98075014e-01
8.18734378e-01
3.44995452e-01
9.07007920e-01
0.00000000e+00
6.38789484e-01
-5.28502788e-01
-2.61927782e+00
7.22017376e-01
1.68234105e-01
4.53284675e-01
7.11017652e-01
-2.14132944e+00
-4.99130253e-01
7.90436678e-01
11 1
-1.0761e+00 4.7405e-01
8 0
0 8 3 1 7 6 9 5 
217
1.90122545e-01
-2.43571539e-01
-7.51280731e-03
-3.59721863e-03
-6.43055521e-01
7.27344134e-01
-1.45416981e-01
9.27693601e-01
3.65788939e-01
-5.17158011e-01
1.02452123e-01
-8.35498032e-01
5.10353985e-01
-5.74930366e-01
1.39174673e+00
-1.13049840e-02
8.45950490e-01
7.16258379e-01
-1.19256148e-02
2.40491082e-01
-3.90185080e-01
-8.51701170e-03
7.05504520e-01
-1.52769748e+00
2.29508163e-03
8.70438442e-01
-2.30872790e-01
1.57074386e-01
2.63920949e-01
0.00000000e+00
0.00000000e+00
0.00000000e+00
0.00000000e+00
0.00000000e+00
0.00000000e+00
0.00000000e+00
9.05240280e-01
-4.53674618e-01
-3.38185999e-01
-4.98029332e-01
-3.13167652e-01
-2.47373832e-01
4.22632472e-01
7.12681225e-01
1.19819808e-01
-5.07221363e-01
-5.52296205e-01
3.39208068e-01
0.00000000e+00
-1.10190132e-01
-4.50211660e-01
4.10347348e-02
0.00000000e+00
2.48874315e-01
-2.43326744e-01
1.09260106e+00
0.00000000e+00
-1.51408431e-01
6.48936915e-02
-2.21084368e-01
-6.91344425e-01
-2.39125600e-01
2.15352290e-01
0.00000000e+00
-5.41691338e-01
0.00000000e+00
6.30824697e-01
3.49210715e-02
1.00989185e-01
7.28618833e-01
0.00000000e+00
1.19303970e-01
-2.31644836e-01
2.40797695e-01
4.72916095e-01
-1.69979120e-01
1.23988454e-01
0.00000000e+00
-4.87646815e-02
-7.50256349e-01
1.67274510e-01
2.44131022e-01
7.16127167e-02
-2.03921918e-01
-3.45985685e-02
1.59299126e-01
-3.06777359e-02
2.58330733e-01
-8.74450187e-01
-1.92908746e-01
-5.47683355e-03
1.57771808e-01
1.64545793e-01
-7.82735998e-01
-9.84650108e-02
-2.20826133e-01
-3.37300447e-02
-1.80335726e-01
-9.54523851e-01
-4.34871857e-02
-3.78169738e-01
5.78539035e-01
-2.16238293e-01
6.09594546e-01
-3.78068128e-01
0.00000000e+00
-8.02320367e-02
3.53317208e-01
1.02647444e-01
-6.14475634e-02
1.67707138e-01
-2.50506731e-01
0.00000000e+00
1.22392355e-01
-9.07952447e-01
-8.28177733e-02
-8.50260230e-01
1.50547963e-01
-2.88493194e-02
2.77128528e-01
3.30957057e-02
-7.11189566e-01
0.00000000e+00
0.00000000e+00
0.00000000e+00
9.10125371e-01
7.58206954e-01
6.02047335e-01
1.13599928e+00
-1.29977964e-01
-2.89017854e-01
1.04591071e-01
1.37830054e-02
1.17361949e-01
0.00000000e+00
-7.75399179e-01
9.69314151e-01
1.08612291e-01
1.62358199e+00
8.09433760e-02
4.90750597e-01
1.36717959e+00
-4.75395578e-02
7.09374510e-01
1.47540639e+00
-1.17849760e+00
0.00000000e+00
0.00000000e+00
0.00000000e+00
9.43837066e-01
1.32396146e+00
-8.47964408e-02
1.99899075e-01
-1.62081648e-01
8.28389009e-01
1.13500668e+00
1.28493966e+00
6.10165671e-01
0.00000000e+00
9.79074833e-01
-1.00979929e-01
-2.17946945e-01
5.47949590e-01
1.21802165e+00
6.59526203e-01
6.02434036e-01
-1.02372842e-01
-1.26419344e-02
6.44584086e-01
-1.64758202e+00
0.00000000e+00
0.00000000e+00
0.00000000e+00
1.19386803e+00
1.05779172e+00
2.47287238e-01
9.39180991e-01
-9.32289040e-02
8.58786970e-01
7.64911489e-01
1.41773741e+00
2.20991115e+00
0.00000000e+00
6.74337566e-01
5.33306602e-01
-2.84779381e-02
-2.34574708e-01
7.08289582e-01
1.08249453e+00
1.61193765e+00
-3.78071484e-01
1.33646066e+00
1.58587826e+00
-1.48412184e+00
0.00000000e+00
0.00000000e+00
0.00000000e+00
8.55370477e-01
9.08493366e-01
2.16640027e-01
8.01034498e-01
-4.65097822e-02
6.57636686e-01
1.18391676e+00
5.57714952e-01
7.24309583e-01
0.00000000e+00
1.03055951e+00
-2.15184443e-01
-1.25464884e-02
1.89804332e+00
6.56809585e-01
9.17872593e-01
1.03070236e+00
-1.53022733e-01
-5.33827657e-01
6.70241139e-01
136
-2.45604483e-02
-4.10200126e-01
1.86466806e-02
9.94928376e-01
-1.50670214e-02
-1.43658947e-01
-1.18972815e-03
-4.65629752e-01
-3.39821135e-03
-4.22469405e-01
4.70632426e-02
3.50845714e-01
0.00000000e+00
0.00000000e+00
0.00000000e+00
0.00000000e+00
0.00000000e+00
0.00000000e+00
0.00000000e+00
2.05102811e-01
5.33788281e-03
-2.45736591e-01
-3.52844119e-01
-3.30636225e-01
-1.74517508e-01
1.71542708e-01
6.97190594e-01
-4.17839162e-01
-1.82355285e-01
-4.61318132e-01
8.61391254e-01
1.98690796e-01
1.63802412e-01
-2.18659855e-01
3.68870490e-01
-1.53757023e-01
-1.97368896e-01
-1.67487161e-01
4.27228079e-01
8.92965669e-02
-1.70314169e-01
-5.17308905e-02
-1.13009473e-01
0.00000000e+00
0.00000000e+00
0.00000000e+00
0.00000000e+00
-7.02818929e-01
2.20184503e-01
-2.69225970e-02
-9.87257332e-01
0.00000000e+00
-6.69844761e-01
3.03729687e-01
-2.66160425e-01
-2.52351377e-01
0.00000000e+00
-2.91506326e-01
-9.23514459e-02
-4.85203975e-02
-1.51076814e-01
-5.77333991e-01
1.98612098e-01
1.10969313e-01
6.34934401e-02
-1.62275483e-02
8.29157189e-01
-1.75509664e-01
-4.70925992e-01
-5.68546572e-02
-6.27406366e-02
6.56449308e-01
3.32150789e-01
-1.27086963e-02
2.14629689e-01
-5.76357067e-01
0.00000000e+00
5.92775086e-01
1.68253264e-02
1.72524360e-01
1.37371754e-01
0.00000000e+00
1.73489506e+00
-3.22878486e-01
3.10295159e-01
-1.42199823e-01
-4.78903357e-01
1.50991383e-01
-1.07761145e+00
0.00000000e+00
0.00000000e+00
0.00000000e+00
4.69882155e-01
5.46800939e-01
-5.96698473e-01
3.84611455e-01
-2.24020737e+00
-3.66642351e-01
-1.54665731e-01
4.12019158e-01
1.03117905e-01
0.00000000e+00
2.99604347e-01
5.36354507e-01
-1.19775192e+00
7.23486455e-01
-2.62521910e-01
3.69077208e-01
7.92614498e-01
-1.82631345e+00
4.55729625e-01
4.73891501e-01
-1.22570315e+00
0.00000000e+00
0.00000000e+00
0.00000000e+00
2.03146701e-01
1.08295028e+00
-4.83875333e-01
2.10020460e-01
-2.25309097e+00
1.15886797e-01
7.93921151e-01
2.40254066e-01
4.63346072e-01
0.00000000e+00
5.04247715e-01
-5.94466210e-01
-1.64561013e+00
3.92775824e-01
1.24835152e-01
4.06253642e-01
7.53499320e-01
-1.71133298e+00
-4.27192965e-01
5.98728261e-01
2 1
-1.0033e+00 4.7003e-01
8 1
0 8 3 1 7 6 9 5 
217
-8.61923312e-03
1.33559452e-02
1.18207863e-01
-1.27071770e-01
1.09490774e-01
5.67469538e-01
5.84306716e-01
-4.78690233e-01
-7.00764220e-01
-5.38903104e-01
0.00000000e+00
0.00000000e+00
0.00000000e+00
0.00000000e+00
6.89829336e-02
-4.24719266e-04
-4.36390200e-01
3.03812213e-01
-1.11334610e-02
-2.60969399e-01
6.63604784e-01
-1.41617381e-02
-5.52287181e-01
-1.04501916e+00
-1.05910054e-03
-2.28944603e-02
1.26807633e-01
9.66677380e-03
-1.45093640e-01
0.00000000e+00
0.00000000e+00
0.00000000e+00
0.00000000e+00
0.00000000e+00
0.00000000e+00
0.00000000e+00
6.35608858e-01
-2.33797195e-01
-2.65354706e-01
-2.02225207e-01
-3.07449836e-01
-1.18684528e-01
3.05047339e-02
4.52778647e-01
-4.99841975e-01
-2.25175681e-01
-2.42239980e-01
4.05333892e-01
8.06609521e-01
1.14190043e-01
-2.77774243e-01
-6.72990386e-02
2.32010038e-02
6.21451717e-02
-3.90858729e-01
6.46197081e-01
0.00000000e+00
8.60184973e-02
-3.21227843e-01
2.42442687e-01
-3.09148487e-01
-1.91573958e-01
-1.43505646e-01
-1.56186419e+00
2.89392301e-01
0.00000000e+00
9.03398855e-01
2.73810875e-01
3.60453798e-01
1.27591089e+00
0.00000000e+00
-3.19305801e-03
-4.14619374e-01
2.46323236e-01
6.12128682e-01
-2.51749411e-01
1.52893046e+00
0.00000000e+00
-2.21239217e-01
-3.83976626e-01
1.01132628e-01
3.68237034e-02
1.11487356e-01
-2.73460074e-01
0.00000000e+00
1.38025383e-02
9.80265554e-02
2.70885814e-01
-6.08141971e-01
-2.93307586e-01
-4.31687333e-01
0.00000000e+00
9.91498775e-02
-8.01521000e-04
-5.51319869e-02
-4.97266574e-01
-5.26371237e-02
-5.11880723e-01
-3.24130042e-01
-4.14514653e-01
0.00000000e+00
6.79415015e-01
-7.17054524e-01
5.06104475e-02
-4.67345586e-01
7.48134918e-01
-3.54898946e-01
7.37520829e-01
-2.01467484e-01
-1.49028944e-01
-2.00387720e-01
-3.07503763e-01
9.41658446e-01
-2.87729706e-02
-3.82908859e-01
-4.54620388e-01
-5.35838325e-01
-4.66884321e-01
8.72309770e-02
-6.57966015e-01
4.91677019e-01
-2.43860165e+00
0.00000000e+00
0.00000000e+00
0.00000000e+00
2.04142404e+00
1.87441947e+00
1.90434385e-01
1.00016142e+00
-8.34473849e-02
3.67212371e-01
-1.05324201e-01
1.22545028e+00
6.01045547e-01
0.00000000e+00
2.12005811e-01
1.95373266e+00
1.99857258e-01
1.07718511e+00
1.18176334e+00
6.71653694e-01
1.76070555e+00
-4.66178050e-02
4.22220378e-02
1.19360401e+00
-6.77492391e-01
0.00000000e+00
0.00000000e+00
0.00000000e+00
3.19725937e-01
3.07757451e-01
1.22189614e+00
7.93629681e-01
-6.87475585e-02
1.49835541e+00
1.32790145e+00
8.14100660e-01
1.04467931e+00
0.00000000e+00
1.89070539e+00
7.47227018e-01
-4.41701331e-01
5.29429613e-01
2.77138958e-01
1.37410213e+00
4.38957907e-01
-3.93130429e-02
6.28530920e-01
1.52396035e+00
-2.44479885e+00
0.00000000e+00
0.00000000e+00
0.00000000e+00
1.60663300e+00
2.43291946e+00
-1.73873050e-01
4.10830131e-01
-8.89150946e-02
1.48348881e+00
1.43335942e+00
9.40501801e-01
2.04064434e+00
0.00000000e+00
6.31777584e-01
1.82233391e-01
-6.57531434e-02
1.79265232e+00
1.13511689e+00
1.60961881e+00
2.42971356e+00
-1.04347114e-01
-2.75445869e-01
1.67340049e+00
-7.73494360e-01
0.00000000e+00
0.00000000e+00
0.00000000e+00
3.31370837e-01
4.46354027e-01
1.57172647e+00
1.80618749e+00
-7.35701798e-02
1.58518166e-01
1.30428933e+00
1.30445038e+00
9.23489473e-01
0.00000000e+00
1.88373201e+00
1.44137518e+00
-4.72896353e-02
9.31320618e-01
9.53735627e-01
6.81596077e-01
-4.11900854e-01
-8.77405806e-02
1.81652331e+00
9.48163178e-01
136
3.34965835e-01
2.44498598e-01
-1.03762128e-02
1.44273325e-01
-6.94421419e-03
3.10774482e-01
-9.50754396e-03
-3.64580570e-01
-4.41912442e-03
1.03168626e-01
5.82105748e-02
1.73586635e-01
0.00000000e+00
0.00000000e+00
0.00000000e+00
0.00000000e+00
0.00000000e+00
0.00000000e+00
0.00000000e+00
0.00000000e+00
2.16869635e-01
-3.23603500e-02
-1.20305649e-01
-2.05283509e-01
-5.29522074e-02
8.92238810e-02
6.20948506e-01
0.00000000e+00
-3.38135373e-01
-6.95155730e-01
9.20768179e-01
0.00000000e+00
1.51373896e-01
-2.51771829e-01
4.64854929e-01
-1.00103491e-01
-2.90212438e-01
-3.71539916e-01
7.73249536e-01
4.74269849e-01
-1.69779866e-01
-2.83268867e-01
2.32431190e-01
0.00000000e+00
0.00000000e+00
0.00000000e+00
-6.53567265e-01
-7.56016952e-01
5.69183044e-02
-4.92417193e-02
-9.13155991e-01
0.00000000e+00
-4.54601656e-01
3.02635524e-01
-2.54220151e-01
-2.48973522e-01
0.00000000e+00
-2.78677806e-01
1.58162714e-02
-9.32971549e-02
-3.05275867e-01
-5.78650385e-01
7.03954653e-02
9.40778653e-02
2.39833222e-02
-9.94307883e-02
0.00000000e+00
2.25513071e+00
-1.08973166e-01
4.09340156e-01
-2.46383228e-01
3.27877360e-01
5.16820786e-01
-3.33757803e-03
2.57251194e-01
-6.19887136e-01
-1.94543188e-01
-5.95315061e-01
-1.74548689e-01
-1.40271796e-02
1.22299385e-01
4.04266737e-01
3.45689202e-01
-4.97341062e-01
6.66569756e-02
-1.23195853e-01
-5.86599048e-01
3.21177809e-01
-1.24467207e+00
0.00000000e+00
0.00000000e+00
0.00000000e+00
3.38354958e-01
4.37087210e-01
-5.84361655e-01
2.18823705e-01
-2.41006059e+00
-2.73160187e-01
-2.13627892e-01
2.33774175e-01
1.90343729e-01
0.00000000e+00
3.12483363e-01
3.55413763e-01
-1.60836624e+00
5.99316071e-01
4.85359717e-02
4.91869547e-01
9.12707632e-01
-1.78907036e+00
5.41359786e-01
9.53904930e-01
-1.30427314e+00
0.00000000e+00
0.00000000e+00
0.00000000e+00
2.67225150e-01
9.03753342e-01
-5.68287011e-01
1.51716533e-01
-2.56403966e+00
4.51418346e-01
8.09675984e-01
3.51811458e-01
9.46784108e-01
0.00000000e+00
6.19173464e-01
-5.58214072e-01
-2.64855799e+00
6.64834399e-01
2.75835060e-01
4.32383046e-01
7.47567293e-01
-1.96616212e+00
-4.37746414e-01
8.16555945e-01
13 1
-1.2204e+00 4.9913e-01
8 1
0 8 3 1 7 6 9 5 
217
-5.92201206e-02
3.79875154e-02
-3.71878484e-01
-1.57594450e-01
-9.13434120e-01
9.14195464e-01
1.62964193e-01
5.04957933e-01
6.93519521e-01
-3.42665256e-01
0.00000000e+00
0.00000000e+00
0.00000000e+00
0.00000000e+00
1.19933092e+00
-1.55935735e-02
1.33947548e-01
5.53905047e-01
-5.27259911e-03
5.29888763e-02
-6.76838285e-01
-2.62595642e-04
1.22293569e+00
-1.13561781e+00
-3.60861017e-03
1.20952187e+00
5.87327073e-02
-8.14784125e-02
-3.64744154e-02
0.00000000e+00
0.00000000e+00
0.00000000e+00
0.00000000e+00
0.00000000e+00
0.00000000e+00
0.00000000e+00
0.00000000e+00
1.15663677e+00
5.61263856e-01
3.82962795e-01
-2.00509189e-01
-5.31635433e-02
2.34212873e-01
-1.42713370e-01
0.00000000e+00
-1.42569017e-01
7.12131585e-02
4.46286479e-01
0.00000000e+00
1.15570987e-01
-9.50177340e-01
3.25088022e-02
0.00000000e+00
1.83288996e-01
-1.71126178e-02
7.07953528e-01
0.00000000e+00
4.12615859e-01
2.26670305e-01
-5.64682961e-02
6.58215078e-01
7.12769179e-01
5.67705940e-01
-1.76132921e+00
2.92174867e-03
-1.03318051e-01
1.12096360e+00
3.66157437e-01
5.78223736e-01
1.02805068e+00
0.00000000e+00
-5.20094140e-01
-5.44878190e-01
-1.27133469e-01
7.81975439e-01
5.88007488e-01
1.17401937e+00
0.00000000e+00
-1.58918578e-01
-7.95609283e-02
3.33703290e-01
4.18773000e-03
-2.34004833e-01
5.69541742e-01
0.00000000e+00
-9.45029089e-02
-1.71070071e-02
-8.20814602e-02
5.45211141e-01
1.17364249e-01
1.09646334e-02
0.00000000e+00
-1.14516519e-01
-6.07537816e-02
-5.68452228e-03
-7.73778036e-03
6.09809204e-02
1.43285125e-01
-3.56964986e-01
-7.10550331e-01
0.00000000e+00
5.59734741e-01
-2.61641165e-01
4.48560456e-01
6.94441425e-01
7.78374389e-01
-6.35841980e-01
7.14672019e-01
-2.11772791e-01
-2.42878939e-01
1.00202609e-02
1.72042291e-01
-1.36554383e-01
2.31844851e-01
1.42621153e-01
-2.44979927e-02
-7.04970482e-01
-1.30012596e-01
2.11876776e-01
-2.41888229e-01
8.12959019e-01
-8.55282058e-01
0.00000000e+00
0.00000000e+00
0.00000000e+00
4.65022841e-01
1.48594653e+00
2.72064314e-01
1.61341921e+00
-5.41359835e-02
5.27959387e-01
-5.41055020e-01
7.21424792e-01
9.82347307e-01
0.00000000e+00
5.22902332e-01
1.09649364e+00
-8.25292644e-03
7.24611274e-01
1.36380927e+00
4.47964378e-01
1.35233594e+00
-3.47966793e-01
-1.37422372e-01
1.39479224e+00
-1.64750705e+00
0.00000000e+00
0.00000000e+00
0.00000000e+00
1.40796604e+00
4.27376486e-02
1.05606819e+00
-5.81399778e-01
-5.07879927e-02
5.53079512e-01
1.40248984e+00
7.23907595e-01
-7.11053752e-01
0.00000000e+00
1.22727403e+00
5.85884548e-01
-9.67211427e-03
2.38358581e-02
-1.00972747e-01
1.06651044e+00
6.86114638e-01
-5.64792124e-01
-1.42018564e-01
8.26494833e-01
-1.80764181e+00
0.00000000e+00
0.00000000e+00
0.00000000e+00
1.50816195e+00
1.65001549e+00
1.18070505e+00
1.00745947e+00
-2.26843875e-01
1.22432768e+00
2.07469675e+00
8.37536698e-01
1.38633590e+00
0.00000000e+00
7.31868293e-01
1.37258879e+00
-4.53808752e-02
1.15022841e+00
5.29082480e-01
1.00223247e+00
1.21820425e+00
-2.35387271e-01
7.44727477e-01
1.57193476e+00
-1.03029265e+00
0.00000000e+00
0.00000000e+00
0.00000000e+00
1.01716415e-02
9.97119387e-01
-3.64434805e-02
8.97777916e-01
-2.21589705e-01
7.52725440e-01
5.34239525e-01
1.20545566e+00
9.90588526e-01
0.00000000e+00
1.49164957e+00
5.09736915e-02
-3.60213261e-02
2.16966473e+00
1.82753436e+00
8.13629082e-01
4.27270131e-01
-2.04372485e-01
9.46173093e-01
1.02716817e+00
136
3.79384583e-01
1.80137109e-01
-9.03895233e-03
1.65673451e-01
-7.41493704e-03
3.72393142e-01
-1.04905003e-02
-3.38819120e-01
-3.60123924e-03
1.58496193e-01
8.69465935e-02
1.33941797e-01
0.00000000e+00
0.00000000e+00
0.00000000e+00
0.00000000e+00
0.00000000e+00
0.00000000e+00
0.00000000e+00
1.73719001e-01
2.18188668e-02
-1.58433047e-01
-2.22121356e-01
-2.24221328e-01
-1.33454207e-02
1.75609882e-01
6.26357985e-01
-4.10202808e-01
-1.67019391e-01
-5.52917931e-01
8.53003954e-01
1.92856212e-02
1.72058045e-01
-6.67984153e-02
3.90091867e-01
-7.13353139e-02
-2.56523868e-01
-3.70777212e-01
6.64305294e-01
3.57874078e-01
-3.25888907e-02
-2.41634068e-01
9.25636218e-02
0.00000000e+00
0.00000000e+00
0.00000000e+00
-7.13068984e-01
-6.23437065e-01
8.02762194e-02
-2.95542778e-02
-6.70061007e-01
0.00000000e+00
-3.88452528e-01
3.41074046e-01
-2.27994560e-01
-2.88973178e-01
0.00000000e+00
-3.11467275e-01
1.04990136e-02
-1.00127289e-01
-3.13630723e-01
-5.89175455e-01
-1.04631931e-01
-3.17919592e-02
1.16021059e-02
-1.00442428e-01
0.00000000e+00
2.20242518e+00
-1.84908723e-01
4.16017649e-01
-2.90345059e-01
1.77400642e-01
3.74252043e-01
-4.59365274e-03
2.02324220e-01
-5.73044072e-01
6.89945917e-02
-4.33558894e-01
-1.43453812e-01
7.81573615e-03
4.65418514e-02
3.79529154e-01
3.08232747e-01
-5.07977739e-01
6.83076900e-02
-2.68911978e-01
-5.51767655e-01
3.32051719e-01
-1.20057983e+00
0.00000000e+00
0.00000000e+00
0.00000000e+00
4.32623550e-01
4.84222159e-01
-6.11447953e-01
2.49477872e-01
-2.41608961e+00
-1.81755419e-01
-3.31308467e-01
1.46595085e-01
2.28246589e-01
0.00000000e+00
3.34313568e-01
4.97281538e-01
-1.49273434e+00
5.06633200e-01
-9.83256764e-02
5.03794030e-01
8.41789031e-01
-1.89500307e+00
6.65904458e-01
9.35203631e-01
-1.34523199e+00
0.00000000e+00
0.00000000e+00
0.00000000e+00
2.73917889e-01
8.90268043e-01
-4.93639038e-01
1.39533454e-01
-2.47147283e+00
3.87769882e-01
7.68772387e-01
3.83134395e-01
9.35577936e-01
0.00000000e+00
6.37531191e-01
-4.79025093e-01
-2.62157550e+00
5.55866811e-01
2.54879486e-01
4.97328301e-01
6.98046176e-01
-2.08434919e+00
-4.75734016e-01
8.57937714e-01
10 1
-1.3104e+00 5.1151e-01
8 1
0 8 3 1 7 6 9 5 
217
-1.32956776e-01
-8.57401827e-02
-4.57884726e-02
-7.69996456e-02
-3.56024377e-01
5.92193050e-01
1.38207462e-01
-4.93028194e-03
8.50367705e-02
-3.75496634e-02
0.00000000e+00
0.00000000e+00
0.00000000e+00
0.00000000e+00
2.32231767e-01
-2.18060828e-02
1.05622826e+00
-2.47316352e-01
4.53420024e-03
-1.11325064e-01
-1.56830128e-01
3.47486878e-03
8.52224797e-02
3.89579370e-02
-1.90680074e-03
-1.72707997e-01
4.37985962e-01
-3.32609689e-01
-2.38333048e-01
0.00000000e+00
0.00000000e+00
0.00000000e+00
0.00000000e+00
0.00000000e+00
0.00000000e+00
0.00000000e+00
0.00000000e+00
7.35048987e-02
-2.94294130e-03
-6.34898636e-02
-1.71275318e-01
-4.63091058e-03
2.40005889e-01
-6.63273994e-02
0.00000000e+00
-2.92381180e-01
-3.90641303e-01
8.20607104e-01
0.00000000e+00
-2.88199968e-01
-1.28172962e-01
9.59292646e-02
9.03934523e-01
-4.99130432e-01
-6.04020000e-01
5.41964925e-01
7.11971141e-01
-7.23868086e-02
-2.11142249e-01
-4.19463413e-01
-1.73074032e-02
-4.80905346e-02
7.02422919e-02
6.09866736e-01
-6.29763003e-01
6.83055243e-01
5.74317596e-01
-3.19049253e-01
-6.87378105e-01
8.53947448e-01
0.00000000e+00
1.61981857e-01
-3.33898467e-01
-2.23056015e-01
6.16641177e-01
-7.18826185e-02
1.55415944e-01
0.00000000e+00
2.88029406e-01
-4.10813688e-01
5.85503677e-01
5.11982943e-02
0.00000000e+00
0.00000000e+00
-8.32507996e-01
3.47823535e-01
2.55975055e-02
6.72634023e-01
-9.32640510e-03
-3.20906337e-01
-2.11111285e+00
0.00000000e+00
3.41078835e-02
-1.18444664e-01
2.14529634e-02
-2.77826790e-01
-7.65857700e-02
-3.26599211e-01
-6.42763211e-01
-4.14410600e-01
0.00000000e+00
4.71097259e-01
-2.58683154e-01
4.53119776e-01
4.65995378e-01
3.81846760e-01
-4.20981103e-01
4.48484173e-01
1.13133822e-01
-2.81707424e-02
-2.06956256e-01
-1.02474319e-01
-1.09785059e-02
1.95650348e-01
-2.20662475e-01
-3.15703364e-01
-2.27933809e-01
-1.92525373e-03
4.26572699e-01
-5.98303484e-01
1.59164592e+00
-1.72983943e+00
0.00000000e+00
0.00000000e+00
0.00000000e+00
8.57818970e-01
1.49185670e+00
4.00847825e-01
2.30842429e-01
-3.18465550e-01
9.10765898e-01
4.06687808e-01
7.93310660e-01
1.27047793e+00
0.00000000e+00
1.07132310e+00
9.01680307e-01
-9.79082813e-01
5.88064347e-01
1.26064529e-01
3.90173948e-01
1.36816540e+00
-3.88948026e-02
2.11428362e-01
7.01588665e-01
-1.04253543e+00
0.00000000e+00
0.00000000e+00
0.00000000e+00
6.74637756e-01
1.25398179e-01
-3.49974520e-01
7.92130531e-01
-2.42668781e-01
2.64968844e-01
6.07214346e-01
3.59331600e-01
-5.86468072e-02
0.00000000e+00
7.65954011e-01
9.34124270e-01
-2.43228769e-01
4.60858951e-01
5.68955085e-01
6.20370771e-01
7.50246404e-01
-4.21341744e-02
4.11902181e-01
1.03579184e+00
-1.42491246e+00
0.00000000e+00
0.00000000e+00
0.00000000e+00
1.01512594e+00
1.95093726e+00
9.03594828e-01
1.65024965e+00
-3.05578467e-01
2.00579202e+00
1.12128849e+00
1.37742551e+00
1.04471210e+00
0.00000000e+00
1.94456152e+00
9.75059459e-02
-5.14618844e-02
1.06391240e+00
1.13112069e+00
1.58531309e+00
1.36815958e+00
-9.91405299e-02
1.00380789e-01
6.61115073e-01
-1.07005375e+00
0.00000000e+00
0.00000000e+00
0.00000000e+00
1.07252009e+00
7.84153677e-01
4.64953222e-02
-6.23599950e-03
-3.00384076e-01
-2.69622488e-02
9.78651568e-01
5.69163574e-01
1.08336486e+00
0.00000000e+00
5.83982103e-01
9.88033219e-01
-2.46931193e-02
9.57809493e-01
1.07976258e+00
3.93051098e-01
1.00167799e+00
-6.20751076e-02
8.98916836e-01
1.59264796e+00
136
3.25477515e-01
6.84568567e-01
-1.22281917e-02
7.60177875e-02
2.76686290e-04
-1.02698628e-01
2.18054473e-03
-3.32410211e-01
-1.62229802e-03
3.06096191e-01
-1.10537336e-03
2.04866972e-02
0.00000000e+00
0.00000000e+00
0.00000000e+00
0.00000000e+00
0.00000000e+00
0.00000000e+00
0.00000000e+00
1.11454018e-01
-1.60148232e-02
-7.21869689e-02
-1.37976543e-01
-1.17986846e-01
-4.11700317e-02
2.47935148e-01
3.51423561e-01
-2.97349614e-01
-2.36505257e-01
-4.44246138e-01
7.78074596e-01
-7.09890420e-02
3.16591523e-01
-2.63956204e-01
4.04012825e-01
-3.98971172e-02
-1.83683890e-01
-3.38321904e-01
5.97100293e-01
5.76207024e-02
-1.61037036e-03
-9.51547101e-02
1.43791824e-01
0.00000000e+00
0.00000000e+00
0.00000000e+00
-8.32455401e-01
-6.59838627e-01
1.89600883e-01
-6.69704501e-02
-8.41219205e-01
0.00000000e+00
-4.55823065e-01
3.34946789e-01
-2.25718455e-01
-1.82955970e-01
0.00000000e+00
-1.64829033e-01
2.21466058e-03
-8.89247044e-02
-2.43207558e-01
-3.67187495e-01
-1.28080705e-01
4.02898245e-02
-9.20405730e-03
-9.73332679e-02
-1.26672762e+00
1.49983489e+00
-1.22394204e-01
2.64864847e-01
-6.11514582e-02
1.77659186e-01
5.18715207e-01
-1.54032478e-02
2.34881534e-01
-3.20119974e-01
2.72984981e-01
-3.61958764e-01
-1.49483000e-01
2.41127855e-02
1.51075581e-01
4.00517537e-01
3.23788899e-01
-5.20958833e-01
5.81403330e-02
-4.91371158e-02
-4.23959539e-01
3.08532863e-01
-1.09338396e+00
0.00000000e+00
0.00000000e+00
0.00000000e+00
3.45194492e-01
5.15759251e-01
-5.62884144e-01
2.35894173e-01
-2.42809934e+00
-2.70894793e-01
-3.85366814e-01
1.57669049e-01
2.17098126e-01
0.00000000e+00
2.73754137e-01
5.63466546e-01
-1.57988115e+00
5.94720222e-01
3.34629312e-02
4.74034805e-01
8.23999815e-01
-1.70550355e+00
6.69168670e-01
9.35023618e-01
-1.31841031e+00
0.00000000e+00
0.00000000e+00
0.00000000e+00
2.50171263e-01
8.86698484e-01
-4.63639734e-01
2.52372285e-01
-2.43201505e+00
1.62342426e-01
7.85989045e-01
4.19292818e-01
9.41511514e-01
0.00000000e+00
5.65341923e-01
-5.22535762e-01
-2.58967649e+00
5.61076512e-01
1.90011839e-01
4.39441929e-01
6.75967682e-01
-1.66338726e+00
-5.79774501e-01
8.02400766e-01
