0 -999999999 -999999999 -1 -1
1 0 0 -1 -1
0.3787 -0.3299
356
9.29680946e-01
0.00000000e+00
0.00000000e+00
0.00000000e+00
0.00000000e+00
0.00000000e+00
0.00000000e+00
0.00000000e+00
0.00000000e+00
0.00000000e+00
0.00000000e+00
0.00000000e+00
0.00000000e+00
0.00000000e+00
0.00000000e+00
0.00000000e+00
0.00000000e+00
0.00000000e+00
0.00000000e+00
0.00000000e+00
0.00000000e+00
0.00000000e+00
0.00000000e+00
0.00000000e+00
0.00000000e+00
0.00000000e+00
0.00000000e+00
0.00000000e+00
0.00000000e+00
0.00000000e+00
0.00000000e+00
0.00000000e+00
0.00000000e+00
0.00000000e+00
0.00000000e+00
0.00000000e+00
0.00000000e+00
0.00000000e+00
0.00000000e+00
0.00000000e+00
0.00000000e+00
0.00000000e+00
0.00000000e+00
0.00000000e+00
0.00000000e+00
0.00000000e+00
0.00000000e+00
0.00000000e+00
0.00000000e+00
0.00000000e+00
0.00000000e+00
-5.21905674e-01
-3.04166636e-01
-3.34995920e+00
0.00000000e+00
0.00000000e+00
0.00000000e+00
0.00000000e+00
-4.29033722e-01
9.59992297e-01
7.64952555e-01
5.12066166e-01
1.31883376e+00
-4.83404161e-01
3.89134034e-01
-2.11271233e+00
-1.11420568e+00
-4.06893593e-02
1.10120991e-01
-5.09453389e-03
-5.06984549e-01
-2.63601920e-01
-1.72055121e-03
2.03987177e-01
2.91751488e-01
1.11812158e-03
-2.07254050e-01
7.91410386e-01
-6.70438693e-03
-5.41296514e-01
1.10573833e-01
2.03999805e-01
6.15107308e-01
0.00000000e+00
0.00000000e+00
0.00000000e+00
0.00000000e+00
0.00000000e+00
0.00000000e+00
0.00000000e+00
-1.30601341e-02
3.46719139e-01
-4.62651295e-03
-4.39262110e-02
-1.20152630e-01
7.81915573e-02
1.16339296e-01
2.60672156e-01
8.98568443e-02
7.11069565e-02
1.50256140e-01
-8.53051900e-02
0.00000000e+00
0.00000000e+00
2.95864608e+00
2.46594709e+00
7.02167729e-01
4.65570400e-01
7.74882230e-01
8.21376141e-01
-1.09424310e+00
-1.10341851e+00
4.21602640e-01
8.80979858e-02
-4.88473987e-02
-3.72877920e-01
-6.65845067e-01
-2.01743027e+00
0.00000000e+00
0.00000000e+00
0.00000000e+00
0.00000000e+00
0.00000000e+00
0.00000000e+00
-2.16485224e-01
-1.89356535e-01
-2.68237817e-01
-1.04999330e-01
-2.03153528e-01
-5.54033706e-01
4.10196854e+00
4.31969306e+00
4.44574961e+00
4.37967279e+00
4.70773950e+00
4.43404657e+00
1.06778148e+00
-2.32440787e-02
-1.59262996e-01
-2.07445642e-01
2.60942425e-01
-4.28372329e-02
5.03067160e-01
2.78324527e-02
3.43679559e-01
-1.67254847e-01
-2.05961468e-01
-2.28552905e-01
5.66334892e-01
0.00000000e+00
0.00000000e+00
0.00000000e+00
0.00000000e+00
0.00000000e+00
0.00000000e+00
0.00000000e+00
3.63346053e-01
5.64752927e-01
-1.10640218e+00
0.00000000e+00
-4.63394160e-02
-3.91338344e-01
-8.76223540e-01
-1.14492780e+00
-9.22562956e-01
0.00000000e+00
0.00000000e+00
0.00000000e+00
3.88674888e-01
7.72157721e-01
-7.72923567e-01
-2.63185313e-01
-2.78740993e-01
-2.64398059e-01
-1.69628508e+00
5.97179824e-01
-1.17626944e-01
0.00000000e+00
-5.92046289e-01
1.03464911e-01
-6.08738614e-01
1.42370197e+00
-2.21441422e-01
6.24943423e-01
9.12226310e-01
-1.71567373e+00
1.38491388e-01
6.47656626e-01
1.17493694e-01
0.00000000e+00
0.00000000e+00
0.00000000e+00
-1.00159433e-01
2.56526752e-01
2.41426044e-02
1.11588653e-01
-2.62801665e-01
2.48495931e-01
9.59155044e-01
-1.36264231e-02
1.59350129e-01
0.00000000e+00
8.12703329e-03
-6.84723940e-01
-2.31769125e-01
-6.90841258e-01
2.89265800e-01
6.18383284e-02
-3.09235147e-01
5.07457723e-01
-5.92750150e-02
-1.56022297e-01
-5.48777186e-01
-1.01196543e-01
-3.95192601e-01
-3.96558027e-01
-3.14703533e-01
3.38421186e-01
7.68137674e-02
-5.16431496e-01
-3.70248011e-01
0.00000000e+00
0.00000000e+00
0.00000000e+00
8.38675989e-03
4.65070641e-01
-2.96319226e-01
-5.36366515e-01
2.00507432e-01
-2.08378430e-01
-3.16895742e-01
5.01348457e-01
2.24844354e-01
0.00000000e+00
-4.42212050e-01
1.09286050e+00
-5.71833727e-01
5.67689633e-02
-6.00397671e-01
2.99909470e-01
1.57186563e-01
-3.89743239e-01
-3.44215547e-01
3.29230999e-01
-4.47580644e-01
1.14569702e+00
1.46116976e-01
-3.80026995e-01
-3.73785770e-01
5.48571266e-02
-1.74841173e+00
-1.17802527e+00
-7.19273321e-01
5.65739167e-01
8.33929685e-02
-5.94275009e-01
-4.28642896e-01
-1.32364639e-01
-3.29875343e-01
-5.17347512e-01
-1.53626614e+00
0.00000000e+00
0.00000000e+00
0.00000000e+00
4.19116135e-01
6.11250735e-01
-9.09952797e-01
-4.60069038e-01
-4.68662426e-01
7.15081726e-03
-1.55001241e-01
1.57401666e-01
5.23353635e-01
0.00000000e+00
-3.28241155e-03
-6.92674388e-01
-1.32176516e+00
1.84883129e+00
-9.94787514e-01
2.86087146e-01
6.84932255e-02
-9.85887135e-01
9.47274417e-03
5.24658573e-01
-8.66581664e-02
0.00000000e+00
0.00000000e+00
0.00000000e+00
-2.12502965e-01
1.87940025e-01
1.56249332e-01
3.79280791e-01
2.06456502e-01
2.50546311e-01
2.36845397e-01
-4.85365168e-02
-2.75425128e-01
0.00000000e+00
-1.15641171e-01
3.05524284e-01
4.64024982e-02
-6.93986358e-01
-6.31725797e-01
1.70781973e-01
5.12427028e-03
-8.15258342e-02
8.74509514e-02
-5.99167316e-02
-6.65382460e-01
-2.01317955e-02
0.00000000e+00
-2.11014703e-01
1.40992080e-01
3.74620371e-01
7.99073550e-02
-4.74659522e-01
-1.28673520e-01
0.00000000e+00
0.00000000e+00
0.00000000e+00
6.64581027e-02
-4.93593479e-01
2.62349106e-03
5.34354549e-02
1.50297805e-01
-2.20658508e-01
-2.60702506e-01
-4.14865928e-01
-1.56791291e-02
0.00000000e+00
3.66339180e-01
-3.64429325e-01
4.85401429e-01
6.04011233e-01
-1.36129669e-01
-1.81517183e-01
-3.95897255e-02
1.18058916e-01
3.59862618e-01
-2.07996296e-01
-6.45250665e-01
0.00000000e+00
-1.41799775e-01
5.72975583e-01
-8.70883680e-01
-3.71206549e-01
0.00000000e+00
0.00000000e+00
-1.83674710e-01
2.88475451e-01
-5.84608095e-02
-6.01221191e-01
-4.99677131e-01
0.00000000e+00
0.00000000e+00
-7.92865922e-01
247
-2.11521015e-01
0.00000000e+00
0.00000000e+00
0.00000000e+00
0.00000000e+00
0.00000000e+00
0.00000000e+00
0.00000000e+00
0.00000000e+00
0.00000000e+00
0.00000000e+00
0.00000000e+00
0.00000000e+00
0.00000000e+00
0.00000000e+00
0.00000000e+00
0.00000000e+00
0.00000000e+00
0.00000000e+00
0.00000000e+00
0.00000000e+00
0.00000000e+00
0.00000000e+00
0.00000000e+00
0.00000000e+00
0.00000000e+00
0.00000000e+00
0.00000000e+00
0.00000000e+00
0.00000000e+00
0.00000000e+00
0.00000000e+00
0.00000000e+00
0.00000000e+00
0.00000000e+00
0.00000000e+00
0.00000000e+00
0.00000000e+00
0.00000000e+00
0.00000000e+00
0.00000000e+00
-8.26887919e-01
5.10643483e-02
7.74571916e-01
-1.24609360e-02
-9.22350666e-02
4.20474867e-03
-6.69699454e-02
-8.51688367e-03
-1.10342010e-01
-2.49542426e-01
1.48363422e-01
0.00000000e+00
0.00000000e+00
0.00000000e+00
0.00000000e+00
0.00000000e+00
0.00000000e+00
0.00000000e+00
3.74525550e+00
2.04747177e+00
1.91279350e+00
1.51651783e+00
2.14717096e+00
1.56237565e+00
0.00000000e+00
-4.71001274e-01
1.76334274e-01
-2.48884917e-01
-1.47087760e-01
-3.72116580e-01
-5.69216281e-01
-1.62868492e+00
0.00000000e+00
0.00000000e+00
0.00000000e+00
0.00000000e+00
0.00000000e+00
0.00000000e+00
-4.87332352e-01
-3.05378093e-01
-1.15920329e-01
-1.03921245e-01
-7.05288492e-01
-5.41152271e-01
4.78490498e+00
5.42814002e+00
5.49075063e+00
5.53355782e+00
5.49681838e+00
4.93569164e+00
0.00000000e+00
-5.56296560e-01
-6.14327370e-01
-1.09749551e+00
-7.48916370e-01
3.33619755e-02
0.00000000e+00
-1.39495303e-01
-7.80203532e-01
2.11717412e-01
4.05360220e-01
-5.69359069e-01
-1.16712033e+00
0.00000000e+00
0.00000000e+00
0.00000000e+00
9.55599319e-01
6.48763466e-01
-2.57384309e+00
0.00000000e+00
-8.67492820e-01
-5.15440605e-01
-1.47559340e+00
-7.83399380e-01
-1.38293343e+00
0.00000000e+00
0.00000000e+00
0.00000000e+00
1.19944505e+00
1.27151646e+00
1.23307415e-02
8.05646562e-01
-1.73582729e-01
9.22911016e-01
5.57248615e-01
1.61579877e+00
1.39193493e+00
0.00000000e+00
7.75184275e-01
-4.88627525e-01
0.00000000e+00
1.73479203e+00
7.62101321e-01
1.72397672e+00
1.32403043e+00
0.00000000e+00
1.02367958e+00
1.93773559e+00
-9.03476597e-01
-5.80804852e-01
-7.58840104e-01
-5.07788299e-01
-5.79530043e-01
-6.52417039e-01
0.00000000e+00
0.00000000e+00
0.00000000e+00
6.56171183e-01
1.16146515e+00
7.38698140e-01
4.60410013e-01
7.60509293e-01
7.42858026e-01
7.95026599e-01
6.63097100e-01
5.38475549e-01
0.00000000e+00
8.68375388e-01
1.85813696e+00
0.00000000e+00
6.01733026e-01
0.00000000e+00
1.10495868e+00
2.66631992e-01
0.00000000e+00
-5.43386791e-02
4.75252240e-01
-3.22671745e-01
3.20007376e-01
3.75086068e-01
-3.07389891e-01
-4.79456828e-01
-2.86687968e-01
-2.98887392e+00
-1.31992450e+00
-1.10841670e+00
-1.92768860e-01
-1.00288455e+00
-8.93746223e-01
-7.14474046e-01
-2.25899278e+00
0.00000000e+00
0.00000000e+00
0.00000000e+00
5.46473617e-01
1.46399700e+00
-4.67420765e-01
3.29551971e-01
0.00000000e+00
8.51593616e-01
1.27005165e+00
8.93041675e-02
2.91460270e-01
0.00000000e+00
7.89217547e-01
3.68082193e-01
-1.64470072e+00
4.48050860e-01
-5.26591803e-01
6.05137658e-01
-1.82774604e-01
-5.01438824e-01
5.07419782e-01
7.73698209e-01
-1.02682559e+00
-7.05137494e-01
0.00000000e+00
7.35742064e-01
6.48741250e-01
-3.28558556e-01
0.00000000e+00
0.00000000e+00
0.00000000e+00
5.19281189e-01
5.46230844e-01
3.89510731e-01
3.85159589e-01
0.00000000e+00
5.13533968e-03
2.19723360e-01
9.19696533e-01
2.18267439e-01
0.00000000e+00
2.75710564e-01
4.73881448e-01
0.00000000e+00
4.58425623e-01
8.09980612e-01
5.48381227e-01
7.04300527e-01
0.00000000e+00
3.02489855e-01
-5.29536970e-03
-3.21688096e-01
0.00000000e+00
4.96031772e-01
1.52151256e-01
-1.23216719e+00
-7.70455908e-01
0.00000000e+00
0.00000000e+00
1.58865855e-01
-4.61711284e-01
0.00000000e+00
0.00000000e+00
0.00000000e+00
8 -999999999 -999999999 0 -1
2 0 0 1 -1
9.8724e-03 7.9935e-01
356
8.21400296e-01
0.00000000e+00
0.00000000e+00
0.00000000e+00
0.00000000e+00
0.00000000e+00
0.00000000e+00
0.00000000e+00
0.00000000e+00
0.00000000e+00
0.00000000e+00
0.00000000e+00
0.00000000e+00
0.00000000e+00
0.00000000e+00
0.00000000e+00
0.00000000e+00
0.00000000e+00
0.00000000e+00
0.00000000e+00
0.00000000e+00
0.00000000e+00
0.00000000e+00
0.00000000e+00
0.00000000e+00
0.00000000e+00
0.00000000e+00
0.00000000e+00
0.00000000e+00
0.00000000e+00
0.00000000e+00
5.53728681e-01
2.67671615e-01
-1.48326740e+00
-2.68768803e+00
9.13133012e-02
7.37179676e-02
8.85110905e-01
-1.34608419e+00
1.15188518e+00
5.80969098e-01
0.00000000e+00
0.00000000e+00
0.00000000e+00
0.00000000e+00
0.00000000e+00
0.00000000e+00
0.00000000e+00
0.00000000e+00
0.00000000e+00
0.00000000e+00
-2.43507258e-01
-4.82724272e-01
-4.08285860e-01
0.00000000e+00
0.00000000e+00
0.00000000e+00
0.00000000e+00
-4.95042649e-01
1.24663694e+00
8.47281615e-01
5.31994909e-01
1.37800079e+00
-8.64370961e-03
1.12784616e+00
-7.55597796e-01
0.00000000e+00
0.00000000e+00
0.00000000e+00
0.00000000e+00
0.00000000e+00
0.00000000e+00
0.00000000e+00
0.00000000e+00
0.00000000e+00
0.00000000e+00
0.00000000e+00
8.21400296e-01
-4.01480323e-04
-5.81053390e-01
2.52899760e-01
7.03350269e-02
4.98165509e-01
0.00000000e+00
0.00000000e+00
0.00000000e+00
0.00000000e+00
0.00000000e+00
0.00000000e+00
0.00000000e+00
-2.10279703e-01
-3.21107307e-01
-5.84871824e-02
-1.14749781e-01
4.78873646e-02
2.60897435e-01
2.15395735e-02
2.01827145e-01
-1.18127483e-01
1.70193949e-01
-1.92499259e-01
-8.60016474e-02
8.14018667e-01
3.88694429e-01
2.41445722e+00
2.74494273e+00
8.45225841e-01
2.63997940e-01
7.59098134e-01
8.46376498e-01
-1.25257386e+00
-9.76950647e-01
-3.07029255e-01
-2.31973254e-02
4.45363888e-02
6.59683651e-02
-5.04839970e-02
-1.80802500e+00
0.00000000e+00
0.00000000e+00
0.00000000e+00
0.00000000e+00
0.00000000e+00
0.00000000e+00
-3.24592199e-01
-9.22411643e-02
-5.29554864e-01
-1.04134839e-02
-3.06130389e-01
-6.60610339e-01
5.43726150e+00
5.65291512e+00
5.92122987e+00
5.66543505e+00
5.90937469e+00
5.79287008e+00
7.46006956e-01
1.15779510e-01
-9.94197769e-02
-2.09166828e-01
4.65643541e-01
-4.54393890e-02
1.49198181e-02
2.42814722e-02
1.53736781e-01
-1.99849530e-01
-3.27967365e-01
-5.87262756e-01
4.85173906e-01
0.00000000e+00
0.00000000e+00
0.00000000e+00
0.00000000e+00
0.00000000e+00
0.00000000e+00
0.00000000e+00
3.36226390e-01
5.97505988e-01
0.00000000e+00
0.00000000e+00
-7.51185997e-01
-1.08660437e+00
-8.41870924e-01
-8.36938069e-01
-1.59305692e+00
0.00000000e+00
0.00000000e+00
0.00000000e+00
4.16054178e-01
1.10628306e+00
-1.15583236e+00
-9.92463799e-02
-9.85359377e-01
-2.61881916e-01
-5.56983512e-01
7.16400979e-01
1.39897599e-01
0.00000000e+00
-6.04454008e-01
-5.08777073e-01
-1.37748052e+00
9.57619313e-01
-1.28446781e-01
9.02283735e-01
6.13914148e-01
-1.24336382e+00
1.59242336e-01
3.17073479e-01
-9.74418900e-02
0.00000000e+00
0.00000000e+00
0.00000000e+00
4.35627592e-01
4.96308153e-01
2.74976138e-01
4.05673933e-01
0.00000000e+00
4.18722829e-01
6.67339432e-01
1.26822164e-01
9.17391141e-02
0.00000000e+00
4.88335221e-01
-6.89078114e-02
3.06926971e-01
9.65143363e-02
4.12962986e-01
9.57825066e-02
-2.40082073e-01
5.30279178e-01
1.38409653e-01
1.87638691e-01
-4.77434678e-01
-1.09318961e-01
0.00000000e+00
0.00000000e+00
0.00000000e+00
-3.71060025e-02
-1.46587943e-01
7.43749845e-02
-2.30784652e-01
0.00000000e+00
0.00000000e+00
0.00000000e+00
-3.43015110e-01
-2.33679735e-01
-7.94259913e-02
-4.06789771e-01
0.00000000e+00
-2.72442827e-01
-5.31860256e-01
7.07943122e-01
4.70006432e-01
0.00000000e+00
-5.88859045e-01
5.79677880e-01
-2.56419510e-01
-2.32925442e-01
1.55590502e-01
4.18584682e-01
4.28840753e-01
-9.93094355e-01
-1.29421137e-02
3.48331498e-01
-3.68115718e-01
0.00000000e+00
0.00000000e+00
0.00000000e+00
-1.11562224e+00
-6.41867037e-01
0.00000000e+00
0.00000000e+00
0.00000000e+00
-4.67773733e-01
-1.44150843e-01
-2.99424610e-02
-4.73755206e-01
0.00000000e+00
0.00000000e+00
0.00000000e+00
-1.92354244e+00
0.00000000e+00
0.00000000e+00
0.00000000e+00
7.76878542e-01
1.33126779e+00
-8.93461117e-02
1.26955462e-01
-2.73907642e+00
4.09696410e-01
5.46052255e-02
2.56714641e-01
-2.32789857e-01
0.00000000e+00
9.69942658e-02
-4.18069723e-01
-1.32722137e+00
1.11324598e+00
-1.24121193e+00
5.06856888e-01
4.75353819e-01
-1.31210353e+00
2.26727059e-02
2.65034773e-01
4.15234555e-01
0.00000000e+00
0.00000000e+00
0.00000000e+00
8.84584198e-02
2.34756189e-01
-1.25426815e-02
2.66087371e-01
0.00000000e+00
3.19038423e-01
3.15203578e-01
1.74056908e-01
3.43617375e-01
0.00000000e+00
5.36463808e-02
2.92848580e-01
1.02450773e-01
2.94992180e-01
1.04925548e-02
2.30530996e-01
1.47218411e-01
5.37962340e-01
3.71263450e-01
3.24621556e-01
-7.29716207e-01
-4.19736823e-01
0.00000000e+00
0.00000000e+00
0.00000000e+00
-1.79582217e-01
-2.04434843e-01
-3.57197629e-02
-6.56679686e-01
0.00000000e+00
0.00000000e+00
0.00000000e+00
4.98590978e-01
-3.32613170e-01
2.89743385e-01
2.54469627e-01
0.00000000e+00
-6.49892193e-02
-2.39650369e-01
-3.15375211e-01
-7.28630662e-01
0.00000000e+00
5.81237948e-01
-7.83831650e-01
3.45065095e-01
3.83633673e-01
-4.17039221e-01
-1.29175667e-01
8.78602989e-02
1.61193299e-01
4.94835521e-02
8.01802377e-02
-3.09979384e-01
0.00000000e+00
0.00000000e+00
0.00000000e+00
-1.19382623e+00
-6.66867547e-01
0.00000000e+00
0.00000000e+00
0.00000000e+00
-3.42405737e-01
-2.77049741e-01
-4.74120684e-02
-5.26958685e-01
0.00000000e+00
0.00000000e+00
0.00000000e+00
247
-3.25007797e-01
0.00000000e+00
0.00000000e+00
0.00000000e+00
0.00000000e+00
0.00000000e+00
0.00000000e+00
0.00000000e+00
0.00000000e+00
0.00000000e+00
0.00000000e+00
0.00000000e+00
0.00000000e+00
0.00000000e+00
0.00000000e+00
0.00000000e+00
0.00000000e+00
0.00000000e+00
0.00000000e+00
0.00000000e+00
0.00000000e+00
0.00000000e+00
0.00000000e+00
0.00000000e+00
0.00000000e+00
0.00000000e+00
0.00000000e+00
-3.25007797e-01
0.00000000e+00
-1.09984043e+00
7.74832631e-01
0.00000000e+00
7.26489695e-01
5.10095602e-01
0.00000000e+00
0.00000000e+00
0.00000000e+00
0.00000000e+00
0.00000000e+00
0.00000000e+00
0.00000000e+00
0.00000000e+00
0.00000000e+00
0.00000000e+00
0.00000000e+00
0.00000000e+00
0.00000000e+00
-3.25007797e-01
-7.63266159e-04
-1.30652826e-01
-1.50750905e-02
-1.79279881e-01
0.00000000e+00
0.00000000e+00
0.00000000e+00
0.00000000e+00
0.00000000e+00
0.00000000e+00
0.00000000e+00
1.20175831e+00
1.36336651e+00
-2.07902637e-02
5.74575188e-01
8.91655092e-01
9.25725403e-01
-9.69909240e-01
-1.32364993e+00
1.83206588e-01
2.86544728e-01
2.54220576e-01
1.63204353e-02
-4.46994828e-01
-1.89766986e+00
0.00000000e+00
0.00000000e+00
0.00000000e+00
0.00000000e+00
0.00000000e+00
0.00000000e+00
-2.49603143e-01
-2.19507708e-01
-3.82563824e-01
5.33999424e-03
-3.74324854e-01
-4.67714769e-01
4.06692818e+00
4.18573930e+00
4.39980334e+00
4.32026153e+00
4.31392077e+00
4.28151812e+00
1.45787758e+00
-8.20656066e-02
-1.23131445e-01
-3.01210741e-01
2.94041910e-01
-1.06473119e-01
6.28183008e-01
9.77107798e-02
5.95055606e-01
7.93451994e-02
1.02551474e-01
2.21761084e-02
7.76062506e-02
0.00000000e+00
0.00000000e+00
0.00000000e+00
-4.02614048e-01
8.20702613e-01
0.00000000e+00
0.00000000e+00
-6.60176882e-01
-8.66589229e-01
-7.43771711e-01
-9.44602592e-01
-1.52676611e+00
0.00000000e+00
0.00000000e+00
0.00000000e+00
3.44714380e-01
9.47620797e-01
-7.92852399e-01
-4.81403988e-01
-5.55511104e-01
-8.60664805e-02
-9.27558793e-01
3.80766610e-01
1.46153664e-01
0.00000000e+00
-4.50280660e-01
-1.26918184e-01
-9.48600321e-01
5.84645112e-01
1.13027017e-01
5.28130435e-01
4.93884324e-01
-1.32322485e+00
2.22250971e-01
4.04457355e-01
-7.75802401e-01
-6.09515542e-01
0.00000000e+00
0.00000000e+00
0.00000000e+00
2.57483536e-01
0.00000000e+00
0.00000000e+00
0.00000000e+00
2.42634379e-01
6.58414674e-01
3.31121164e-01
5.80685158e-01
0.00000000e+00
3.83574401e-01
7.39314191e-01
1.17073449e-01
2.20237519e-01
0.00000000e+00
4.69948093e-01
-3.73717637e-01
2.10018085e-01
2.92399668e-01
-1.44313829e+00
1.76883664e-01
-2.17245870e-01
5.62206015e-01
1.11545813e-01
-8.81029557e-02
-1.66286859e-01
0.00000000e+00
0.00000000e+00
0.00000000e+00
-7.50963709e-01
-5.06613400e-02
0.00000000e+00
0.00000000e+00
0.00000000e+00
-7.00302369e-01
0.00000000e+00
0.00000000e+00
0.00000000e+00
-1.68837430e+00
0.00000000e+00
0.00000000e+00
0.00000000e+00
6.20793615e-01
5.37447483e-01
-5.10909218e-01
-1.74402651e-01
4.08334953e-01
2.81746740e-01
1.24125867e-01
2.32911943e-01
-1.17307344e-01
0.00000000e+00
-1.87381866e-01
-5.31406488e-01
-1.60864513e+00
9.65106263e-01
-1.40211041e+00
4.04730911e-01
3.49163109e-01
-1.71255102e+00
-2.07059320e-01
8.39038262e-01
-5.11932053e-01
-2.51226213e-01
0.00000000e+00
0.00000000e+00
0.00000000e+00
2.11816463e-01
0.00000000e+00
0.00000000e+00
0.00000000e+00
-9.58621388e-02
-1.98890059e-02
-1.62483925e-01
4.61237675e-02
-4.09187307e-01
1.74451372e-01
1.22151171e-01
3.26401348e-01
1.20542781e-01
0.00000000e+00
-8.25780021e-02
2.16875921e-01
-1.54991637e-01
-2.15258927e-01
8.52428440e-02
2.82405497e-01
1.07218822e-02
1.35433475e-01
2.98096943e-02
-1.98092348e-01
-2.60705840e-01
0.00000000e+00
0.00000000e+00
0.00000000e+00
-1.17644225e+00
-4.92545498e-01
0.00000000e+00
0.00000000e+00
0.00000000e+00
-6.83896752e-01
0.00000000e+00
0.00000000e+00
0.00000000e+00
3 2
-9.7713e-02 3.9738e-01
2 8
0 8 
217
2.39347408e-01
4.40688646e-02
-1.40095756e-01
-6.46197277e-01
-4.37966913e-01
3.25891015e-01
2.65460834e-01
4.54996251e-01
7.83394283e-01
-4.90309854e-01
-1.41406076e-01
-2.50761012e-01
0.00000000e+00
0.00000000e+00
0.00000000e+00
0.00000000e+00
0.00000000e+00
0.00000000e+00
0.00000000e+00
0.00000000e+00
0.00000000e+00
0.00000000e+00
0.00000000e+00
2.39347408e-01
-1.31904400e-03
4.92531312e-01
2.21821790e-01
-1.82120777e-01
1.99646396e-01
0.00000000e+00
0.00000000e+00
0.00000000e+00
0.00000000e+00
0.00000000e+00
0.00000000e+00
0.00000000e+00
3.94182468e-01
-2.84899613e-01
1.30064553e-01
0.00000000e+00
0.00000000e+00
0.00000000e+00
0.00000000e+00
0.00000000e+00
3.94182468e-01
9.27673495e-02
-3.77666962e-01
1.30064553e-01
0.00000000e+00
0.00000000e+00
0.00000000e+00
0.00000000e+00
0.00000000e+00
0.00000000e+00
0.00000000e+00
0.00000000e+00
0.00000000e+00
0.00000000e+00
0.00000000e+00
0.00000000e+00
1.30064553e-01
9.27673495e-02
-3.77666962e-01
7.89101921e-02
-6.23946866e-02
-7.18434350e-01
1.10177440e-01
-8.09573819e-01
1.12654463e-01
6.32327879e-01
0.00000000e+00
4.86949817e-01
-7.40247835e-02
-1.64285753e-01
9.03931739e-01
-8.33166562e-02
3.63549331e-01
0.00000000e+00
0.00000000e+00
0.00000000e+00
0.00000000e+00
0.00000000e+00
0.00000000e+00
0.00000000e+00
0.00000000e+00
0.00000000e+00
0.00000000e+00
0.00000000e+00
0.00000000e+00
0.00000000e+00
0.00000000e+00
0.00000000e+00
0.00000000e+00
0.00000000e+00
0.00000000e+00
0.00000000e+00
0.00000000e+00
0.00000000e+00
0.00000000e+00
0.00000000e+00
0.00000000e+00
0.00000000e+00
0.00000000e+00
0.00000000e+00
0.00000000e+00
0.00000000e+00
0.00000000e+00
0.00000000e+00
0.00000000e+00
0.00000000e+00
0.00000000e+00
0.00000000e+00
0.00000000e+00
0.00000000e+00
0.00000000e+00
0.00000000e+00
0.00000000e+00
0.00000000e+00
0.00000000e+00
-5.99878142e-01
-8.59037097e-02
-4.88521001e-01
0.00000000e+00
0.00000000e+00
0.00000000e+00
8.13669035e-02
1.70346127e-01
-2.75569296e-01
-1.19057337e-01
-2.96741156e-01
-3.06558019e-01
-2.08320259e-01
6.27519795e-01
-1.03177115e-01
0.00000000e+00
-4.98435738e-01
-6.14231138e-02
-3.32349473e-01
3.53216468e-01
-2.58251750e-01
4.91093846e-02
4.05726184e-01
-4.77875052e-01
2.27626762e-01
5.34325683e-01
-3.19013024e-01
0.00000000e+00
0.00000000e+00
0.00000000e+00
1.97553975e-01
1.12528107e-01
-2.66383775e-01
1.35372358e-01
-4.50838003e-01
1.53241919e-01
1.55815949e-01
1.74600779e-01
2.35403298e-02
0.00000000e+00
5.87769222e-02
3.34463434e-01
-4.98043386e-01
1.32105048e-01
4.04588487e-02
3.96343261e-01
3.22379314e-02
-7.89089587e-01
-2.19252017e-01
-4.24451192e-02
-7.08752350e-01
0.00000000e+00
0.00000000e+00
0.00000000e+00
1.26026565e-01
9.37745226e-02
-4.80874867e-01
-2.78043070e-01
-6.53250206e-01
-6.43399535e-02
-4.44187428e-02
4.89822722e-01
1.89941844e-01
0.00000000e+00
-2.05666073e-01
-1.69322943e-01
-3.68009490e-01
1.61378717e-01
-6.30267244e-02
3.13757546e-01
5.58067783e-03
-3.31784947e-01
2.15824824e-01
3.53877250e-01
-3.48999491e-01
0.00000000e+00
0.00000000e+00
0.00000000e+00
1.29410463e-01
2.09134556e-01
-1.55716993e-01
2.45226346e-01
-1.28236107e+00
2.14234293e-01
1.71242783e-01
-7.99060238e-02
-4.12913447e-02
0.00000000e+00
2.07886822e-01
1.23176620e-01
-4.46945542e-01
2.57573498e-01
2.83579678e-01
8.75368680e-02
2.15229308e-02
-5.69760913e-01
7.31551780e-02
2.03302356e-01
136
1.93875814e-01
0.00000000e+00
0.00000000e+00
0.00000000e+00
0.00000000e+00
0.00000000e+00
0.00000000e+00
1.93875814e-01
-7.92880424e-04
1.40178109e-01
1.08719179e-01
-5.50214737e-02
0.00000000e+00
0.00000000e+00
0.00000000e+00
0.00000000e+00
0.00000000e+00
0.00000000e+00
0.00000000e+00
7.91722922e-01
-2.79457890e-01
-3.18389217e-01
0.00000000e+00
0.00000000e+00
0.00000000e+00
0.00000000e+00
0.00000000e+00
7.91722922e-01
-9.48901543e-01
6.69443653e-01
-3.18389217e-01
0.00000000e+00
0.00000000e+00
0.00000000e+00
0.00000000e+00
0.00000000e+00
0.00000000e+00
0.00000000e+00
0.00000000e+00
0.00000000e+00
0.00000000e+00
0.00000000e+00
0.00000000e+00
0.00000000e+00
0.00000000e+00
0.00000000e+00
1.06685038e+00
3.94316192e-01
8.18856264e-01
6.42290945e-01
-3.55262923e+00
0.00000000e+00
-1.57178621e-01
2.85905000e-01
-1.94993024e-01
-1.17196298e+00
0.00000000e+00
0.00000000e+00
0.00000000e+00
0.00000000e+00
-3.18389217e-01
-9.48901543e-01
6.69443653e-01
0.00000000e+00
0.00000000e+00
0.00000000e+00
0.00000000e+00
0.00000000e+00
0.00000000e+00
0.00000000e+00
0.00000000e+00
0.00000000e+00
0.00000000e+00
0.00000000e+00
0.00000000e+00
0.00000000e+00
0.00000000e+00
0.00000000e+00
0.00000000e+00
0.00000000e+00
0.00000000e+00
0.00000000e+00
0.00000000e+00
0.00000000e+00
0.00000000e+00
0.00000000e+00
-7.92994708e-01
-5.25663938e-01
-1.07916466e+00
0.00000000e+00
0.00000000e+00
0.00000000e+00
7.47072141e-01
1.50266352e-01
-6.97076665e-01
1.08892859e-01
-1.42748109e+00
-4.65726237e-02
-4.18276026e-01
7.34317477e-01
-3.27794564e-01
0.00000000e+00
-6.93949826e-02
5.07196510e-01
-1.34191494e+00
7.83250696e-01
1.20286754e-01
7.41210660e-01
4.93871129e-01
-1.70548286e+00
-1.44732265e-01
7.13196780e-01
-1.30358168e+00
0.00000000e+00
0.00000000e+00
0.00000000e+00
2.46110578e-01
4.91344436e-01
-8.08800836e-01
-1.75046766e-01
-5.20361763e-01
1.44249159e-01
1.82445995e-01
3.76531537e-01
1.24946157e-01
0.00000000e+00
-3.07673858e-01
-2.58030317e-01
-1.54806957e+00
5.88726990e-01
7.97191144e-02
4.72932203e-01
2.35295292e-01
-1.43476052e+00
1.19357370e-01
6.87503109e-01
6 1
-4.9550e-01 4.5586e-01
3 0
0 8 3 
217
4.61136234e-01
-4.71972646e-01
-2.39263485e-01
-4.42480582e-01
-4.02392009e-01
7.16242718e-01
2.61039423e-01
-3.92344517e-01
1.91177005e-01
-6.74346650e-02
-3.59251832e-01
-9.90714942e-02
7.70563646e-01
-7.43786817e-01
1.88096856e-01
2.15497394e-02
-1.75524917e-01
1.55746263e-02
3.91642020e-03
4.74159867e-01
-8.41365973e-02
7.68577862e-03
8.10927983e-01
3.41601349e-01
-6.81731984e-03
9.51934813e-01
-2.83965542e-01
-1.28747108e-01
8.73848883e-01
0.00000000e+00
0.00000000e+00
0.00000000e+00
0.00000000e+00
0.00000000e+00
0.00000000e+00
0.00000000e+00
0.00000000e+00
-3.52505832e-01
3.90526145e-02
2.94347974e-01
0.00000000e+00
0.00000000e+00
0.00000000e+00
0.00000000e+00
0.00000000e+00
-3.00421915e-02
-1.04974927e-01
1.37864582e-01
0.00000000e+00
1.22698834e-01
-2.21510801e-01
2.94347974e-01
0.00000000e+00
0.00000000e+00
0.00000000e+00
0.00000000e+00
0.00000000e+00
0.00000000e+00
0.00000000e+00
0.00000000e+00
5.54911390e-01
-3.00421915e-02
-5.43974442e-01
0.00000000e+00
-6.37329650e-02
-3.20007665e+00
6.60746799e-01
3.46552467e-01
-1.35877600e-01
7.92118548e-01
0.00000000e+00
3.55409406e-01
-4.20326030e-01
6.48547623e-02
4.70863118e-01
4.08720657e-02
3.57658486e-01
0.00000000e+00
4.83088940e-01
-9.34328547e-01
1.43735007e-01
-2.25064021e-01
-1.65687713e-01
7.28557025e-02
0.00000000e+00
0.00000000e+00
0.00000000e+00
0.00000000e+00
0.00000000e+00
0.00000000e+00
0.00000000e+00
0.00000000e+00
0.00000000e+00
0.00000000e+00
0.00000000e+00
0.00000000e+00
0.00000000e+00
0.00000000e+00
0.00000000e+00
0.00000000e+00
0.00000000e+00
0.00000000e+00
0.00000000e+00
0.00000000e+00
0.00000000e+00
0.00000000e+00
0.00000000e+00
0.00000000e+00
0.00000000e+00
0.00000000e+00
0.00000000e+00
0.00000000e+00
0.00000000e+00
0.00000000e+00
0.00000000e+00
0.00000000e+00
0.00000000e+00
0.00000000e+00
0.00000000e+00
-7.23998548e-01
-5.30412663e-01
-9.49151339e-01
0.00000000e+00
0.00000000e+00
0.00000000e+00
-3.99267445e-01
7.95192095e-01
-1.11557302e+00
1.09471833e-01
-2.65122922e+00
5.23497869e-01
2.33118085e-01
8.37531233e-01
1.15395782e+00
0.00000000e+00
-3.69804726e-01
-1.05496113e-01
-7.66920663e-01
1.42214931e+00
-1.19191222e+00
5.83013028e-01
8.97567023e-01
-1.20971580e+00
2.75537355e-01
2.97322225e-02
-2.03271420e-01
0.00000000e+00
0.00000000e+00
0.00000000e+00
5.07620142e-01
-4.04890751e-01
2.75596263e-01
1.04202821e-01
6.11290709e-01
1.29518476e-01
4.94607716e-01
-1.62397377e-01
-1.24881329e-01
0.00000000e+00
1.85850287e-01
-2.98197321e-01
-3.22418813e-01
-8.79073504e-01
1.06062104e+00
-1.01910449e-01
-9.33236401e-01
-2.15734581e-01
-3.20251741e-01
1.90413391e-01
-1.10501548e+00
0.00000000e+00
0.00000000e+00
0.00000000e+00
9.41312072e-01
1.05596462e-01
-9.95297343e-01
3.56856140e-01
-6.04016555e-02
8.07525981e-01
1.14980074e+00
1.24321991e+00
-1.81616498e-01
0.00000000e+00
-1.55799070e-01
1.40936296e-01
8.35922722e-02
1.88156747e-01
1.03089326e+00
6.02862342e-01
9.19814073e-01
-2.36066103e-01
1.73889240e+00
1.18338520e+00
-1.07509339e+00
0.00000000e+00
0.00000000e+00
0.00000000e+00
1.45523406e-01
6.95857255e-01
5.75565157e-01
6.46933690e-01
-3.87278515e-02
2.71111931e-01
3.92981309e-01
3.70529532e-02
9.99700468e-01
0.00000000e+00
9.38402944e-01
9.72119420e-01
-2.15438779e-01
9.27588058e-01
-2.02446503e-01
5.62376842e-01
3.60631565e-01
5.86418228e-01
-9.37296172e-01
5.13265299e-01
136
-2.72818437e-01
-3.17418536e-01
3.11795263e-02
1.73626590e-01
-1.15800413e-03
-2.57058677e-01
3.27744793e-03
1.28032186e-01
-4.47909167e-03
-3.79770846e-01
-1.95312280e-01
3.02264688e-01
0.00000000e+00
0.00000000e+00
0.00000000e+00
0.00000000e+00
0.00000000e+00
0.00000000e+00
0.00000000e+00
3.26358889e-01
-9.25830609e-02
-1.69535084e-01
-3.37059181e-01
0.00000000e+00
0.00000000e+00
0.00000000e+00
0.00000000e+00
3.26358889e-01
-5.65336702e-01
1.69143355e-01
1.84908895e-01
3.03610286e-01
-3.03727020e-01
-5.07169596e-02
-3.37059181e-01
0.00000000e+00
0.00000000e+00
0.00000000e+00
0.00000000e+00
0.00000000e+00
0.00000000e+00
0.00000000e+00
0.00000000e+00
0.00000000e+00
0.00000000e+00
0.00000000e+00
0.00000000e+00
8.14664123e-01
6.25867865e-01
6.03368246e-01
-2.15722584e+00
0.00000000e+00
-2.39094547e-01
2.69713325e-01
-6.36946325e-02
-2.66862999e-01
0.00000000e+00
1.15074436e-01
-9.45567353e-02
9.02605401e-02
-6.61006487e-01
-5.65336702e-01
4.22036682e-01
0.00000000e+00
0.00000000e+00
0.00000000e+00
0.00000000e+00
0.00000000e+00
0.00000000e+00
0.00000000e+00
0.00000000e+00
0.00000000e+00
0.00000000e+00
0.00000000e+00
0.00000000e+00
0.00000000e+00
0.00000000e+00
0.00000000e+00
0.00000000e+00
0.00000000e+00
0.00000000e+00
0.00000000e+00
0.00000000e+00
0.00000000e+00
0.00000000e+00
0.00000000e+00
-4.40408100e-01
-2.60914311e-01
-9.96396932e-01
0.00000000e+00
0.00000000e+00
0.00000000e+00
7.82772763e-01
2.07489811e-01
-6.61102889e-01
7.33822696e-02
-1.30855823e+00
-8.13936653e-02
-9.41184965e-02
7.78099227e-01
-3.12781131e-01
0.00000000e+00
8.83549926e-02
-1.56731342e-01
-1.42191147e+00
7.00417976e-01
1.47624947e-01
8.28861047e-01
5.26106880e-01
-1.71232946e+00
-1.14649939e-01
7.34069776e-01
-1.33097128e+00
0.00000000e+00
0.00000000e+00
0.00000000e+00
4.64158537e-01
6.29955415e-01
-6.08364066e-01
-4.33886186e-02
-8.79427596e-01
1.67304783e-01
2.13481004e-01
3.75742808e-01
2.59119984e-01
0.00000000e+00
-1.14854270e-01
-5.14535617e-01
-1.53883860e+00
5.49289595e-01
1.34874932e-01
4.96313732e-01
1.70794804e-01
-1.84444446e+00
6.66464321e-02
6.85199923e-01
5 1
-1.2403e+00 5.6643e-01
4 0
0 8 3 6 
217
-1.78844648e-01
-2.05264002e-02
3.60370620e-02
-3.90034688e-01
-2.92740971e-01
5.30714296e-01
1.86298478e-01
-4.73993624e-01
-2.23790431e-01
9.60760121e-02
-1.66410794e-01
4.80277281e-01
3.17799070e-01
3.28899320e-01
1.21399304e+00
-9.09975845e-03
-8.23570727e-01
-5.75195570e-01
-1.57560530e-03
9.29185910e-01
-7.31680966e-01
-1.01266006e-03
8.10678739e-01
-8.59611543e-02
-4.61524131e-03
5.56360875e-01
-4.21410587e-01
-2.89344644e-01
5.31910582e-01
0.00000000e+00
0.00000000e+00
0.00000000e+00
0.00000000e+00
0.00000000e+00
0.00000000e+00
0.00000000e+00
0.00000000e+00
-3.68040864e-01
-1.44848639e-01
1.84564284e-01
1.95744229e-01
0.00000000e+00
0.00000000e+00
0.00000000e+00
0.00000000e+00
-5.33167365e-02
-1.39591649e-01
-9.03939950e-02
0.00000000e+00
-9.38929642e-02
1.78955254e-01
-7.12993555e-01
0.00000000e+00
5.86211164e-02
-1.91206016e-01
5.69882695e-01
0.00000000e+00
4.65577136e-01
0.00000000e+00
1.95744229e-01
-2.11649547e-03
-1.81583426e-01
5.11189319e-02
0.00000000e+00
-5.18072575e-01
3.33194920e-01
5.27364005e-01
3.93988811e-01
-1.88136079e-01
4.50926298e-01
0.00000000e+00
1.48660380e-01
-1.22181392e-01
-6.06432270e-02
7.33339423e-01
-2.66861802e-01
-6.73402010e-02
0.00000000e+00
-7.91560494e-02
-4.68916893e-01
3.47603982e-01
-3.56744815e-01
-4.47292581e-01
-3.10804012e-01
-1.05962635e+00
1.13884373e-01
-1.28777421e+00
3.08068771e-01
-5.99686005e-01
4.58828559e-01
3.22468362e-01
0.00000000e+00
0.00000000e+00
0.00000000e+00
0.00000000e+00
0.00000000e+00
0.00000000e+00
0.00000000e+00
0.00000000e+00
0.00000000e+00
0.00000000e+00
0.00000000e+00
0.00000000e+00
0.00000000e+00
0.00000000e+00
0.00000000e+00
0.00000000e+00
0.00000000e+00
0.00000000e+00
0.00000000e+00
0.00000000e+00
0.00000000e+00
0.00000000e+00
0.00000000e+00
0.00000000e+00
0.00000000e+00
0.00000000e+00
0.00000000e+00
0.00000000e+00
-1.13498351e-01
-1.18192347e-01
-5.15574280e-01
0.00000000e+00
0.00000000e+00
0.00000000e+00
8.34396395e-01
5.62152507e-01
-3.94729472e-01
5.90562783e-01
-1.22863254e-01
3.35323245e-01
2.80780942e-01
9.81402784e-01
-3.89996380e-01
0.00000000e+00
1.13278543e-01
-1.72225726e-01
-1.12060406e+00
2.61672730e+00
8.12255183e-01
8.72305406e-01
5.83129420e-01
-5.55029474e-01
-3.77165083e-01
6.58944726e-01
-1.00352478e+00
0.00000000e+00
0.00000000e+00
0.00000000e+00
5.05167487e-01
1.97068703e-01
7.44942213e-01
6.01724378e-01
-1.67734289e-01
3.61102013e-01
5.53805001e-01
6.65356841e-01
6.49076682e-01
0.00000000e+00
7.12778512e-01
9.09474574e-01
6.26793282e-01
-8.65145212e-01
-2.20903839e-01
5.83520915e-01
4.71863810e-01
-3.04374859e-01
5.96104088e-01
4.21866406e-01
-4.25983953e-01
0.00000000e+00
0.00000000e+00
0.00000000e+00
2.17512751e-01
-6.73846586e-02
-8.58856486e-01
1.93057094e-01
8.82782532e-02
-1.30097125e-01
1.40838823e-01
6.36783609e-01
1.27330961e-01
0.00000000e+00
-3.23574694e-01
-5.32540923e-01
-7.31031288e-01
5.95855995e-01
5.37521502e-02
5.05467725e-01
3.86279866e-01
-1.28451145e+00
2.83709462e-01
2.73145979e-01
-6.68888521e-01
0.00000000e+00
0.00000000e+00
0.00000000e+00
3.38042427e-02
3.60474262e-01
3.58230553e-01
-4.53312336e-02
-5.88039104e-01
5.63408074e-02
2.28599730e-02
-2.59837568e-01
-2.45334474e-01
0.00000000e+00
3.29087694e-01
3.99571524e-01
-3.66563414e-01
2.33166815e-01
7.41937446e-02
1.06487950e-01
5.85135467e-02
-8.82280831e-01
-4.93357896e-01
1.79124887e-01
136
-1.10345073e-01
3.93744954e-01
-4.55399438e-03
5.62578910e-02
-5.93277323e-03
-3.42274725e-01
-2.34576334e-03
-2.18073192e-01
-2.87543634e-03
-1.51174154e-01
-9.74038691e-02
1.38232951e-01
0.00000000e+00
0.00000000e+00
0.00000000e+00
0.00000000e+00
0.00000000e+00
0.00000000e+00
0.00000000e+00
2.38679388e-01
-2.44616965e-02
-2.33105723e-01
-1.30982996e-01
3.95259544e-02
0.00000000e+00
0.00000000e+00
0.00000000e+00
2.38679388e-01
-5.05515408e-01
8.04363797e-02
1.96956421e-01
3.46455864e-01
-6.81238598e-03
-1.59404031e-02
-5.69271200e-01
0.00000000e+00
-4.53400174e-01
4.48033643e-02
4.35800239e-01
0.00000000e+00
1.88070868e-01
-1.85582903e-01
3.95259544e-02
0.00000000e+00
0.00000000e+00
0.00000000e+00
0.00000000e+00
1.44213739e+00
7.60103702e-01
5.44095451e-01
0.00000000e+00
0.00000000e+00
-1.37072925e-01
4.27549680e-01
-5.08815896e-02
-2.42204702e-01
0.00000000e+00
9.19216788e-02
-1.34009211e-01
7.21162266e-02
-5.61478195e-01
-5.58998575e-01
-1.69815043e-01
5.07988137e-02
1.08229692e-01
-3.91655173e-01
0.00000000e+00
0.00000000e+00
0.00000000e+00
0.00000000e+00
0.00000000e+00
0.00000000e+00
0.00000000e+00
0.00000000e+00
0.00000000e+00
0.00000000e+00
0.00000000e+00
0.00000000e+00
0.00000000e+00
0.00000000e+00
0.00000000e+00
0.00000000e+00
0.00000000e+00
0.00000000e+00
0.00000000e+00
0.00000000e+00
-6.09999240e-01
-3.87160197e-01
-9.99696360e-01
0.00000000e+00
0.00000000e+00
0.00000000e+00
6.24165487e-01
1.75909461e-01
-5.84238711e-01
1.57548052e-01
-1.23558976e+00
-1.07756964e-01
-2.29657213e-01
5.88951608e-01
-2.39433316e-01
0.00000000e+00
-1.05541476e-01
5.13475882e-01
-1.26486720e+00
7.29127342e-01
4.81115999e-03
7.51846961e-01
5.03938401e-01
-1.76972160e+00
-1.08630818e-01
5.95966344e-01
-1.31940201e+00
0.00000000e+00
0.00000000e+00
0.00000000e+00
3.57382324e-01
5.10494554e-01
-7.91002128e-01
-1.16440914e-01
-7.49610812e-01
2.84240833e-01
1.83064471e-01
3.45564803e-01
1.53955876e-01
0.00000000e+00
-2.43662598e-01
-2.91197486e-01
-1.52596982e+00
5.66710956e-01
1.41500110e-01
4.26344984e-01
1.50442485e-01
-1.43982753e+00
8.42057744e-02
6.34402107e-01
