1 5 -999999999 -1 -1
1 1 0 -1 -1
0.1904 -0.5667
356
9.68252009e-01
5.38707542e-01
4.29544467e-01
-1.54914554e-01
1.05692341e-01
-6.27942162e-01
1.73982971e-01
0.00000000e+00
0.00000000e+00
6.89093980e-02
-3.98386245e-01
-9.19202753e-02
-3.80216338e-01
-8.59913738e-02
-1.23734767e-01
5.48115865e-02
0.00000000e+00
0.00000000e+00
0.00000000e+00
0.00000000e+00
0.00000000e+00
0.00000000e+00
0.00000000e+00
0.00000000e+00
0.00000000e+00
0.00000000e+00
0.00000000e+00
0.00000000e+00
0.00000000e+00
0.00000000e+00
0.00000000e+00
0.00000000e+00
0.00000000e+00
0.00000000e+00
0.00000000e+00
0.00000000e+00
0.00000000e+00
0.00000000e+00
0.00000000e+00
0.00000000e+00
0.00000000e+00
0.00000000e+00
0.00000000e+00
0.00000000e+00
0.00000000e+00
0.00000000e+00
0.00000000e+00
0.00000000e+00
0.00000000e+00
0.00000000e+00
0.00000000e+00
-1.09925030e-01
-1.22070851e+00
1.46161906e+00
0.00000000e+00
0.00000000e+00
0.00000000e+00
0.00000000e+00
-8.35590371e-01
1.36191609e+00
7.40759777e-01
1.52015326e+00
2.20807713e+00
-1.01910579e+00
1.63010294e+00
-5.42948590e+00
-2.77509747e+00
8.87785416e-01
8.59263082e-01
-4.41598363e-02
-1.26396280e+00
-7.03668878e-02
6.23968743e-03
-9.35042573e-01
-1.18239655e+00
1.71892516e-02
-4.42975873e-01
1.36175236e+00
9.01640937e-03
-1.08992268e+00
0.00000000e+00
0.00000000e+00
0.00000000e+00
0.00000000e+00
0.00000000e+00
0.00000000e+00
0.00000000e+00
-6.94480113e-01
5.54594052e-01
1.10813807e+00
-3.48755655e-01
-2.53008023e-01
-4.20952808e-02
-1.56051154e-02
-8.65313178e-02
-2.33260941e-02
-4.99931881e-02
-1.36583295e-02
-2.58776631e-01
-5.83114356e-03
9.81775877e-01
2.41032827e-01
0.00000000e+00
0.00000000e+00
2.91728360e+00
4.08643362e+00
0.00000000e+00
0.00000000e+00
0.00000000e+00
0.00000000e+00
0.00000000e+00
0.00000000e+00
-5.47737066e-01
-4.25563020e-01
-3.52379569e-01
7.46258367e-02
-1.39319224e-01
-5.58658549e-01
-5.54081200e-01
1.27276232e+00
0.00000000e+00
-3.27686543e-01
0.00000000e+00
-7.35321761e-02
-3.08361975e-01
-2.51063616e-01
-1.04760443e-01
-8.10298965e-01
-8.41085940e-01
4.76481751e-01
6.22263790e+00
6.39797026e+00
6.30405657e+00
6.07550899e+00
6.59307704e+00
6.38621356e+00
-4.16465702e-01
8.59876314e-01
-4.43955980e-01
-3.50505121e-01
-2.40177364e-01
-3.50024102e-01
-7.23595385e-01
-3.43877061e-01
-4.19323470e-01
-6.52189930e-01
-8.45743800e-01
-9.95124594e-01
0.00000000e+00
0.00000000e+00
0.00000000e+00
0.00000000e+00
-1.27909242e+00
5.18107028e+00
0.00000000e+00
0.00000000e+00
2.24734443e+00
-2.85703634e-03
0.00000000e+00
-1.22918924e+00
-6.82630941e-01
-3.96700768e-01
-1.26640065e+00
-1.49229160e+00
-1.94903159e+00
0.00000000e+00
0.00000000e+00
0.00000000e+00
1.10150824e+00
9.54076621e-01
-6.44838187e-01
-2.42359540e-01
-9.50839803e-01
-4.60475673e-01
1.08906608e-01
1.24187872e+00
2.76015384e-01
0.00000000e+00
2.01143824e-02
-9.56933657e-01
-1.49995732e+00
5.88504148e-01
1.15470195e+00
4.89979333e-01
1.12915938e+00
-3.36514778e+00
-1.50826756e+00
6.14943160e-01
1.71334865e-01
0.00000000e+00
0.00000000e+00
0.00000000e+00
5.24497105e-02
7.17119128e-03
3.21457406e-01
4.49673244e-01
-1.08299323e+00
5.80055449e-01
3.00486933e-01
-2.28819708e-01
-2.14371723e-01
0.00000000e+00
2.02586489e-01
-5.92563957e-01
-2.59278137e-01
1.44500900e-01
-2.83240278e-01
3.63382493e-01
-1.24142376e-01
1.65151026e-01
3.16437225e-01
5.33922108e-02
-1.10196062e+00
-2.77091866e-01
0.00000000e+00
3.93640661e-02
5.66255435e-01
2.32051801e-01
8.01868907e-02
-5.89330558e-01
-2.64476283e-01
0.00000000e+00
0.00000000e+00
0.00000000e+00
4.92629904e-02
1.36156031e-01
-5.63623943e-02
-1.99518577e-01
3.41374583e-01
-4.23275064e-01
-1.58127314e-01
2.94713376e-01
-9.74937712e-02
0.00000000e+00
-6.94979142e-01
-3.54423184e-01
1.27592854e-01
-1.39537504e-01
5.05218726e-01
-4.28751434e-01
2.62014212e-01
2.71486328e-01
1.15390843e-01
1.84782157e-01
-8.24868754e-01
0.00000000e+00
2.78824620e-01
1.77052286e-01
-8.47070972e-01
-4.05539075e-01
0.00000000e+00
0.00000000e+00
1.08292741e-01
3.35014199e-01
-3.48160354e-02
-7.05737239e-01
-4.41531897e-01
0.00000000e+00
0.00000000e+00
0.00000000e+00
-1.88899237e+00
0.00000000e+00
0.00000000e+00
0.00000000e+00
-2.96166621e-01
-5.87806904e-01
-8.55867390e-01
-2.69936376e-01
-2.70984684e+00
5.99619053e-01
8.94064731e-01
1.41611413e-01
1.41047923e+00
0.00000000e+00
7.27614028e-01
2.30073621e+00
-1.23028542e+00
7.15161732e-01
-1.20618596e+00
4.18781055e-01
-7.10944156e-02
-2.04322608e+00
-5.55498585e-01
7.28854770e-01
5.48928034e-01
0.00000000e+00
0.00000000e+00
0.00000000e+00
3.11063099e-01
7.07518918e-01
-7.33219994e-02
4.06175044e-01
2.10012247e-01
9.70181231e-02
2.21425227e-01
-1.37920643e-02
-1.61722067e-01
0.00000000e+00
-2.58057402e-01
-1.72542636e+00
-3.87221499e-01
1.98342588e-01
-2.62157784e-01
1.52119850e-01
3.49658682e-01
3.13988521e-01
6.63029006e-01
-1.99724097e-01
-7.00484855e-01
1.89559878e-01
-7.66354255e-01
-5.73054201e-01
-7.81240824e-01
2.20035609e-01
1.95620666e-01
-2.26096397e-01
-7.05410007e-01
0.00000000e+00
0.00000000e+00
0.00000000e+00
-3.76578716e-01
4.94536599e-02
3.38727576e-01
1.27705246e-01
1.00982367e+00
4.98245976e-02
9.13911167e-02
-7.02880383e-01
5.92612846e-01
0.00000000e+00
2.97197491e-01
1.87469460e+00
-1.60060946e+00
-2.98243297e-01
-4.97658648e-01
5.07398925e-02
-3.02131277e-01
-5.13638606e-01
-1.03490404e+00
1.39063726e-01
-8.90044733e-01
3.26833213e+00
5.90869654e-01
-4.49061631e-01
-1.18850752e+00
-5.86260646e-01
-7.96805511e-01
3.47776776e-01
-8.47419738e-01
4.29295087e-01
-1.44552315e-01
-8.71003418e-01
-6.02246869e-01
2.94701194e+00
5.56578923e-01
0.00000000e+00
247
-1.31877751e+00
-7.15861034e-01
-6.02916476e-01
-4.90233445e-01
-2.25627589e-01
8.83370974e-01
-1.45209715e+00
-6.85637730e-01
0.00000000e+00
0.00000000e+00
4.18011700e-01
4.53677842e-01
-3.64393551e-01
-2.04008878e+00
0.00000000e+00
0.00000000e+00
0.00000000e+00
0.00000000e+00
0.00000000e+00
0.00000000e+00
0.00000000e+00
0.00000000e+00
0.00000000e+00
0.00000000e+00
0.00000000e+00
0.00000000e+00
0.00000000e+00
0.00000000e+00
0.00000000e+00
0.00000000e+00
0.00000000e+00
0.00000000e+00
0.00000000e+00
0.00000000e+00
0.00000000e+00
0.00000000e+00
0.00000000e+00
0.00000000e+00
0.00000000e+00
0.00000000e+00
0.00000000e+00
9.05446690e-01
-6.91616720e-03
-1.20248130e-02
-5.29374875e-03
-1.23989817e+00
6.48803056e-03
-9.72301219e-01
9.11673021e-03
0.00000000e+00
0.00000000e+00
0.00000000e+00
0.00000000e+00
0.00000000e+00
0.00000000e+00
0.00000000e+00
2.40178565e-02
-7.53648117e-01
-5.89147250e-01
3.67760173e+00
4.60501688e+00
0.00000000e+00
0.00000000e+00
0.00000000e+00
0.00000000e+00
0.00000000e+00
0.00000000e+00
-5.42779417e-01
-7.95600059e-01
-6.50269178e-01
-6.81249108e-01
-6.40696531e-01
-1.68578495e+00
-5.34921350e-01
1.46077965e+00
0.00000000e+00
0.00000000e+00
0.00000000e+00
2.15984562e-01
-1.10068572e+00
-3.00269435e-01
-1.19654453e-01
-1.69457792e+00
-1.06080127e+00
7.53122942e-01
7.48107829e+00
8.26513364e+00
7.89694959e+00
8.14405205e+00
8.00215467e+00
7.64709486e+00
-1.07735869e+00
6.83312317e-03
-1.86437180e-01
-9.17654426e-01
-4.33347969e-01
-9.20234926e-01
0.00000000e+00
0.00000000e+00
-7.17955858e-01
-4.70886298e-01
0.00000000e+00
-1.04169956e+00
0.00000000e+00
-2.40092854e+00
4.81817891e+00
0.00000000e+00
1.08215103e+00
2.01483561e+00
0.00000000e+00
-3.31624749e+00
-1.67097478e+00
-1.64432854e+00
-8.72757514e-01
-1.73478938e+00
-3.31530332e+00
0.00000000e+00
0.00000000e+00
0.00000000e+00
1.86574774e+00
1.36520752e+00
1.70745185e+00
2.12635290e+00
0.00000000e+00
2.33238801e+00
2.41230670e+00
2.33929776e+00
2.86219335e+00
0.00000000e+00
2.41884622e+00
6.49628095e-01
2.04260838e-02
1.64112227e+00
3.15719407e+00
2.37485236e+00
2.27605360e+00
0.00000000e+00
6.12811626e-01
2.29712498e+00
-1.91937594e+00
-1.10661381e+00
0.00000000e+00
1.93437070e+00
1.38770410e+00
-9.08742319e-01
0.00000000e+00
0.00000000e+00
0.00000000e+00
1.46203813e+00
1.22701822e+00
1.07741882e+00
1.20353867e+00
0.00000000e+00
1.11597069e+00
1.11403224e+00
1.13855521e+00
1.32562354e+00
0.00000000e+00
1.49606633e+00
1.19447184e+00
1.23264959e+00
1.64498180e+00
2.52420652e-01
1.39502144e+00
1.20314296e+00
0.00000000e+00
1.00303782e+00
1.22721909e+00
-8.12762131e-01
0.00000000e+00
3.09332456e-01
-1.17967934e+00
-1.39592738e+00
-5.64360972e-01
0.00000000e+00
0.00000000e+00
1.39078088e+00
-8.31566413e-01
0.00000000e+00
0.00000000e+00
-8.08395040e-01
-2.60754689e+00
0.00000000e+00
0.00000000e+00
0.00000000e+00
2.09753067e-01
-3.49489335e+00
-6.81524501e-01
-9.28989858e-01
0.00000000e+00
4.12973840e-01
1.02529568e+00
8.13976777e-01
-5.78005099e-01
0.00000000e+00
1.36079404e+00
3.20425556e+00
0.00000000e+00
1.36076767e+00
1.54652593e+00
6.76519366e-01
3.20233941e-01
0.00000000e+00
2.38523186e+00
1.46452184e+00
-1.31715455e+00
-6.70696936e-01
-2.13521044e-02
6.85304131e-01
3.70484803e-01
2.80437884e-01
0.00000000e+00
0.00000000e+00
0.00000000e+00
1.11263591e+00
2.39763306e+00
0.00000000e+00
9.59353733e-01
0.00000000e+00
4.96978758e-01
1.98072882e-01
4.38144725e-01
2.50179533e+00
0.00000000e+00
0.00000000e+00
0.00000000e+00
0.00000000e+00
0.00000000e+00
2.44830163e-01
3.14603772e-01
7.49638147e-01
0.00000000e+00
1.12204108e+00
-1.22082832e-02
-6.46457616e-01
2.62512426e+00
-1.63862685e-01
9.80447351e-01
-1.29039234e+00
-2.02060578e-01
-2.79337479e-01
3.67457877e-01
-4.27559649e-02
-1.08833177e+00
2.61635658e+00
0.00000000e+00
0.00000000e+00
2 -999999999 11 1 -1
1 0 1 1 -1
-2.9271e-01 5.2667e-01
356
-2.14883751e+00
0.00000000e+00
0.00000000e+00
0.00000000e+00
0.00000000e+00
0.00000000e+00
0.00000000e+00
0.00000000e+00
0.00000000e+00
0.00000000e+00
0.00000000e+00
0.00000000e+00
0.00000000e+00
0.00000000e+00
0.00000000e+00
0.00000000e+00
-1.10379532e+00
-1.04504219e+00
5.47072410e-02
-2.89927738e-01
-4.07842522e-01
-1.03333085e-01
0.00000000e+00
0.00000000e+00
-2.37654610e-01
-5.48928061e-01
3.50515010e-01
-6.13615702e-01
-1.65778097e-01
7.79508759e-02
1.42534462e-01
-3.54396818e-01
-1.79444069e+00
-2.12941367e+00
-2.38567295e+00
-1.55272918e+00
-7.18562915e-01
1.59639019e+00
-5.38697803e-02
1.78626661e-01
2.09133324e-01
0.00000000e+00
0.00000000e+00
0.00000000e+00
0.00000000e+00
0.00000000e+00
0.00000000e+00
0.00000000e+00
0.00000000e+00
0.00000000e+00
0.00000000e+00
-4.96548725e-01
5.78268058e-01
-9.16852046e-01
0.00000000e+00
0.00000000e+00
0.00000000e+00
0.00000000e+00
-1.63768368e+00
1.51188031e+00
-8.77850429e-02
9.15296939e-02
-3.34916320e-01
-3.74591354e-02
-4.04720802e-01
5.55687352e-01
3.16268337e-01
-8.91406887e-01
-4.88541353e-01
2.23472449e-02
4.43273812e-01
-4.30118312e-01
4.29445997e-03
-1.08780720e-01
-7.33882205e-02
2.60470619e-03
-1.80208793e-01
-1.15678962e+00
-1.11206454e-03
3.69240290e-01
0.00000000e+00
0.00000000e+00
0.00000000e+00
0.00000000e+00
0.00000000e+00
0.00000000e+00
0.00000000e+00
-2.00753234e+00
-2.95095218e-01
1.53790045e-01
1.47050698e-01
1.60184875e-01
2.03610727e-02
-1.25329577e-01
-4.64916908e-01
-4.25955224e-01
-3.90371060e-01
3.02708958e-02
-8.11955697e-02
1.13695213e-01
4.88099904e-01
4.40546574e-01
0.00000000e+00
0.00000000e+00
8.72355787e-01
9.15932539e+00
0.00000000e+00
0.00000000e+00
0.00000000e+00
0.00000000e+00
0.00000000e+00
0.00000000e+00
4.55347331e-02
-5.79342862e-01
-5.38396328e-01
-3.65155752e-01
-4.31675974e-01
-1.15215711e+00
-1.62362264e+00
1.16822179e+00
-2.11837860e-01
8.82924254e-01
9.47651231e-01
0.00000000e+00
-2.41119352e+00
-1.57150344e+00
-6.51772664e-01
-2.62053511e+00
-2.07581307e+00
1.87863890e-01
7.48924990e+00
7.90324104e+00
7.67686559e+00
7.77097559e+00
8.00126022e+00
7.82511688e+00
1.43418741e+00
1.65171303e+00
5.52254457e-03
4.09777818e-01
-3.14505668e-01
-1.87471488e-01
0.00000000e+00
1.20666298e+00
4.76699016e-01
4.19159465e-01
-3.86539545e-01
-1.01476535e+00
0.00000000e+00
0.00000000e+00
0.00000000e+00
0.00000000e+00
-2.16520899e+00
5.10259471e+00
0.00000000e+00
0.00000000e+00
1.63714771e-02
3.88186833e-01
0.00000000e+00
0.00000000e+00
-1.41733093e+00
4.29601723e-01
-1.60386236e+00
3.16157007e-01
-3.02119330e+00
0.00000000e+00
0.00000000e+00
0.00000000e+00
-3.02446766e-01
9.14805575e-01
-2.00085329e-01
4.85642443e-03
-1.57405392e+00
7.05114672e-01
3.60868731e-01
-3.36318355e-01
7.82332774e-01
0.00000000e+00
-4.26208990e-01
-5.26618742e-01
-1.65919829e+00
8.24825152e-01
8.03877124e-01
2.36666053e-01
7.99209696e-01
-3.19842380e+00
-4.43663539e-01
2.13268232e-01
-5.67643127e-01
0.00000000e+00
0.00000000e+00
0.00000000e+00
2.15963257e-02
7.64228263e-02
-3.87309980e-01
5.94539413e-01
0.00000000e+00
-4.05306696e-01
3.34106837e-01
5.78301835e-01
1.10382475e-01
0.00000000e+00
-1.16989572e-01
6.73819378e-01
-7.18096572e-01
3.38086127e-02
-2.34809108e-01
-1.35023512e-01
3.53796194e-01
0.00000000e+00
4.11405298e-01
1.61692261e-01
-1.19406778e+00
-4.89771939e-01
0.00000000e+00
7.22886747e-01
1.11222423e+00
-3.03230739e-04
-5.03491084e-02
-4.39119600e-01
7.58711219e-01
0.00000000e+00
0.00000000e+00
0.00000000e+00
-1.05100191e+00
-5.34881973e-01
1.53777240e+00
-5.66508141e-02
0.00000000e+00
7.70005324e-01
-1.72973821e-01
-5.80556556e-01
3.55044040e-01
0.00000000e+00
-1.61391373e-01
-5.58899693e-01
8.72796211e-01
-4.23426754e-01
1.13658066e-01
6.17258845e-01
-7.76689770e-02
0.00000000e+00
-1.04936698e+00
-4.71506414e-01
-7.04295837e-01
0.00000000e+00
6.53923478e-01
4.39910780e-01
-1.82712552e+00
-9.27558993e-01
0.00000000e+00
0.00000000e+00
1.25749263e+00
-3.46329079e-01
4.00112803e-01
-9.81342717e-01
-8.99566528e-01
0.00000000e+00
0.00000000e+00
1.24070520e-01
7.45758729e-01
0.00000000e+00
0.00000000e+00
0.00000000e+00
7.30643100e-01
-8.16648597e-01
-1.48919901e+00
9.64829473e-01
0.00000000e+00
-1.67603662e+00
1.34938904e+00
9.82385461e-01
1.14036590e+00
0.00000000e+00
8.78744403e-01
3.01115990e+00
-4.27876725e-01
-4.92366930e-01
7.94233097e-01
1.48017132e+00
1.29871217e-01
0.00000000e+00
1.71251781e+00
5.71150642e-01
-4.21157432e-01
0.00000000e+00
0.00000000e+00
0.00000000e+00
-5.13527340e-02
8.01562316e-01
3.90812084e-01
5.77852227e-02
0.00000000e+00
6.92000243e-01
4.36659460e-01
1.68374002e-01
7.99101841e-01
0.00000000e+00
4.44653426e-01
-6.06161168e-01
0.00000000e+00
1.10977096e+00
1.89959181e-02
1.17237585e-01
1.12296341e-01
0.00000000e+00
3.98496496e-01
6.50266705e-01
1.38679920e+00
3.51860232e-01
8.27079483e-01
-6.97432766e-01
-1.24537530e-01
3.56442761e-01
2.72509917e-01
-2.77092445e-01
-1.68833484e-01
0.00000000e+00
0.00000000e+00
0.00000000e+00
1.10438907e+00
-4.62648558e-01
-7.17646579e-01
2.12077971e-01
0.00000000e+00
-4.84586657e-01
-1.24833228e-01
3.13108084e-01
-2.36588686e-01
0.00000000e+00
-2.78252911e-01
1.05609600e+00
0.00000000e+00
4.85712553e-02
1.91393150e-01
2.81072467e-01
3.61201074e-01
0.00000000e+00
8.37657318e-01
-2.36768652e-01
1.03493897e+00
-2.51625290e+00
-2.47192027e+00
-1.33630495e+00
-6.41040469e-01
7.77414901e-02
3.12296869e-01
-3.07435412e-02
0.00000000e+00
4.03764110e-01
2.60685366e-01
-5.86707986e-01
-7.18781959e-01
-1.06320439e+00
-1.58493484e-01
6.05918556e-01
247
-1.59317265e+00
0.00000000e+00
0.00000000e+00
0.00000000e+00
0.00000000e+00
0.00000000e+00
0.00000000e+00
0.00000000e+00
0.00000000e+00
2.16445586e-01
0.00000000e+00
0.00000000e+00
0.00000000e+00
0.00000000e+00
-6.17511314e-01
-9.75661341e-01
-5.05496515e-01
-1.12014799e-01
-5.66556119e-02
-5.41939055e-01
0.00000000e+00
0.00000000e+00
0.00000000e+00
-5.75868913e-01
-3.87979010e-01
2.15388406e-01
2.61533940e-02
-6.11201200e-01
-9.81971455e-01
-1.92582945e-01
-4.18618255e-01
-1.05515537e+00
2.72227560e-01
2.01668427e-02
0.00000000e+00
0.00000000e+00
0.00000000e+00
0.00000000e+00
0.00000000e+00
0.00000000e+00
0.00000000e+00
2.44294870e-01
-9.99327171e-03
-1.98102578e+00
1.95353293e-02
-3.70171089e-01
1.46537828e-02
5.13729345e-01
6.44915814e-03
0.00000000e+00
0.00000000e+00
0.00000000e+00
0.00000000e+00
0.00000000e+00
0.00000000e+00
0.00000000e+00
-1.26974534e+00
2.58146521e-01
-5.81573836e-01
4.65924735e-01
5.31605047e+00
0.00000000e+00
0.00000000e+00
0.00000000e+00
0.00000000e+00
0.00000000e+00
0.00000000e+00
-7.35099142e-01
-8.01326614e-01
-3.89634705e-01
7.15340682e-02
2.33327607e-04
-2.04804324e-01
-1.97226738e-01
6.91418511e-01
0.00000000e+00
1.53083518e-01
0.00000000e+00
6.05363056e-01
-1.11585715e+00
-5.89578145e-01
-9.72488475e-01
-1.95878362e+00
-8.50552010e-01
-1.27156304e-01
4.56044017e+00
4.87216490e+00
5.05723595e+00
4.71015396e+00
5.06891106e+00
5.14690775e+00
7.39399483e-01
7.82945215e-01
1.10375741e-02
8.84283296e-02
7.51205024e-02
-3.23051005e-01
1.16052293e-01
7.23403654e-01
5.38778875e-01
3.66035419e-01
-2.36271111e-01
-6.93463507e-01
0.00000000e+00
-1.29480742e+00
3.09623570e+00
0.00000000e+00
-2.98365237e-01
-2.53957775e-01
0.00000000e+00
0.00000000e+00
-9.94952973e-01
-1.06414442e+00
2.47398706e-01
-4.92243451e-02
-2.05909739e+00
0.00000000e+00
0.00000000e+00
0.00000000e+00
1.02635528e+00
1.08365938e+00
-2.73980341e-01
5.83607086e-01
-2.55446439e+00
5.51246710e-01
9.52735815e-01
9.46011547e-01
-4.26706501e-01
0.00000000e+00
7.85593628e-01
-1.33761715e+00
-1.93389663e+00
3.97898918e-01
7.98720526e-01
1.05129036e+00
3.40763783e-01
-3.00259831e+00
-1.47303135e+00
4.25314246e-01
-7.31894019e-01
-2.46676305e-01
0.00000000e+00
4.53459991e-01
8.72530486e-01
-4.39891830e-01
0.00000000e+00
0.00000000e+00
0.00000000e+00
-2.05281328e-01
-9.28273546e-03
-2.74706964e-01
3.17545030e-01
0.00000000e+00
-2.85256930e-01
2.63012963e-01
2.42350289e-01
-2.89409296e-02
0.00000000e+00
-4.27816221e-02
3.88869857e-01
1.52277050e-01
-2.68194414e-01
-3.94773569e-01
6.57274401e-02
1.95155683e-01
0.00000000e+00
3.79984016e-01
-9.48957477e-02
-4.85217714e-01
0.00000000e+00
-1.81024153e-01
6.18039168e-01
-1.32720337e+00
-7.48276668e-01
0.00000000e+00
0.00000000e+00
0.00000000e+00
-5.78926702e-01
0.00000000e+00
0.00000000e+00
-6.19293992e-01
1.98174360e-01
0.00000000e+00
0.00000000e+00
0.00000000e+00
7.74599245e-01
-7.87776313e-02
-7.87940480e-01
5.20628626e-02
-2.50113700e+00
9.85298920e-01
7.71502181e-01
2.11007338e-01
7.77175836e-01
0.00000000e+00
8.25284962e-01
1.83500515e+00
-1.37065893e+00
2.94745845e-01
-1.11560376e+00
9.79606108e-01
9.38865756e-01
-2.14664178e+00
-2.86230122e-01
4.00098476e-02
6.74932585e-01
9.82975028e-02
2.11706764e+00
6.89025166e-01
7.22327561e-01
-1.38850115e-01
0.00000000e+00
0.00000000e+00
0.00000000e+00
-1.99940335e-01
-1.67366657e-02
4.69297715e-01
2.18014580e-02
0.00000000e+00
-1.01902915e-01
-5.37551871e-02
-4.21633032e-01
5.30539542e-01
0.00000000e+00
-1.10162655e-01
-1.13602424e+00
6.66270274e-01
1.03056796e+00
-5.84307822e-01
-8.14554121e-01
3.03196660e-02
-6.28548823e-01
1.39735663e+00
3.96506444e-01
5.76635082e-01
-1.24830115e+00
-7.41233249e-01
-3.92139450e-01
-4.76758225e-01
1.49101203e-01
2.48886585e-01
-4.54781188e-02
2.97340918e-01
-6.25859427e-01
-4.14780841e-01
-4.45197074e-01
-3.15146844e-01
4 -999999999 7 1 2
2 0 1 1 1
-5.8285e-01 7.1474e-01
356
-2.01202838e-01
0.00000000e+00
0.00000000e+00
0.00000000e+00
0.00000000e+00
0.00000000e+00
0.00000000e+00
0.00000000e+00
0.00000000e+00
0.00000000e+00
0.00000000e+00
0.00000000e+00
0.00000000e+00
0.00000000e+00
0.00000000e+00
0.00000000e+00
2.51097307e-01
-4.52300145e-01
-2.55519039e-02
-1.87675014e-01
-7.16421923e-01
1.04439265e-01
0.00000000e+00
0.00000000e+00
-5.29098083e-01
-5.48225536e-01
-9.54619551e-02
1.71301507e-01
-1.14694270e-01
3.72808526e-02
5.18615134e-02
7.82248460e-01
-9.83451298e-01
-1.93444492e+00
2.69365170e-01
-1.04034130e+00
-6.45163032e-01
1.47691911e+00
-1.10548002e+00
1.23977427e+00
1.41915419e+00
-3.01328758e-01
1.00125920e-01
-3.02396288e-01
-3.84481667e-01
3.03956121e+00
1.15160643e+00
-5.58432577e-02
-3.71535397e-01
5.69107877e-02
1.23056578e-01
-1.16744428e-01
-2.04209601e-03
-5.59589959e-01
0.00000000e+00
0.00000000e+00
0.00000000e+00
0.00000000e+00
-1.26560132e+00
1.39972810e+00
6.10360627e-01
5.29474061e-01
1.02959735e+00
-3.86974095e-01
4.56446240e-01
-8.96015193e-01
0.00000000e+00
0.00000000e+00
0.00000000e+00
0.00000000e+00
0.00000000e+00
0.00000000e+00
0.00000000e+00
0.00000000e+00
0.00000000e+00
0.00000000e+00
0.00000000e+00
-2.01202838e-01
5.19946412e-04
1.40042026e-01
0.00000000e+00
0.00000000e+00
0.00000000e+00
0.00000000e+00
0.00000000e+00
0.00000000e+00
0.00000000e+00
-6.54927438e-01
6.16881206e-01
-1.63156605e-01
-1.25138693e-01
-4.58127422e-01
-7.02635724e-02
-2.41353506e-02
5.36090578e-02
1.10365037e-01
3.51440854e-01
3.00064946e-01
5.03638430e-01
4.60307794e-01
2.73449298e-01
5.98795650e-02
-3.00221727e-03
6.85435568e-02
2.19579252e+00
2.30309766e+00
0.00000000e+00
0.00000000e+00
0.00000000e+00
0.00000000e+00
0.00000000e+00
0.00000000e+00
-4.63429452e-01
-5.59468177e-01
-2.52878917e-01
1.12788019e-01
-2.54227505e-01
-9.79779321e-01
4.77803712e-01
6.58639046e-01
-1.50490162e-01
-2.11853369e+00
0.00000000e+00
1.99329675e-01
-4.87113637e-01
-2.37627344e-01
-4.86406119e-02
-5.39757150e-01
-2.72790867e-01
2.24972910e-01
7.66768216e+00
7.57427731e+00
7.58537070e+00
7.52882974e+00
7.40929010e+00
7.60518881e+00
5.21630473e-01
4.45124331e-01
-7.45507117e-01
-4.57620443e-01
1.86257243e-01
-2.47261718e-01
0.00000000e+00
5.02293072e-01
3.19524492e-01
-1.73138533e-01
-3.03448116e-01
-5.85534491e-01
0.00000000e+00
0.00000000e+00
0.00000000e+00
0.00000000e+00
-1.14334380e+00
4.47493374e+00
0.00000000e+00
0.00000000e+00
9.42140963e-01
1.01790892e-01
0.00000000e+00
0.00000000e+00
-9.60967103e-01
-1.05237774e+00
-1.43602825e+00
-1.45192276e+00
-2.39699535e+00
0.00000000e+00
0.00000000e+00
0.00000000e+00
5.11326319e-01
1.32720131e+00
-3.05228411e-01
3.04425676e-01
-2.22152812e+00
3.07009478e-01
6.91451725e-01
6.76386239e-01
-7.51338099e-02
0.00000000e+00
-2.72353107e-01
-1.22541041e+00
-2.17313956e+00
1.36784019e-01
8.86618835e-01
8.54285408e-01
5.82998971e-01
-2.46668197e+00
-8.15434887e-01
8.79426952e-01
2.41156215e-02
0.00000000e+00
0.00000000e+00
0.00000000e+00
1.56278533e-01
1.41420601e-01
4.54351615e-02
3.48209860e-01
4.13247594e-01
1.00955250e-01
2.95889423e-01
3.00496273e-02
-9.25815819e-02
0.00000000e+00
1.67118685e-01
-2.91085459e-02
2.87338531e-01
6.43555727e-01
1.43372874e-01
3.55500633e-01
2.02742935e-03
0.00000000e+00
1.17392709e-01
-1.68451981e-01
-1.05062670e+00
-4.75409657e-01
0.00000000e+00
0.00000000e+00
0.00000000e+00
-8.25914116e-02
-1.35025849e-01
-2.57792397e-01
1.81974507e-01
0.00000000e+00
0.00000000e+00
0.00000000e+00
3.41359387e-01
-5.16408376e-01
-4.65715251e-01
-2.95859629e-01
-8.73208890e-02
-3.76107261e-01
-4.50473991e-01
-6.24716811e-01
-5.27571926e-01
0.00000000e+00
-4.88816686e-01
4.00454934e-01
-9.25767022e-01
-4.05567395e-01
0.00000000e+00
-1.96283059e-01
4.23705830e-01
0.00000000e+00
2.21144651e-01
7.03885811e-02
-5.75217048e-01
0.00000000e+00
0.00000000e+00
0.00000000e+00
-1.34636865e+00
-4.85557445e-01
0.00000000e+00
0.00000000e+00
0.00000000e+00
8.68115816e-02
-3.54777638e-02
-5.36891263e-01
-8.60811203e-01
0.00000000e+00
0.00000000e+00
0.00000000e+00
-2.50430050e+00
0.00000000e+00
0.00000000e+00
0.00000000e+00
7.57009799e-01
4.34486747e-01
-7.91012178e-01
2.39686009e-01
-1.47824258e+00
6.37741389e-01
5.72629309e-01
-2.19768442e-01
7.48418852e-01
0.00000000e+00
4.09519833e-01
6.50842406e-01
-2.23328874e+00
4.59815265e-01
-1.79761903e+00
5.01681443e-01
6.81907343e-01
-2.02888978e+00
-3.45724943e-01
2.96506810e-01
-6.96040992e-02
0.00000000e+00
0.00000000e+00
0.00000000e+00
2.10301699e-01
2.65842487e-01
-5.06557861e-02
2.22037754e-01
0.00000000e+00
-3.45776138e-02
6.62692396e-01
4.29134256e-01
1.85368081e-01
0.00000000e+00
-7.31080932e-02
4.12103154e-02
0.00000000e+00
7.40574684e-01
0.00000000e+00
2.53858274e-01
3.22236993e-01
0.00000000e+00
7.57243996e-02
4.02342446e-01
-6.87894477e-01
-2.34858303e-01
0.00000000e+00
0.00000000e+00
0.00000000e+00
-8.24423877e-02
4.02084450e-02
-1.92624360e-01
-2.41481693e-01
0.00000000e+00
0.00000000e+00
0.00000000e+00
4.53404765e-01
7.87896472e-01
5.36203437e-01
-2.49378167e-01
0.00000000e+00
-4.52524926e-02
-1.12858666e-01
-4.99447937e-01
7.61378401e-01
0.00000000e+00
2.54379975e-01
-8.74858058e-01
0.00000000e+00
2.08970516e-01
0.00000000e+00
8.79307175e-01
-6.55093672e-01
0.00000000e+00
-9.08219363e-01
4.98895440e-01
-4.53036174e-01
0.00000000e+00
0.00000000e+00
0.00000000e+00
-1.81640602e+00
-8.17519436e-01
0.00000000e+00
0.00000000e+00
0.00000000e+00
1.27443355e-01
-3.68925772e-01
-5.76037020e-01
-9.98886588e-01
0.00000000e+00
0.00000000e+00
0.00000000e+00
247
-5.05311730e-01
0.00000000e+00
0.00000000e+00
0.00000000e+00
0.00000000e+00
0.00000000e+00
0.00000000e+00
0.00000000e+00
0.00000000e+00
-1.17762105e-01
0.00000000e+00
0.00000000e+00
0.00000000e+00
0.00000000e+00
-2.17085560e-01
-2.88226170e-01
-1.06934962e-01
-1.10150598e-01
2.87124709e-01
-4.90157540e-01
0.00000000e+00
0.00000000e+00
0.00000000e+00
-8.50223937e-01
-8.43259801e-01
-4.81259064e-02
-9.50726523e-02
-1.55057167e-01
-3.50254563e-01
2.05403708e-01
-3.60460875e-01
-8.06865998e-01
6.04222450e-01
2.26090477e-02
-5.05311730e-01
0.00000000e+00
-1.14708356e+00
6.41771830e-01
-8.90185259e-01
1.68955313e-01
5.40916112e-01
0.00000000e+00
0.00000000e+00
0.00000000e+00
0.00000000e+00
0.00000000e+00
0.00000000e+00
-5.05311730e-01
1.53071197e-04
0.00000000e+00
0.00000000e+00
0.00000000e+00
0.00000000e+00
0.00000000e+00
0.00000000e+00
0.00000000e+00
-9.19192926e-01
3.16911720e-01
9.69694759e-02
1.39796454e+00
1.64841045e+00
0.00000000e+00
0.00000000e+00
0.00000000e+00
0.00000000e+00
0.00000000e+00
0.00000000e+00
-3.53969347e-01
-6.11927499e-01
-4.58384028e-01
8.39030894e-02
-1.98731818e-01
-3.64166671e-01
7.85638615e-01
-2.67923676e-01
-8.87434905e-01
-7.03758331e-01
3.15828351e-01
-6.01228179e-02
-9.00606908e-01
8.04204889e-02
3.23588786e-01
-2.02426152e+00
-9.55226005e-01
2.14013574e+00
5.33173630e+00
5.48254852e+00
5.59815129e+00
5.28469173e+00
5.76330456e+00
5.49272443e+00
5.69327702e-01
1.48183123e+00
-2.04899163e-01
1.54475046e-01
2.87270702e-01
1.67615635e-01
2.76541055e-01
1.98153358e+00
1.50042002e+00
9.06611844e-01
-2.93224937e-01
-1.82063352e+00
0.00000000e+00
-8.17772764e-01
2.59281504e+00
0.00000000e+00
3.12461033e-01
3.65053432e-02
0.00000000e+00
0.00000000e+00
-7.46304230e-01
-1.15697204e+00
-8.93614891e-01
-1.26010729e+00
-1.90327627e+00
0.00000000e+00
0.00000000e+00
0.00000000e+00
5.86039820e-01
6.74689473e-01
-2.35496204e-01
2.65255312e-01
-2.62426246e+00
6.07455678e-01
4.39052581e-01
7.48535113e-01
3.95184421e-01
0.00000000e+00
3.94929833e-01
-6.38184130e-01
-1.77502261e+00
6.18608782e-01
1.04234379e+00
6.41840823e-01
6.05586881e-01
-3.24553069e+00
-9.78107205e-01
5.73804516e-01
-5.99259038e-01
-1.93579859e-01
0.00000000e+00
0.00000000e+00
0.00000000e+00
-8.12598114e-02
0.00000000e+00
0.00000000e+00
0.00000000e+00
3.43248322e-02
1.26878633e-01
1.68223942e-01
3.23261389e-01
4.38337502e-01
2.07161750e-01
2.20505983e-01
-4.43753241e-02
-1.83570096e-01
0.00000000e+00
4.53959556e-02
-1.26263387e-01
-2.33378436e-01
1.07324310e-01
-1.46325887e+00
2.08968587e-01
2.05177942e-01
9.81749409e-02
7.52146708e-02
-2.89364134e-01
-4.05679180e-01
0.00000000e+00
0.00000000e+00
0.00000000e+00
-1.30401724e+00
-5.52724371e-01
0.00000000e+00
0.00000000e+00
0.00000000e+00
-7.51292864e-01
0.00000000e+00
0.00000000e+00
0.00000000e+00
-2.15372218e+00
0.00000000e+00
0.00000000e+00
0.00000000e+00
6.75490581e-01
-2.19531038e+00
-1.18985833e+00
-6.50613447e-02
0.00000000e+00
6.29003889e-01
1.45637776e-01
-7.19661196e-02
1.88533402e+00
0.00000000e+00
1.02892204e+00
2.85506287e+00
-8.91919952e-01
6.51664918e-02
-6.59301445e-01
1.69287848e-01
5.98382009e-02
-1.83489852e+00
1.50829918e+00
3.58325445e-01
-1.04603516e-01
1.24658583e-01
0.00000000e+00
0.00000000e+00
0.00000000e+00
-1.08548607e-01
0.00000000e+00
0.00000000e+00
0.00000000e+00
7.72582144e-02
2.54574831e-01
-5.18283984e-02
8.90634230e-02
0.00000000e+00
-3.13837836e-01
3.53178137e-01
2.88195768e-01
-8.78524131e-04
0.00000000e+00
-2.56919872e-01
-1.65060136e-01
2.17851957e-01
1.20292945e-01
9.87553475e-02
-9.89202941e-02
1.60672966e-01
0.00000000e+00
1.17823695e-01
2.17084333e-01
-2.29262099e-01
0.00000000e+00
0.00000000e+00
0.00000000e+00
-2.04911867e+00
-1.01827347e+00
0.00000000e+00
0.00000000e+00
0.00000000e+00
-1.03084519e+00
0.00000000e+00
0.00000000e+00
0.00000000e+00
0 1
-9.4886e-02 2.5108e-01
3 -1
1 2 4 
217
-9.99509152e-02
5.48869249e-02
5.85566461e-02
-3.03133193e-01
-3.47985329e-01
6.52540727e-01
3.21393857e-01
-3.75216347e-01
-6.74641533e-02
-1.14431186e-01
0.00000000e+00
0.00000000e+00
0.00000000e+00
0.00000000e+00
7.04938247e-01
-1.83834391e-02
-1.73110002e-01
-4.63347471e-01
1.63925347e-03
5.93100894e-01
-5.90945861e-01
3.51539033e-03
1.71580994e-01
2.49404170e-01
-3.71916256e-03
-2.61507670e-01
0.00000000e+00
0.00000000e+00
0.00000000e+00
0.00000000e+00
0.00000000e+00
0.00000000e+00
0.00000000e+00
-7.06737798e-01
2.02243833e-01
4.04543050e-01
-3.96890476e-02
-5.19071588e-01
-5.48349022e-02
5.13644623e-01
0.00000000e+00
0.00000000e+00
0.00000000e+00
0.00000000e+00
-3.96890476e-02
-7.12118374e-01
6.55355499e-01
2.91399294e-01
-4.62308713e-01
-4.54611108e-01
1.08376912e-01
5.13644623e-01
0.00000000e+00
0.00000000e+00
0.00000000e+00
0.00000000e+00
0.00000000e+00
0.00000000e+00
0.00000000e+00
0.00000000e+00
1.67410426e-01
-4.62308713e-01
2.34636419e-01
8.70562417e-03
2.53029026e-01
-5.37840051e-01
6.34757176e-01
-1.55724107e-01
-9.96442742e-01
5.50104842e-01
0.00000000e+00
1.40433068e+00
-8.90779074e-01
8.06819310e-01
-2.74355260e-01
7.61957018e-01
4.57586630e-01
0.00000000e+00
1.94947371e-01
-8.79489644e-01
1.52740453e-02
-2.20769834e-01
-3.10172332e-01
1.17124843e-01
0.00000000e+00
0.00000000e+00
0.00000000e+00
0.00000000e+00
0.00000000e+00
0.00000000e+00
0.00000000e+00
0.00000000e+00
0.00000000e+00
0.00000000e+00
0.00000000e+00
0.00000000e+00
0.00000000e+00
0.00000000e+00
0.00000000e+00
0.00000000e+00
0.00000000e+00
0.00000000e+00
0.00000000e+00
0.00000000e+00
0.00000000e+00
0.00000000e+00
0.00000000e+00
0.00000000e+00
0.00000000e+00
0.00000000e+00
0.00000000e+00
0.00000000e+00
0.00000000e+00
0.00000000e+00
0.00000000e+00
0.00000000e+00
0.00000000e+00
0.00000000e+00
0.00000000e+00
-3.71981943e-01
-1.77813994e+00
-1.06176610e+00
0.00000000e+00
0.00000000e+00
0.00000000e+00
3.61545707e-01
9.23649683e-01
9.92462608e-02
2.67816807e-01
-1.22069615e+00
6.08818067e-01
8.40997436e-01
-6.85005728e-01
1.93793230e-01
0.00000000e+00
6.62860744e-01
-4.37129201e-01
-1.56439491e+00
6.27704978e-01
8.19550591e-01
5.45371340e-01
-3.02538756e-01
-2.03658549e+00
-5.56633759e-01
-2.10136961e-01
6.73874123e-02
0.00000000e+00
0.00000000e+00
0.00000000e+00
2.01141004e-01
-2.15724221e-02
-3.88556430e-01
1.78082909e-01
-7.16156842e-01
-1.58817092e-02
-1.18274358e-01
8.49799073e-01
2.65187593e-01
0.00000000e+00
-1.55899958e-01
2.01211936e-01
-3.32502045e-02
2.31602514e-02
-4.24640130e-01
1.46825918e-01
8.17882400e-01
-1.48313047e+00
6.82199664e-02
6.73238888e-01
-2.72579560e+00
0.00000000e+00
0.00000000e+00
0.00000000e+00
2.64285489e-01
6.89941754e-01
-1.03120427e+00
1.11138801e+00
-4.49590933e-01
1.20498676e+00
1.19836319e+00
2.96599276e-02
7.83211471e-01
0.00000000e+00
7.42121218e-01
2.34154974e+00
-7.62114997e-02
9.08366976e-01
7.14454619e-01
6.43066386e-01
1.82081274e+00
-9.91532281e-03
1.05000942e+00
6.40465613e-01
-7.24350515e-01
0.00000000e+00
0.00000000e+00
0.00000000e+00
1.17667531e+00
1.75449351e+00
1.06625065e+00
5.25876334e-01
-4.65288118e-01
5.63545478e-01
7.28369510e-01
1.24811059e+00
1.18934376e+00
0.00000000e+00
8.01379815e-01
6.24109122e-01
-4.39380328e-02
1.06670100e+00
4.75550222e-01
1.42055477e+00
-7.24336118e-02
-9.74965317e-03
1.00707417e-02
9.62906470e-01
136
-1.38597057e+00
4.54972463e-01
-1.93481844e-02
-1.54436031e-01
-6.48312903e-04
-1.02331284e+00
6.04338491e-03
-6.63194167e-01
-2.51361152e-03
0.00000000e+00
0.00000000e+00
0.00000000e+00
0.00000000e+00
0.00000000e+00
0.00000000e+00
0.00000000e+00
-6.44628422e-01
-9.90618427e-03
-7.31435967e-01
-2.70478394e-02
-1.55784537e-01
-6.01476270e-01
-6.01661926e-01
0.00000000e+00
0.00000000e+00
0.00000000e+00
0.00000000e+00
-2.70478394e-02
8.14316926e-02
4.68022476e-01
8.54495206e-02
-7.05238706e-01
-4.68861222e-01
-2.18064569e-01
-6.01661926e-01
0.00000000e+00
0.00000000e+00
0.00000000e+00
0.00000000e+00
0.00000000e+00
0.00000000e+00
0.00000000e+00
0.00000000e+00
0.00000000e+00
0.00000000e+00
0.00000000e+00
-3.76296883e-01
-1.06031755e-01
2.78402438e-01
4.96933370e-02
-1.89874100e-01
0.00000000e+00
2.25380526e+00
3.94296439e-01
5.67190629e-01
-6.78180038e-01
0.00000000e+00
6.07855850e-01
7.23095626e-01
6.66449748e-01
-1.19902356e+00
-7.05238706e-01
6.34903689e-01
0.00000000e+00
0.00000000e+00
0.00000000e+00
0.00000000e+00
0.00000000e+00
0.00000000e+00
0.00000000e+00
0.00000000e+00
0.00000000e+00
0.00000000e+00
0.00000000e+00
0.00000000e+00
0.00000000e+00
0.00000000e+00
0.00000000e+00
0.00000000e+00
0.00000000e+00
0.00000000e+00
0.00000000e+00
0.00000000e+00
0.00000000e+00
0.00000000e+00
0.00000000e+00
3.29358851e-02
-1.69420295e+00
-9.19655731e-01
0.00000000e+00
0.00000000e+00
0.00000000e+00
8.06062207e-01
9.82671753e-01
2.82811671e-02
3.52530913e-01
-2.05982670e+00
6.05640848e-01
3.92597522e-01
3.15382941e-01
5.25329705e-01
0.00000000e+00
6.20536742e-01
-3.15379912e-01
-1.19928987e+00
4.97439036e-01
4.49145637e-01
6.70737511e-01
1.53369123e-01
-3.27760281e+00
-5.89660331e-01
1.22378778e-01
-2.55365332e+00
0.00000000e+00
0.00000000e+00
0.00000000e+00
5.53543633e-01
7.88065999e-01
-4.84008627e-01
6.69831353e-01
-2.49800893e-01
1.43840435e+00
9.20433422e-01
5.27729988e-01
8.58242003e-01
0.00000000e+00
7.09051089e-01
3.23445462e+00
-2.23480119e+00
1.07197673e+00
6.24774668e-01
9.48812413e-01
7.70910273e-01
-1.73368472e+00
5.45475853e-01
9.49819643e-01
13 1
-5.4652e-01 3.2410e-01
4 1
1 2 4 0 
217
-8.45763317e-02
-3.14585560e-01
1.66515646e-01
-1.53616001e-01
-4.96458179e-01
3.21004246e-01
-4.04098032e-01
4.21156205e-01
-3.87212186e-01
1.27109232e-02
4.25952726e-02
4.98931027e-01
1.16059679e+00
-1.86323717e+00
2.21689005e-01
1.22394171e-02
1.17578067e+00
-6.29295350e-01
1.82129216e-02
5.08858009e-01
3.75739616e-01
2.70789285e-03
4.31964057e-01
-5.27096020e-02
3.18553248e-03
8.65613083e-01
0.00000000e+00
0.00000000e+00
0.00000000e+00
0.00000000e+00
0.00000000e+00
0.00000000e+00
0.00000000e+00
-1.13173183e+00
4.13444224e-01
6.33711274e-01
0.00000000e+00
-1.91419855e-01
-1.87787412e-01
2.34710141e-01
5.99207943e-02
0.00000000e+00
0.00000000e+00
0.00000000e+00
0.00000000e+00
-3.91589915e-01
2.10965486e-01
-4.63614676e-02
-1.17684347e-01
1.88622717e-01
-4.19939982e-02
1.92007444e-01
0.00000000e+00
-1.14136486e-02
-2.43190038e-01
1.61037204e-01
-3.34509763e-02
6.08973683e-02
-1.79231875e-01
5.99207943e-02
1.86655968e-01
-4.42464026e-02
-2.26985897e-01
-1.20967473e-01
-1.76729355e-01
-1.14221188e-01
5.76557182e-01
3.31148179e-01
-3.63436686e-01
2.81598882e-01
0.00000000e+00
-1.97729881e-01
1.43482523e-01
4.17006454e-01
-4.19744429e-01
-3.03852904e-01
6.39970197e-01
0.00000000e+00
-2.13663459e-01
-8.42252248e-01
-8.59046772e-02
-2.09025893e-01
2.14991804e-01
4.26093356e-01
3.73596513e-02
-4.33937319e-02
-7.71820242e-01
-1.58511642e-02
2.04732046e-02
-6.26910869e-02
-5.38454138e-02
0.00000000e+00
0.00000000e+00
0.00000000e+00
0.00000000e+00
0.00000000e+00
0.00000000e+00
0.00000000e+00
0.00000000e+00
0.00000000e+00
0.00000000e+00
0.00000000e+00
0.00000000e+00
0.00000000e+00
0.00000000e+00
0.00000000e+00
0.00000000e+00
0.00000000e+00
0.00000000e+00
0.00000000e+00
0.00000000e+00
0.00000000e+00
0.00000000e+00
0.00000000e+00
0.00000000e+00
0.00000000e+00
0.00000000e+00
0.00000000e+00
0.00000000e+00
7.75290765e-02
-1.25150139e+00
-2.02381575e+00
0.00000000e+00
0.00000000e+00
0.00000000e+00
1.56191203e+00
1.78978851e+00
3.41165680e-01
1.14015580e+00
-1.01311263e+00
1.64441869e+00
1.70710840e+00
1.49384534e+00
1.42997645e+00
0.00000000e+00
1.94387869e+00
1.50522810e+00
4.83314845e-02
1.45782935e+00
1.59010901e+00
1.31376840e+00
1.65323754e+00
-5.63142516e-01
6.82478937e-01
1.58483432e+00
-1.30947579e+00
0.00000000e+00
0.00000000e+00
0.00000000e+00
1.17019530e+00
9.93746768e-01
1.26829308e+00
1.16920908e+00
1.04376626e+00
4.98540575e-01
9.05036994e-01
1.01567041e+00
1.44174984e+00
0.00000000e+00
4.20242685e-01
4.68255516e-01
2.94232604e-01
1.17332467e+00
1.32464717e+00
1.32496488e+00
1.27394171e+00
-3.21967062e-01
7.99352758e-01
1.01002854e+00
-2.76428731e+00
0.00000000e+00
0.00000000e+00
0.00000000e+00
3.86506146e-02
9.14701148e-01
-6.32822316e-01
1.55092856e+00
-2.31637933e-02
9.44579704e-02
1.09731120e+00
4.50868106e-01
1.10449179e+00
0.00000000e+00
5.25956215e-01
4.60483848e+00
-7.19045259e-03
1.01620937e+00
-1.09937160e+00
-1.37500073e-01
7.03058825e-01
-5.83173593e-02
-1.17719105e+00
5.68129334e-01
-1.01386475e+00
0.00000000e+00
0.00000000e+00
0.00000000e+00
1.18000471e+00
1.04313306e+00
7.71774235e-01
8.92248975e-01
-2.28974509e-02
3.72550505e-01
1.03045145e-02
1.05661357e+00
4.20620252e-01
0.00000000e+00
6.21918952e-01
-2.40614969e-01
-7.01619658e-03
9.66351674e-01
1.51240661e+00
1.25271269e+00
9.07848755e-01
-1.57648170e-02
2.36436707e+00
7.61509176e-01
136
-1.01379292e+00
1.53926195e-01
9.26278751e-04
-9.35400562e-01
1.21219287e-02
-2.10505101e-01
3.65052785e-03
-2.18134476e-02
6.76481878e-03
0.00000000e+00
0.00000000e+00
0.00000000e+00
0.00000000e+00
0.00000000e+00
0.00000000e+00
0.00000000e+00
-1.29487294e+00
2.03193993e-01
7.78860287e-02
-3.12276704e-01
3.31460300e-01
-6.73507836e-02
-4.08382564e-01
-5.57243164e-01
0.00000000e+00
0.00000000e+00
0.00000000e+00
-3.12276704e-01
-9.81243898e-02
1.88086301e-01
-2.78241319e-01
2.47540475e-01
-8.24640161e-02
-2.27931229e-01
-1.22687366e-01
-6.04208618e-03
7.47686043e-01
4.69136328e-01
5.35154625e-01
-6.95536590e-01
2.44584518e-02
-8.45308274e-01
-5.57243164e-01
0.00000000e+00
0.00000000e+00
0.00000000e+00
-5.78157651e-01
-6.04174129e-01
3.36561148e-01
1.73224031e-02
-7.29328493e-01
0.00000000e+00
2.16427780e+00
3.38845959e-01
6.93850452e-01
0.00000000e+00
0.00000000e+00
1.24537880e+00
4.23988778e-01
4.74431871e-01
-9.31059462e-01
-6.60264186e-01
-6.68151671e-01
9.68837593e-02
-7.77359841e-02
-4.34700562e-01
0.00000000e+00
0.00000000e+00
0.00000000e+00
0.00000000e+00
0.00000000e+00
0.00000000e+00
0.00000000e+00
0.00000000e+00
0.00000000e+00
0.00000000e+00
0.00000000e+00
0.00000000e+00
0.00000000e+00
0.00000000e+00
0.00000000e+00
0.00000000e+00
0.00000000e+00
0.00000000e+00
0.00000000e+00
0.00000000e+00
-7.93566774e-02
-1.75251018e+00
-9.76108555e-01
0.00000000e+00
0.00000000e+00
0.00000000e+00
7.43435954e-01
9.23683675e-01
-7.33528616e-02
2.43403435e-01
-2.45586363e+00
5.92898991e-01
5.70237678e-01
3.33555411e-01
4.43835019e-01
0.00000000e+00
6.73834192e-01
-2.53272357e-01
-1.47643416e+00
5.62657649e-01
4.99247293e-01
6.91599686e-01
5.59278297e-01
-3.00426935e+00
-8.01746790e-01
2.51163317e-01
-2.15817032e+00
0.00000000e+00
0.00000000e+00
0.00000000e+00
2.07542984e-01
3.84991752e-01
-9.08474410e-01
-2.10894784e-01
-2.68744372e+00
7.35996238e-01
6.39128655e-01
3.69055992e-02
4.69550436e-01
0.00000000e+00
1.62293145e-01
2.38851304e+00
-2.36133837e+00
4.57731146e-01
3.56672949e-02
3.24824881e-01
5.55388609e-01
-2.35924082e+00
-4.01915568e-01
3.72603558e-01
12 1
-6.2249e-01 3.3737e-01
5 1
1 2 4 0 13 
217
2.89827241e-01
5.99348337e-02
-3.35728156e-01
-3.89072170e-02
-3.31315435e-01
1.90638771e-01
-3.06416695e-02
-3.41252571e-01
5.31570161e-02
1.10558460e-01
3.25501957e-01
4.01817732e-01
2.73125372e-01
-7.23498399e-01
4.93609173e-01
-2.91891717e-02
8.41701146e-01
5.88395325e-01
-1.81052662e-02
4.80268062e-01
-5.06197955e-01
-3.73002573e-03
3.17905336e-01
-2.85979301e-01
5.59694297e-04
1.43069172e-01
0.00000000e+00
0.00000000e+00
0.00000000e+00
0.00000000e+00
0.00000000e+00
0.00000000e+00
0.00000000e+00
-1.58529032e+00
7.78148535e-01
1.09696903e+00
0.00000000e+00
-1.26565910e-01
-2.34168881e-01
-1.70436330e-02
3.74675433e-01
2.92930232e-01
0.00000000e+00
0.00000000e+00
0.00000000e+00
-2.02751783e-01
2.44009850e-01
-3.08725543e-01
-7.68841172e-01
3.58050131e-01
7.74325874e-01
4.64935587e-01
0.00000000e+00
5.29735907e-02
1.65486224e-01
7.15886867e-02
0.00000000e+00
5.06850756e-01
2.71395106e-01
-1.05335848e-01
1.82664013e-01
3.74630704e-01
-2.67467476e-01
-1.31912099e-02
-5.34567127e-01
0.00000000e+00
7.21009287e-01
5.47517700e-01
1.16576290e-01
6.30424831e-01
0.00000000e+00
-2.99102293e-03
-1.20180799e+00
9.15322605e-01
2.80603842e-01
6.62357332e-01
4.16569830e-02
0.00000000e+00
3.48970876e-01
-1.51227757e-01
2.21633219e-01
-2.87078374e-01
-2.80776853e-01
-9.81796518e-02
4.80487589e-01
8.05153546e-02
-6.25805573e-01
-2.19467757e-01
3.58493988e-01
-5.17079455e-02
-1.32904742e-01
-3.04828272e-01
3.62283368e-01
0.00000000e+00
-7.20109601e-03
-1.35221545e-01
2.39573240e-01
2.59529484e-01
0.00000000e+00
0.00000000e+00
0.00000000e+00
0.00000000e+00
0.00000000e+00
0.00000000e+00
0.00000000e+00
0.00000000e+00
0.00000000e+00
0.00000000e+00
0.00000000e+00
0.00000000e+00
0.00000000e+00
0.00000000e+00
0.00000000e+00
0.00000000e+00
0.00000000e+00
0.00000000e+00
0.00000000e+00
0.00000000e+00
0.00000000e+00
-6.65298467e-01
-8.65445677e-01
-1.21212455e+00
0.00000000e+00
0.00000000e+00
0.00000000e+00
4.93047221e-01
1.62436832e-01
-7.03692068e-01
4.53066347e-01
-1.68866728e+00
-1.13711406e-01
2.61290339e-01
-1.92862921e-01
9.02226232e-01
0.00000000e+00
-3.08064499e-02
1.29546873e-01
-1.73595270e+00
-2.57668433e-01
1.05710523e+00
5.71337679e-01
1.02185264e+00
-1.82146811e+00
-1.07578013e-01
3.88373441e-01
-8.45307607e-02
0.00000000e+00
0.00000000e+00
0.00000000e+00
9.56627030e-02
1.89679644e-01
5.86861718e-01
-1.82245560e-01
-4.97101130e-01
4.36875272e-01
6.07815946e-02
3.42535876e-01
-4.39392088e-02
0.00000000e+00
5.35456557e-01
-7.57631257e-02
3.82756159e-02
6.36411276e-01
-2.51726204e-01
1.10203561e-01
-9.75116437e-02
-1.21226906e+00
-5.15388011e-01
-2.41330638e-01
-2.10528815e+00
0.00000000e+00
0.00000000e+00
0.00000000e+00
6.66414642e-01
-2.05910263e-01
3.57743751e-01
9.54103648e-01
-2.80642760e-02
1.93809009e-01
7.94420004e-01
-1.31746602e+00
1.10336012e-01
0.00000000e+00
4.63498584e-01
3.90314075e+00
-5.28927297e-03
2.20182432e+00
3.23951021e-02
1.96827400e-01
5.26269992e-01
-3.49608997e-04
4.93234609e-01
-1.52569553e-01
-9.56511579e-01
0.00000000e+00
0.00000000e+00
0.00000000e+00
9.37865480e-01
9.81965822e-01
-2.01703991e-01
4.77286475e-01
-1.58681144e-02
8.31633634e-01
8.60166256e-01
1.68156488e+00
1.23282219e+00
0.00000000e+00
9.01330722e-01
1.90917133e-01
-7.28477040e-03
-1.27947947e-01
8.12398128e-01
1.08530724e+00
7.11980564e-01
-3.87159012e-04
7.73989133e-01
1.15593587e+00
136
-3.75488834e-01
-5.45867671e-02
-2.26864130e-03
1.47462013e-01
-5.74881888e-03
-2.28770015e-01
3.40046281e-04
-2.39594065e-01
4.59585588e-03
0.00000000e+00
0.00000000e+00
0.00000000e+00
0.00000000e+00
0.00000000e+00
0.00000000e+00
0.00000000e+00
-8.61070051e-01
4.49156101e-01
3.64251155e-02
-3.63529944e-01
3.09312127e-01
2.35476365e-02
4.95274076e-02
-9.83047893e-02
-2.96041272e-01
0.00000000e+00
0.00000000e+00
-3.63529944e-01
-1.00459514e-01
1.76917563e-01
-2.16828817e-01
3.56710477e-01
1.84041001e-02
-9.67825282e-03
-1.04347159e-01
2.01132600e-01
7.06737470e-01
3.05352134e-01
3.86334143e-01
-6.01219554e-01
-8.98159870e-02
-7.24600317e-01
-3.16597777e-01
0.00000000e+00
0.00000000e+00
0.00000000e+00
-3.46953139e-01
-3.11962154e-01
3.27295707e-01
5.56560315e-02
-2.99859300e-01
0.00000000e+00
1.83294720e+00
3.54566245e-01
5.34686984e-01
-8.15257323e-01
0.00000000e+00
1.09565563e+00
3.58603479e-01
3.97200855e-01
-8.31398582e-01
-4.57409567e-01
-4.62497250e-01
1.01788991e-01
-5.13678473e-02
-4.07084082e-01
-2.66540693e-01
-5.64356028e-01
-1.59387425e-01
-8.63690146e-02
2.82607189e-02
0.00000000e+00
0.00000000e+00
0.00000000e+00
0.00000000e+00
0.00000000e+00
0.00000000e+00
0.00000000e+00
0.00000000e+00
0.00000000e+00
0.00000000e+00
0.00000000e+00
0.00000000e+00
0.00000000e+00
0.00000000e+00
0.00000000e+00
-6.46756363e-02
-1.76751033e+00
-1.02600550e+00
0.00000000e+00
0.00000000e+00
0.00000000e+00
7.16232356e-01
9.06849891e-01
-2.34837432e-01
2.60243100e-01
-2.26645312e+00
4.08288745e-01
5.73560988e-01
2.99176983e-01
5.74550891e-01
0.00000000e+00
5.85786101e-01
-3.06606763e-01
-1.52548644e+00
5.22837410e-01
6.14828592e-01
6.86547093e-01
5.25059500e-01
-2.92128540e+00
-7.35630352e-01
2.90332353e-01
-2.16356323e+00
0.00000000e+00
0.00000000e+00
0.00000000e+00
-3.61884038e-03
1.85788518e-01
-9.38837852e-01
-3.40664672e-03
-2.27842775e+00
5.80415395e-01
4.19282663e-01
-2.01875686e-02
4.19190053e-01
0.00000000e+00
7.07183538e-02
2.66234575e+00
-2.39990936e+00
4.38041542e-01
-9.51712620e-02
3.97062058e-01
6.35173637e-01
-2.40015136e+00
-2.03281839e-01
3.71411273e-01
5 1
-4.1094e-01 3.8268e-01
6 0
1 2 4 0 13 12 
217
-5.20377437e-01
8.54949758e-02
2.33108831e-01
-3.28737221e-01
-5.29603236e-01
6.35502525e-01
2.97398309e-03
7.77724222e-01
1.72619648e-02
1.92792536e-01
0.00000000e+00
0.00000000e+00
0.00000000e+00
0.00000000e+00
6.95408482e-01
-1.24399565e-02
-4.85400026e-02
-1.27515385e-03
-2.06955562e-03
7.46508401e-01
-9.03284541e-01
8.22579514e-03
5.97753126e-01
-3.11226223e-01
-1.24194291e-03
3.13342789e-01
0.00000000e+00
0.00000000e+00
0.00000000e+00
0.00000000e+00
0.00000000e+00
0.00000000e+00
0.00000000e+00
-7.47291675e-01
-9.10525746e-02
3.17966813e-01
0.00000000e+00
-3.69696393e-01
-3.72685585e-01
-2.46827778e-01
-1.74925506e-01
8.21043960e-02
5.61653430e-01
0.00000000e+00
0.00000000e+00
-4.78824176e-01
5.48952082e-01
-1.90202360e-01
-1.05525886e-01
-5.38592578e-03
-2.62500373e-01
2.46978212e-01
0.00000000e+00
-1.07623590e-01
1.56703417e-01
2.94313407e-01
-9.54973120e-01
-1.57168726e-02
9.23287726e-02
3.44850106e-01
2.24931831e-02
-4.22796166e-01
-1.20074454e-01
-3.14407701e-01
-2.94358538e-01
-1.54921644e-01
5.80771553e-01
-3.58600538e-02
-4.92382751e-01
9.93925967e-01
0.00000000e+00
1.91323092e-01
-1.19171256e+00
8.04010942e-01
-2.89361554e-01
4.27412322e-01
8.17121115e-01
0.00000000e+00
1.39567649e-01
-3.40904990e-01
8.05489467e-03
6.79936648e-03
-6.67999980e-01
6.16436865e-01
-5.99223949e-01
3.52715524e-01
1.85292694e-02
-1.60071097e-01
6.53364147e-01
-1.13797914e-01
2.54545861e-01
-7.33356941e-01
1.96548232e-01
1.34134498e-02
-3.20387605e-01
4.17185663e-03
3.36818877e-01
5.30441460e-01
0.00000000e+00
2.01821356e-01
-2.03747580e-01
9.90920442e-02
2.97698608e-02
7.23668352e-01
1.33864377e-01
0.00000000e+00
0.00000000e+00
0.00000000e+00
0.00000000e+00
0.00000000e+00
0.00000000e+00
0.00000000e+00
0.00000000e+00
0.00000000e+00
0.00000000e+00
0.00000000e+00
0.00000000e+00
0.00000000e+00
0.00000000e+00
-6.42061717e-02
-1.91585474e+00
-1.70851548e+00
0.00000000e+00
0.00000000e+00
0.00000000e+00
1.69051266e+00
1.99378875e+00
9.66229447e-01
9.63300047e-01
-4.88240781e-01
1.10259516e+00
1.63022620e+00
6.97604477e-01
1.81233245e+00
0.00000000e+00
1.76702388e+00
-2.34607887e-01
-5.67731392e-01
1.48956264e+00
1.47910165e+00
1.62675957e+00
1.19100986e+00
-4.45780655e-01
3.22837500e-01
9.34542349e-01
-8.80122614e-01
0.00000000e+00
0.00000000e+00
0.00000000e+00
4.80977048e-01
3.13280230e-01
3.51822548e-01
7.92983438e-01
2.28451307e-01
8.86165806e-01
4.65263096e-01
1.34800938e+00
1.91653875e-01
0.00000000e+00
1.51417264e-01
1.73162717e+00
7.70153946e-01
4.70681886e-01
9.59535439e-02
6.79974939e-01
8.62375398e-01
-2.37267085e-01
5.83401206e-01
1.09964868e+00
-2.62394054e+00
0.00000000e+00
0.00000000e+00
0.00000000e+00
7.54829500e-01
1.04640112e+00
-1.45260548e-01
1.40691990e+00
-8.37606352e-02
1.07647482e+00
1.60295602e+00
7.12990209e-01
1.47580784e+00
0.00000000e+00
4.09140368e-01
2.01955991e+00
-3.08008487e-02
2.02341941e+00
8.54156947e-01
1.62555736e+00
1.63260903e+00
-4.76571251e-02
2.53298719e-01
1.10368322e+00
-1.27303793e+00
0.00000000e+00
0.00000000e+00
0.00000000e+00
1.11135939e+00
1.28000388e+00
1.05059941e+00
5.15464353e-01
-4.14124852e-02
7.59117608e-01
6.02362277e-01
1.59601622e+00
1.92175590e-01
0.00000000e+00
1.01772589e+00
7.93935489e-01
-1.97307360e-02
7.54097357e-01
5.08485351e-01
4.19445227e-01
-1.17354707e-01
-3.35308689e-02
9.50302699e-01
6.96730268e-01
136
-5.86874233e-01
6.24074109e-01
-1.84198896e-02
-1.97254407e-01
4.01573109e-03
-8.76515827e-01
7.86377494e-03
-1.37178109e-01
-3.22647594e-03
0.00000000e+00
0.00000000e+00
0.00000000e+00
0.00000000e+00
0.00000000e+00
0.00000000e+00
0.00000000e+00
-3.95072353e-01
1.30879458e-01
-3.22681338e-01
-6.19232868e-01
1.41251631e-01
-3.47702648e-03
9.59308980e-02
-2.93195129e-02
-2.40440133e-01
6.84127780e-02
0.00000000e+00
-6.19232868e-01
-1.67248995e-01
-1.40418035e-01
-2.71518482e-01
3.94601382e-01
9.39979361e-02
1.37479699e-03
1.00533100e-01
6.31543240e-01
8.68478448e-01
3.29793887e-01
9.56023962e-01
-1.18594405e+00
-3.62452782e-01
-9.95436804e-01
-2.20968974e-01
0.00000000e+00
0.00000000e+00
0.00000000e+00
-9.27473194e-01
-6.56245252e-01
1.11934832e-01
-8.84046096e-02
-2.97252111e-01
0.00000000e+00
1.45050939e+00
2.90848191e-01
3.65337991e-01
-7.13892971e-01
0.00000000e+00
1.58742116e+00
5.63471536e-01
5.47762617e-01
-1.06747581e+00
-1.04684226e+00
3.87405202e-02
3.44552610e-01
8.49022827e-02
-3.83302806e-01
-4.57024429e-01
-6.63640268e-01
-7.01833039e-02
-1.43499217e-01
-1.25003059e-02
0.00000000e+00
2.59426102e-01
1.22793095e-03
5.94192293e-02
-8.74153912e-02
0.00000000e+00
0.00000000e+00
0.00000000e+00
0.00000000e+00
0.00000000e+00
0.00000000e+00
0.00000000e+00
0.00000000e+00
0.00000000e+00
0.00000000e+00
1.24324629e-02
-1.46322333e+00
-9.62276748e-01
0.00000000e+00
0.00000000e+00
0.00000000e+00
7.04159580e-01
9.53460072e-01
6.40845855e-02
4.33141907e-01
-2.31048759e+00
6.33179068e-01
4.77662909e-01
2.92664470e-01
6.03521554e-01
0.00000000e+00
6.73663412e-01
-3.72754461e-01
-1.44206675e+00
6.24135796e-01
5.38472010e-01
6.90854567e-01
3.32325428e-01
-3.44643813e+00
-5.70685987e-01
1.58830813e-01
-1.89435845e+00
0.00000000e+00
0.00000000e+00
0.00000000e+00
-8.38319165e-02
3.04534590e-01
-1.08985270e+00
1.41513630e-01
-2.26134111e+00
6.84838021e-01
3.01577681e-01
-2.50184490e-01
4.83128281e-01
0.00000000e+00
1.24653710e-01
2.68053511e+00
-2.60386473e+00
6.15568399e-01
6.40019650e-02
3.20488486e-01
3.12454485e-01
-2.14261375e+00
1.50293760e-01
3.53742127e-01
7 1
-9.2086e-01 3.9859e-01
7 1
1 2 4 0 13 12 5 
217
-4.26297110e-02
-1.20149791e-01
2.16611319e-01
-2.01780668e-03
-1.02650171e+00
1.17940431e+00
5.66038374e-01
2.59595624e-01
7.08346080e-01
-4.99725980e-01
-7.16183666e-02
-2.24719478e-01
-2.18894084e-01
7.70341980e-01
6.85743035e-01
-4.68156399e-02
2.00747845e-01
-4.56707623e-01
1.74664071e-03
1.08572023e+00
-1.11139910e-01
2.07832941e-03
5.70898839e-01
-1.60525212e-01
4.08785067e-03
5.19828646e-01
0.00000000e+00
0.00000000e+00
0.00000000e+00
0.00000000e+00
0.00000000e+00
0.00000000e+00
0.00000000e+00
-4.79965000e-01
4.09606531e-01
2.77287576e-02
0.00000000e+00
1.13270494e-01
5.69749264e-02
-1.34394131e-01
-1.65898260e-01
-5.23397193e-01
-5.81481941e-01
0.00000000e+00
0.00000000e+00
-3.54743411e-01
4.06291599e-01
-1.20356395e-01
-2.03243586e-01
-2.98861368e-01
-1.06991321e-02
3.67330799e-01
0.00000000e+00
8.01175006e-03
-5.76431840e-01
1.53811154e-01
-1.85690825e-01
2.78703089e-01
1.12388618e-01
2.06347305e-01
-3.73326733e-01
7.67045524e-01
-5.47143472e-01
0.00000000e+00
-2.82872632e-01
3.89859972e-02
3.91817697e-01
5.98182827e-01
-1.51574776e-01
9.89308651e-02
0.00000000e+00
-5.81311818e-01
-1.09586506e+00
3.25745725e-01
-3.24098966e-02
2.12936382e-01
3.17906610e-01
0.00000000e+00
-3.08904611e-01
-5.33535931e-01
4.01746251e-01
-1.20306824e-01
-1.35471351e-01
1.80933237e-01
-4.46889114e-02
-5.87976143e-02
8.34570069e-03
3.63561357e-02
-2.49863454e-01
2.45006789e-02
1.27017009e-01
0.00000000e+00
1.24475441e-01
1.41851803e-01
1.32821262e-01
-6.41657501e-02
-2.99926415e-01
-2.10090992e-01
0.00000000e+00
-8.59276891e-02
-1.62618377e-02
-2.62508836e-01
1.84704742e-01
3.05806814e-01
7.13163926e-04
1.46337933e-01
1.68204651e-01
-2.04575074e-01
-2.08252986e-01
-5.06812191e-01
-1.48919308e-01
3.58420559e-02
0.00000000e+00
0.00000000e+00
0.00000000e+00
0.00000000e+00
0.00000000e+00
0.00000000e+00
0.00000000e+00
3.52438448e-01
-1.25094828e+00
-2.92473513e-01
0.00000000e+00
0.00000000e+00
0.00000000e+00
2.95528160e-01
8.50481090e-01
-8.09033319e-01
5.58098268e-01
-6.23534882e-01
1.88714153e-01
6.89210452e-01
6.16023677e-02
4.47139861e-01
0.00000000e+00
7.87160920e-02
2.03221696e-01
-1.33261332e+00
2.90676241e-01
6.07816250e-01
1.02036134e+00
3.07629376e-01
-1.85245497e+00
-1.01889885e+00
-2.55133521e-01
-6.84850153e-01
0.00000000e+00
0.00000000e+00
0.00000000e+00
1.22199825e-01
6.58005174e-02
5.16159797e-01
1.10440764e-01
-1.04081308e+00
5.27585526e-02
-4.15048499e-02
6.30248328e-02
-1.13760639e-01
0.00000000e+00
2.27183101e-01
-1.05580876e+00
1.00959249e-01
1.91401494e-01
-2.79994013e-01
-2.51579353e-01
9.96285544e-02
-1.41486961e-01
3.61715531e-01
3.28825283e-01
-1.79478670e+00
0.00000000e+00
0.00000000e+00
0.00000000e+00
1.01941148e+00
1.24141731e+00
-5.04079609e-01
5.64720238e-01
-2.33733747e+00
1.08393317e+00
9.00578451e-01
-2.01321346e-01
9.31944876e-01
0.00000000e+00
2.21852695e-01
2.59810583e+00
-3.37422623e-01
5.47900389e-01
4.02122321e-01
1.14168267e+00
1.74407475e+00
-4.75602369e-02
1.08269341e+00
1.01251670e-01
-1.52032083e+00
0.00000000e+00
0.00000000e+00
0.00000000e+00
5.94078488e-01
6.76408731e-01
6.45381626e-01
1.07810615e+00
1.75218915e+00
9.70017115e-01
8.80586340e-01
1.21627107e+00
6.72905991e-01
0.00000000e+00
1.12299640e+00
-2.13845448e-01
-8.80918827e-01
8.00640221e-01
1.21311539e+00
5.24878994e-01
2.69318410e-01
-4.10548286e-02
2.98029902e-02
1.36100579e+00
136
-1.37424772e+00
4.11393797e-01
-2.77700383e-02
-5.37594941e-01
4.14619478e-04
-6.84802543e-01
3.64872504e-03
-5.63244034e-01
5.57438976e-03
0.00000000e+00
0.00000000e+00
0.00000000e+00
0.00000000e+00
0.00000000e+00
0.00000000e+00
0.00000000e+00
-1.08881883e+00
-1.59108945e-01
-1.26319941e-01
-1.19299074e+00
-2.15710163e-01
-2.09532996e-01
2.93269863e-02
1.53824538e-01
2.73124018e-01
-2.39510655e-03
0.00000000e+00
-1.19457406e+00
5.50050181e-01
-3.40919871e-01
3.39967671e-01
-5.12506401e-02
5.13606077e-02
-9.27940382e-01
2.34176558e-01
4.04743460e-01
9.29343389e-01
-4.79457314e-01
7.51118158e-01
-8.15338012e-01
1.78761945e-01
-1.29083755e+00
2.86548145e-01
0.00000000e+00
0.00000000e+00
0.00000000e+00
0.00000000e+00
1.53236240e+00
6.73369108e-01
1.30094937e-01
-5.77744336e-01
0.00000000e+00
2.08565161e+00
2.87506109e-01
5.60360023e-01
-4.61714437e-01
0.00000000e+00
9.60271612e-01
2.91044393e-01
3.13671884e-01
-5.24961153e-01
-1.11431546e+00
-6.89276815e-01
-1.35817702e-01
-1.13748544e-01
-2.23362888e-01
0.00000000e+00
7.81780317e-01
-5.54687805e-02
1.40345388e-01
-3.20300891e-01
0.00000000e+00
1.90172904e-01
-9.36159022e-02
7.17119003e-02
-3.08396592e-01
-2.27047164e-01
-6.51220934e-01
-6.97939933e-01
-1.67422043e-01
-3.42005955e-01
0.00000000e+00
0.00000000e+00
0.00000000e+00
0.00000000e+00
0.00000000e+00
-4.56676116e-02
-1.44959354e+00
-9.57233792e-01
0.00000000e+00
0.00000000e+00
0.00000000e+00
7.37599565e-01
7.94109249e-01
-5.81976005e-02
1.95679699e-01
-2.32905354e+00
4.44499348e-01
5.64348522e-01
3.39442804e-01
7.02685757e-01
0.00000000e+00
6.44767088e-01
-2.84928087e-01
-1.40608256e+00
6.63754927e-01
5.58695506e-01
6.20623330e-01
6.13792509e-01
-3.33273231e+00
-7.65555363e-01
3.39317369e-01
-2.56828189e+00
0.00000000e+00
0.00000000e+00
0.00000000e+00
6.17330848e-01
8.30960720e-01
-3.50221174e-01
4.60621896e-01
-3.14218024e-01
9.86981447e-01
8.83100912e-01
6.35017000e-01
1.15673805e+00
0.00000000e+00
6.19904985e-01
3.06908906e+00
-2.03217291e+00
1.20136547e+00
5.79576716e-01
7.89861122e-01
1.16794293e+00
-2.00316776e+00
2.83503393e-01
9.92739850e-01
8 2
-1.0751e+00 5.0115e-01
8 -1
1 2 4 0 13 12 5 7 
217
1.08527308e+00
5.16758399e-02
-1.15846809e+00
4.25015567e-01
3.52896804e-01
-1.69468255e-01
8.35025240e-01
-1.53330569e+00
-1.84389622e-01
1.69793040e+00
0.00000000e+00
0.00000000e+00
0.00000000e+00
0.00000000e+00
-8.56600587e-01
-2.92241828e-03
6.16278863e-01
-5.53148606e-01
4.46523398e-03
1.10394580e-01
2.49502228e+00
4.60716964e-02
-4.87863810e-01
0.00000000e+00
0.00000000e+00
0.00000000e+00
0.00000000e+00
0.00000000e+00
0.00000000e+00
0.00000000e+00
0.00000000e+00
0.00000000e+00
0.00000000e+00
-1.69849292e+00
-6.66590500e-01
0.00000000e+00
0.00000000e+00
-2.19721098e-01
1.15096951e-01
3.65945339e-01
6.86999987e-01
1.02927015e+00
6.30385467e-01
0.00000000e+00
0.00000000e+00
-1.81510272e+00
1.00738821e+00
1.21041234e-01
2.84223267e+00
-1.62870667e-01
0.00000000e+00
2.52226010e+00
0.00000000e+00
-1.89682063e+00
0.00000000e+00
7.27734384e-01
6.23357394e-01
-3.63169141e-01
0.00000000e+00
2.39693909e+00
6.13920094e-01
-2.02669360e-02
4.91619926e-01
0.00000000e+00
-4.44738565e-01
-9.28654350e-01
1.10638349e+00
3.32306259e-01
4.23628157e-01
1.72919616e+00
0.00000000e+00
1.52266710e+00
-7.17894040e-01
-1.56781605e-01
9.23716520e-02
-2.80612407e-01
2.06634787e+00
0.00000000e+00
2.01698160e+00
-7.67982394e-01
4.45119028e-01
1.38145521e-01
-1.37682754e+00
-1.44799021e+00
-6.76058215e-01
6.35974535e-01
-4.15311535e-01
5.56905645e-01
9.91912450e-02
5.68451120e-01
2.26363797e-01
0.00000000e+00
9.51067105e-01
-9.47447816e-01
2.02739052e-01
4.44070127e-01
-6.85330729e-02
1.23922247e-01
0.00000000e+00
7.75882976e-01
5.21602246e-01
5.45449521e-01
-7.87359434e-02
-2.36059413e-01
-2.44745118e+00
1.37644187e+00
1.11200952e-01
-6.15184198e-01
-4.68486673e-01
-4.70797835e-01
6.61169371e-02
5.29128258e-01
0.00000000e+00
3.01962111e-01
-7.68494061e-01
1.10800789e+00
-1.24812597e+00
-3.24696913e-01
-9.39050305e-01
5.18854653e-01
-1.72517293e+00
-2.78844804e+00
0.00000000e+00
0.00000000e+00
0.00000000e+00
3.35331867e+00
2.72035456e+00
1.73968594e+00
1.39334298e+00
-3.15406906e-01
2.61026659e+00
1.91410963e+00
3.15601067e+00
2.48640311e+00
0.00000000e+00
3.10358314e+00
6.62288166e-01
1.68816945e+00
2.56687891e+00
1.82374690e+00
3.39477614e+00
2.29976726e+00
-2.19504075e-01
-3.38990920e-01
1.85555300e+00
-1.35209175e+00
0.00000000e+00
0.00000000e+00
0.00000000e+00
4.52983055e-01
1.72865285e+00
7.36600966e-01
2.65182988e+00
-1.37650968e-01
7.54006384e-01
1.89948084e+00
2.20190461e-01
1.30655786e+00
0.00000000e+00
7.42107080e-01
2.26730659e+00
5.47833763e-01
1.37233339e+00
2.67455191e+00
1.22154235e+00
5.41952230e-01
-1.24624892e-01
-1.64398226e-01
1.64278075e+00
-3.60404754e+00
0.00000000e+00
0.00000000e+00
0.00000000e+00
1.40187372e+00
1.71578113e+00
2.75468442e-01
1.94495398e+00
-2.06496344e-02
2.15855562e+00
2.36485445e+00
1.26795560e+00
2.41280873e+00
0.00000000e+00
3.66921499e-01
2.43355014e+00
-3.50204365e-02
3.58122597e+00
1.69260064e+00
1.55426147e+00
3.25979882e+00
9.87412048e-01
3.98278733e-01
2.80809816e+00
-1.98268443e+00
0.00000000e+00
0.00000000e+00
0.00000000e+00
1.27112431e+00
2.39399554e+00
1.39389192e+00
1.21427440e+00
-4.50824936e-03
3.46421976e-01
2.47556474e+00
2.74337151e+00
-1.69854413e-01
0.00000000e+00
2.31770137e+00
8.08852401e-02
-1.24059058e-02
-3.11014987e-02
1.05955502e+00
1.84703011e+00
9.43578679e-01
7.62136542e-01
2.09516297e+00
-7.93059122e-01
136
-6.47889469e-01
-3.60452659e-01
-5.99527022e-03
-4.34713789e-01
8.08258508e-04
1.47276979e-01
9.84712338e-02
0.00000000e+00
0.00000000e+00
0.00000000e+00
0.00000000e+00
0.00000000e+00
0.00000000e+00
0.00000000e+00
0.00000000e+00
0.00000000e+00
-3.00684483e-01
3.25493612e-01
-6.72698598e-01
0.00000000e+00
7.73581431e-01
5.10423914e-01
3.37610159e-01
2.45119306e-02
-2.31994505e-01
-7.34449563e-01
-5.52525133e-01
0.00000000e+00
4.00503706e-01
6.84439167e-01
4.45018271e-01
5.43185534e-01
-4.64239919e-01
-1.19960825e+00
8.24027870e-02
5.36826140e-01
3.56611766e-01
-6.71758338e-02
7.16707710e-01
1.67918969e-01
-5.24370671e-01
-1.26248084e+00
-2.88580311e-01
0.00000000e+00
0.00000000e+00
0.00000000e+00
0.00000000e+00
-1.26432136e+00
2.27146390e-01
-5.14311304e-02
8.93090900e-02
0.00000000e+00
2.65192599e-01
-2.86868977e-03
1.89298092e-01
-5.62209352e-01
0.00000000e+00
2.29788322e+00
7.31614627e-01
6.12008455e-01
-4.56572713e-01
-1.24932562e+00
-5.89821487e-01
4.78653410e-02
-3.11285703e-02
4.59148093e-03
0.00000000e+00
-1.54457699e+00
-1.85989674e-01
-2.64837620e-01
2.51721034e-02
0.00000000e+00
-1.93805643e-01
-1.66732495e-02
1.86810135e-02
-8.53895304e-02
2.56453891e-01
-2.81351003e-01
-5.78111191e-01
-4.89004001e-02
-2.13530394e-01
0.00000000e+00
2.06873119e+00
-1.03406218e-01
5.65576123e-01
-2.78074968e-01
2.44412986e-01
-1.18635088e+00
-8.71828708e-01
0.00000000e+00
0.00000000e+00
0.00000000e+00
8.08552691e-01
9.15704892e-01
1.15845100e-01
2.96648328e-01
-2.25280945e+00
3.19791918e-01
6.12093506e-01
4.32376251e-01
3.67210742e-01
0.00000000e+00
5.58035134e-01
-7.13441968e-01
-1.34056312e+00
5.53381940e-01
5.15339709e-01
4.97668265e-01
5.32762660e-01
-2.67033364e+00
-6.73748355e-01
2.53656685e-01
-1.87925011e+00
0.00000000e+00
0.00000000e+00
0.00000000e+00
9.99046961e-02
6.89974907e-01
-7.68060625e-01
1.73398012e-01
-2.65921476e+00
6.36064650e-01
5.89147070e-01
1.39989346e-01
7.53595699e-01
0.00000000e+00
2.97076072e-01
3.14439889e-01
-2.46837186e+00
6.77900304e-01
5.09509382e-01
7.03576390e-01
5.49313681e-01
-2.56301846e+00
-1.40814227e-01
5.86339727e-01
3 2
-1.1854e+00 5.1569e-01
8 -1
1 2 4 0 13 12 5 7 
217
1.34601670e+00
2.02402490e-01
-1.24998512e+00
-7.32805727e-01
7.29710158e-01
6.44527649e-01
1.29858997e+00
-2.20549990e-01
2.13754364e+00
1.80822184e+00
0.00000000e+00
0.00000000e+00
0.00000000e+00
0.00000000e+00
-9.74090392e-01
-6.23814461e-03
-3.28368726e-01
-1.13617646e+00
1.58763363e-03
-2.39104427e-01
3.45628356e+00
-3.49310931e-01
-1.01280111e-01
0.00000000e+00
0.00000000e+00
0.00000000e+00
0.00000000e+00
0.00000000e+00
0.00000000e+00
0.00000000e+00
0.00000000e+00
0.00000000e+00
0.00000000e+00
-8.83285689e-01
2.82925101e-02
0.00000000e+00
0.00000000e+00
3.65978939e-01
4.25897979e-01
-1.15145337e-01
9.74992686e-03
-4.14322061e-01
-5.88456255e-02
0.00000000e+00
0.00000000e+00
5.71858084e-02
2.23526862e+00
-1.68821065e-01
1.65826832e+00
-4.52016352e-01
0.00000000e+00
1.16499660e-01
0.00000000e+00
7.89508330e-01
0.00000000e+00
1.46425030e+00
1.18603044e+00
6.36291985e-02
0.00000000e+00
2.01638250e-01
9.36104129e-01
-3.09462624e-01
7.19375198e-01
0.00000000e+00
-7.25857427e-01
0.00000000e+00
1.37928581e+00
4.14037852e-01
6.92588323e-01
1.20211249e+00
0.00000000e+00
-1.02110388e-01
-6.21738339e-01
1.03571132e+00
-4.77821585e-01
4.12415766e-01
1.87598652e+00
0.00000000e+00
5.15080903e-01
-2.65017077e-01
1.46453140e+00
7.15598317e-02
-6.33595597e-01
-5.00477170e+00
-6.13849857e-01
5.70466350e-01
-4.92964476e-01
6.20657168e-01
-3.06310920e-01
7.68743042e-01
5.50405382e-01
0.00000000e+00
-8.18677158e-02
1.61763364e-01
7.98118600e-01
-6.60581517e-01
6.29765819e-01
4.43802634e-01
0.00000000e+00
1.13025957e+00
5.34258444e-01
3.00912357e-01
1.54604459e-01
-8.51552203e-02
-1.67837068e+00
8.14206625e-01
3.56445557e-02
2.01645390e-01
-1.90090593e-01
-7.60057080e-01
6.86256115e-01
6.56250200e-01
0.00000000e+00
1.41164194e-01
-1.67347665e-01
9.80417179e-01
-1.05452442e+00
2.24435330e-01
-1.80111240e-01
9.17607321e-01
-1.73578061e+00
-2.39042463e+00
0.00000000e+00
0.00000000e+00
0.00000000e+00
2.28145807e+00
2.66976771e+00
2.24209711e+00
1.72449073e+00
-2.04526900e-01
2.95213626e+00
3.07716850e+00
1.32576038e+00
1.18266797e+00
0.00000000e+00
2.71527792e+00
1.24604263e+00
-8.74008612e-02
3.62356543e+00
1.95252746e+00
2.52457790e+00
2.03282446e+00
-4.49907328e-01
5.60128123e-01
1.90916640e+00
-1.57756875e+00
0.00000000e+00
0.00000000e+00
0.00000000e+00
2.31772738e+00
9.74698280e-01
2.32781880e-01
1.74962012e+00
-7.03047473e-02
1.28814675e+00
1.53593818e+00
1.94683384e+00
2.70706208e+00
0.00000000e+00
1.89070635e+00
8.13776320e-01
-5.92250934e-02
-1.03839154e-01
2.48048245e+00
1.90343508e+00
2.56702175e+00
-2.01829550e-01
1.35014812e+00
1.54120982e+00
-4.43334746e+00
0.00000000e+00
0.00000000e+00
0.00000000e+00
2.12396445e+00
3.57416972e+00
1.29840465e+00
1.20847690e+00
0.00000000e+00
2.43688531e+00
2.64045971e+00
2.74412801e+00
2.91242080e+00
0.00000000e+00
1.78387825e+00
3.76991194e+00
-1.18850453e-02
3.39144001e+00
1.96547062e+00
3.27455026e+00
3.19148383e+00
1.18855332e+00
1.58769079e+00
3.05720011e+00
-1.90465716e+00
0.00000000e+00
0.00000000e+00
0.00000000e+00
1.55703756e+00
1.69619780e+00
1.29934282e+00
3.26031023e+00
0.00000000e+00
1.17659079e+00
1.84286815e+00
-8.06225826e-03
1.99921374e+00
0.00000000e+00
2.15705031e+00
-1.60915878e+00
-7.07181656e-03
-1.96939880e-01
1.52658815e+00
1.41583956e+00
1.28008617e+00
8.29774172e-01
1.12942187e+00
1.90582913e+00
136
-8.31866145e-01
-3.73228242e-01
-3.23635415e-03
-5.32567891e-01
2.34918736e-03
7.39299882e-02
1.19672339e-01
0.00000000e+00
0.00000000e+00
0.00000000e+00
0.00000000e+00
0.00000000e+00
0.00000000e+00
0.00000000e+00
0.00000000e+00
0.00000000e+00
-5.24192698e-01
9.28522931e-02
-4.00525740e-01
0.00000000e+00
6.68123923e-01
4.69467469e-01
2.40033482e-01
-6.14561878e-02
-2.25596712e-01
-9.27775209e-01
-5.27029881e-01
0.00000000e+00
5.11149200e-01
5.88833949e-01
2.29276920e-01
4.27802850e-01
-4.04932540e-01
-9.80117017e-01
-1.98640214e-01
4.96741382e-01
5.11592669e-01
1.08787583e-01
4.30402641e-01
-2.88000373e-01
-5.66091794e-01
-1.00697864e+00
-4.42246187e-01
0.00000000e+00
0.00000000e+00
0.00000000e+00
0.00000000e+00
-7.45553296e-01
3.13360794e-01
2.08582253e-02
-1.10129804e-01
0.00000000e+00
5.15415433e-01
1.21336109e-01
2.90258142e-01
-8.37418350e-01
0.00000000e+00
2.62733777e+00
7.70150905e-01
7.03379951e-01
-4.20650042e-01
-8.31205713e-01
-6.43282019e-01
4.36441455e-02
-5.89468794e-02
-1.25178667e-01
0.00000000e+00
-1.61273625e+00
-1.57234304e-01
-3.14341070e-01
-2.46169847e-02
0.00000000e+00
-9.38619962e-01
-8.11361485e-02
-1.29918424e-01
-5.17881640e-02
1.14053654e-01
2.03153759e-02
-4.40384905e-01
-5.37988973e-03
-2.18533899e-01
0.00000000e+00
2.00549633e+00
-8.04146159e-02
5.52142230e-01
-2.36340129e-01
1.26047776e-01
-1.05848801e+00
-9.96656077e-01
0.00000000e+00
0.00000000e+00
0.00000000e+00
9.12101875e-01
9.21182484e-01
1.22054339e-01
4.08955513e-01
-2.16844874e+00
4.45005693e-01
5.63311888e-01
4.86374215e-01
2.14620093e-01
0.00000000e+00
4.06532609e-01
-6.77682699e-01
-1.19630310e+00
7.83847945e-01
1.72253634e-01
5.79718197e-01
5.12713893e-01
-3.12149787e+00
-6.99575169e-01
3.38179118e-01
-1.82052648e+00
0.00000000e+00
0.00000000e+00
0.00000000e+00
1.35300294e-01
4.47285128e-01
-5.99210391e-01
7.16665675e-02
-2.54180513e+00
5.69446847e-01
6.96718512e-01
2.13725537e-01
7.09138956e-01
0.00000000e+00
3.33106991e-01
2.73063831e-01
-2.41087323e+00
8.67773119e-01
5.65434469e-01
5.64872972e-01
6.67668244e-01
-2.72462850e+00
-1.85345321e-01
5.26134611e-01
10 1
-1.0192e+00 4.4796e-01
8 1
1 2 4 0 13 12 5 7 
217
2.30251334e-01
2.32359287e-01
-2.79787974e-01
-9.40248127e-03
-5.53398155e-01
5.62108186e-01
3.36809516e-01
5.96362932e-01
9.38871312e-01
2.70115278e-02
-1.72720635e-01
1.22462446e-01
-3.19310704e-01
6.39031948e-01
-3.29222547e-02
-1.62613184e-02
1.05871315e+00
3.85651564e-01
-2.50161596e-03
3.01268598e-01
-2.93800732e-01
8.70168749e-03
5.77504640e-01
1.71322757e-01
4.94202940e-03
4.28638075e-01
0.00000000e+00
0.00000000e+00
0.00000000e+00
0.00000000e+00
0.00000000e+00
0.00000000e+00
0.00000000e+00
-5.54469441e-01
4.58894535e-01
3.25826240e-01
0.00000000e+00
2.01636523e-02
8.48346168e-03
2.82407303e-01
1.67428227e-01
1.83219625e-01
-3.06324641e-01
-1.25126294e-01
0.00000000e+00
-3.61702290e-01
6.78620933e-02
6.78242820e-02
-3.81398229e-01
-2.15248591e-01
3.32955849e-01
2.36186330e-01
0.00000000e+00
-1.29653630e-01
-7.52767540e-01
-1.25407885e-01
-2.54225646e-01
1.16119371e-01
2.33257518e-01
3.95432976e-01
1.85484534e-01
8.23704945e-02
-3.76036949e-02
0.00000000e+00
2.46700770e-01
5.81191452e-01
2.75382643e-01
2.21001469e-01
-2.91832079e-01
-5.95979771e-02
0.00000000e+00
-2.25092290e-01
-1.30676985e-01
5.01352983e-01
-2.11279574e-01
-4.60093594e-02
4.63907953e-01
0.00000000e+00
-2.32828244e-01
-2.89285270e-01
4.03059610e-01
-3.04247312e-01
6.00199682e-02
1.26388608e-01
-6.14966350e-01
3.61445794e-01
2.35849219e-01
5.04019772e-01
-4.42004778e-01
-2.02478824e-02
-3.09930931e-02
0.00000000e+00
2.38264416e-01
6.85694777e-01
-2.89228921e-02
1.70632351e-01
2.09098094e-02
-9.27246431e-02
0.00000000e+00
2.00270156e-01
-1.47095129e-01
5.81083053e-01
-1.89990325e-01
-5.51101875e-01
-7.67090050e-01
7.76103190e-01
1.64987287e-01
-3.00364274e-01
-2.74983240e-01
-4.93806854e-01
-4.35855904e-01
-8.26322762e-02
0.00000000e+00
6.26273324e-02
-1.81296770e-01
3.44126617e-01
-8.86250443e-01
-1.76502615e-01
-6.16226310e-02
-2.91831632e-01
-1.35841251e+00
-1.25961240e+00
0.00000000e+00
0.00000000e+00
0.00000000e+00
1.19711209e+00
1.31194883e+00
-4.05396022e-02
1.53482133e+00
-5.15977500e-01
1.22526618e+00
1.84492015e+00
9.55556165e-01
1.39383268e+00
0.00000000e+00
8.99114554e-01
2.26915937e-01
-1.46474621e-03
9.50862855e-01
9.17421345e-01
1.42800974e+00
8.95603656e-01
-1.70591590e+00
6.94843074e-02
4.17317935e-01
-1.22766356e+00
0.00000000e+00
0.00000000e+00
0.00000000e+00
8.09691337e-01
5.82715298e-01
4.29976957e-01
4.98585529e-01
-2.83262368e-01
4.54327989e-01
-1.19672643e-01
5.67251555e-01
4.46000869e-01
0.00000000e+00
7.86683903e-01
6.68277731e-01
-6.10470819e-01
3.91715328e-01
5.25447200e-01
1.11055145e+00
4.48627185e-01
1.13264328e+00
8.80072137e-01
1.02776872e+00
-1.91773975e+00
0.00000000e+00
0.00000000e+00
0.00000000e+00
6.56998584e-01
1.99690054e+00
-6.22135919e-01
1.35306873e+00
-4.21131750e-02
6.17134618e-01
6.44902214e-01
9.12842347e-02
7.84790962e-01
0.00000000e+00
3.01490783e-01
3.07328661e+00
-7.81777629e-01
2.00160706e+00
7.19668478e-02
1.77197909e+00
1.50783186e+00
-1.12306635e-02
1.04605782e+00
5.01734578e-01
-1.31388108e+00
0.00000000e+00
0.00000000e+00
0.00000000e+00
3.14856910e-01
-7.10940325e-01
3.05977434e-01
1.18428765e-01
-2.66030944e-02
1.33123156e+00
1.06391766e+00
1.24955704e+00
7.09397044e-01
0.00000000e+00
5.93136072e-01
-1.72881521e+00
-4.94750903e-01
6.41652219e-01
8.39687365e-01
8.98968721e-02
2.77362758e-01
-2.70498033e-02
2.22292064e-01
9.68670252e-01
136
-1.18571535e+00
6.56079615e-01
-4.39037970e-02
-6.37535498e-01
1.58012243e-03
-7.18377914e-01
4.55635304e-03
-4.85881552e-01
5.55841567e-03
0.00000000e+00
0.00000000e+00
0.00000000e+00
0.00000000e+00
0.00000000e+00
0.00000000e+00
0.00000000e+00
-9.97099876e-01
-4.42852850e-02
-1.44330188e-01
-8.20241486e-01
6.28569856e-02
3.36140235e-02
5.61475941e-02
-2.54694806e-02
5.39776200e-02
-2.09642782e-01
-3.36957824e-01
-8.20241486e-01
3.52039998e-01
2.65100629e-01
1.24215288e-01
-1.00882902e-01
-1.83569474e-01
-6.53315407e-01
-1.03977297e-02
2.11169261e-01
6.76832418e-01
-1.29749645e-01
5.93513863e-01
-3.58409863e-01
-4.16282231e-02
-8.85841809e-01
-2.24550267e-01
0.00000000e+00
0.00000000e+00
0.00000000e+00
0.00000000e+00
3.31245158e-01
5.07635604e-01
5.38393870e-02
-8.85560255e-02
0.00000000e+00
1.17881792e+00
3.26126964e-01
4.04327356e-01
-7.67967177e-01
0.00000000e+00
1.27288033e+00
4.45305397e-01
3.68072676e-01
-6.88140982e-01
-1.01575577e+00
-9.20241044e-01
-2.18416159e-02
-1.83530285e-01
-1.34526299e-01
0.00000000e+00
-2.20030665e-01
-1.06492694e-01
-3.71807825e-02
-2.02461259e-01
0.00000000e+00
-2.67670949e-01
-1.76288911e-01
-1.95411119e-03
-2.15537437e-01
-2.81679894e-01
-3.29562940e-01
-5.24070072e-01
-9.48103881e-02
-2.51922694e-01
-2.16916519e+00
2.48080218e+00
-5.78589318e-02
5.63723498e-01
-1.60426576e-01
-2.36108765e-03
-1.55043709e+00
-1.04967930e+00
0.00000000e+00
0.00000000e+00
0.00000000e+00
7.47603770e-01
8.49549420e-01
-9.53840728e-02
2.71034992e-01
-2.13113262e+00
3.86616308e-01
5.51909897e-01
2.87917864e-01
5.63166920e-01
0.00000000e+00
5.50438307e-01
-2.45933304e-01
-1.52114118e+00
5.44944068e-01
7.42076013e-01
6.04800626e-01
5.69282622e-01
-3.14930084e+00
-8.21909520e-01
2.45781422e-01
-2.53864064e+00
0.00000000e+00
0.00000000e+00
0.00000000e+00
5.41162864e-01
7.39039853e-01
-3.67456320e-01
3.71302756e-01
-2.99026844e-01
8.49454109e-01
8.12412455e-01
4.93546229e-01
9.68099082e-01
0.00000000e+00
5.33987975e-01
2.84458837e+00
-2.15640736e+00
8.88665801e-01
5.32573557e-01
5.85419553e-01
1.03433262e+00
-2.22075643e+00
1.15274882e-01
8.64859790e-01
6 1
-1.1810e+00 4.8982e-01
8 0
1 2 4 0 13 12 5 7 
217
9.54023870e-01
-6.93023147e-02
-9.12672265e-01
-8.69333559e-02
8.74028358e-02
8.29632905e-01
6.90249752e-01
1.29126070e-01
1.76585887e-01
7.87534559e-01
0.00000000e+00
0.00000000e+00
0.00000000e+00
0.00000000e+00
8.08275924e-01
-2.04394420e-02
1.05767633e+00
4.85176551e-01
-1.29915459e-02
7.12959227e-01
-2.40801588e-01
-7.51415986e-03
9.24499375e-01
-9.86270160e-02
6.66041644e-04
9.39300659e-02
0.00000000e+00
0.00000000e+00
0.00000000e+00
0.00000000e+00
0.00000000e+00
0.00000000e+00
0.00000000e+00
-7.52732171e-01
4.42749804e-01
1.26400624e+00
0.00000000e+00
-5.42535063e-01
-3.44777599e-01
1.99720200e-01
4.47881814e-01
2.85577107e-01
4.07985594e-01
0.00000000e+00
0.00000000e+00
-3.45312570e-01
7.31605308e-02
-9.37234992e-01
6.57832485e-01
4.05008196e-01
5.10513073e-01
-2.00802673e-01
0.00000000e+00
6.41554494e-01
1.21032362e-01
3.90867956e-01
0.00000000e+00
1.23467568e+00
1.01353102e+00
7.89436696e-01
9.54984871e-02
3.67864763e-01
-1.46207585e-01
-1.04504046e+00
2.08715429e-02
0.00000000e+00
1.47026336e+00
2.89586270e-01
5.07929428e-01
9.71864746e-01
0.00000000e+00
-1.79312874e-01
0.00000000e+00
1.38892881e+00
-2.86679881e-01
3.71575172e-01
7.34798253e-01
0.00000000e+00
9.11456521e-01
-2.81711543e-01
7.08354936e-01
-2.51422344e-01
-6.65787587e-01
-6.46058099e-01
-7.46989794e-02
8.74731235e-01
-5.27233419e-02
2.81503727e-01
7.10066545e-01
-1.27512111e-01
1.30082553e-01
1.37288255e+00
1.48122579e-01
0.00000000e+00
-7.79270432e-01
3.72710036e-01
2.12289170e-01
8.91083036e-01
0.00000000e+00
5.57148178e-01
-1.25842602e-01
3.16695780e-01
4.75149942e-03
4.71173861e-01
7.02554457e-02
6.29321571e-01
5.24202764e-01
-5.22940518e-01
1.51037053e-01
-1.10587865e+00
-3.50537518e-01
-5.60042748e-01
4.06548949e-01
3.90834975e-01
1.52530494e-01
6.18765367e-01
-6.97593213e-01
-4.62125421e-01
-1.13289320e+00
-3.62832788e-01
-1.92747558e+00
-1.98844700e+00
0.00000000e+00
0.00000000e+00
0.00000000e+00
1.09307275e+00
1.90228315e+00
9.35470822e-01
1.63362405e+00
-1.79438904e-01
1.82683629e+00
1.04834347e+00
1.22088868e+00
1.04575018e+00
0.00000000e+00
1.48717847e+00
1.40408968e+00
-1.14061449e+00
2.43772375e+00
1.20406652e+00
1.12682845e+00
2.77320292e+00
-2.88980347e-01
7.68341396e-01
1.54609862e+00
-1.55698865e+00
0.00000000e+00
0.00000000e+00
0.00000000e+00
1.10847885e+00
1.17687149e+00
7.14099203e-01
7.67479416e-01
-1.55401265e-01
7.14284948e-01
1.73271578e+00
2.00143593e+00
1.91133189e+00
0.00000000e+00
1.13863379e+00
8.40609771e-01
1.74197940e+00
5.41277896e-01
1.28281533e+00
1.57411872e+00
-8.88961009e-01
-2.66850895e-01
7.73810492e-01
1.20068239e+00
-2.88463881e+00
0.00000000e+00
0.00000000e+00
0.00000000e+00
-7.54708516e-01
3.12350860e-01
-3.04012189e-01
1.64868947e+00
-6.39215106e-03
3.76605849e-01
5.43614034e-01
3.79535733e-01
1.80214710e+00
0.00000000e+00
-5.42485115e-01
3.49536872e+00
-8.26174680e-03
9.85124761e-01
8.13906226e-01
2.55845042e-01
7.00794624e-01
-7.77667613e-03
-1.84591510e-01
1.65133929e+00
-1.14558879e+00
0.00000000e+00
0.00000000e+00
0.00000000e+00
1.83394812e+00
1.26887218e+00
9.12049879e-01
3.79144113e-01
-6.74074991e-03
4.88334582e-01
1.57200315e+00
1.16473799e+00
2.10403759e-01
0.00000000e+00
1.81416572e+00
-2.44121175e-01
-1.31889334e-02
1.42904223e+00
-1.53577929e-01
1.17924790e+00
2.79511661e-01
-7.32062632e-03
-1.62678251e-01
-2.64579068e-01
136
-3.25503409e-01
6.80683042e-01
-9.17730559e-03
-2.41196617e-01
-3.19838743e-03
-1.77914449e-01
-7.05165029e-03
-5.87075385e-01
-1.60198622e-03
0.00000000e+00
0.00000000e+00
0.00000000e+00
0.00000000e+00
0.00000000e+00
0.00000000e+00
0.00000000e+00
-1.98636331e-01
1.27880694e-01
-2.54747772e-01
-5.30849275e-01
3.86821120e-01
2.92914047e-01
2.12531545e-01
1.13387699e-01
-1.46671417e-01
-3.39740857e-01
-3.13896271e-01
-5.30849275e-01
2.68416298e-01
4.46055093e-01
-1.07717047e-01
1.34234462e-01
-1.57046449e-01
-4.43928797e-02
-1.20008580e-01
3.06913803e-01
2.61145640e-01
-3.11914391e-02
2.52297130e-01
-2.35727424e-01
-1.00335519e-01
-5.63727342e-01
-1.03569879e-01
0.00000000e+00
0.00000000e+00
0.00000000e+00
-2.54430491e-01
-2.64254511e-01
3.55937767e-01
2.54640927e-03
1.54214719e-02
0.00000000e+00
1.09668516e+00
3.88568072e-01
3.30567692e-01
-5.30529958e-01
0.00000000e+00
8.65070202e-01
2.84741692e-01
2.92782453e-01
-5.02429456e-01
-6.81152337e-01
-7.37801008e-01
8.27352984e-02
-9.01783014e-02
-1.23054531e-01
-2.64489012e-01
-3.03800670e-01
-1.11611064e-01
-1.23971061e-02
4.50935513e-02
0.00000000e+00
3.85421764e-01
8.05827270e-02
9.48593684e-02
1.09489092e-02
-5.46642876e-01
5.50415725e-01
-4.16533483e-01
9.56236686e-02
-2.31454070e-01
4.53125422e-01
4.73176467e-01
-3.28269932e-01
1.86279199e-01
-2.11936158e-01
4.47712190e-02
-1.57216271e+00
-1.01038876e+00
0.00000000e+00
0.00000000e+00
0.00000000e+00
7.38616536e-01
8.42894078e-01
-7.19242636e-02
3.96106378e-01
-1.99174696e+00
4.57344044e-01
4.10142758e-01
2.46414914e-01
5.29230791e-01
0.00000000e+00
5.85403484e-01
-4.30271016e-01
-1.29182314e+00
5.50652099e-01
5.61938113e-01
6.59795174e-01
2.81179525e-01
-3.02818343e+00
-6.02771167e-01
1.46613320e-01
-2.21051093e+00
0.00000000e+00
0.00000000e+00
0.00000000e+00
2.00167560e-01
3.73105718e-01
-7.29727211e-01
4.34117956e-01
-1.74926022e-01
8.62573734e-01
5.40368270e-01
1.30524589e-01
5.99667175e-01
0.00000000e+00
3.46105024e-01
2.60991748e+00
-2.67638519e+00
6.21328676e-01
3.12386803e-01
6.46770047e-01
5.69872526e-01
-1.97303134e+00
1.17103874e-01
5.22122070e-01
11 1
-1.2439e+00 5.0021e-01
8 0
1 2 4 0 13 12 5 7 
217
-5.32355650e-01
2.10929212e-01
2.08973438e-01
-1.74688319e-01
-6.25078909e-01
3.86571336e-01
-1.96769418e-01
3.05728999e-01
2.89492677e-01
5.66664243e-01
0.00000000e+00
0.00000000e+00
0.00000000e+00
0.00000000e+00
1.69693141e-01
-2.82070760e-03
-3.58718519e-03
-7.13918871e-01
6.80705289e-03
6.86912618e-01
1.60210472e-01
-9.80936387e-03
5.33275283e-01
-1.48340392e-01
-5.03920813e-03
4.24579796e-01
0.00000000e+00
0.00000000e+00
0.00000000e+00
0.00000000e+00
0.00000000e+00
0.00000000e+00
0.00000000e+00
-1.15217537e+00
-5.77266569e-02
6.77546373e-01
0.00000000e+00
-3.01945125e-01
3.75565456e-02
1.53399887e-01
4.61421532e-01
-8.17902843e-02
-2.37781163e-01
-5.63217041e-01
0.00000000e+00
-3.45649738e-01
2.90734812e-01
-4.44738204e-01
-2.60922800e-02
-3.30198506e-01
4.40039840e-01
3.35577771e-01
0.00000000e+00
-1.06786752e-01
-5.91123422e-01
6.87766689e-01
0.00000000e+00
-6.37299892e-02
-6.63924971e-01
7.43135303e-01
2.46325114e-01
-6.67473049e-01
-1.11207714e-01
-1.12965737e+00
1.21925149e-01
-6.69250294e-02
1.03275154e+00
1.05972140e-01
-5.57374970e-01
2.39283597e-01
0.00000000e+00
-6.61860693e-02
-1.97411232e-01
4.66443307e-01
-1.46704732e-01
3.31024511e-01
7.75183227e-01
0.00000000e+00
2.09720557e-01
-1.04269977e+00
-5.82890324e-02
2.32658395e-01
0.00000000e+00
0.00000000e+00
-2.73912797e-01
1.93586492e-01
-3.20197568e-01
-4.52790909e-02
2.84160276e-01
-4.06750254e-01
-5.89038731e-01
1.03322680e-01
-1.39756495e-01
3.80745924e-01
-2.72585637e-01
9.76234683e-02
-2.23336199e-01
-2.54928774e-01
0.00000000e+00
5.73872654e-02
3.16644372e-02
-1.04561923e-01
-1.58354210e-01
1.20302766e-01
-6.88291671e-01
-5.07952666e-03
1.60840148e-01
-3.48767787e-02
-2.20224313e-01
7.95295595e-02
-4.67891958e-01
-8.67029202e-02
1.21968640e-02
-5.55647804e-01
-9.53501837e-01
1.92491433e-01
-5.04565699e-01
-1.81396143e-01
3.01485572e-01
-1.02269849e-01
-1.16656316e+00
-2.40919439e+00
0.00000000e+00
0.00000000e+00
0.00000000e+00
5.31259462e-01
1.83705263e+00
1.81474439e+00
1.89987390e+00
-1.33674141e-01
1.65026478e+00
1.80006356e+00
1.38549075e+00
2.97752402e+00
0.00000000e+00
2.36059243e+00
1.66636199e+00
-4.65567554e-02
2.26620923e+00
1.88990541e+00
1.42910136e+00
2.19489763e+00
-3.23287449e-01
1.72704195e+00
1.60384979e+00
-1.53223657e+00
0.00000000e+00
0.00000000e+00
0.00000000e+00
2.80230298e+00
1.85474604e+00
7.33229347e-01
1.05453940e+00
3.29513896e-01
1.15563123e+00
1.02098847e+00
1.22961182e+00
3.31834146e-02
0.00000000e+00
8.48944977e-01
6.70208844e-01
-3.57629010e-02
9.00593496e-01
1.48851080e+00
1.58966466e+00
7.69591101e-01
-1.74312414e-01
8.15794847e-01
1.50586450e+00
-3.02724817e+00
0.00000000e+00
0.00000000e+00
0.00000000e+00
5.20453179e-02
3.00918630e-01
-4.31899794e-01
1.57484532e+00
-7.33220365e-02
-2.45498039e-01
1.16078734e+00
1.03992346e+00
1.56879887e+00
0.00000000e+00
9.11347712e-01
3.99509418e+00
-3.50304001e-02
7.93625268e-01
5.17703049e-01
1.22873898e+00
2.00596205e+00
-2.25068440e-02
1.39023833e+00
9.73762948e-01
-8.35364544e-01
0.00000000e+00
0.00000000e+00
0.00000000e+00
1.52811109e+00
1.97185340e+00
1.26540648e+00
6.88041588e-01
-8.26310269e-02
1.81117708e+00
1.12945615e+00
1.04832921e+00
8.07877818e-01
0.00000000e+00
3.40608837e-01
-6.83326490e-01
-2.47934316e-02
1.83646985e+00
1.03614120e+00
1.18943335e+00
1.52723379e-01
-1.36783092e-02
7.34773599e-01
1.04146629e+00
136
-3.84950011e-01
6.98034876e-01
-2.04090769e-02
-3.66716717e-01
1.52934134e-03
-3.37361691e-01
-3.63666945e-03
-3.78906479e-01
-2.18443311e-03
0.00000000e+00
0.00000000e+00
0.00000000e+00
0.00000000e+00
0.00000000e+00
0.00000000e+00
0.00000000e+00
-1.96823556e-01
4.25336244e-02
-2.30660080e-01
-4.77836304e-01
3.95133850e-01
2.19176692e-01
1.11155047e-01
2.50194309e-02
-5.45488754e-02
-2.62681481e-01
-3.40368371e-01
-3.92683575e-01
2.36574653e-01
3.85945965e-01
-7.08035421e-02
1.28953921e-01
-2.03260461e-01
-5.13802783e-02
-1.36543824e-01
2.55515213e-01
2.40890414e-01
2.81736055e-02
2.00362547e-01
-3.59343796e-01
-2.21628372e-01
-3.19061146e-01
-1.06661336e-01
0.00000000e+00
0.00000000e+00
0.00000000e+00
-1.71287361e-01
-1.52592729e-01
3.85663208e-01
5.41098424e-02
-3.24510851e-02
0.00000000e+00
8.36754401e-01
2.14314206e-01
3.41031305e-01
-6.20067402e-01
0.00000000e+00
8.83975281e-01
2.95503405e-01
3.12154200e-01
-3.42691090e-01
-6.89791097e-01
-6.02378109e-01
1.12653345e-01
-7.50033445e-02
2.98519685e-02
7.51754262e-02
-6.54152096e-01
-1.01550128e-01
-9.73667967e-02
-4.06462453e-03
0.00000000e+00
2.71504089e-01
8.60162671e-02
6.09208446e-02
-1.57952173e-01
-6.04789415e-01
6.61345204e-01
-3.60594113e-01
1.23604993e-01
-2.21850408e-01
4.02953928e-01
5.51164857e-01
-2.55064364e-01
1.91517316e-01
-8.28062500e-02
1.37021091e-02
-1.52223340e+00
-1.04997309e+00
0.00000000e+00
0.00000000e+00
0.00000000e+00
7.85147006e-01
8.91009639e-01
-5.63222586e-02
4.85670742e-01
-2.20038616e+00
4.84258942e-01
5.21550958e-01
2.95763373e-01
5.42212882e-01
0.00000000e+00
5.18538691e-01
-5.34823463e-01
-1.26278651e+00
5.05984776e-01
5.90102798e-01
6.42248500e-01
2.76700750e-01
-3.06062304e+00
-6.59687000e-01
1.85466287e-01
-2.22590616e+00
0.00000000e+00
0.00000000e+00
0.00000000e+00
2.94038520e-01
3.85436724e-01
-7.95563426e-01
4.24784943e-01
-8.00914979e-02
8.04821072e-01
6.34147949e-01
1.86941399e-01
6.58030312e-01
0.00000000e+00
3.14806613e-01
2.64341798e+00
-2.35705581e+00
8.13520366e-01
4.26730485e-01
5.60724386e-01
6.13962171e-01
-2.11055650e+00
1.16089579e-01
5.16154790e-01
9 1
-1.1688e+00 4.9517e-01
8 0
1 2 4 0 13 12 5 7 
217
-2.03020490e-01
4.16505936e-01
1.38379114e-01
-1.48981895e-01
-1.78910237e+00
4.22096407e-01
-1.29154828e+00
1.29702974e+00
0.00000000e+00
0.00000000e+00
0.00000000e+00
0.00000000e+00
0.00000000e+00
0.00000000e+00
6.12465862e-01
-1.21561978e-02
1.48665713e+00
1.17829481e-01
2.87752733e-03
1.46091677e+00
-8.08529685e-01
6.81429864e-03
2.38323599e+00
-1.24786148e-01
-1.37373493e-04
1.63523662e+00
0.00000000e+00
0.00000000e+00
0.00000000e+00
0.00000000e+00
0.00000000e+00
0.00000000e+00
0.00000000e+00
-1.21431246e+00
-8.71991215e-03
1.02001189e+00
0.00000000e+00
-1.54595168e-01
-1.38900988e-02
1.08998223e-02
1.12237771e-01
2.20160938e-01
-3.79509066e-01
1.67531121e-03
0.00000000e+00
-3.86461603e-01
4.78156517e-02
-3.62052562e-01
4.29865438e-01
-4.68831182e-01
1.19083222e-01
2.09690608e-02
0.00000000e+00
3.62382857e-01
5.32311854e-01
4.24253347e-01
2.68211528e-01
1.10220726e-01
-1.29191443e+00
4.64520149e-01
5.06606408e-02
-5.43105774e-01
2.89424644e-01
4.16065513e-01
-7.84086797e-01
0.00000000e+00
6.66771653e-01
5.21022269e-02
-5.01770859e-01
1.17337385e+00
0.00000000e+00
-4.87810183e-01
-7.90960877e-01
1.87260544e-01
-3.55652746e-02
-2.32274247e-01
8.35915910e-01
0.00000000e+00
1.44854995e-01
-5.96735655e-02
4.09384320e-01
1.84946289e-01
0.00000000e+00
0.00000000e+00
-9.07418771e-01
3.07806796e-01
2.18534386e-02
1.60681231e-02
2.81378105e-01
3.80523362e-01
1.61930911e+00
0.00000000e+00
-2.49453829e-01
0.00000000e+00
-3.07238864e-01
-2.25253225e-01
-2.83766016e-01
3.95351881e-01
0.00000000e+00
-1.18078797e-02
0.00000000e+00
-3.32985286e-01
2.23453458e-01
-1.88030721e-01
2.04955888e-02
0.00000000e+00
-7.31938077e-02
1.25957694e-01
-4.86814642e-01
-1.18246558e-01
-1.45974943e-01
1.23291513e-01
-9.73317056e-01
-1.94983586e-02
5.28910511e-01
2.44804549e-01
-4.09704131e-01
5.44990376e-01
1.17793520e+00
-1.28832179e-01
-1.64698555e+00
-1.93020962e+00
0.00000000e+00
0.00000000e+00
0.00000000e+00
2.13680995e+00
2.07284663e+00
8.94951609e-01
1.35959316e+00
-2.09604884e-01
1.80426977e+00
2.12691351e+00
1.55867722e+00
1.95908351e+00
0.00000000e+00
2.31616991e+00
1.24711698e+00
-6.36414255e-02
1.90667625e+00
2.22515682e+00
2.28183794e+00
2.18757769e+00
-2.84922708e-01
1.31786304e+00
7.38763488e-01
-1.89600846e+00
0.00000000e+00
0.00000000e+00
0.00000000e+00
9.17391166e-01
1.48769983e+00
1.41402022e+00
2.12045585e+00
-1.03177423e-01
1.51439008e+00
4.62292525e-01
1.51700186e+00
7.23789966e-01
0.00000000e+00
-1.49323117e-01
1.17295043e+00
-3.84540443e-02
1.40835322e+00
4.65798079e-01
4.79032015e-01
6.30017411e-01
-2.13395086e-01
3.92293029e-01
2.82121092e+00
-2.17871984e+00
0.00000000e+00
0.00000000e+00
0.00000000e+00
1.23424038e+00
1.75840900e+00
-1.21513125e-01
1.49239906e+00
-2.05366120e-01
1.08781194e+00
1.48921734e+00
6.23385101e-01
1.63577760e+00
0.00000000e+00
1.21477455e+00
1.55444605e+00
-6.99017218e-02
8.73860065e-01
1.62866431e+00
1.57179734e+00
1.48953264e+00
-7.53927888e-02
1.29982425e+00
1.44904885e+00
-2.10490671e+00
0.00000000e+00
0.00000000e+00
0.00000000e+00
7.37953738e-01
6.99008632e-01
1.40689458e+00
8.01570956e-01
-1.06352152e-01
1.29450803e+00
8.16828310e-01
1.75878676e+00
1.64964303e-01
0.00000000e+00
4.78997122e-01
1.79454922e+00
-3.01335380e-02
2.44923634e+00
-7.75423596e-02
9.54809159e-01
3.52686307e-01
-4.90779443e-02
1.30253785e-01
7.10789816e-01
136
-1.68821393e-01
6.85703332e-01
-1.99856928e-02
-4.47475491e-02
4.01336990e-03
-7.64052779e-01
8.31800435e-03
-4.57243966e-02
-3.08441253e-03
0.00000000e+00
0.00000000e+00
0.00000000e+00
0.00000000e+00
0.00000000e+00
0.00000000e+00
0.00000000e+00
-1.58545651e-01
5.81420275e-02
-6.84177689e-02
-4.39088588e-01
3.39500088e-01
2.34519062e-01
2.02338168e-01
7.60959191e-02
1.31900901e-02
-1.76310355e-01
-4.19065777e-01
-4.39088588e-01
3.17863436e-01
3.22180316e-01
-5.45574850e-02
3.57322919e-01
-1.99732823e-01
-8.22225543e-02
-2.20187606e-01
-1.59454183e-02
4.36691681e-01
5.69327583e-02
3.30209148e-01
-2.53947262e-01
-3.14001044e-02
-5.50528489e-01
-1.42411321e-01
0.00000000e+00
0.00000000e+00
0.00000000e+00
-3.22364836e-01
-2.82931483e-01
4.25149061e-01
1.10860819e-02
-6.63104474e-02
0.00000000e+00
7.13960453e-01
2.50741848e-01
2.91857151e-01
-5.47224756e-01
0.00000000e+00
9.54285848e-01
3.42044442e-01
3.12884887e-01
-4.75073674e-01
-7.35065721e-01
-6.19960069e-01
2.27347415e-02
-7.88737852e-02
-5.67782551e-02
1.64934974e-01
-6.38777557e-01
-1.09785845e-01
-9.88199678e-02
1.46718843e-01
0.00000000e+00
-4.11928020e-02
-1.96506510e-03
8.12937826e-03
2.09507939e-01
-3.83442859e-01
4.84084589e-01
-3.43077371e-01
9.12919334e-02
-6.47227153e-01
3.40959114e-01
5.93204014e-01
-2.12795807e-01
1.98628901e-01
-2.80327577e-01
1.09357237e-01
-1.51643831e+00
-1.03340655e+00
0.00000000e+00
0.00000000e+00
0.00000000e+00
7.61907181e-01
8.97277339e-01
3.16518807e-02
3.57782536e-01
-2.02056456e+00
4.37846039e-01
5.03433004e-01
3.11934486e-01
5.80846737e-01
0.00000000e+00
5.35770021e-01
-4.32943171e-01
-1.28166990e+00
4.70056012e-01
6.34891071e-01
6.59360545e-01
2.09178583e-01
-3.22269106e+00
-6.49761020e-01
1.82287734e-01
-2.22739454e+00
0.00000000e+00
0.00000000e+00
0.00000000e+00
2.64800294e-01
3.99196417e-01
-9.13884874e-01
4.61321775e-01
-1.30016896e-01
6.71433762e-01
4.54699527e-01
2.14293806e-01
6.84799335e-01
0.00000000e+00
2.28818329e-01
2.51556605e+00
-2.57862386e+00
8.42349101e-01
3.82161829e-01
4.91655414e-01
5.05180562e-01
-2.01251296e+00
2.48497281e-01
5.36351728e-01
