0 7 -999999999 -1 -1
1 1 0 -1 -1
0.4545 -0.7208
356
6.78252796e-01
6.78252796e-01
0.00000000e+00
5.52565046e-02
-8.28569083e-02
9.23138732e-03
7.08511976e-01
0.00000000e+00
0.00000000e+00
-1.26489281e-01
-7.33288226e-01
7.40181455e-01
1.47830013e-01
-1.02830502e-01
-3.24261633e-02
1.90513170e-01
0.00000000e+00
0.00000000e+00
0.00000000e+00
0.00000000e+00
0.00000000e+00
0.00000000e+00
0.00000000e+00
0.00000000e+00
0.00000000e+00
0.00000000e+00
0.00000000e+00
0.00000000e+00
0.00000000e+00
0.00000000e+00
0.00000000e+00
0.00000000e+00
0.00000000e+00
0.00000000e+00
0.00000000e+00
0.00000000e+00
0.00000000e+00
0.00000000e+00
0.00000000e+00
0.00000000e+00
0.00000000e+00
0.00000000e+00
0.00000000e+00
0.00000000e+00
0.00000000e+00
0.00000000e+00
0.00000000e+00
0.00000000e+00
0.00000000e+00
0.00000000e+00
0.00000000e+00
-6.21451379e-01
-2.11431925e-01
-3.99728218e-01
0.00000000e+00
0.00000000e+00
0.00000000e+00
0.00000000e+00
-2.50165173e-01
6.97462912e-01
6.89086207e-01
3.49660107e-01
9.03210218e-01
-3.96563383e-01
6.47323164e-01
-3.15617491e-01
-1.31120162e+00
-1.09278312e+00
-8.49748743e-01
-1.00616971e-02
-8.03264508e-02
-5.68806543e-01
5.54894472e-03
-1.96298965e-02
8.88533544e-01
-1.40729410e-03
-4.43610938e-01
1.20827454e+00
8.55424242e-03
-1.02160403e+00
1.60698106e-01
1.04207680e-01
4.14142525e-01
0.00000000e+00
0.00000000e+00
0.00000000e+00
0.00000000e+00
0.00000000e+00
0.00000000e+00
0.00000000e+00
-4.20239855e-02
1.18253574e-01
-2.41696953e-01
-2.31468232e-01
-4.82297658e-02
1.58445118e-01
3.16459193e-03
5.99633730e-02
-4.28074977e-02
-8.19703620e-02
4.91563420e-01
1.37093467e-01
0.00000000e+00
0.00000000e+00
3.46355697e+00
2.32009535e+00
1.04292806e+00
1.23370061e+00
8.29108156e-01
9.01902828e-02
-8.81939605e-01
-1.14087225e+00
8.24632604e-01
3.95425178e-02
-5.32228887e-01
-1.47761282e+00
-1.36790886e+00
-1.44484398e+00
0.00000000e+00
0.00000000e+00
0.00000000e+00
0.00000000e+00
0.00000000e+00
0.00000000e+00
-9.25025677e-01
-3.58923936e-01
-3.20995080e-02
-1.76818548e-01
1.03176058e-01
-2.52150942e-01
4.50322577e+00
4.34535652e+00
4.41588100e+00
4.39661272e+00
4.48129824e+00
4.14214755e+00
2.31838408e-01
-4.39744431e-01
-3.69195036e-01
1.01000575e-01
5.83068498e-01
-1.77291105e-01
-1.30137696e-01
-6.38532053e-01
-4.05595392e-01
-1.03950584e+00
-6.33175169e-01
-6.80770689e-01
1.17311525e+00
0.00000000e+00
0.00000000e+00
0.00000000e+00
0.00000000e+00
0.00000000e+00
0.00000000e+00
0.00000000e+00
-4.94862449e-01
1.27228461e+00
-1.57588177e+00
0.00000000e+00
-7.53834652e-01
-9.38847799e-01
-4.55587750e-01
-7.02994755e-01
-1.20942240e+00
0.00000000e+00
0.00000000e+00
0.00000000e+00
-5.46890860e-01
1.21183395e-01
-9.91299738e-01
-1.65496301e-01
9.23408410e-02
-3.58806405e-01
-3.19041193e+00
-4.65909281e-02
1.10144461e+00
0.00000000e+00
-1.02702022e+00
3.59503998e-01
3.58561694e-01
1.35448087e+00
-3.32262662e-01
6.01530378e-01
8.59747680e-01
-7.95823611e-01
1.08898801e+00
3.07398786e-01
8.62261583e-01
0.00000000e+00
0.00000000e+00
0.00000000e+00
-1.38790856e-01
1.60192639e-01
9.37304945e-02
1.99213428e-02
-6.37136130e-01
1.77353765e-01
1.66636793e+00
1.09670137e-01
4.17537287e-01
0.00000000e+00
2.14494348e-01
-3.14611610e-02
-1.39279953e-01
-2.41102215e-01
-4.40702942e-01
-7.13353350e-02
-1.47352836e-01
-2.22968872e-01
5.25005304e-01
-4.51881365e-01
-3.94667762e-01
-2.79322058e-01
-3.88775939e-02
-3.85901300e-02
-2.01854334e-01
1.34020868e-01
-5.36525075e-02
-3.59690419e-01
-4.72841087e-01
0.00000000e+00
0.00000000e+00
0.00000000e+00
-1.59310217e-01
1.32719841e-01
-1.14030056e-01
-5.78111523e-01
-1.52948758e-01
-2.32484524e-01
-8.97318849e-01
3.14734957e-01
4.25634445e-02
0.00000000e+00
-6.86433829e-01
2.36849987e-01
3.50284001e-01
2.89068804e-01
7.64407506e-01
-4.79707116e-01
5.24184305e-02
6.74809631e-01
-4.41014020e-01
4.10661204e-01
-1.15345704e-01
7.30831499e-02
-2.35015469e-01
4.65866150e-02
-8.14754641e-01
-4.74512594e-01
-4.34089471e-01
2.12525505e-01
0.00000000e+00
5.08174463e-01
4.81754964e-02
-1.03086255e+00
-3.40242046e-01
-5.06127599e-01
0.00000000e+00
0.00000000e+00
-1.64184255e+00
0.00000000e+00
0.00000000e+00
0.00000000e+00
4.38051528e-01
1.37883987e+00
-6.29530639e-01
-3.16448440e-03
-2.52456468e+00
-2.62496339e-03
6.33067716e-01
-1.49543256e-02
7.87265440e-01
0.00000000e+00
9.19422199e-01
-8.90046144e-01
-6.92843820e-01
9.63079234e-01
-5.41531369e-01
5.39328385e-01
-6.00451240e-02
-2.37580946e+00
-1.27809526e-01
5.62027620e-01
-1.82499487e-02
0.00000000e+00
0.00000000e+00
0.00000000e+00
1.10620463e-01
7.93332575e-02
-1.30976798e-01
2.85345226e-01
3.07242538e-01
-1.05160205e-01
1.53331961e-01
-1.38540371e-02
8.40895663e-02
0.00000000e+00
-3.06519826e-03
5.06851777e-01
-1.74644090e-01
-4.84224469e-03
-9.01215399e-01
-6.21352675e-02
-9.26358932e-02
8.96788696e-02
6.33545905e-02
-2.09569065e-01
-8.75644535e-01
-4.31059564e-01
0.00000000e+00
1.18698001e+00
8.00186729e-01
1.98147489e-01
-1.03634848e-01
-5.25572206e-01
-9.80786692e-02
0.00000000e+00
0.00000000e+00
0.00000000e+00
-6.84572682e-02
-5.75371625e-02
5.20744379e-02
2.76636130e-01
2.48259343e-01
3.16285404e-02
1.89462520e-01
-3.47975870e-01
-5.51642618e-02
0.00000000e+00
4.17424156e-01
-4.84639101e-01
6.58372640e-02
3.05394067e-01
-4.87418809e-01
1.69410388e-01
-5.40145641e-02
-1.55032331e-01
1.77142863e-02
-1.61680435e-01
-4.44584970e-01
0.00000000e+00
-6.03874918e-01
-4.28956652e-01
-7.66198019e-01
-5.07788235e-01
0.00000000e+00
-7.34878484e-01
2.44352875e-01
2.42598921e-01
-1.98334796e-01
-5.52052360e-01
-2.58409785e-01
0.00000000e+00
0.00000000e+00
-1.06441298e+00
247
-3.34223597e-01
-3.34223597e-01
0.00000000e+00
3.52211184e-01
-6.86434781e-01
-2.23470844e-01
-1.15631457e-01
1.17022891e+00
0.00000000e+00
0.00000000e+00
-7.29313394e-01
-1.52700279e+00
4.91147770e-01
-4.03095836e-01
0.00000000e+00
0.00000000e+00
0.00000000e+00
0.00000000e+00
0.00000000e+00
0.00000000e+00
0.00000000e+00
0.00000000e+00
0.00000000e+00
0.00000000e+00
0.00000000e+00
0.00000000e+00
0.00000000e+00
0.00000000e+00
0.00000000e+00
0.00000000e+00
0.00000000e+00
0.00000000e+00
0.00000000e+00
0.00000000e+00
0.00000000e+00
0.00000000e+00
0.00000000e+00
0.00000000e+00
0.00000000e+00
0.00000000e+00
0.00000000e+00
-6.52387161e-01
2.76534681e-02
-1.93113495e-01
9.07136778e-03
4.90563696e-01
-1.23528499e-04
2.07133631e-02
2.49266543e-02
6.53982566e-03
-1.94779643e-01
-1.34587616e-01
0.00000000e+00
0.00000000e+00
0.00000000e+00
0.00000000e+00
0.00000000e+00
0.00000000e+00
0.00000000e+00
4.55246035e+00
2.54884366e+00
2.11898825e+00
3.26033691e+00
1.90315946e+00
9.66209620e-01
0.00000000e+00
5.26453524e-01
-6.82782931e-01
-8.57880937e-01
-1.17740695e+00
-6.28282777e-01
-7.92860861e-01
-1.32422058e-01
0.00000000e+00
0.00000000e+00
0.00000000e+00
0.00000000e+00
0.00000000e+00
0.00000000e+00
-7.65185011e-01
-4.66074891e-01
-2.89729600e-02
-4.45364603e-01
-2.61373358e-01
-9.16096432e-01
7.08518837e+00
6.59772450e+00
7.07381949e+00
6.54152812e+00
6.47748350e+00
6.33435846e+00
0.00000000e+00
-9.48855532e-01
0.00000000e+00
-3.59776117e-01
2.47023163e-01
-4.33444930e-01
0.00000000e+00
-1.36647742e-01
-5.92667532e-01
-1.47605906e+00
-9.69059800e-02
-2.89705742e-01
-6.15047434e-01
0.00000000e+00
0.00000000e+00
0.00000000e+00
2.80823837e-01
8.33284808e-01
-3.07357822e+00
0.00000000e+00
-1.39729221e+00
-4.15813513e-01
-1.79893883e+00
-1.08412843e+00
-1.81310573e+00
0.00000000e+00
0.00000000e+00
0.00000000e+00
7.72771278e-01
1.07056163e+00
5.12925324e-01
9.89203250e-01
0.00000000e+00
9.49425153e-01
2.87242112e-01
7.11705363e-01
1.54037143e+00
0.00000000e+00
1.14442967e+00
-6.59627596e-01
-7.93706224e-01
4.57146567e-01
1.68992311e+00
2.18775781e+00
1.37645719e+00
0.00000000e+00
-7.04635573e-02
8.59453386e-01
-7.25969347e-01
-1.71087220e-01
-7.33737545e-01
-2.19287601e-02
5.84579084e-01
-3.45888832e-01
0.00000000e+00
0.00000000e+00
0.00000000e+00
6.22032201e-01
-8.47896961e-01
-3.86405251e-01
-1.02201656e+00
0.00000000e+00
6.15810858e-01
5.38012993e-02
4.61335619e-01
2.83604078e-01
0.00000000e+00
7.34987868e-01
6.17962719e-01
8.20923794e-01
1.36795975e+00
-5.32555829e-01
-2.13581627e-01
1.20227437e-01
0.00000000e+00
2.11294089e+00
6.19110372e-01
-5.54882126e-01
-8.32853689e-02
-6.09750062e-02
-4.10621751e-01
-1.08713638e+00
-1.22620499e+00
1.16089904e-01
0.00000000e+00
0.00000000e+00
1.39068613e-01
-1.96397443e+00
0.00000000e+00
0.00000000e+00
-2.88306725e+00
0.00000000e+00
0.00000000e+00
0.00000000e+00
2.15368541e+00
3.82845345e+00
5.03861042e-01
2.07356891e+00
0.00000000e+00
1.79834189e+00
2.54589562e+00
1.36554639e+00
2.82859865e+00
0.00000000e+00
2.65444747e+00
1.26478747e+00
4.91234628e-01
2.57127341e+00
2.01533820e-01
1.99362769e+00
6.32265232e-01
6.46057327e-01
1.62033784e+00
2.38690915e+00
-1.39773196e+00
-7.51893166e-01
0.00000000e+00
4.30739671e-01
1.55800623e-01
-5.32650752e-01
0.00000000e+00
0.00000000e+00
0.00000000e+00
4.54628870e-01
2.70110000e-01
3.27823304e-01
1.71151393e-01
0.00000000e+00
5.66225888e-01
3.48147534e-01
5.90415589e-01
3.65755629e-01
0.00000000e+00
9.36962170e-02
6.26569860e-01
5.95086115e-01
3.91609755e-02
4.65760577e-01
1.28163269e-01
3.18925276e-01
0.00000000e+00
3.21128175e-01
3.07958001e-01
-6.45838793e-01
0.00000000e+00
-3.06598706e-01
-2.18330327e-01
-1.48533530e+00
-1.04704566e+00
0.00000000e+00
0.00000000e+00
-3.91389359e-01
-4.38289633e-01
0.00000000e+00
0.00000000e+00
-7.12787068e-01
3 -999999999 5 0 -1
2 0 1 1 -1
-6.3553e-02 5.5102e-01
356
-2.85552680e-01
0.00000000e+00
0.00000000e+00
0.00000000e+00
0.00000000e+00
0.00000000e+00
0.00000000e+00
0.00000000e+00
0.00000000e+00
0.00000000e+00
0.00000000e+00
0.00000000e+00
0.00000000e+00
0.00000000e+00
0.00000000e+00
0.00000000e+00
-2.34590889e-01
-5.09617902e-02
-9.95748349e-02
2.11312006e-01
1.38884341e-01
2.32128962e-01
0.00000000e+00
0.00000000e+00
-1.57886318e-01
-2.07622750e-01
-9.19836619e-02
3.23408639e-01
-2.81578453e-03
1.14710859e-01
-2.11469909e-01
3.16188144e-01
-6.01740823e-01
-1.67223078e+00
-1.02766115e+00
7.18534449e-01
2.89322653e-01
1.02638106e+00
3.71771631e-01
9.62037863e-01
1.01730647e+00
0.00000000e+00
0.00000000e+00
0.00000000e+00
0.00000000e+00
0.00000000e+00
0.00000000e+00
0.00000000e+00
0.00000000e+00
0.00000000e+00
0.00000000e+00
3.63294142e-01
-4.77328481e-01
-7.37210874e-01
0.00000000e+00
0.00000000e+00
0.00000000e+00
0.00000000e+00
-1.81678816e+00
2.82349000e+00
1.34617392e+00
-1.26663738e-01
1.04907240e+00
-1.06784366e+00
-9.34338656e-02
-6.95520939e-01
-7.70576963e-01
1.45536157e-01
0.00000000e+00
0.00000000e+00
0.00000000e+00
0.00000000e+00
0.00000000e+00
0.00000000e+00
0.00000000e+00
0.00000000e+00
0.00000000e+00
-2.84956434e-01
3.74066066e-03
1.16303311e+00
1.63296764e-01
-2.96160430e-01
-1.23076166e-01
0.00000000e+00
0.00000000e+00
0.00000000e+00
0.00000000e+00
0.00000000e+00
0.00000000e+00
0.00000000e+00
-3.53760643e-01
-3.88602016e-01
-3.45798168e-01
-2.98469931e-01
-1.87881692e-01
-2.21427952e-02
3.36032278e-01
9.46350376e-02
3.59221631e-03
-2.19551478e-01
1.15505532e-01
-5.52321076e-02
-7.67737370e-01
-4.31366182e-01
1.62584098e+00
2.44404870e+00
4.73956810e-01
2.44954453e-01
1.24857128e-01
3.92685961e-01
-5.46348382e-01
-5.41828725e-01
-1.01942936e-01
-5.22006984e-01
-4.41678352e-01
-4.75510081e-01
9.60629321e-03
-5.28138843e-01
0.00000000e+00
0.00000000e+00
0.00000000e+00
0.00000000e+00
0.00000000e+00
0.00000000e+00
-7.79677021e-01
-3.97239645e-01
-3.24220492e-01
-6.57283516e-01
1.39139829e-03
-5.72572106e-01
6.58945793e+00
6.15086171e+00
5.85960303e+00
5.76979569e+00
6.04708668e+00
5.50349542e+00
6.63592409e-01
1.51866536e-01
-1.39923338e-01
6.07799119e-01
6.12472009e-01
1.25772576e-01
-2.26406485e+00
-1.20085221e+00
-8.06701787e-01
-1.00746137e+00
-8.74353201e-01
-5.89872428e-01
1.48277245e-01
0.00000000e+00
0.00000000e+00
0.00000000e+00
0.00000000e+00
0.00000000e+00
0.00000000e+00
0.00000000e+00
-4.33829925e-01
9.46175775e-01
0.00000000e+00
0.00000000e+00
-6.68268640e-01
-1.19247991e+00
-1.24312502e+00
-1.53712147e+00
-1.91139366e+00
0.00000000e+00
0.00000000e+00
0.00000000e+00
-9.06055826e-01
5.95671911e-01
-6.72282477e-01
3.76912422e-01
-1.75744717e+00
8.79422201e-02
-4.18702987e-01
2.42937636e-01
1.20775312e+00
0.00000000e+00
-1.79894021e+00
3.50503864e-01
-4.76019385e-01
1.25094440e+00
-6.41590885e-01
2.50622632e-01
8.85357453e-01
-9.63367113e-01
4.46411413e-01
2.79553138e-02
-4.30823987e-01
0.00000000e+00
0.00000000e+00
0.00000000e+00
-2.56384498e-02
-4.89826297e-01
-1.80563608e-01
-6.59485621e-03
0.00000000e+00
-1.37720258e-01
2.52055117e-01
6.63217341e-02
-1.80547236e-01
0.00000000e+00
5.19079657e-01
-3.99892507e-01
-2.24915256e-01
-1.54736870e-01
1.33619129e-01
1.07076363e-01
-4.09558753e-01
3.06177996e-01
4.67975461e-01
1.08443183e-01
-4.99312245e-01
5.83909972e-02
0.00000000e+00
0.00000000e+00
0.00000000e+00
-8.51296744e-02
9.14152299e-02
5.21054417e-02
4.14729016e-01
0.00000000e+00
0.00000000e+00
0.00000000e+00
-1.25847301e-01
7.22209241e-01
-4.87295268e-01
-4.44150058e-01
0.00000000e+00
3.57673152e-01
2.00132374e-01
7.66248318e-01
2.88905971e-01
0.00000000e+00
-1.28774636e+00
2.03601869e+00
-6.16211037e-01
-2.35989775e-01
-5.39923842e-01
-5.21911811e-01
4.75617568e-01
7.28468787e-01
1.22286063e-01
-2.23952473e-01
-5.57703243e-01
0.00000000e+00
0.00000000e+00
0.00000000e+00
-1.41208141e+00
-7.26659637e-01
0.00000000e+00
0.00000000e+00
0.00000000e+00
-6.82281095e-01
-1.24317378e-01
7.99388357e-02
-6.85421776e-01
0.00000000e+00
0.00000000e+00
0.00000000e+00
-2.72960138e+00
0.00000000e+00
0.00000000e+00
0.00000000e+00
2.32398577e+00
2.81131446e+00
5.49891654e-01
1.20538868e+00
0.00000000e+00
1.08404851e+00
1.34503251e+00
1.37491267e+00
2.29573854e+00
0.00000000e+00
2.19217728e+00
1.47333848e+00
-6.14272323e-01
1.53843434e+00
-3.86389760e-01
1.66029671e+00
9.85841054e-01
-1.34361130e+00
1.02362662e+00
1.76585832e+00
-5.90015895e-01
0.00000000e+00
0.00000000e+00
0.00000000e+00
5.56234529e-01
5.52753622e-01
6.54843762e-01
9.43534554e-01
0.00000000e+00
8.57223773e-01
8.93786692e-01
9.18893497e-01
7.87693740e-01
0.00000000e+00
3.85267243e-01
8.55452791e-01
1.22872217e+00
9.32317817e-01
1.06503848e+00
7.61352241e-01
9.99611182e-01
1.10036264e+00
9.61813665e-01
7.58062434e-01
-1.33271901e+00
-5.43489344e-01
0.00000000e+00
0.00000000e+00
0.00000000e+00
-1.92914191e-01
-1.86277184e-01
-1.64297969e-01
3.61511038e-02
0.00000000e+00
0.00000000e+00
0.00000000e+00
-1.42431554e-01
-5.44447549e-01
3.62329839e-01
1.01102863e-01
0.00000000e+00
8.73228047e-02
1.18523364e-01
-1.17728769e+00
-1.08953061e-01
0.00000000e+00
1.03856708e+00
-1.00354041e+00
1.00013361e-02
2.78725998e-01
-3.73957455e-01
2.56812874e-01
-6.01914383e-01
1.25764244e-01
-6.14962439e-01
9.35667925e-02
-7.89229668e-01
0.00000000e+00
0.00000000e+00
0.00000000e+00
-1.39688237e+00
-6.48990570e-01
0.00000000e+00
0.00000000e+00
0.00000000e+00
-3.44893108e-01
-4.97869707e-02
-2.54310490e-01
-7.47891799e-01
0.00000000e+00
0.00000000e+00
1.05502029e+00
247
-1.48663503e-01
0.00000000e+00
0.00000000e+00
0.00000000e+00
0.00000000e+00
0.00000000e+00
0.00000000e+00
0.00000000e+00
0.00000000e+00
5.60187272e-02
0.00000000e+00
0.00000000e+00
0.00000000e+00
0.00000000e+00
-1.37334289e-01
-1.13292138e-02
-7.00742640e-02
-6.72600249e-02
-1.07998564e-01
3.74418215e-01
0.00000000e+00
0.00000000e+00
0.00000000e+00
-3.84508412e-01
-5.49484833e-01
-2.93569562e-01
-1.41398459e-01
-1.54173125e-01
0.00000000e+00
1.28796819e+00
-1.44214131e+00
-6.61565101e-01
9.31798551e-01
-4.90142349e-01
0.00000000e+00
0.00000000e+00
0.00000000e+00
0.00000000e+00
0.00000000e+00
0.00000000e+00
0.00000000e+00
0.00000000e+00
0.00000000e+00
0.00000000e+00
0.00000000e+00
0.00000000e+00
0.00000000e+00
-1.71355183e-01
4.91370104e-03
-3.11950734e-01
2.20294458e-02
1.41869278e-01
0.00000000e+00
0.00000000e+00
0.00000000e+00
0.00000000e+00
0.00000000e+00
0.00000000e+00
0.00000000e+00
1.54797430e+00
1.65247898e+00
1.03206881e+00
9.83995606e-01
5.46633254e-01
-1.97530302e-02
-1.13033078e+00
-7.84758785e-01
8.19728642e-01
1.43769450e-01
-3.90394862e-02
-9.45114642e-01
-1.62113737e+00
-6.82699473e-01
0.00000000e+00
0.00000000e+00
0.00000000e+00
0.00000000e+00
0.00000000e+00
0.00000000e+00
-1.36925331e-01
-3.17162894e-01
-1.78398579e-01
-6.71016557e-01
6.54164252e-02
-5.63055542e-01
4.68719713e+00
4.53584644e+00
4.67395565e+00
4.90883118e+00
5.02255834e+00
4.76754140e+00
7.40842151e-01
-2.21767848e-03
-3.78773875e-02
3.15293040e-01
3.03508562e-01
-1.16802644e+00
-1.70222766e-01
-9.83023344e-01
-8.63978060e-01
-1.10016317e+00
-8.88282484e-01
-7.86723099e-01
6.27855075e-01
0.00000000e+00
0.00000000e+00
0.00000000e+00
-7.76518577e-01
9.03085937e-01
0.00000000e+00
0.00000000e+00
-5.91730014e-01
-1.10490779e+00
-6.42986404e-01
-1.15815607e+00
-1.69663780e+00
0.00000000e+00
0.00000000e+00
0.00000000e+00
-3.77239772e-01
3.81631805e-01
-4.82599038e-01
2.30334712e-01
-1.03588217e+00
-4.20072791e-01
-2.81803518e+00
-5.86389822e-02
8.95362555e-01
0.00000000e+00
-7.04941161e-01
5.21454132e-01
1.95841457e-01
1.13719263e+00
-3.82081886e-01
8.29274877e-01
8.13256398e-01
-1.55711408e+00
8.24427577e-01
3.11191107e-01
-2.85240439e-01
1.10151560e-01
0.00000000e+00
0.00000000e+00
0.00000000e+00
-2.39763518e-01
0.00000000e+00
0.00000000e+00
0.00000000e+00
1.46702404e-01
-2.35339596e-01
-1.12185970e-01
-7.62871346e-02
0.00000000e+00
2.27010948e-03
8.21633763e-01
4.44636224e-02
4.30260685e-02
0.00000000e+00
4.07234182e-01
-4.29420688e-01
-4.39217344e-01
-2.15112367e-01
-3.13888179e-01
-1.94284157e-01
-3.51352189e-01
8.65089676e-01
5.24131234e-02
-1.46413550e-01
-3.95391999e-01
0.00000000e+00
0.00000000e+00
0.00000000e+00
-1.41139736e+00
-7.01881574e-01
0.00000000e+00
0.00000000e+00
0.00000000e+00
-7.09515790e-01
0.00000000e+00
0.00000000e+00
0.00000000e+00
-1.80114248e+00
0.00000000e+00
0.00000000e+00
0.00000000e+00
4.53695159e-01
1.33006873e+00
-5.44144856e-01
-2.24026916e-01
-2.07913103e+00
-2.95195748e-01
-2.12389996e-01
3.36381959e-01
5.75247194e-01
0.00000000e+00
4.21500176e-01
-7.25608735e-02
-2.29276285e-01
3.17055396e-01
-3.40027845e-01
7.03277214e-01
3.33206252e-01
-2.66766678e+00
-2.27437622e-01
6.20283397e-01
-6.47445307e-01
-9.45161260e-02
0.00000000e+00
0.00000000e+00
0.00000000e+00
7.14934552e-02
0.00000000e+00
0.00000000e+00
0.00000000e+00
-2.52467041e-01
2.28854868e-01
-1.67754327e-01
1.43876643e-01
-1.27821354e-01
4.60957066e-02
1.74180593e-01
2.20951786e-01
1.80736610e-01
0.00000000e+00
-4.40070800e-01
4.11317358e-01
-2.60701440e-01
-2.36315248e-02
-2.51412843e-01
-1.35283511e-01
2.88931767e-02
2.92686087e-01
3.64387283e-02
-3.33952595e-02
-5.52929181e-01
0.00000000e+00
0.00000000e+00
0.00000000e+00
-1.15369717e+00
-5.48470278e-01
0.00000000e+00
0.00000000e+00
0.00000000e+00
-6.05226894e-01
0.00000000e+00
0.00000000e+00
-4.64572907e-02
8 2
5.1982e-01 -4.4727e-02
2 3
0 3 
217
9.89198731e-03
6.54493566e-01
-1.03413445e+00
3.19283832e-03
-4.42995173e-01
2.95140479e-01
2.65259555e-01
-1.60640391e-01
1.53889954e-01
-2.38063526e-01
2.27372021e-02
-4.67785650e-02
1.10004500e-02
-7.20999369e-02
0.00000000e+00
0.00000000e+00
0.00000000e+00
0.00000000e+00
0.00000000e+00
0.00000000e+00
0.00000000e+00
0.00000000e+00
0.00000000e+00
-2.80464869e-02
3.40459691e-03
3.14807676e-01
7.90566467e-01
-3.52564123e-01
-4.24411377e-01
0.00000000e+00
0.00000000e+00
0.00000000e+00
0.00000000e+00
0.00000000e+00
0.00000000e+00
0.00000000e+00
-3.44762055e-01
2.93196502e-03
3.51722077e-01
0.00000000e+00
0.00000000e+00
0.00000000e+00
0.00000000e+00
0.00000000e+00
-3.44762055e-01
3.65754938e-01
-3.62822973e-01
3.51722077e-01
0.00000000e+00
0.00000000e+00
0.00000000e+00
0.00000000e+00
0.00000000e+00
0.00000000e+00
0.00000000e+00
0.00000000e+00
0.00000000e+00
0.00000000e+00
0.00000000e+00
0.00000000e+00
3.51722077e-01
3.65754938e-01
-3.62822973e-01
-5.98587456e-02
-6.47726283e-01
-1.68198207e+00
3.14617626e-01
5.03231367e-01
4.02859390e-01
1.01155699e+00
0.00000000e+00
2.09928833e-02
-9.38626026e-01
-1.28419244e-01
9.73454799e-02
1.17318348e-01
1.02578947e-01
0.00000000e+00
0.00000000e+00
0.00000000e+00
0.00000000e+00
0.00000000e+00
0.00000000e+00
0.00000000e+00
0.00000000e+00
0.00000000e+00
0.00000000e+00
0.00000000e+00
0.00000000e+00
0.00000000e+00
0.00000000e+00
0.00000000e+00
0.00000000e+00
0.00000000e+00
0.00000000e+00
0.00000000e+00
0.00000000e+00
0.00000000e+00
0.00000000e+00
0.00000000e+00
0.00000000e+00
0.00000000e+00
0.00000000e+00
0.00000000e+00
0.00000000e+00
0.00000000e+00
0.00000000e+00
0.00000000e+00
0.00000000e+00
0.00000000e+00
0.00000000e+00
0.00000000e+00
0.00000000e+00
0.00000000e+00
0.00000000e+00
0.00000000e+00
0.00000000e+00
0.00000000e+00
0.00000000e+00
-1.26023036e-01
1.57599095e-01
-4.85561434e-01
0.00000000e+00
0.00000000e+00
0.00000000e+00
-3.11420856e-01
4.96038690e-01
-5.86725717e-02
3.23709344e-01
-7.36805640e-02
3.39484883e-01
-1.66543678e+00
-4.20924294e-02
3.28729431e-01
0.00000000e+00
-9.02757261e-01
8.54453170e-01
-6.70897515e-01
6.70104750e-01
-4.32221026e-01
9.13167857e-01
1.19553218e+00
-1.58782638e-01
1.01654204e+00
4.05513442e-01
-3.99796453e-01
0.00000000e+00
0.00000000e+00
0.00000000e+00
4.79542509e-01
5.18891368e-01
-3.93647353e-03
5.12442623e-01
-9.47932641e-02
1.62201273e-01
5.48840853e-01
4.10660181e-01
3.81123764e-01
0.00000000e+00
2.68858150e-01
2.79061015e-01
2.13608651e-01
4.45619927e-01
2.60782512e-01
2.96505542e-01
3.50221366e-01
-1.07879905e-01
9.11297580e-02
2.75863635e-01
-1.81484336e+00
0.00000000e+00
0.00000000e+00
0.00000000e+00
5.38061077e-01
9.80266090e-01
-2.44002448e-01
4.22429056e-01
-9.09506036e-02
3.22290955e-01
2.00419266e-04
4.31922171e-01
1.51095653e-01
0.00000000e+00
1.70717891e-01
-5.68253093e-01
-4.94637353e-01
-1.11510486e-02
-1.43237828e-01
-4.80873021e-01
5.60021797e-01
-4.75464174e-01
-4.90435615e-02
5.53190586e-01
-3.11096615e-01
0.00000000e+00
0.00000000e+00
0.00000000e+00
2.96873991e-01
4.71297721e-01
1.43963913e-01
3.56889877e-01
-1.44665236e-01
2.33016051e-01
5.19336271e-01
4.08992441e-01
8.91894678e-01
0.00000000e+00
5.06705406e-01
7.30668865e-01
-3.04962079e-01
5.84212793e-01
6.25230737e-01
9.09026982e-01
1.67200787e-01
-3.84716873e-01
3.69857643e-01
4.90480967e-01
136
2.20245360e-01
0.00000000e+00
0.00000000e+00
0.00000000e+00
0.00000000e+00
0.00000000e+00
0.00000000e+00
2.21193502e-01
3.05522011e-03
6.28328461e-01
-2.63680875e-02
-3.78605750e-01
0.00000000e+00
0.00000000e+00
0.00000000e+00
0.00000000e+00
0.00000000e+00
0.00000000e+00
0.00000000e+00
-8.22864980e-02
-5.87784399e-02
3.61310297e-01
0.00000000e+00
0.00000000e+00
0.00000000e+00
0.00000000e+00
0.00000000e+00
-8.22864980e-02
-1.10278427e-02
-4.77505972e-02
3.61310297e-01
0.00000000e+00
0.00000000e+00
0.00000000e+00
0.00000000e+00
0.00000000e+00
0.00000000e+00
0.00000000e+00
0.00000000e+00
0.00000000e+00
0.00000000e+00
0.00000000e+00
0.00000000e+00
0.00000000e+00
0.00000000e+00
0.00000000e+00
1.55277365e-01
-2.85314460e-01
8.89109182e-01
-2.26209620e-01
-5.84056997e-01
0.00000000e+00
-9.33143406e-02
-1.53725706e-01
-3.57363395e-02
-6.75863766e-01
0.00000000e+00
0.00000000e+00
0.00000000e+00
0.00000000e+00
3.61310297e-01
-1.10278427e-02
-4.77505972e-02
0.00000000e+00
0.00000000e+00
0.00000000e+00
0.00000000e+00
0.00000000e+00
0.00000000e+00
0.00000000e+00
0.00000000e+00
0.00000000e+00
0.00000000e+00
0.00000000e+00
0.00000000e+00
0.00000000e+00
0.00000000e+00
0.00000000e+00
0.00000000e+00
0.00000000e+00
0.00000000e+00
0.00000000e+00
0.00000000e+00
0.00000000e+00
0.00000000e+00
0.00000000e+00
-2.76086531e-01
-1.66521937e-01
-8.25910372e-01
0.00000000e+00
0.00000000e+00
0.00000000e+00
2.15156073e-01
5.45861368e-01
-4.96600390e-01
2.46136899e-01
-1.88406079e+00
-3.19969622e-01
-1.36815600e+00
5.21271997e-02
4.51507168e-01
0.00000000e+00
-3.31450700e-01
1.27451918e+00
-7.40498606e-01
1.27262890e+00
-8.59340950e-01
6.95090695e-01
7.88045086e-01
-1.54722916e+00
8.27901108e-01
3.52422165e-01
-1.51101282e+00
0.00000000e+00
0.00000000e+00
0.00000000e+00
2.68763250e-01
1.13402223e+00
-6.89161583e-01
7.44604733e-03
-2.20114761e+00
-1.99617231e-02
2.14288464e-01
3.39206924e-01
5.20622068e-01
0.00000000e+00
2.09128321e-01
5.77221026e-01
-1.03880564e+00
5.17807022e-01
-2.23296107e-01
3.24116658e-01
4.38192613e-01
-2.22246708e+00
-1.22692540e-01
4.55704836e-01
1 1
3.4062e-01 3.7755e-02
3 -1
0 3 8 
217
-6.83448921e-01
-1.51083728e-01
4.51609418e-01
-1.88910188e-01
-1.19460568e+00
1.53914092e+00
1.69515612e-01
-1.31794316e-01
-7.15432842e-02
3.69022513e-01
4.13184426e-01
4.28715102e-02
0.00000000e+00
0.00000000e+00
0.00000000e+00
0.00000000e+00
0.00000000e+00
1.61606793e+00
-3.20003555e-02
1.70111234e+00
-8.95388810e-01
-7.71199763e-03
1.04864185e+00
-1.40018937e+00
1.22206347e-03
3.41257344e-01
-2.21813922e-01
-2.85603473e-01
-1.57449924e-01
0.00000000e+00
0.00000000e+00
0.00000000e+00
0.00000000e+00
0.00000000e+00
0.00000000e+00
0.00000000e+00
3.20738180e-01
-5.94721385e-01
-4.28936621e-01
1.94709048e-02
0.00000000e+00
0.00000000e+00
0.00000000e+00
0.00000000e+00
3.20738180e-01
-1.80680742e-01
-4.48090398e-01
2.10361626e-01
3.40497546e-02
-1.94622914e-01
-4.44675332e-01
1.94709048e-02
0.00000000e+00
0.00000000e+00
0.00000000e+00
0.00000000e+00
0.00000000e+00
0.00000000e+00
0.00000000e+00
0.00000000e+00
3.52096159e-02
-1.80680742e-01
-8.58715975e-01
-2.82046453e-01
-2.55931342e-01
-1.60163410e+00
5.01411057e-02
8.76432152e-01
-1.95612232e-01
1.45994381e+00
0.00000000e+00
-2.05157217e-02
-2.75166552e-01
-3.29975110e-01
-4.58990386e-03
-3.32958089e-01
6.16040543e-02
0.00000000e+00
-9.76713341e-02
1.03893229e-01
-1.80174261e-01
7.71397643e-02
-4.05603326e-01
-2.03849573e-01
0.00000000e+00
0.00000000e+00
0.00000000e+00
0.00000000e+00
0.00000000e+00
0.00000000e+00
0.00000000e+00
0.00000000e+00
0.00000000e+00
0.00000000e+00
0.00000000e+00
0.00000000e+00
0.00000000e+00
0.00000000e+00
0.00000000e+00
0.00000000e+00
0.00000000e+00
0.00000000e+00
0.00000000e+00
0.00000000e+00
0.00000000e+00
0.00000000e+00
0.00000000e+00
0.00000000e+00
0.00000000e+00
0.00000000e+00
0.00000000e+00
0.00000000e+00
0.00000000e+00
0.00000000e+00
0.00000000e+00
0.00000000e+00
0.00000000e+00
0.00000000e+00
0.00000000e+00
-1.70389764e-01
2.85624453e-01
-2.18003595e-01
0.00000000e+00
0.00000000e+00
0.00000000e+00
4.05340611e-01
2.56538183e-02
-2.44482677e-01
2.89702818e-01
-1.11910404e+00
2.49987889e-02
-2.36771060e+00
-2.94556607e-01
8.90144333e-01
0.00000000e+00
-2.29069768e-01
1.19959795e+00
-4.15767084e-01
9.79632618e-01
-7.14838324e-01
9.54814497e-01
6.91649157e-01
-1.95152714e+00
1.07078419e+00
5.86733852e-01
-3.87341799e-01
0.00000000e+00
0.00000000e+00
0.00000000e+00
-4.55531162e-01
7.46271226e-01
-3.30490488e-01
3.22678197e-01
-1.27301083e+00
7.28412413e-02
8.95126701e-01
3.28936045e-01
2.41053754e-01
0.00000000e+00
-4.45845751e-01
2.00278522e-01
-1.63482810e-01
4.97616926e-01
-1.64698643e-01
-4.82883853e-01
-1.66127369e-01
4.18886516e-01
-2.89797847e-01
-3.39162174e-01
-1.11714260e+00
0.00000000e+00
0.00000000e+00
0.00000000e+00
7.95312848e-02
1.37239437e+00
-8.50490017e-01
7.05668548e-02
-1.33760184e+00
8.49892819e-02
4.58113794e-01
3.89295981e-01
5.27885690e-01
0.00000000e+00
-2.43928987e-01
7.08055832e-02
-8.17135863e-01
2.18735254e-01
-4.00478050e-01
3.90006509e-01
3.87059999e-01
-1.37326841e+00
-3.59873328e-01
2.16249300e-01
-2.22610691e-01
0.00000000e+00
0.00000000e+00
0.00000000e+00
2.01600778e-01
-2.82734884e-01
3.11940166e-02
9.91441522e-02
-1.43147424e+00
-1.22082824e-02
-7.21902419e-02
-7.04642198e-02
2.83348059e-01
0.00000000e+00
4.13370058e-01
3.51668525e-01
-6.28481007e-01
4.97215755e-01
3.68933728e-01
9.45147722e-02
2.58337800e-02
-5.60517307e-01
2.72700217e-01
1.95935653e-01
136
6.88267917e-01
0.00000000e+00
0.00000000e+00
2.41448498e+00
-2.67438638e-02
-6.62162367e-02
-7.96882999e-03
-1.75041291e+00
7.22080140e-03
3.24004448e-01
4.28296872e-01
-5.89408499e-02
0.00000000e+00
0.00000000e+00
0.00000000e+00
0.00000000e+00
0.00000000e+00
0.00000000e+00
0.00000000e+00
2.44426700e-01
-1.69637959e-01
1.33315959e-01
4.80163217e-01
0.00000000e+00
0.00000000e+00
0.00000000e+00
0.00000000e+00
2.44426700e-01
-4.41779609e-01
-3.70332544e-01
2.06959684e-01
6.42474195e-01
9.88104764e-02
-1.72454201e-01
4.80163217e-01
0.00000000e+00
0.00000000e+00
0.00000000e+00
0.00000000e+00
0.00000000e+00
0.00000000e+00
0.00000000e+00
0.00000000e+00
0.00000000e+00
0.00000000e+00
0.00000000e+00
2.72102867e-01
7.20112829e-02
1.26598808e+00
1.07908354e-01
-1.46859102e+00
0.00000000e+00
5.43931762e-01
2.61574813e-01
5.30302289e-02
-4.80526187e-01
0.00000000e+00
-3.60725770e-01
1.80464890e-02
-2.09410984e-01
-2.60285119e-01
-4.41779609e-01
9.96874496e-02
0.00000000e+00
0.00000000e+00
0.00000000e+00
0.00000000e+00
0.00000000e+00
0.00000000e+00
0.00000000e+00
0.00000000e+00
0.00000000e+00
0.00000000e+00
0.00000000e+00
0.00000000e+00
0.00000000e+00
0.00000000e+00
0.00000000e+00
0.00000000e+00
0.00000000e+00
0.00000000e+00
0.00000000e+00
0.00000000e+00
0.00000000e+00
0.00000000e+00
0.00000000e+00
-2.72056849e-01
-3.13375335e-01
-8.57320870e-01
0.00000000e+00
0.00000000e+00
0.00000000e+00
2.74342029e-01
3.19100647e-01
-4.03686403e-01
5.88055889e-01
-1.80272237e+00
-2.73673779e-01
-1.46075240e+00
-6.08345052e-02
2.65414173e-01
0.00000000e+00
2.82333875e-02
1.17760605e+00
-8.10778174e-01
1.30233078e+00
-8.91269512e-01
6.23864184e-01
9.17580898e-01
-1.91564240e+00
9.42050991e-01
3.23459640e-01
-1.65567313e+00
0.00000000e+00
0.00000000e+00
0.00000000e+00
2.14518959e-01
1.07199950e+00
-5.00780349e-01
7.41396200e-02
-2.09214286e+00
-3.80325955e-02
1.63119301e-01
3.53953736e-01
6.30354812e-01
0.00000000e+00
1.57593960e-01
1.81331988e-01
-9.90895374e-01
4.68319443e-01
-1.35252692e-01
3.59054998e-01
4.42412882e-01
-2.23779376e+00
-3.43394959e-01
5.65820259e-01
7 1
-2.1407e-01 2.8095e-01
4 1
0 3 8 1 
217
-7.58056386e-01
-5.52479000e-01
8.72226520e-01
-1.52753456e-01
-1.19150186e+00
1.21694062e+00
5.92741036e-02
4.06537840e-01
3.67583623e-01
-2.15463067e-01
0.00000000e+00
0.00000000e+00
0.00000000e+00
0.00000000e+00
0.00000000e+00
0.00000000e+00
0.00000000e+00
1.95650294e+00
-2.68526387e-02
1.05933002e+00
-6.31935021e-01
-9.86151505e-03
7.21465261e-01
-2.13096314e+00
3.44766387e-03
4.23145998e-01
-2.77794835e-01
-1.95097480e-01
-2.80089531e-01
0.00000000e+00
0.00000000e+00
0.00000000e+00
0.00000000e+00
0.00000000e+00
0.00000000e+00
0.00000000e+00
0.00000000e+00
-2.88459709e-01
-3.72978381e-01
-2.13124713e-01
-8.05085332e-02
0.00000000e+00
0.00000000e+00
0.00000000e+00
0.00000000e+00
-3.14687356e-01
-7.24182659e-01
6.89829952e-01
0.00000000e+00
-3.79894941e-01
-1.90706749e-01
4.07106718e-01
6.95367103e-01
-2.61889553e-01
-6.09693276e-01
1.78831850e-01
0.00000000e+00
-2.76325479e-01
-5.22737802e-01
-8.05085332e-02
2.77150014e-01
-3.14687356e-01
-9.17533995e-01
-2.61309085e-01
-4.59209959e-01
-1.06717037e+00
2.02704354e-01
1.10440183e+00
-2.40241696e-01
1.88870745e+00
0.00000000e+00
9.40041136e-02
-2.68798024e-01
1.23991577e-02
1.16610300e-02
-8.64459657e-01
5.21043975e-01
0.00000000e+00
-1.49408988e-01
2.78713408e-02
-4.74248999e-02
1.24951133e-01
-5.61222498e-01
-3.75264355e-01
0.00000000e+00
-2.60476881e-01
-1.29621729e-01
-9.38864464e-02
-7.91862202e-01
-4.03693058e-01
2.95579556e-01
0.00000000e+00
0.00000000e+00
0.00000000e+00
0.00000000e+00
0.00000000e+00
0.00000000e+00
0.00000000e+00
0.00000000e+00
0.00000000e+00
0.00000000e+00
0.00000000e+00
0.00000000e+00
0.00000000e+00
0.00000000e+00
0.00000000e+00
0.00000000e+00
0.00000000e+00
0.00000000e+00
0.00000000e+00
0.00000000e+00
0.00000000e+00
0.00000000e+00
0.00000000e+00
0.00000000e+00
0.00000000e+00
0.00000000e+00
0.00000000e+00
0.00000000e+00
-2.55675834e-01
-4.20500361e-02
-5.53237449e-01
0.00000000e+00
0.00000000e+00
0.00000000e+00
2.03284044e-01
4.20034844e-01
-4.33858596e-01
6.77230771e-01
-1.29364317e+00
1.93364627e-01
-1.69650205e+00
-3.35524527e-02
4.50654889e-01
0.00000000e+00
-3.74266691e-01
1.18548460e+00
-5.75057289e-01
1.04189497e+00
-1.01170378e+00
8.23110100e-01
8.20760891e-01
-2.06444698e+00
1.00878659e+00
1.05187230e-01
-5.27950280e-01
0.00000000e+00
0.00000000e+00
0.00000000e+00
-2.84687703e-01
2.94538333e-01
6.47754979e-02
1.67049278e-01
-4.01728809e-01
-3.30863394e-01
1.70113958e-01
9.32679943e-02
2.38780355e-01
0.00000000e+00
-1.28708898e-01
2.15715428e-01
-3.04060545e-01
2.64615742e-01
2.04993081e-01
-3.60768145e-01
-3.40231341e-01
3.54334324e-01
-5.58931778e-01
1.13846342e-01
-1.46869914e+00
0.00000000e+00
0.00000000e+00
0.00000000e+00
2.96464836e-01
1.16903900e+00
-8.78859647e-01
1.56979940e-01
-2.00554501e+00
-1.04329127e-01
3.53692257e-01
6.56205352e-01
5.10873941e-01
0.00000000e+00
1.22603489e-01
-2.54831443e-01
-1.30650466e+00
5.24251688e-01
-2.35504385e-01
5.01241643e-01
5.80234850e-01
-2.01101026e+00
-7.90655006e-02
5.35363896e-01
-9.06177706e-02
0.00000000e+00
0.00000000e+00
0.00000000e+00
-3.92774094e-02
-2.50395374e-01
6.29371985e-02
5.37197506e-02
-8.54807288e-01
1.63971620e-01
-2.72036463e-01
-3.11322935e-01
3.81710306e-01
0.00000000e+00
3.03664330e-02
8.20562421e-01
1.62141954e-01
1.80834322e-01
6.93543829e-01
1.64363577e-02
-2.21249499e-01
-7.92616656e-01
-3.91715918e-02
1.24035254e-01
136
2.43832612e-01
0.00000000e+00
0.00000000e+00
2.37262583e+00
-2.88466908e-02
-4.84032428e-01
-4.23195338e-03
-1.65285465e+00
3.25903221e-03
8.35921816e-02
1.74749744e-01
1.31332979e-02
0.00000000e+00
0.00000000e+00
0.00000000e+00
0.00000000e+00
0.00000000e+00
0.00000000e+00
0.00000000e+00
6.97965739e-01
-4.58308387e-01
-1.75670533e-01
1.14090997e-01
6.57547970e-02
0.00000000e+00
0.00000000e+00
0.00000000e+00
6.97965739e-01
-2.29468728e-01
-4.90299109e-01
3.73756743e-01
0.00000000e+00
4.04494456e-01
-2.35577005e-01
6.37110384e-01
9.15876189e-02
-3.69012183e-01
-1.78520894e-01
-5.94285638e-01
-1.70811650e-01
3.30426856e-03
6.79619817e-02
6.57547970e-02
0.00000000e+00
0.00000000e+00
0.00000000e+00
-6.57672983e-02
1.79458103e-02
1.04257026e+00
1.42230140e-01
-1.66813288e+00
0.00000000e+00
5.97931352e-01
1.71769532e-01
1.85803091e-01
-2.05429425e-01
0.00000000e+00
-6.98276450e-01
-8.78808684e-02
-2.72045469e-01
-1.12702488e-02
-2.29873376e-01
5.82471733e-01
-3.49290469e-01
2.23118538e-01
-2.25497309e-01
0.00000000e+00
0.00000000e+00
0.00000000e+00
0.00000000e+00
0.00000000e+00
0.00000000e+00
0.00000000e+00
0.00000000e+00
0.00000000e+00
0.00000000e+00
0.00000000e+00
0.00000000e+00
0.00000000e+00
0.00000000e+00
0.00000000e+00
0.00000000e+00
0.00000000e+00
0.00000000e+00
0.00000000e+00
0.00000000e+00
-9.42351931e-02
-1.04698991e-01
-6.91741780e-01
0.00000000e+00
0.00000000e+00
0.00000000e+00
1.18739227e-01
5.69293998e-01
-5.89680411e-01
4.50009494e-01
-2.18584028e+00
-5.22356576e-02
-1.23078501e+00
2.97780180e-02
6.30378360e-01
0.00000000e+00
-2.96100935e-01
1.16815338e+00
-7.09882471e-01
1.38404032e+00
-9.43679749e-01
4.24755643e-01
8.08348467e-01
-1.48359103e+00
8.73255176e-01
3.43301687e-01
-1.53881253e+00
0.00000000e+00
0.00000000e+00
0.00000000e+00
2.01804794e-01
1.11939032e+00
-5.58279106e-01
1.08924315e-01
-2.18776195e+00
1.32051927e-02
2.49262029e-01
3.07104741e-01
6.38561532e-01
0.00000000e+00
2.40264603e-01
1.55727128e-01
-1.13054011e+00
5.33437975e-01
-2.04581981e-01
4.07417085e-01
4.12679371e-01
-2.11590151e+00
-2.45935420e-01
5.16408459e-01
2 1
-6.3518e-01 3.5372e-01
5 1
0 3 8 1 7 
217
2.16697739e-01
-4.92189624e-01
6.77608465e-01
-3.25595992e-02
1.85716185e-01
-4.55125748e-02
1.69298889e-01
-2.77229941e-01
-1.81591762e-01
1.04547267e+00
0.00000000e+00
0.00000000e+00
0.00000000e+00
0.00000000e+00
0.00000000e+00
0.00000000e+00
0.00000000e+00
1.09395623e+00
-3.11511809e-02
-1.28737498e-01
2.11777906e-01
-2.38936038e-02
-7.31413583e-01
-2.17751936e+00
7.36310847e-03
-4.86111430e-01
2.97449044e-01
-1.24187255e-01
5.15851007e-02
0.00000000e+00
0.00000000e+00
0.00000000e+00
0.00000000e+00
0.00000000e+00
0.00000000e+00
0.00000000e+00
2.13337733e-01
-5.99669154e-01
4.01175420e-02
1.42408054e-01
1.65879912e-01
2.54623651e-01
0.00000000e+00
0.00000000e+00
-5.28679286e-02
-6.31019888e-01
-3.27079824e-02
7.59412550e-01
0.00000000e+00
-3.14527015e-01
-9.32079547e-01
6.61010747e-01
9.46505345e-02
-1.46436114e-01
-6.65620013e-01
5.36382821e-01
4.94128466e-01
-2.34672464e-01
-1.21119237e-01
2.07364235e-01
1.25558836e-01
7.11956036e-01
-8.34154866e-01
-1.20655072e+00
5.85733590e-01
-1.34004310e+00
5.98080935e-01
1.03014183e+00
2.39433937e-01
2.01739617e+00
0.00000000e+00
-1.95945834e-01
-6.58369919e-01
3.26176082e-01
-1.24028116e-01
8.64674910e-02
2.46327793e+00
0.00000000e+00
-1.38206020e-01
8.69881768e-02
2.97775141e-01
-1.70061620e-02
5.71286176e-02
5.95107634e-01
0.00000000e+00
5.20195106e-02
1.12515777e-01
4.21236524e-02
-1.47306696e-01
1.22554576e-01
8.17582317e-01
0.00000000e+00
1.42010175e-01
2.63477122e-02
8.44231507e-02
-5.86700224e-01
-9.73558637e-03
-6.54568125e-02
0.00000000e+00
0.00000000e+00
0.00000000e+00
0.00000000e+00
0.00000000e+00
0.00000000e+00
0.00000000e+00
0.00000000e+00
0.00000000e+00
0.00000000e+00
0.00000000e+00
0.00000000e+00
0.00000000e+00
0.00000000e+00
0.00000000e+00
0.00000000e+00
0.00000000e+00
0.00000000e+00
0.00000000e+00
0.00000000e+00
0.00000000e+00
-1.82877532e-01
-9.17035863e-01
-1.65096740e+00
0.00000000e+00
0.00000000e+00
0.00000000e+00
2.01458146e-01
-8.94493575e-02
3.47090099e-01
1.25069987e+00
-3.16415103e-01
1.59716074e-01
-1.10716091e+00
3.11706225e-01
1.88168575e+00
0.00000000e+00
-9.67915319e-01
1.41349127e+00
-7.86315558e-01
2.12521087e+00
-7.77799187e-01
3.57555900e-01
1.07142797e+00
-2.40921442e+00
9.69475750e-01
5.74617268e-01
2.67755971e-01
0.00000000e+00
0.00000000e+00
0.00000000e+00
-6.99611221e-02
1.27316599e+00
-6.71327425e-03
3.65547503e-02
-1.33989795e-01
7.84985981e-01
3.71413662e-01
4.93374139e-02
-5.81808160e-01
0.00000000e+00
6.43842478e-01
1.01190680e+00
1.71648633e-01
-5.90768792e-01
1.58156229e-01
7.59063116e-01
1.05191993e-01
9.03474867e-01
-3.34895395e-01
2.88286092e-01
-2.06491373e+00
0.00000000e+00
0.00000000e+00
0.00000000e+00
5.64851127e-01
4.11819973e-01
-1.38027370e+00
7.36331271e-01
-1.70440592e+00
-1.00032782e-01
4.61812573e-02
1.46593865e-01
-3.05791475e-01
0.00000000e+00
-5.96999968e-01
-2.66309039e-01
-1.13602553e+00
2.91167426e-01
1.82358574e-01
8.49238633e-01
5.28587006e-01
-1.44747607e+00
5.50027396e-02
1.06026888e+00
2.53192577e-01
0.00000000e+00
0.00000000e+00
0.00000000e+00
-2.17913378e-01
4.91885227e-01
9.37378747e-02
-3.20814350e-01
-3.45379803e-01
2.82319704e-01
-7.34435272e-02
1.43069190e-01
7.66631037e-01
0.00000000e+00
2.72156215e-01
5.36786591e-01
1.36083088e-01
4.29284258e-01
-2.24102182e-01
-5.75875295e-01
5.62718805e-02
-5.80924602e-01
-1.49632174e-01
-4.66947176e-01
136
-3.77998440e-01
0.00000000e+00
0.00000000e+00
1.47094308e+00
-2.48449650e-02
-5.94534415e-02
-1.91673868e-02
-1.68796685e+00
6.37293148e-04
-8.81643239e-02
-2.51610579e-02
-2.23378280e-01
0.00000000e+00
0.00000000e+00
0.00000000e+00
0.00000000e+00
0.00000000e+00
0.00000000e+00
0.00000000e+00
8.34092119e-01
-1.33748429e-01
-2.40174397e-01
-3.53424838e-01
-2.94426061e-01
-1.90316833e-01
0.00000000e+00
0.00000000e+00
7.87547894e-01
-8.52607676e-01
-4.43423192e-01
4.04956193e-01
0.00000000e+00
8.33320286e-02
-1.97929199e-01
6.31844859e-01
2.93977979e-01
-5.46483012e-01
5.69975741e-02
-4.06449230e-01
-9.08806249e-02
-1.40933361e-01
3.47457350e-02
-2.68579095e-01
0.00000000e+00
0.00000000e+00
0.00000000e+00
3.41783257e-01
3.75137597e-01
1.20111432e+00
1.75331774e-01
-1.15811803e+00
0.00000000e+00
-1.90162085e-01
-6.47825826e-02
4.59863565e-02
-1.86038584e-01
0.00000000e+00
-7.05483471e-01
-2.62891349e-02
-2.15705735e-01
7.81261419e-02
1.29537358e-01
5.72434331e-01
-3.33955236e-01
2.67092459e-01
-1.45548409e-01
0.00000000e+00
1.40278706e+00
-9.06904976e-02
3.04525751e-01
-2.23205610e-01
0.00000000e+00
0.00000000e+00
0.00000000e+00
0.00000000e+00
0.00000000e+00
0.00000000e+00
0.00000000e+00
0.00000000e+00
0.00000000e+00
0.00000000e+00
0.00000000e+00
0.00000000e+00
0.00000000e+00
0.00000000e+00
0.00000000e+00
-8.08681863e-03
1.24369902e-01
-7.51361310e-01
0.00000000e+00
0.00000000e+00
0.00000000e+00
1.49502912e-01
2.81438354e-01
-4.33531371e-01
6.13454635e-01
-2.19450640e+00
-1.39298963e-01
-8.80736521e-01
-2.72710178e-02
5.19304610e-01
0.00000000e+00
-2.67328238e-01
1.14163938e+00
-7.69398954e-01
1.08140980e+00
-8.80174916e-01
5.96564850e-01
8.95278915e-01
-1.62882811e+00
8.57286843e-01
3.33832872e-01
-1.50571235e+00
0.00000000e+00
0.00000000e+00
0.00000000e+00
2.55855765e-01
1.03307258e+00
-5.10619926e-01
1.05815815e-01
-2.39252122e+00
-1.16773666e-01
2.93727772e-01
3.62582579e-01
6.51582160e-01
0.00000000e+00
2.99633663e-01
1.44309256e-01
-1.16864644e+00
5.83621907e-01
3.61613565e-02
4.67412467e-01
3.69460871e-01
-2.23924903e+00
-2.75876390e-01
5.94738127e-01
6 1
-5.7633e-01 3.4777e-01
6 0
0 3 8 1 7 2 
217
-9.25692772e-01
-8.55262470e-01
8.67804022e-01
2.01906119e-02
-1.03081076e+00
7.60330886e-01
-1.96212786e-01
-1.55055578e-01
-3.80798819e-01
1.18031087e+00
7.17663069e-01
2.91795489e-01
0.00000000e+00
0.00000000e+00
3.69052899e-01
-2.35735071e-02
7.60621300e-01
-6.32844992e-01
-1.50199298e-04
7.16580229e-01
-1.14090750e+00
1.37222980e-02
7.54312972e-01
4.79006819e-01
-9.01829553e-02
8.36709833e-01
-7.34173120e-01
-1.68255415e-01
-2.32642368e-02
0.00000000e+00
0.00000000e+00
0.00000000e+00
0.00000000e+00
0.00000000e+00
0.00000000e+00
0.00000000e+00
0.00000000e+00
-2.82558020e-01
-6.43474054e-01
-5.72862580e-01
-4.82227726e-01
-8.92872021e-02
3.98238803e-01
0.00000000e+00
-3.40231233e-01
-8.86048759e-01
2.99650412e-01
4.67933959e-01
0.00000000e+00
-1.88630226e-01
-7.00921749e-01
3.92910746e-01
-1.87077842e-01
-2.29315770e-01
8.32117562e-01
-1.24101979e-01
0.00000000e+00
-6.97593143e-03
0.00000000e+00
1.07817552e-01
-9.75828082e-02
-3.68827600e-01
-1.20576037e+00
0.00000000e+00
-4.59282363e-01
0.00000000e+00
6.46074890e-02
1.12883588e+00
-5.31017898e-01
1.01029287e+00
0.00000000e+00
-3.30585392e-01
-4.99395275e-01
-7.85598719e-02
-1.38361993e-01
-5.16547508e-01
2.38280367e-01
0.00000000e+00
-1.67073650e-01
1.26693349e-01
-2.05314622e-02
-1.96858741e-01
-7.38087660e-01
-4.83158043e-01
0.00000000e+00
-3.81606363e-01
-9.86639682e-02
-1.78867002e-01
-7.24104409e-01
-3.65219407e-01
3.82654583e-01
0.00000000e+00
-2.88557288e-01
4.92893924e-03
-2.49167202e-01
-9.33639245e-02
-3.87968282e-01
-2.19612342e-01
0.00000000e+00
-6.53043606e-01
-1.88222152e-01
-5.43043593e-03
-7.19525624e-01
-2.67218730e-01
1.91562769e-01
0.00000000e+00
0.00000000e+00
0.00000000e+00
0.00000000e+00
0.00000000e+00
0.00000000e+00
0.00000000e+00
0.00000000e+00
0.00000000e+00
0.00000000e+00
0.00000000e+00
0.00000000e+00
0.00000000e+00
0.00000000e+00
9.24053853e-01
7.06933912e-01
-1.88088041e-01
0.00000000e+00
0.00000000e+00
0.00000000e+00
-1.45511803e-01
6.40960117e-01
7.33662446e-01
1.43911202e+00
-2.52926825e-01
-8.42367854e-02
-9.76919944e-01
6.06052488e-01
1.26988298e+00
0.00000000e+00
4.56551690e-01
1.38360496e+00
-1.35384151e+00
1.33939173e+00
-9.47937392e-01
5.90165259e-01
1.17898263e+00
-2.11666636e+00
2.47751306e-01
6.89231194e-01
-5.06903513e-01
0.00000000e+00
0.00000000e+00
0.00000000e+00
2.95234355e-01
6.49666366e-01
-9.23488628e-01
-5.79452846e-01
-2.96608012e-01
5.76968192e-01
1.82553199e+00
2.61961597e-01
1.08840565e+00
0.00000000e+00
6.54862421e-02
-2.36440695e-01
9.30706515e-01
2.65547622e-02
1.27183732e+00
-6.17234152e-01
-6.89718888e-01
8.87482993e-01
2.74324317e-01
-5.22040661e-01
-1.61111727e+00
0.00000000e+00
0.00000000e+00
0.00000000e+00
1.26594556e+00
1.13779540e+00
5.17404626e-01
8.68116714e-01
-4.16632433e-02
-2.92532058e-01
1.55360924e+00
1.06259452e+00
2.57543934e+00
0.00000000e+00
1.08168334e+00
9.71641950e-01
-4.49672152e-01
6.94422907e-01
1.34235826e+00
1.08925286e+00
1.67295207e+00
-2.74233961e-01
1.07825722e+00
1.13003140e+00
-1.40614005e+00
0.00000000e+00
0.00000000e+00
0.00000000e+00
5.58511196e-01
1.24457172e+00
-3.44572925e-02
9.59833136e-01
-2.30133928e-02
1.97553524e+00
4.51592802e-01
1.10626652e+00
-1.70034385e-01
0.00000000e+00
1.74776323e-01
3.34171660e-01
2.38563825e-01
1.42818166e+00
1.44990714e-01
1.14940484e+00
5.78441337e-01
-1.23862803e-01
1.87297188e-01
9.50711033e-01
136
-3.77386628e-01
9.08579107e-02
2.13991807e-02
1.91998731e-02
-1.04689876e-02
-5.78520123e-01
-2.75207549e-03
9.10757109e-02
-1.80911476e-04
-3.06651832e-01
-7.52138508e-02
2.45528698e-02
0.00000000e+00
0.00000000e+00
0.00000000e+00
0.00000000e+00
0.00000000e+00
0.00000000e+00
0.00000000e+00
4.45526162e-01
2.71428676e-01
-2.47959908e-01
-5.16714825e-01
-5.87084012e-01
-2.17812106e-01
4.75229385e-01
0.00000000e+00
-3.60332224e-01
-4.73954960e-01
-1.29894649e-01
4.92971829e-01
0.00000000e+00
3.76331476e-01
-4.83246195e-01
7.41447799e-01
1.98021613e-01
-3.68099727e-01
5.12158943e-01
-6.21241540e-01
2.48275531e-01
-4.90383392e-03
1.46955232e-01
-6.26941682e-01
0.00000000e+00
0.00000000e+00
0.00000000e+00
0.00000000e+00
4.94965064e-01
1.06761361e+00
6.29571580e-02
-7.71510867e-01
0.00000000e+00
-4.09596365e-01
1.64744908e-02
5.70260539e-02
-2.07912790e-01
0.00000000e+00
-7.50370717e-01
-1.73645918e-01
-1.45897515e-01
1.36200728e-01
-1.22692228e-01
-2.00076907e-01
-3.81851742e-01
1.91798402e-01
-1.71171929e-01
0.00000000e+00
8.47130316e-01
-8.73967043e-02
2.12550209e-01
-2.35046351e-01
0.00000000e+00
1.66460118e-01
-8.79020504e-01
2.58335798e-01
1.16607641e-01
0.00000000e+00
0.00000000e+00
0.00000000e+00
0.00000000e+00
0.00000000e+00
0.00000000e+00
0.00000000e+00
0.00000000e+00
0.00000000e+00
0.00000000e+00
8.06994871e-02
7.34877024e-01
-7.01709350e-01
0.00000000e+00
0.00000000e+00
0.00000000e+00
1.59313579e-01
6.49631073e-01
-5.99207029e-01
3.60867311e-01
-1.67405148e+00
-3.31434031e-01
-6.67866865e-01
5.90272000e-02
3.72197104e-01
0.00000000e+00
-2.07296739e-01
7.32687308e-01
-8.73299763e-01
1.40211558e+00
-7.11211743e-01
4.64198286e-01
5.37533715e-01
-1.60225408e+00
9.81914308e-01
2.45426915e-01
-1.25771804e+00
0.00000000e+00
0.00000000e+00
0.00000000e+00
3.50544577e-01
1.06467191e+00
-5.00405799e-01
8.60253168e-02
-2.20417266e+00
-2.72781010e-02
5.31914534e-01
2.60331452e-01
7.15295735e-01
0.00000000e+00
3.60364667e-01
3.14858551e-01
-1.18178653e+00
5.24114671e-01
-2.57617617e-02
4.41718802e-01
4.09079634e-01
-2.67769486e+00
-2.40592847e-01
5.41054665e-01
9 1
-6.1256e-01 3.8284e-01
7 0
0 3 8 1 7 2 6 
217
-6.09062115e-01
-3.11847620e-01
8.33698147e-01
-8.77712247e-02
-5.54156651e-01
-2.21156241e-01
-9.68683493e-01
1.08805378e+00
5.56176364e-01
5.13301707e-01
1.01144782e+00
2.44395482e-01
0.00000000e+00
0.00000000e+00
2.59606635e-01
-1.89046520e-02
1.22347031e+00
6.06853065e-01
-1.65022286e-02
3.15159054e-01
-6.87720891e-01
-2.56317619e-03
5.58015171e-01
-7.87800923e-01
1.10736095e-02
-3.28929966e-01
-4.59779261e-01
-2.34994737e-01
1.05599197e-01
0.00000000e+00
0.00000000e+00
0.00000000e+00
0.00000000e+00
0.00000000e+00
0.00000000e+00
0.00000000e+00
0.00000000e+00
-9.31622964e-02
-6.75124794e-02
-5.65243139e-01
-6.52714516e-01
-6.48741258e-01
-2.87795584e-02
1.25144949e+00
0.00000000e+00
-3.23148738e-01
-2.89703930e-01
5.85744706e-01
0.00000000e+00
3.55261031e-01
-9.29479733e-01
1.00524612e+00
4.28137961e-01
-1.27363815e-01
8.55383267e-01
-2.96587346e-01
1.92105414e-01
6.00824476e-02
-5.07803081e-01
-4.45860771e-01
-6.78436372e-01
-3.10826182e-01
1.84558800e-01
0.00000000e+00
-1.42243575e+00
-2.30982990e+00
5.72677042e-01
8.86654081e-01
2.40696594e-01
1.72459826e+00
0.00000000e+00
-5.86001348e-01
1.97166910e-01
4.54829190e-01
-2.94795951e-01
-4.77889957e-01
-3.14257456e-01
0.00000000e+00
-2.17353171e-01
2.36116905e-01
-3.45819963e-01
1.39199941e-01
-4.58889809e-02
-3.27402767e-01
0.00000000e+00
-7.67156191e-01
-1.08025380e-01
8.57978256e-02
-7.99996902e-01
7.22962506e-02
2.20840839e-01
0.00000000e+00
-2.96142308e-01
-2.86642885e-01
-1.06217975e-01
-9.09134760e-02
-2.06701831e-01
-2.12036817e-01
0.00000000e+00
-7.83383635e-01
-2.71025145e-01
1.63289443e-01
-8.93777727e-01
1.10320771e-02
2.67230473e-01
-4.70491510e-01
-5.29458967e-01
1.12547346e-01
5.21990664e-01
-2.90281890e-01
-1.31102302e-01
-5.21856407e-01
0.00000000e+00
0.00000000e+00
0.00000000e+00
0.00000000e+00
0.00000000e+00
0.00000000e+00
0.00000000e+00
3.89418769e-01
8.51162015e-01
-2.93832611e-01
0.00000000e+00
0.00000000e+00
0.00000000e+00
1.12715759e-01
6.74310067e-01
-1.11484570e+00
1.17554840e+00
-7.88174475e-01
8.30224422e-02
-9.15386059e-01
4.60939797e-01
7.05942472e-01
0.00000000e+00
-7.19820676e-01
8.70577869e-01
-9.11125686e-01
1.39397745e+00
-1.60571745e+00
8.48575282e-01
4.76849455e-01
-1.54245080e+00
5.46344224e-01
-4.51149760e-02
-2.82343572e-01
0.00000000e+00
0.00000000e+00
0.00000000e+00
-2.38328309e-01
-1.97155487e-01
8.18436433e-02
-3.24281138e-01
-7.04695317e-01
-7.06230219e-02
7.46124066e-01
-1.44023346e-01
-1.97976906e-01
0.00000000e+00
4.44402066e-01
-1.33492222e-01
5.10037471e-01
8.32179717e-02
9.54971119e-01
-8.94084160e-02
2.07074073e-02
-2.91454077e-01
-6.29650369e-01
-1.02558708e-01
-1.46941510e+00
0.00000000e+00
0.00000000e+00
0.00000000e+00
6.60524817e-01
1.33774365e+00
-6.71536446e-01
7.07933763e-01
-1.43203296e-01
2.46838300e-02
5.59001807e-01
1.00934130e+00
1.58389189e+00
0.00000000e+00
1.86099833e-01
2.66678695e-01
-6.31717957e-01
1.10762771e+00
9.36479526e-02
1.17973437e+00
1.74323344e-01
-1.70826411e+00
-4.20339252e-02
9.49558300e-01
-5.17394427e-01
0.00000000e+00
0.00000000e+00
0.00000000e+00
2.53277286e-01
5.27243904e-02
8.14584731e-01
4.47979107e-01
-8.39825819e-02
3.30501940e-01
8.40997778e-01
-2.20314081e-01
2.07358957e-01
0.00000000e+00
6.13627818e-01
4.04939833e-01
-6.20523449e-01
-3.65674731e-01
2.25935570e-01
-1.06747367e-01
7.19205074e-01
-4.77648084e-01
3.65757737e-01
1.21151408e-01
136
-2.32994258e-01
1.19233721e+00
-2.02078982e-02
5.22261201e-01
-1.60335923e-02
-9.60010110e-01
7.67372299e-04
-9.87582563e-01
9.54008906e-03
-5.86255582e-02
-4.93762881e-02
-1.09184466e-01
0.00000000e+00
0.00000000e+00
0.00000000e+00
0.00000000e+00
0.00000000e+00
0.00000000e+00
0.00000000e+00
3.61369338e-01
6.45127728e-02
-2.25949011e-01
-4.11695999e-01
-4.06705947e-01
-1.16104381e-01
1.37230641e-01
3.64348329e-01
-2.82313758e-01
-6.30682189e-01
-4.96547833e-01
5.34972923e-01
0.00000000e+00
2.79975336e-01
-4.76378064e-01
6.77483137e-01
2.96658404e-01
-2.37641540e-01
1.75020523e-01
-1.47474390e-01
3.64848013e-01
1.04126905e-01
-1.22612496e-01
-2.74204064e-01
0.00000000e+00
0.00000000e+00
0.00000000e+00
0.00000000e+00
1.70528429e+00
1.19098818e+00
2.45949938e-01
-8.90386810e-01
0.00000000e+00
-1.03253994e-01
-2.92058562e-02
8.56043369e-02
-2.71923589e-01
0.00000000e+00
-7.88007860e-01
-5.20163720e-03
-2.19693350e-01
1.06902892e-01
-4.54640889e-02
-6.16164205e-02
-1.17159730e-01
5.55828952e-02
-9.19799760e-02
0.00000000e+00
4.48866027e-01
-8.05484674e-02
9.87077832e-02
-1.27797078e-01
0.00000000e+00
9.50788674e-02
-6.57253709e-01
1.58081311e-01
9.62287107e-02
-1.31663646e-01
2.64602391e-01
-1.07699953e-01
2.24082457e-01
-7.65370509e-02
0.00000000e+00
0.00000000e+00
0.00000000e+00
0.00000000e+00
0.00000000e+00
-2.15571883e-01
-4.22262364e-02
-8.74325077e-01
0.00000000e+00
0.00000000e+00
0.00000000e+00
2.33018825e-02
3.56901359e-01
-4.77598579e-01
3.57503299e-01
-1.89488424e+00
-1.08668323e-01
-1.19608211e+00
-4.85748591e-02
5.53158625e-01
0.00000000e+00
-4.26190542e-01
1.39410144e+00
-9.65947265e-01
1.29771147e+00
-8.32825535e-01
5.37940926e-01
8.76444622e-01
-1.54450992e+00
8.48909534e-01
3.74983127e-01
-1.58622917e+00
0.00000000e+00
0.00000000e+00
0.00000000e+00
3.01702777e-01
1.03933194e+00
-6.91780711e-01
9.13952805e-02
-2.26546974e+00
-1.45097520e-02
1.69779909e-01
3.85205728e-01
5.96814533e-01
0.00000000e+00
2.33371678e-01
2.60345406e-01
-1.20932903e+00
5.83470807e-01
4.13614595e-02
3.65240147e-01
4.47951673e-01
-2.24413445e+00
-2.35764177e-01
5.58787360e-01
5 1
-7.8491e-01 4.2096e-01
8 0
0 3 8 1 7 2 6 9 
217
6.10590209e-03
-4.12164001e-01
2.69328541e-01
-1.42050979e-01
7.28935963e-02
-9.72639595e-02
-7.90823688e-02
2.15689051e-01
1.17152789e-01
1.14709244e+00
6.60822521e-01
-4.75988359e-02
0.00000000e+00
0.00000000e+00
8.07709285e-01
-2.01181788e-02
-1.48973133e+00
2.67602464e-01
-8.47962704e-03
3.40589230e-01
-6.04973262e-01
-1.41733479e-03
5.11714091e-01
-4.64232585e-01
-1.05148094e-02
4.62799712e-01
1.48813190e-01
-1.11777656e-01
3.16060057e-02
0.00000000e+00
0.00000000e+00
0.00000000e+00
0.00000000e+00
0.00000000e+00
0.00000000e+00
0.00000000e+00
0.00000000e+00
-8.17692123e-02
-2.83088494e-02
-2.17913158e-01
-1.99973686e-01
-2.10282387e-01
2.86435228e-02
7.15709672e-01
0.00000000e+00
-4.60012293e-01
3.43419846e-01
4.44702502e-01
0.00000000e+00
-1.79830426e-01
-6.99414516e-01
7.11942185e-01
1.71840948e-01
-4.08699906e-02
3.29733201e-01
-2.39960979e-01
-4.73777887e-02
3.39262475e-01
-2.08285268e-01
-1.08316795e-01
-3.14877999e-01
-2.69300701e-01
5.90284602e-01
0.00000000e+00
-4.60810776e-01
7.21777473e-01
4.57697916e-01
7.31244218e-01
9.21876142e-03
2.06497247e+00
0.00000000e+00
-5.67714272e-01
5.68765550e-02
4.10810899e-01
-1.81256845e-01
1.63009276e-01
1.17612410e+00
0.00000000e+00
8.71699395e-02
9.89361974e-02
1.20035538e-01
9.88377775e-02
-2.01099576e-01
2.46546324e-01
0.00000000e+00
-1.89919901e-01
-6.45848103e-02
4.43837796e-02
-3.00350734e-01
1.51642024e-01
2.85667119e-01
0.00000000e+00
-6.93465350e-02
-2.45261512e-02
4.74406629e-02
-1.72332188e-01
2.80117742e-02
-1.36642404e-01
0.00000000e+00
-3.42482719e-01
9.29286473e-03
2.79447541e-01
-9.45107154e-01
6.91410796e-02
1.85071972e-01
-4.47102770e-01
-3.98764598e-01
-3.18086543e-01
5.42624029e-01
-5.06671338e-01
3.09349242e-01
2.55778882e-01
-2.43557282e-01
-1.94364201e-01
-3.40833948e-01
3.68510685e-01
-4.43626132e-01
7.55166996e-02
-1.48533266e-01
4.63402322e-01
5.10831748e-01
-4.25026348e-01
0.00000000e+00
0.00000000e+00
0.00000000e+00
-6.89135166e-02
7.92534066e-01
-2.88771893e-01
9.99659361e-01
-3.88697198e-02
-1.16734380e-02
-4.57146943e-01
1.79101463e-01
9.91111750e-01
0.00000000e+00
-8.80649023e-01
1.23414156e+00
2.11884435e-02
8.85609684e-01
-9.14703542e-01
2.87702058e-01
8.06815072e-01
-7.71175532e-01
5.43178584e-01
-5.63210735e-02
-4.09383010e-01
0.00000000e+00
0.00000000e+00
0.00000000e+00
9.52187695e-01
4.51296393e-01
4.98043395e-01
-1.92387335e-01
-1.21222829e-01
6.69992782e-01
4.32144967e-01
5.35061653e-01
-4.46096329e-01
0.00000000e+00
8.39689203e-01
-2.54193997e-01
-2.38277060e-01
-1.84763653e-01
8.00960789e-01
6.43626255e-01
-1.06828006e-01
-9.33680350e-01
-2.70130467e-01
9.35148078e-01
-1.10116766e+00
0.00000000e+00
0.00000000e+00
0.00000000e+00
3.24289886e-01
1.22352119e+00
-6.10087509e-01
2.30711228e-02
-1.50832846e+00
1.18222212e-01
2.67313780e-01
3.15563514e-01
5.97148610e-01
0.00000000e+00
1.41680658e-01
2.40917634e-01
-1.24727370e+00
2.15116464e-01
2.20839680e-03
3.92394466e-01
1.59480243e-01
-1.55047554e+00
-4.64919894e-01
2.58989268e-01
-4.51111047e-01
0.00000000e+00
0.00000000e+00
0.00000000e+00
2.29624327e-01
-4.64343073e-02
-8.16348765e-02
3.78643003e-01
-8.98826685e-01
1.18849670e-01
3.19161022e-01
4.50978900e-02
4.04865378e-01
0.00000000e+00
-3.06059536e-01
-5.45979703e-01
-6.49853311e-01
6.97630742e-01
-3.21801164e-02
2.90574926e-01
2.68195883e-01
-1.21884573e+00
1.16180939e-01
4.59879437e-01
136
-4.80719374e-01
1.21814869e+00
-1.93875684e-02
5.16965884e-01
-1.75262815e-02
-1.00172242e+00
5.27619076e-04
-1.21411153e+00
1.42650147e-02
-2.34598509e-01
-1.13725165e-01
-1.29545981e-01
0.00000000e+00
0.00000000e+00
0.00000000e+00
0.00000000e+00
0.00000000e+00
0.00000000e+00
0.00000000e+00
2.79833032e-01
-8.02806179e-02
-1.60990399e-01
-2.48974664e-01
-2.61918563e-01
-1.89715734e-01
-6.58904072e-02
2.47217979e-01
-2.56925350e-01
-7.99166686e-01
-3.97736188e-01
4.96059138e-01
0.00000000e+00
1.13691000e-01
-6.20057375e-01
5.15576805e-01
5.24532609e-01
-2.76135057e-01
2.91254606e-01
-1.49400710e-01
5.31915882e-01
1.82713729e-01
-2.84355510e-01
-3.82140651e-01
0.00000000e+00
0.00000000e+00
0.00000000e+00
0.00000000e+00
1.86726751e+00
1.25537709e+00
3.60498223e-01
-4.70900913e-01
0.00000000e+00
5.00805119e-02
-2.61172380e-02
8.34103248e-02
-3.36401726e-01
0.00000000e+00
-5.67517639e-01
1.33292388e-01
-2.02666145e-01
7.97254501e-02
1.13310087e-01
2.32320570e-01
-2.34115978e-01
1.39692382e-01
-1.65865927e-01
0.00000000e+00
5.91795584e-02
-7.96412411e-02
2.37778862e-02
-1.50314709e-01
0.00000000e+00
-1.07672693e-01
-6.67010701e-01
1.23261161e-01
6.09864941e-02
-2.82874426e-01
1.16625443e-01
-1.54562697e-01
1.95860952e-01
4.90575874e-02
-1.43050557e-01
-1.55593431e-01
-5.25863031e-01
1.24615050e-01
-5.66469474e-02
-1.02073656e-01
3.63174286e-02
-8.61915137e-01
0.00000000e+00
0.00000000e+00
0.00000000e+00
-5.54601216e-03
2.91092434e-01
-6.50060897e-01
5.07337589e-01
-1.61856739e+00
-2.35018650e-01
-9.52566041e-01
-6.91630761e-02
5.39364740e-01
0.00000000e+00
-4.43982919e-01
1.38014343e+00
-8.62987610e-01
1.12158650e+00
-7.32158383e-01
5.60075807e-01
8.80634426e-01
-1.65020534e+00
7.92992055e-01
2.85114206e-01
-1.58361806e+00
0.00000000e+00
0.00000000e+00
0.00000000e+00
2.84646387e-01
9.52993740e-01
-6.67703281e-01
1.58690122e-01
-2.28661293e+00
-1.26787143e-01
2.30764385e-01
3.76955114e-01
6.56532284e-01
0.00000000e+00
2.61498839e-01
3.35979104e-01
-1.10042076e+00
5.62421314e-01
-4.36598392e-02
4.18104121e-01
4.13957239e-01
-2.26197793e+00
-2.39962150e-01
4.90963326e-01
11 1
-9.1618e-01 4.3913e-01
8 0
0 3 8 1 7 2 6 9 
217
-1.02616792e+00
-8.95519449e-01
1.55004112e+00
2.64724183e-02
-1.03441658e+00
8.11653895e-02
-1.05284552e+00
7.06309374e-01
-3.96085574e-01
4.02289125e-01
1.65638203e+00
3.94763542e-01
0.00000000e+00
0.00000000e+00
1.14474933e+00
-2.40607814e-02
5.89789195e-01
-5.89810012e-01
-1.07885129e-02
1.03746571e+00
-1.36723550e+00
5.46097793e-03
9.50342188e-01
-2.13871738e-01
-2.74147315e-02
1.15208072e+00
-8.41944389e-01
-2.55163696e-01
7.09401625e-02
0.00000000e+00
0.00000000e+00
0.00000000e+00
0.00000000e+00
0.00000000e+00
0.00000000e+00
0.00000000e+00
0.00000000e+00
1.04628515e-02
-2.05419577e-01
-1.96997151e-01
-2.12023210e-01
-3.66199673e-01
-4.54166505e-01
4.00899530e-01
2.27422185e-01
-5.33075723e-01
-3.32922083e-01
5.20545601e-01
0.00000000e+00
-3.02809275e-02
-2.57685939e-01
3.46771547e-01
-9.48993883e-02
1.56419780e-01
-1.04342004e-01
-1.51994675e-01
0.00000000e+00
-5.44825494e-02
-2.15805596e-01
-1.25962964e-01
-6.40963350e-01
-4.41012892e-01
5.85325083e-02
0.00000000e+00
-1.15410801e+00
0.00000000e+00
2.19870887e-01
1.11630248e+00
-9.19307977e-02
1.06563566e+00
0.00000000e+00
-7.04771810e-01
-6.98912265e-03
-1.92398030e-01
5.18327874e-02
-1.28998082e-01
8.63487643e-01
0.00000000e+00
-3.12846307e-01
-1.92152275e-02
-4.84371700e-01
2.90876999e-01
-2.28949915e-01
-1.10446178e-01
0.00000000e+00
-3.59316433e-01
-8.76717894e-02
-4.12165618e-01
1.20008690e-01
-2.54685872e-01
2.50718192e-01
0.00000000e+00
-4.19452554e-01
2.36100700e-01
-3.54941184e-01
-2.89665656e-01
-2.51774185e-01
-4.40774282e-03
0.00000000e+00
-6.36586014e-01
-2.51922768e-01
-1.65086102e-01
-8.65279318e-01
-2.24495806e-01
6.84336614e-02
-1.15511020e+00
-3.92087806e-01
-4.05638318e-02
7.20351921e-01
-6.52633367e-01
-1.99321838e-01
-3.41471662e-01
0.00000000e+00
-7.99577112e-01
-4.28986682e-01
-6.84730730e-02
-7.48596472e-01
-1.58117738e-01
-4.50194570e-01
2.68081065e-02
3.18466104e-01
-5.74609572e-01
0.00000000e+00
0.00000000e+00
0.00000000e+00
3.55255355e-01
1.29506861e+00
-1.16322833e-02
1.42120127e+00
-1.56945758e-01
-3.11022102e-01
-8.90711847e-01
-9.23042217e-02
1.25601526e+00
0.00000000e+00
-1.24512492e+00
1.69261979e+00
-7.27077607e-01
2.46699735e+00
-1.97857020e+00
7.47959289e-01
8.40365472e-01
-1.78492124e+00
1.09338150e+00
9.85663715e-01
-4.90021240e-01
0.00000000e+00
0.00000000e+00
0.00000000e+00
3.27731892e-01
2.48310520e-02
-2.23836292e-01
-4.16489268e-01
-2.51078579e-01
9.09312730e-01
7.91165409e-01
1.07900999e+00
1.74043332e-01
0.00000000e+00
5.43555697e-01
-9.14510113e-01
1.74467724e-01
-5.36256820e-01
1.28125829e+00
3.72657030e-01
5.28558295e-01
-2.15592639e-01
-3.45568784e-01
-1.86666483e-01
-1.08278829e+00
0.00000000e+00
0.00000000e+00
0.00000000e+00
2.97044695e-01
-3.16808531e-03
-5.95185644e-01
3.56532327e-01
-1.02492210e+00
-2.65001502e-01
-5.74727405e-01
7.00747988e-01
9.71657837e-01
0.00000000e+00
-3.42296366e-02
3.02003416e-01
-5.99089832e-01
7.88354578e-01
6.12194949e-01
-1.40827346e-01
-3.88866054e-01
-2.05441209e+00
-1.73645396e-01
7.42751014e-01
-6.38864270e-01
0.00000000e+00
0.00000000e+00
0.00000000e+00
3.91872295e-01
4.55243509e-01
-9.32325280e-01
-7.05075078e-02
5.78270181e-02
-1.58135579e-01
2.61823660e-01
-6.30232225e-01
-4.65702402e-01
0.00000000e+00
5.10321293e-01
-9.02833127e-02
-1.19646507e+00
-5.97194209e-03
2.37009425e-02
1.15737956e+00
5.82225181e-01
-2.47039791e-01
-4.41878031e-01
1.59283418e-01
136
-8.30809939e-01
-2.62717613e-02
1.68238932e-02
6.89180850e-01
-1.56443245e-02
-4.55825912e-01
-1.67477788e-03
-1.03789312e+00
3.76632886e-02
-2.60351994e-01
-3.00037526e-01
-2.54386605e-01
0.00000000e+00
0.00000000e+00
0.00000000e+00
0.00000000e+00
0.00000000e+00
0.00000000e+00
0.00000000e+00
3.73920821e-01
-2.80264061e-01
-1.53417314e-01
-3.28010184e-01
-3.42334505e-01
-2.68860833e-01
-1.42524763e-01
3.10680900e-01
-2.68082165e-01
-6.71241591e-01
-2.79190591e-01
1.72541072e-01
0.00000000e+00
1.67968891e-01
-5.18490726e-01
4.69217620e-01
3.73650905e-01
-1.73146693e-01
2.90470530e-01
-4.37816860e-01
9.41567875e-02
2.02896659e-01
-1.92916248e-02
-3.24849542e-01
0.00000000e+00
0.00000000e+00
0.00000000e+00
0.00000000e+00
3.49552360e-01
9.64609557e-01
1.15798622e-01
-1.11937041e+00
0.00000000e+00
-1.83399816e-01
6.92988511e-02
9.30097403e-02
-1.83274523e-01
0.00000000e+00
-9.92815393e-01
-1.01311623e-01
-2.49172785e-01
8.90795471e-02
3.03894467e-01
5.80950344e-01
-1.03433625e-01
1.68249297e-01
-1.24792610e-01
0.00000000e+00
7.01966353e-02
-8.37237695e-02
3.29621621e-02
-1.50914942e-01
0.00000000e+00
-3.86479777e-01
-7.42263879e-01
9.85461028e-02
1.27796018e-01
-2.71961609e-02
-2.98075311e-01
-2.04806582e-01
1.08708756e-01
-3.52598229e-03
0.00000000e+00
1.89196817e+00
-1.26177072e-01
5.14271230e-01
-1.85926056e-01
-7.29768984e-02
3.34487111e-01
-7.80807220e-01
0.00000000e+00
0.00000000e+00
0.00000000e+00
2.59782264e-02
4.52721673e-01
-5.23132830e-01
5.04935669e-01
-1.86783826e+00
-1.47345081e-01
-9.82220027e-01
-4.23104985e-02
6.27699685e-01
0.00000000e+00
-1.93182162e-01
1.35946273e+00
-7.54906079e-01
1.15576082e+00
-6.54245034e-01
3.79598467e-01
5.73036248e-01
-1.64099549e+00
8.11175433e-01
1.34999295e-01
-1.50981188e+00
0.00000000e+00
0.00000000e+00
0.00000000e+00
3.10680433e-01
1.08798624e+00
-5.83341824e-01
1.32685047e-01
-2.29702307e+00
3.69769062e-03
3.94225133e-01
3.82738500e-01
7.33984046e-01
0.00000000e+00
2.37371776e-01
3.94122874e-01
-1.26166799e+00
5.39695196e-01
-1.19248125e-01
4.95673588e-01
4.65563298e-01
-2.66834781e+00
-2.59375454e-01
5.00768567e-01
10 1
-8.9360e-01 4.4750e-01
8 1
0 3 8 1 7 2 6 9 
217
-3.54197688e-01
-2.77672321e-01
4.31479610e-01
2.15159122e-01
-4.25890721e-01
5.90356365e-01
-1.81471742e-01
6.03689713e-01
3.77333063e-01
2.72329698e-01
0.00000000e+00
0.00000000e+00
0.00000000e+00
0.00000000e+00
0.00000000e+00
0.00000000e+00
0.00000000e+00
-4.72872851e-01
2.37611795e-02
-1.57530418e-01
8.05868846e-01
-1.13080281e-02
8.45053147e-01
-6.86619171e-01
1.25240874e-03
9.40516845e-01
-1.51059978e-01
-3.22248310e-02
-1.43994926e-01
0.00000000e+00
0.00000000e+00
0.00000000e+00
0.00000000e+00
0.00000000e+00
0.00000000e+00
0.00000000e+00
0.00000000e+00
-9.94563173e-02
-2.65258419e-01
-3.42275512e-01
-3.58467397e-01
-2.99435506e-01
1.01023611e-01
6.43655812e-01
0.00000000e+00
-6.22610647e-01
-2.18870231e-01
7.04517956e-01
0.00000000e+00
1.29421685e-01
-4.73665100e-01
5.81302840e-01
7.23249971e-01
-6.05560349e-02
-7.07638831e-02
4.34653543e-02
-2.09065066e-01
8.33924437e-02
-4.02073515e-01
-2.07424639e-01
-2.70764789e-01
-2.68999600e-01
-8.04493393e-02
-1.54456369e+00
5.38857046e-01
-8.50640236e-01
6.28044367e-01
6.59578850e-01
2.34645914e-02
4.46137236e-01
0.00000000e+00
-3.10686471e-01
-1.50105493e-01
8.12356272e-02
-5.25953986e-02
-1.24746845e-01
5.98770980e-01
0.00000000e+00
-6.40495537e-02
5.54194711e-02
4.30240780e-02
2.65380725e-02
-3.33172212e-01
2.92144879e-01
0.00000000e+00
-2.53847807e-01
-2.38006575e-01
8.15201270e-02
-2.73752786e-01
-1.81295496e-01
8.55187371e-01
0.00000000e+00
-1.04462144e-01
-8.26717022e-03
-6.29179958e-02
-7.29464112e-02
-1.86817548e-01
-1.41675816e-01
0.00000000e+00
-3.44323032e-01
-2.41723641e-02
7.64153449e-02
-5.26149048e-01
-8.57154892e-02
-1.29618132e-01
-6.33268255e-01
-6.22970537e-01
2.15848611e-01
6.44416163e-01
-6.06553641e-01
2.57624941e-01
1.67688825e-01
1.09266271e-01
-3.19703727e-01
1.72778581e-01
-7.81467584e-02
-4.36174369e-01
-6.56134736e-02
-8.16932769e-02
-4.90412891e-02
4.63229755e-01
-9.18434343e-01
0.00000000e+00
0.00000000e+00
0.00000000e+00
-2.96556044e-02
1.40923170e+00
-2.10633677e-01
1.20835089e+00
-1.53674791e-01
3.35536467e-01
-6.52389419e-01
2.55643628e-01
1.56322913e+00
0.00000000e+00
-5.64039033e-01
1.86888359e+00
-6.91736337e-01
1.82984898e+00
-5.48932542e-01
5.28029184e-01
1.02684136e+00
-1.10289862e+00
2.72809133e-01
1.06501110e-01
-1.08437892e+00
0.00000000e+00
0.00000000e+00
0.00000000e+00
5.52574816e-01
2.61871892e-01
5.66756554e-01
2.88059254e-01
-6.30163286e-02
-3.36791595e-02
1.43071567e-01
4.32786746e-01
-1.78785051e-01
0.00000000e+00
9.40754480e-01
3.46655567e-02
-2.05826408e-01
-7.30317413e-01
7.01014362e-01
1.92101137e-01
4.19318062e-02
-1.96771193e-01
3.56822862e-01
1.08422578e+00
-1.82057336e+00
0.00000000e+00
0.00000000e+00
0.00000000e+00
6.28744382e-01
1.56672968e+00
-4.21689427e-01
1.20016390e+00
-3.35984864e-01
1.24295146e+00
9.45413486e-01
1.25926874e+00
6.28371525e-01
0.00000000e+00
6.58264654e-01
1.08645766e+00
-1.87491869e-01
1.01473510e+00
2.90070287e-01
1.09721903e+00
1.63994271e+00
-1.18336486e+00
-1.94801720e-01
7.17530227e-01
-9.39853985e-01
0.00000000e+00
0.00000000e+00
0.00000000e+00
7.22233412e-01
-6.14173169e-02
7.75410912e-01
8.45877575e-02
-1.10204258e-01
-7.58613575e-02
1.73544444e-01
6.73581141e-02
1.29348518e+00
0.00000000e+00
4.79824704e-01
4.41617309e-01
-3.07086751e-01
1.00401825e+00
4.45798894e-01
7.72754150e-01
-3.61839695e-01
-4.01537766e-01
1.33032777e+00
9.56292293e-01
136
-2.77856573e-01
0.00000000e+00
0.00000000e+00
1.73982992e+00
-2.05565954e-02
-3.50846486e-01
-6.08474492e-03
-1.64253117e+00
2.40623260e-03
-5.11032452e-02
-3.41352713e-02
-1.54458175e-01
0.00000000e+00
0.00000000e+00
0.00000000e+00
0.00000000e+00
0.00000000e+00
0.00000000e+00
0.00000000e+00
4.88595341e-01
-3.65947073e-02
-4.56105709e-02
-2.09814581e-01
-3.05885657e-01
-2.61022226e-01
-2.02866802e-01
2.95342630e-01
-3.36273019e-02
-5.77866531e-01
-3.49379959e-01
3.24814910e-01
0.00000000e+00
2.52313003e-01
-3.27230679e-01
4.76184243e-01
3.54176465e-01
-2.07186130e-01
1.58335768e-01
-4.25827682e-01
3.90171796e-01
1.57525027e-01
-5.14735744e-02
-3.96131841e-01
0.00000000e+00
0.00000000e+00
0.00000000e+00
-8.40291642e-02
2.02347592e-01
1.04386531e+00
1.50421831e-01
-1.03675893e+00
0.00000000e+00
3.12852240e-01
1.24136787e-01
1.94376984e-01
-3.19967266e-01
0.00000000e+00
-7.56560461e-01
-7.49100653e-03
-2.15532285e-01
1.46153545e-01
2.60426320e-01
5.78001645e-01
-2.71023135e-02
1.82779487e-01
-8.25810685e-02
0.00000000e+00
3.06998812e-01
2.61571138e-02
7.54799181e-02
-2.95477696e-01
0.00000000e+00
1.22619975e-01
-7.13778593e-01
1.90101882e-01
9.34542215e-02
6.17236119e-03
1.79494879e-01
-2.04767366e-01
2.02474811e-01
-1.69607853e-01
2.50475085e-01
-1.63572634e-01
-4.61829375e-01
1.32592537e-01
-1.32491071e-01
-9.35774551e-02
4.61406796e-02
-7.58416688e-01
0.00000000e+00
0.00000000e+00
0.00000000e+00
1.20656113e-01
4.60400430e-01
-6.48110051e-01
4.35252586e-01
-1.75114812e+00
-7.30213331e-02
-1.03666806e+00
-4.78281485e-03
6.40032452e-01
0.00000000e+00
-5.33000258e-01
1.36890184e+00
-6.83296558e-01
1.24532955e+00
-9.51834318e-01
4.73565413e-01
7.81034167e-01
-1.71791599e+00
8.37127996e-01
2.79060266e-01
-1.59531772e+00
0.00000000e+00
0.00000000e+00
0.00000000e+00
2.69941790e-01
1.01111208e+00
-6.52975236e-01
1.27521116e-01
-2.25212553e+00
-1.40706548e-01
2.33929755e-01
3.79297704e-01
7.14621451e-01
0.00000000e+00
2.50124859e-01
2.94948052e-01
-1.06144117e+00
5.27584879e-01
2.56749292e-02
3.98462683e-01
3.73384924e-01
-2.35473454e+00
-3.20606311e-01
5.80667404e-01
13 1
-1.0673e+00 4.6122e-01
8 1
0 3 8 1 7 2 6 9 
217
-1.07966610e-01
-5.58517407e-01
6.68619395e-01
-1.16864483e-01
-7.32031665e-01
1.06421790e+00
2.52984711e-01
4.03066058e-02
3.08818992e-01
4.38514767e-02
0.00000000e+00
0.00000000e+00
0.00000000e+00
0.00000000e+00
0.00000000e+00
0.00000000e+00
0.00000000e+00
-7.93480127e-02
-3.75439347e-03
7.46947951e-01
6.22327539e-01
-2.25215949e-02
4.10015235e-01
-1.39187798e+00
5.55733141e-03
3.35692759e-01
1.51682718e-02
-4.15298033e-02
-6.24170763e-02
0.00000000e+00
0.00000000e+00
0.00000000e+00
0.00000000e+00
0.00000000e+00
0.00000000e+00
0.00000000e+00
0.00000000e+00
1.09629723e-02
-2.77479977e-01
-3.54187234e-01
-4.55435255e-01
-1.33079888e-01
1.21378248e-01
9.80246647e-01
0.00000000e+00
1.24216796e-01
-2.67371601e-01
9.80320643e-01
0.00000000e+00
5.45748433e-01
-5.60159066e-01
5.76892143e-01
6.78293579e-02
1.45359687e-01
6.71980470e-01
-8.58321117e-02
0.00000000e+00
1.77907269e-01
-2.29092884e-01
-5.65802416e-01
-1.41242576e-01
-1.42497866e-01
1.76145955e-01
-1.50595966e+00
-5.00817391e-01
0.00000000e+00
9.93287042e-01
9.87074426e-01
9.05523400e-01
2.15567861e+00
0.00000000e+00
-6.28901788e-01
-7.20143799e-01
1.56431091e-01
1.30367074e-01
3.64504086e-01
2.44613999e+00
0.00000000e+00
-1.54377410e-01
-1.09261625e-02
1.21174424e-01
1.84539645e-01
-7.47636244e-02
-1.64826954e-01
0.00000000e+00
-4.70243047e-01
-9.89350376e-02
1.48910272e-01
-2.83242596e-02
2.13366164e-01
3.92072850e-01
0.00000000e+00
-1.86338248e-01
-3.57325394e-02
1.11220118e-01
-3.97227814e-01
-3.28484798e-02
4.84815728e-02
0.00000000e+00
-1.32026121e-01
-2.80303367e-02
-4.40359062e-03
-8.71059938e-01
-2.84527573e-01
-2.13728147e-01
-3.28969307e-01
-4.66399740e-01
1.27550172e-01
4.78005115e-01
-4.05659728e-01
2.09397321e-01
6.98214917e-02
1.38925862e-01
-4.85193274e-01
-5.49960847e-01
2.55595767e-01
-1.02203324e+00
-1.72949650e-02
1.06913879e-01
5.99038824e-02
-5.72730345e-01
-8.91464829e-01
0.00000000e+00
0.00000000e+00
0.00000000e+00
2.46859595e-01
6.06264714e-01
-4.17436496e-01
1.19493661e+00
-5.20320552e-02
2.75298346e-02
-6.86913467e-01
1.26734885e-01
1.14041275e+00
0.00000000e+00
-7.08298900e-01
1.30737142e+00
-7.84689775e-01
-4.24916806e-02
-2.25423883e-01
8.12835953e-01
1.75922579e+00
-2.17875576e+00
5.94023666e-01
2.18905441e-01
-4.40533978e-01
0.00000000e+00
0.00000000e+00
0.00000000e+00
-1.20898700e-01
3.24751681e-01
7.17475067e-01
-2.57908326e-01
-6.07236982e-02
6.20543657e-01
-1.98419313e-01
2.30248376e-01
-8.16936262e-01
0.00000000e+00
2.16630640e-01
8.14578548e-01
1.05612203e-01
8.54944801e-01
-6.10551741e-02
2.39083818e-01
-7.12928734e-01
4.53826852e-01
-4.39614695e-02
2.24539846e-01
-2.57525210e+00
0.00000000e+00
0.00000000e+00
0.00000000e+00
8.92142374e-01
1.61122044e+00
-6.82610920e-01
1.57603462e+00
-2.53935497e-01
4.16581538e-01
6.07354480e-01
4.86066878e-01
1.11085332e+00
0.00000000e+00
-1.35335732e-01
1.09645589e-01
-1.20200666e+00
4.89822718e-01
-1.53991239e-01
6.08490246e-01
8.00609105e-01
-1.47288726e+00
9.47426630e-01
1.13101556e+00
-2.06287955e-01
0.00000000e+00
0.00000000e+00
0.00000000e+00
3.07797689e-01
9.77503059e-02
3.49161683e-01
-1.64951116e-01
-3.11825955e-01
8.61329903e-01
3.97992207e-01
7.31667729e-01
5.81471666e-01
0.00000000e+00
7.84868790e-01
1.20809419e+00
1.12389636e+00
1.12650226e+00
1.08670558e+00
5.11522060e-01
8.01826996e-01
2.69812768e-01
-1.14252593e-02
3.63220266e-01
136
-5.09704258e-01
0.00000000e+00
0.00000000e+00
1.07431504e+00
-2.27672537e-02
-1.48991432e-01
-1.71841913e-02
-1.61059012e+00
-1.79325706e-04
-1.04286443e-01
-1.58606790e-01
-1.96974080e-01
0.00000000e+00
0.00000000e+00
0.00000000e+00
0.00000000e+00
0.00000000e+00
0.00000000e+00
0.00000000e+00
7.25126822e-01
-8.55673027e-02
-9.32853470e-02
-2.36532922e-01
-3.08126217e-01
-3.35042261e-01
-3.83452457e-01
2.07175425e-01
-1.42243772e-01
-5.81962905e-01
-3.82139937e-01
2.97043009e-01
9.66281982e-02
1.96563595e-01
-3.23292302e-01
5.22358178e-01
4.99712284e-01
-2.49902973e-01
7.38694946e-02
-5.03621584e-01
2.99307788e-01
1.22094641e-01
-4.10904368e-02
-3.93027537e-01
0.00000000e+00
0.00000000e+00
0.00000000e+00
-7.82440825e-02
1.58995400e-01
9.18226192e-01
1.54817839e-01
-9.44643214e-01
0.00000000e+00
2.40196856e-01
1.11203017e-01
1.80688366e-01
-2.23734376e-01
0.00000000e+00
-9.89246382e-01
-7.30565055e-02
-2.41050184e-01
9.12350751e-02
1.93815223e-01
5.63598453e-01
-4.18471840e-02
1.86133714e-01
-1.19867993e-01
0.00000000e+00
8.67766208e-01
-2.33295145e-02
1.97722236e-01
-1.40288949e-01
0.00000000e+00
3.27974266e-01
-6.04933140e-01
2.40390891e-01
-2.58976898e-01
1.84932686e-01
2.97402748e-01
-1.39262492e-01
2.20581571e-01
-6.29903480e-02
2.96798609e-01
-1.12011883e-01
-4.71975032e-01
1.39230165e-01
-1.82542119e-01
-3.66056272e-02
2.29993118e-01
-7.63739052e-01
0.00000000e+00
0.00000000e+00
0.00000000e+00
1.20336735e-01
3.21248073e-01
-5.67091260e-01
5.67141173e-01
-1.86975345e+00
-1.14700776e-01
-8.04008021e-01
-2.90244099e-02
7.20668085e-01
0.00000000e+00
-3.95892979e-01
1.17430025e+00
-7.29193764e-01
1.05431829e+00
-8.14099531e-01
5.05732028e-01
8.28877129e-01
-1.75767203e+00
6.82150351e-01
3.42925047e-01
-1.56969189e+00
0.00000000e+00
0.00000000e+00
0.00000000e+00
2.74366999e-01
1.01286458e+00
-5.87398958e-01
8.91356516e-02
-2.31426584e+00
-1.60692589e-01
3.31301933e-01
4.27455263e-01
6.83786811e-01
0.00000000e+00
2.72913785e-01
2.20442322e-01
-1.26510467e+00
4.87768045e-01
-1.54057653e-02
4.72468083e-01
3.72583522e-01
-2.17174057e+00
-2.98643674e-01
5.98473180e-01
12 1
-1.0376e+00 4.6196e-01
8 1
0 3 8 1 7 2 6 9 
217
-1.04711896e-01
-1.67295289e-01
1.06385473e-01
-3.00481746e-02
-2.34878313e-01
8.47156960e-03
-3.16266303e-01
1.98860288e-01
-3.68885315e-01
7.45555498e-01
8.15318034e-01
6.44233422e-02
0.00000000e+00
0.00000000e+00
1.54954944e-01
3.23879979e-02
7.56822457e-01
6.71313265e-01
-1.47789831e-02
8.89425781e-01
-3.44672904e-01
-3.95107423e-03
4.63924571e-01
-5.86307201e-01
-3.21513787e-03
2.99055060e-01
6.76129715e-02
-3.44167225e-02
-1.36579394e-01
0.00000000e+00
0.00000000e+00
0.00000000e+00
0.00000000e+00
0.00000000e+00
0.00000000e+00
0.00000000e+00
0.00000000e+00
-1.83216364e-01
-2.53693912e-01
-1.04918550e-01
-1.87126465e-01
-2.32865828e-01
3.68633191e-01
1.97219895e-01
-4.08258944e-01
-5.32147998e-01
-8.01457694e-02
7.05619717e-01
0.00000000e+00
1.31756810e-01
-9.04949969e-01
3.50060619e-01
-6.16110392e-01
1.11488582e-01
3.48131915e-01
2.71385524e-01
3.12553842e-02
4.20507675e-01
-5.44025844e-01
-2.05968829e-02
-1.89190602e-01
2.77122975e-01
-4.83900405e-01
-1.69032896e+00
1.47543016e-01
0.00000000e+00
9.01813469e-01
5.24797227e-01
5.36260577e-01
2.24016201e+00
0.00000000e+00
-2.30191206e-01
-3.98237182e-01
2.92165271e-01
-6.28354048e-02
-1.66685961e-01
1.46881983e+00
0.00000000e+00
-2.00037366e-01
1.80462321e-01
2.26804209e-01
-5.87888409e-02
-1.31478739e-01
9.60425239e-01
0.00000000e+00
-1.06747857e-01
-1.43627887e-01
-5.27107536e-02
-1.13282617e-01
5.47467149e-02
6.21418315e-01
0.00000000e+00
-1.72661410e-01
8.88914205e-02
1.18760912e-01
-1.36442770e-01
-5.08113981e-02
4.34170571e-03
0.00000000e+00
-1.19601580e-03
-2.48112132e-01
4.49838785e-02
-7.76556272e-02
-1.48499759e-01
-4.08132953e-01
-2.25706920e-01
-1.80928462e-01
2.43966532e-01
1.68772569e-01
-5.14506092e-01
1.33150917e-01
-3.23733350e-01
5.71810831e-01
-3.51082005e-01
2.79529996e-01
-2.37810796e-01
-5.10156250e-01
-8.76299258e-02
-1.95179076e-01
6.79393456e-01
4.17817319e-01
-4.70511784e-01
0.00000000e+00
0.00000000e+00
0.00000000e+00
1.79801814e-01
5.41674402e-01
-5.45394040e-01
1.04437173e+00
-7.02979367e-02
-1.93701636e-02
1.72930457e-01
6.07885657e-01
1.99520279e+00
0.00000000e+00
3.24167491e-02
9.41390828e-01
-3.58992750e-01
4.82235115e-01
-2.01747760e+00
7.51320883e-02
2.85110519e-01
-2.18779247e+00
1.59152490e+00
2.85734058e-01
-4.76423326e-01
0.00000000e+00
0.00000000e+00
0.00000000e+00
4.06171115e-01
7.59908333e-01
1.65938153e-01
-1.08755883e-01
-2.73971239e-02
-2.12208959e-01
-5.83141420e-01
2.14430771e-01
-1.55464540e+00
0.00000000e+00
3.90157177e-01
-4.20951424e-01
-3.07471010e-01
5.85232924e-01
1.47744588e+00
7.77928562e-01
4.72673881e-01
1.53574596e+00
-3.67013644e-01
-2.46658687e-02
-2.06129220e+00
0.00000000e+00
0.00000000e+00
0.00000000e+00
1.01996878e+00
1.40118714e+00
1.23866671e+00
5.34492419e-01
-1.97818426e-01
1.05337018e+00
1.03397195e+00
8.50929493e-01
2.48160589e+00
0.00000000e+00
1.47951201e-01
7.09391862e-01
-1.62565757e-01
7.89330780e-01
-9.60401536e-02
7.23439657e-01
1.07536030e+00
-2.41222770e-01
-1.32943694e-01
1.07601184e+00
-9.13628758e-01
0.00000000e+00
0.00000000e+00
0.00000000e+00
9.42803252e-01
8.21987964e-01
-6.45395266e-02
8.55816210e-01
-2.23763684e-01
1.95266104e-02
7.19223427e-01
1.05057495e+00
-7.45832500e-02
0.00000000e+00
1.81251460e+00
1.44815193e+00
1.09831983e+00
1.46251725e+00
1.56720645e+00
6.65268455e-01
7.08580690e-01
-2.39217324e-01
7.93171140e-01
1.03505065e+00
136
-5.23530060e-01
-9.17474420e-02
2.81646727e-02
6.36153680e-01
-2.97177798e-03
-2.21676213e-01
-9.85415903e-03
-8.46260085e-01
-1.37065207e-03
-1.98332730e-01
-1.04191092e-01
-1.29815438e-01
0.00000000e+00
0.00000000e+00
0.00000000e+00
0.00000000e+00
0.00000000e+00
0.00000000e+00
0.00000000e+00
6.10134285e-01
-8.27070109e-02
-5.45392967e-02
-2.76714540e-01
-3.77585090e-01
-3.27439344e-01
-3.43604323e-01
3.28925260e-01
-3.04509851e-01
-6.50913070e-01
-3.75917171e-01
2.89233170e-01
0.00000000e+00
2.15957905e-01
-2.86191276e-01
5.09706166e-01
5.67461881e-01
-1.84277714e-01
2.40493091e-02
-4.13306785e-01
3.12596559e-01
2.19235728e-01
-1.83937305e-01
-3.39341348e-01
0.00000000e+00
0.00000000e+00
0.00000000e+00
-2.66231681e-01
9.64075696e-02
8.68736711e-01
1.24209624e-01
-9.66350891e-01
0.00000000e+00
2.52175182e-01
1.01672667e-01
1.96129201e-01
-2.48549565e-01
0.00000000e+00
-1.04818023e+00
-9.55466521e-02
-2.52746857e-01
9.91214102e-02
2.91112203e-01
5.83011101e-01
4.00812213e-02
1.58658556e-01
-1.13604674e-01
0.00000000e+00
7.85669246e-01
1.81223820e-02
1.90085342e-01
-1.62821800e-01
0.00000000e+00
2.76396860e-01
-5.87659228e-01
2.00447849e-01
6.69272122e-02
-1.87223308e-01
7.69666229e-02
-7.87895665e-02
1.96683513e-01
-1.83955887e-01
3.11106783e-01
-1.65123149e-01
-4.30845726e-01
1.21640169e-01
-2.57883872e-01
-1.73121735e-01
2.02778917e-01
-8.54815093e-01
0.00000000e+00
0.00000000e+00
0.00000000e+00
1.27416202e-01
4.44441610e-01
-5.53278963e-01
4.77881708e-01
-2.03703635e+00
-9.94129812e-02
-1.06321385e+00
1.18860576e-03
5.90603201e-01
0.00000000e+00
-5.05134002e-01
1.34644706e+00
-8.12993923e-01
1.20695032e+00
-7.84068678e-01
6.79599230e-01
9.82824675e-01
-1.95701024e+00
6.16125987e-01
4.83855285e-01
-1.57808877e+00
0.00000000e+00
0.00000000e+00
0.00000000e+00
2.85890107e-01
9.70975090e-01
-7.77293928e-01
1.73561559e-01
-2.31721909e+00
3.81555607e-03
2.73205230e-01
3.85246861e-01
6.82104918e-01
0.00000000e+00
1.36209628e-01
2.37512484e-01
-1.25335115e+00
5.73600286e-01
-1.31390534e-02
4.98722584e-01
4.22587373e-01
-2.19942436e+00
-2.20432108e-01
5.59339250e-01
