1 -999999999 -999999999 -1 -1
1 0 0 -1 -1
0.281 -0.3123
356
7.19674513e-01
0.00000000e+00
0.00000000e+00
0.00000000e+00
0.00000000e+00
0.00000000e+00
0.00000000e+00
0.00000000e+00
0.00000000e+00
0.00000000e+00
0.00000000e+00
0.00000000e+00
0.00000000e+00
0.00000000e+00
0.00000000e+00
0.00000000e+00
0.00000000e+00
0.00000000e+00
0.00000000e+00
0.00000000e+00
0.00000000e+00
0.00000000e+00
0.00000000e+00
0.00000000e+00
0.00000000e+00
0.00000000e+00
0.00000000e+00
0.00000000e+00
0.00000000e+00
0.00000000e+00
0.00000000e+00
0.00000000e+00
0.00000000e+00
0.00000000e+00
0.00000000e+00
0.00000000e+00
0.00000000e+00
0.00000000e+00
0.00000000e+00
0.00000000e+00
0.00000000e+00
0.00000000e+00
0.00000000e+00
0.00000000e+00
0.00000000e+00
0.00000000e+00
0.00000000e+00
0.00000000e+00
0.00000000e+00
0.00000000e+00
0.00000000e+00
-5.69446303e-01
-5.90677049e-01
1.58325538e+00
0.00000000e+00
0.00000000e+00
0.00000000e+00
0.00000000e+00
-3.56937463e-01
1.32950855e+00
1.18163815e+00
5.92244510e-01
1.55818874e+00
-7.45459788e-01
-9.24713311e-02
-1.21371652e+00
-1.57074358e+00
-5.11691194e-01
3.93634497e-01
-3.51972593e-03
-9.11944039e-01
5.09898850e-01
-6.47930941e-03
-5.40279483e-01
2.11036876e-01
-8.52068174e-03
-5.38670589e-01
-3.94895710e-01
3.05000672e-03
-8.20593012e-01
0.00000000e+00
0.00000000e+00
0.00000000e+00
0.00000000e+00
0.00000000e+00
0.00000000e+00
0.00000000e+00
-1.86181329e-01
4.78926720e-01
4.26929122e-01
2.87103020e-01
-2.43828184e-01
-1.06903356e-01
-8.99061396e-02
-2.09550998e-01
-1.03998469e-01
-1.82424322e-01
2.38073797e-02
-1.02769280e-01
2.50611137e-02
2.53397018e-01
1.03031430e-01
0.00000000e+00
0.00000000e+00
2.43682699e+00
3.59837112e+00
0.00000000e+00
0.00000000e+00
0.00000000e+00
0.00000000e+00
0.00000000e+00
0.00000000e+00
1.49545199e-01
-1.35253871e-01
2.19358556e-01
-2.55420140e-01
-7.83466362e-01
-9.11915856e-01
2.20613592e+00
4.75989777e-01
0.00000000e+00
0.00000000e+00
0.00000000e+00
-2.20484324e+00
2.04161700e-03
-1.70475042e-01
-6.87420463e-02
-5.07345550e-01
-9.65908468e-01
-3.76274031e-01
4.93963653e+00
4.39035527e+00
4.55530758e+00
4.38712726e+00
4.30706813e+00
4.56077690e+00
1.35740218e-01
2.50810408e-01
5.56251522e-02
-9.11490209e-02
1.80881945e-01
-6.81044973e-01
5.97969990e-02
-2.33917384e-01
-5.45196731e-01
8.05285759e-02
-8.85356904e-02
-9.71338072e-02
0.00000000e+00
0.00000000e+00
0.00000000e+00
0.00000000e+00
-7.91993084e-01
1.62548081e+00
0.00000000e+00
0.00000000e+00
1.51166760e+00
3.03216507e-01
0.00000000e+00
-1.76223301e+00
-4.11336739e-01
-5.43623825e-02
-1.30581574e+00
-1.06210121e+00
-1.71715247e+00
0.00000000e+00
0.00000000e+00
0.00000000e+00
6.13878523e-01
1.20879554e+00
-7.18888134e-01
-4.28938494e-01
-9.52699402e-01
1.66711095e-01
2.57573385e-01
9.40110666e-01
-1.29253384e-01
0.00000000e+00
1.30676351e-02
-9.05579032e-01
-5.76444997e-01
1.33053048e-01
4.48606255e-01
3.68952638e-01
8.09713523e-02
-2.08538627e+00
-1.10994376e+00
9.58260865e-01
5.27083693e-02
0.00000000e+00
0.00000000e+00
0.00000000e+00
1.85422521e-01
-7.42992875e-01
2.53506291e-01
6.06042728e-01
-5.18667389e-01
3.72191720e-01
3.02995714e-01
1.33811088e-01
1.44865020e-01
0.00000000e+00
2.30705534e-01
-9.66858381e-01
2.66118430e-02
-2.43151272e-01
-4.77822792e-01
1.61000044e-01
2.37160858e-01
-4.21042058e-01
3.16489319e-01
4.52440456e-01
-8.73791977e-01
-2.60983188e-01
0.00000000e+00
-1.20608597e-01
1.19361087e-01
1.20214839e-01
-1.32630978e-02
-3.67934929e-01
-1.94894671e-01
0.00000000e+00
0.00000000e+00
0.00000000e+00
-1.96374785e-01
2.98157460e-01
-3.88516237e-01
-7.19900363e-01
4.34870945e-01
-1.53578355e-01
-2.82467547e-01
5.84167043e-02
1.32828844e-01
0.00000000e+00
-3.57362313e-01
-8.29271029e-01
1.67242385e-01
2.20212557e-01
7.67570474e-01
-4.13677640e-02
-1.48072162e-01
7.71602163e-01
3.60838140e-02
3.50305368e-02
-6.12808790e-01
0.00000000e+00
1.95846948e-01
1.54912236e-01
-8.43360497e-01
-1.50353551e-01
0.00000000e+00
0.00000000e+00
4.45847277e-01
1.98052149e-01
5.32283086e-02
-4.01634009e-01
-6.93006946e-01
0.00000000e+00
0.00000000e+00
3.33328355e-01
-1.11646359e+00
0.00000000e+00
0.00000000e+00
0.00000000e+00
-4.09324309e-02
-5.81707263e-01
-1.05846386e-01
-2.16235452e-01
-4.33190862e-01
5.44280650e-01
7.39769379e-01
4.24303134e-01
5.27030465e-01
0.00000000e+00
2.79364624e-01
-2.31455980e-01
-7.19484703e-01
5.65132358e-01
-1.86647319e+00
-3.69588201e-01
-2.29422560e-01
-1.01943649e+00
7.29647858e-01
8.87781457e-01
2.30545226e-01
0.00000000e+00
0.00000000e+00
0.00000000e+00
-5.16845525e-02
7.94506792e-01
-4.99923676e-02
4.67306975e-01
-1.12447928e+00
1.72163971e-01
1.17951738e-01
-1.04894390e-01
-9.31158661e-02
0.00000000e+00
-7.07627499e-02
7.32143791e-01
2.94764812e-01
-2.50548295e-01
-7.11187200e-01
3.05440098e-01
4.60763083e-01
-2.65130391e-01
-3.46813919e-01
-4.58870223e-02
-4.67632423e-01
8.51291969e-02
-1.54747582e+00
-6.52385544e-01
-3.42682658e-01
2.39790706e-01
8.94844074e-02
-2.44145917e-01
-5.66182484e-01
0.00000000e+00
0.00000000e+00
0.00000000e+00
2.14525097e-01
-3.31399872e-01
2.53302381e-01
3.50260936e-02
-1.21927325e-01
1.49815169e-01
-3.47207077e-02
-2.97184547e-01
1.03995430e-01
0.00000000e+00
1.28374131e-01
2.58343106e-01
-2.62228373e-01
-2.06836130e-01
-1.55064253e-01
1.07650361e-01
2.33980682e-02
-3.81700328e-01
2.09486679e-01
-2.59037465e-01
-5.52761620e-01
1.89226450e+00
-3.63317962e-01
-4.34946939e-01
-6.48831170e-01
-1.39491579e-01
-8.61068752e-01
-1.49092113e-01
1.96249524e-01
2.08729834e-01
9.60324708e-02
-4.44253884e-01
-5.09339591e-01
1.90318594e+00
-6.53305285e-01
-2.12117308e-01
247
-1.06201532e+00
0.00000000e+00
0.00000000e+00
0.00000000e+00
0.00000000e+00
0.00000000e+00
0.00000000e+00
0.00000000e+00
0.00000000e+00
0.00000000e+00
0.00000000e+00
0.00000000e+00
0.00000000e+00
0.00000000e+00
0.00000000e+00
0.00000000e+00
0.00000000e+00
0.00000000e+00
0.00000000e+00
0.00000000e+00
0.00000000e+00
0.00000000e+00
0.00000000e+00
0.00000000e+00
0.00000000e+00
0.00000000e+00
0.00000000e+00
0.00000000e+00
0.00000000e+00
0.00000000e+00
0.00000000e+00
0.00000000e+00
0.00000000e+00
0.00000000e+00
0.00000000e+00
0.00000000e+00
0.00000000e+00
0.00000000e+00
0.00000000e+00
0.00000000e+00
0.00000000e+00
-2.65051366e-02
-1.54248162e-02
-4.10860321e-01
5.54684201e-03
-2.61202775e-01
-5.83298465e-04
-3.63447093e-01
3.90260375e-03
0.00000000e+00
0.00000000e+00
0.00000000e+00
0.00000000e+00
0.00000000e+00
0.00000000e+00
0.00000000e+00
-7.28615269e-01
-1.49204126e-01
-1.84195929e-01
1.22870028e+00
2.57655152e+00
0.00000000e+00
0.00000000e+00
0.00000000e+00
0.00000000e+00
0.00000000e+00
0.00000000e+00
7.25768780e-01
5.73728366e-02
2.31383323e-01
-2.41454192e-01
-1.19591822e+00
-1.86786813e+00
3.52249041e+00
0.00000000e+00
0.00000000e+00
0.00000000e+00
0.00000000e+00
0.00000000e+00
4.12612174e-01
9.13464297e-02
5.78592060e-04
-7.60882268e-01
-1.05785510e+00
-2.76912716e-01
3.53919859e+00
3.49260106e+00
3.68209045e+00
3.49405247e+00
3.59508683e+00
3.54661230e+00
1.24948596e+00
3.02322793e-01
-1.62151611e-01
7.02872536e-02
9.90618014e-01
3.23061513e-01
0.00000000e+00
5.87630061e-01
4.83828347e-01
2.72211088e-01
4.26787557e-01
-5.68939713e-02
0.00000000e+00
-2.04745396e+00
3.66930520e+00
0.00000000e+00
9.85438631e-01
4.13892357e-01
0.00000000e+00
-2.01835035e+00
-8.13472414e-01
-1.42794567e+00
-3.34147777e-01
-1.28606871e+00
-2.24141808e+00
0.00000000e+00
0.00000000e+00
0.00000000e+00
-3.87975727e-01
1.12351151e+00
-7.58963904e-01
-7.65212423e-01
2.59838727e-01
8.24799369e-01
6.52432654e-01
1.03517489e+00
4.15872412e-01
0.00000000e+00
3.81459356e-01
-7.09619151e-01
-1.10663869e+00
9.35091281e-01
6.28949050e-02
4.23599058e-02
-2.01029259e-01
0.00000000e+00
-5.61524978e-01
8.94640242e-01
-1.17478108e+00
-5.63040295e-01
0.00000000e+00
1.03030878e+00
8.25113979e-01
-2.13364013e-01
0.00000000e+00
0.00000000e+00
0.00000000e+00
6.52164988e-01
6.10785284e-01
7.08432387e-01
4.04299739e-01
0.00000000e+00
5.71850084e-01
2.36562500e-01
2.04775616e-01
3.29297687e-01
0.00000000e+00
3.77664781e-01
-7.87885751e-02
0.00000000e+00
1.52192588e-01
0.00000000e+00
4.07939674e-01
6.17560981e-01
0.00000000e+00
4.82729216e-01
4.53735685e-01
-6.11740784e-01
0.00000000e+00
-2.42860834e-01
2.65660521e-01
-1.06663700e+00
-2.50432119e-01
0.00000000e+00
1.82379367e-01
1.54937933e+00
-8.16204882e-01
0.00000000e+00
0.00000000e+00
4.06156290e-01
-1.62021649e+00
0.00000000e+00
0.00000000e+00
0.00000000e+00
-9.40407885e-02
-4.60033351e+00
3.31190454e-01
-1.95142795e-01
-8.07094959e-02
1.16641469e+00
1.19330642e+00
3.49948549e-01
-2.51180143e-01
0.00000000e+00
6.84265733e-01
1.86298878e+00
-6.65101551e-01
3.57190111e-01
-9.87496803e-02
2.36369800e-01
3.57477437e-01
0.00000000e+00
9.42504541e-02
3.24499995e-01
-7.91838695e-01
-2.26305323e-01
-4.56849251e-01
2.53070577e-02
-8.53004089e-03
3.91508648e-02
0.00000000e+00
0.00000000e+00
0.00000000e+00
4.41376630e-01
3.56891926e+00
2.65855100e-01
9.71960613e-01
6.95336093e-01
7.58165187e-02
-2.56489508e-01
3.30688130e-01
1.22947848e+00
0.00000000e+00
-3.32904612e-01
0.00000000e+00
1.27589323e+00
6.67252452e-01
-8.29471665e-01
2.05026774e-01
1.05116426e-01
0.00000000e+00
0.00000000e+00
2.72526160e-01
-5.65533372e-01
1.82662360e+00
0.00000000e+00
-8.91901287e-02
-8.28377796e-01
-1.07842454e-01
-5.10270508e-01
-1.29625564e-01
7.65136590e-02
-7.20535341e-01
1.98899970e+00
0.00000000e+00
0.00000000e+00
4 -999999999 7 1 -1
2 0 1 1 -1
-5.2806e-01 8.1151e-01
356
-1.11554937e-01
0.00000000e+00
0.00000000e+00
0.00000000e+00
0.00000000e+00
0.00000000e+00
0.00000000e+00
0.00000000e+00
0.00000000e+00
0.00000000e+00
0.00000000e+00
0.00000000e+00
0.00000000e+00
0.00000000e+00
0.00000000e+00
0.00000000e+00
-3.15169365e-02
-8.00380001e-02
-9.75357751e-02
9.42998917e-02
-9.56783488e-01
-1.59188256e-01
0.00000000e+00
0.00000000e+00
-6.81863182e-01
-3.26432250e-01
4.09458187e-01
-1.55859336e-01
4.18185176e-02
-1.38079615e-01
-1.27467748e-03
3.12217993e-01
-4.23772929e-01
-1.96602718e+00
-1.02323544e+00
5.52192339e-01
4.32221923e-01
1.34394112e+00
-1.29161578e+00
9.34304054e-01
5.94115400e-01
0.00000000e+00
0.00000000e+00
0.00000000e+00
0.00000000e+00
0.00000000e+00
0.00000000e+00
0.00000000e+00
0.00000000e+00
0.00000000e+00
0.00000000e+00
-2.29320838e-01
-3.04660717e-01
-2.73703281e-01
0.00000000e+00
0.00000000e+00
0.00000000e+00
0.00000000e+00
-9.38437863e-01
1.71750387e+00
7.71854943e-01
1.28271498e-02
8.27840007e-01
-9.62889174e-01
-6.10954568e-01
-4.95157797e-01
-1.61857455e-01
-4.75021855e-02
-4.73670754e-01
3.03449672e-04
2.78022841e-01
-2.52221653e-01
-1.63379409e-03
2.67893159e-01
3.80073359e-02
7.76835132e-03
-2.07644035e-01
5.76330135e-01
9.54099384e-04
-1.66248664e-01
0.00000000e+00
0.00000000e+00
0.00000000e+00
0.00000000e+00
0.00000000e+00
0.00000000e+00
0.00000000e+00
-7.38623455e-01
3.33325537e-01
2.93742981e-01
-1.34981737e-01
1.17281894e-01
-1.12386428e-01
1.90503173e-01
1.25270309e-01
-2.04163802e-01
-1.58416411e-03
3.21150073e-01
2.34845578e-01
2.74152353e-01
-5.06949114e-02
8.68442767e-02
0.00000000e+00
0.00000000e+00
1.89927553e+00
2.83674975e+00
0.00000000e+00
0.00000000e+00
0.00000000e+00
0.00000000e+00
0.00000000e+00
0.00000000e+00
1.29892928e-01
-2.46589862e-01
2.11097669e-01
-1.15141448e-01
-1.01738192e+00
-9.72707828e-01
3.12479109e+00
5.90118617e-01
0.00000000e+00
0.00000000e+00
0.00000000e+00
-1.98888715e+00
1.98662899e-01
2.68693725e-01
-2.79048535e-02
-6.07085106e-01
-9.67517433e-01
-6.73778700e-01
5.95518323e+00
5.49347570e+00
5.55069327e+00
5.35457196e+00
4.80621972e+00
5.12471597e+00
-7.65280360e-02
4.70784084e-01
1.56614678e-01
3.13010811e-01
7.48495329e-01
-2.34404985e-01
6.34794315e-04
-6.10459225e-01
-6.56701721e-01
-1.02796726e-01
1.38539501e-01
1.05073418e-01
0.00000000e+00
0.00000000e+00
0.00000000e+00
0.00000000e+00
-1.13937522e+00
3.23039951e+00
0.00000000e+00
0.00000000e+00
1.02782029e+00
-3.09757210e-01
0.00000000e+00
-1.86977981e+00
-8.58328305e-01
-4.85209502e-01
-1.15250216e+00
-5.93315376e-01
-2.01083046e+00
0.00000000e+00
0.00000000e+00
0.00000000e+00
1.45397622e-01
1.47309078e+00
-6.74454089e-01
-1.06914766e-01
-1.40222832e+00
5.49258666e-01
7.08927235e-01
9.21703332e-01
2.34154549e-01
0.00000000e+00
-1.89670397e-01
-1.78284799e+00
-7.07150476e-01
3.64008463e-01
-1.50951714e-01
2.68954483e-01
-1.15590150e-01
-2.38542272e+00
-4.14134497e-01
1.25303953e+00
-1.19621170e-01
0.00000000e+00
0.00000000e+00
0.00000000e+00
2.69606373e-02
8.23556650e-02
1.46220552e-01
2.69618061e-01
2.93687920e-01
8.42911344e-03
1.14274194e-01
-3.30217472e-02
-2.37437437e-01
0.00000000e+00
4.73274923e-02
5.44120726e-01
-3.29629660e-02
1.92505911e-01
1.14801271e-01
-3.44625617e-02
1.42479541e-01
0.00000000e+00
-1.08372697e-01
-1.20777514e-01
-6.80834836e-01
-2.62082385e-01
3.64439711e-01
2.90911048e-01
2.36391480e-02
-3.16714909e-01
-2.97537889e-02
8.43863133e-02
2.35798111e-01
0.00000000e+00
0.00000000e+00
0.00000000e+00
-2.51894078e-01
4.36026531e-01
-3.62093646e-01
-4.57747522e-01
-1.33181654e-01
1.20323326e-02
1.82192048e-01
1.72278873e-02
5.73059594e-01
0.00000000e+00
-1.12142393e-01
7.22182917e-02
1.86502535e-01
2.39987106e-02
0.00000000e+00
1.50889473e-01
-4.67567261e-01
0.00000000e+00
1.44071940e-01
-8.02522583e-02
-4.18752452e-01
-2.74349834e-01
6.03822178e-01
3.51003407e-01
-1.32999563e+00
-5.96245920e-01
0.00000000e+00
4.68556572e-01
2.70760988e-01
-2.53062191e-01
-3.25913423e-01
-1.72703062e-02
-7.33749707e-01
0.00000000e+00
6.32021625e-01
9.25662230e-01
-1.07852488e+00
0.00000000e+00
0.00000000e+00
0.00000000e+00
4.83749738e-02
9.33654329e-01
3.08582145e-02
1.36848505e-01
-4.35473458e-01
8.13934734e-01
2.18577074e-01
-5.41869981e-02
4.87262191e-01
0.00000000e+00
-5.42527464e-02
1.16406741e+00
-8.94609182e-02
3.46663064e-01
-2.74295875e+00
-3.17676454e-01
2.45098564e-01
-2.68388937e+00
6.57566219e-01
2.16468528e-01
-1.40441794e-01
0.00000000e+00
0.00000000e+00
0.00000000e+00
7.82128163e-02
1.43832119e-01
-1.08860233e-01
1.86900888e-03
8.82220867e-02
4.37151723e-02
1.23366641e-01
2.34582234e-01
1.03039249e-02
0.00000000e+00
-4.75122046e-02
1.55121054e-01
-1.53883356e-01
2.08128682e-01
-3.51398097e-02
9.01709273e-02
1.37823589e-01
0.00000000e+00
1.65823514e-01
3.64599049e-02
-4.45293001e-01
-1.49789726e-01
-2.28546084e-01
3.05602879e-01
3.63182710e-02
-1.91941887e-01
-1.45203969e-01
1.87356130e-01
-8.45827774e-02
0.00000000e+00
0.00000000e+00
0.00000000e+00
-3.86899965e-01
4.79142953e-01
2.19705498e-01
4.48927761e-01
1.45426131e-01
3.19860982e-02
-1.49788392e-02
-1.14122347e-01
-6.52408883e-01
0.00000000e+00
5.53894572e-02
-8.43808749e-02
2.34499070e-01
-3.93424657e-01
0.00000000e+00
5.74407015e-02
1.88978967e-01
0.00000000e+00
-2.15155229e-01
-1.27712841e-01
-2.95503275e-01
3.73027542e-01
4.45927526e-01
1.56149918e-01
-6.33231878e-01
-3.35419776e-01
8.29707664e-02
2.28624987e-02
-1.50110693e-01
-3.68254613e-01
-1.93300360e-01
2.26135197e-01
-2.97812102e-01
7.29765031e-01
3.96235087e-01
-6.54992649e-02
247
-7.04453061e-01
0.00000000e+00
0.00000000e+00
0.00000000e+00
0.00000000e+00
0.00000000e+00
0.00000000e+00
0.00000000e+00
0.00000000e+00
-3.90274091e-02
0.00000000e+00
0.00000000e+00
0.00000000e+00
0.00000000e+00
-7.04453061e-01
0.00000000e+00
-4.71848541e-01
-2.32604520e-01
-1.91612549e-02
-6.24864005e-01
0.00000000e+00
0.00000000e+00
0.00000000e+00
-4.46827834e-01
-3.20013354e-01
6.03127606e-01
-1.54208511e-01
-7.04453061e-01
0.00000000e+00
-1.66153359e+00
9.57080527e-01
0.00000000e+00
1.09575176e+00
5.22667246e-01
0.00000000e+00
0.00000000e+00
0.00000000e+00
0.00000000e+00
0.00000000e+00
0.00000000e+00
0.00000000e+00
1.61000040e-01
-1.51564689e-02
-3.85950077e-01
2.65230979e-03
-5.10220407e-01
7.51823374e-03
3.07173819e-02
-1.45039557e-03
0.00000000e+00
0.00000000e+00
0.00000000e+00
0.00000000e+00
0.00000000e+00
0.00000000e+00
0.00000000e+00
-7.99308435e-01
-6.26024407e-02
1.57457815e-01
8.59379084e-01
1.89081226e+00
0.00000000e+00
0.00000000e+00
0.00000000e+00
0.00000000e+00
0.00000000e+00
0.00000000e+00
2.56356320e-01
-1.07222664e-01
2.79995500e-01
-4.78846196e-02
-9.48596468e-01
-9.96480213e-01
1.81476281e+00
-4.07130137e-03
0.00000000e+00
-7.58378556e-03
0.00000000e+00
-2.21719044e+00
1.32819122e-02
1.55329798e-01
-1.87399582e-01
-9.74157423e-01
-7.28458513e-01
-1.67950926e-02
4.29258545e+00
3.61662752e+00
3.77399869e+00
3.66127927e+00
3.33337675e+00
3.34359697e+00
2.11711238e-01
4.70614529e-01
2.91964952e-01
2.24663103e-01
9.17581810e-01
3.39102692e-02
4.04591292e-02
-2.65262389e-01
-2.69411543e-01
2.91761928e-01
-1.62129140e-01
-5.45329068e-01
0.00000000e+00
-8.57066422e-01
1.88871421e+00
0.00000000e+00
1.52613360e-01
2.34527021e-03
0.00000000e+00
-1.75250866e+00
-5.99942037e-01
-9.54116520e-01
-4.63224902e-01
-3.79531762e-01
-1.55405856e+00
0.00000000e+00
0.00000000e+00
0.00000000e+00
1.27720293e-01
7.72283349e-01
-8.37121114e-01
1.18979082e-01
-1.26258882e-01
1.71459366e-01
2.87014561e-01
5.78631363e-01
-1.27551052e-01
0.00000000e+00
-2.27611728e-01
-7.69938079e-01
-6.85040572e-01
-1.61117627e-01
2.93889679e-01
8.80006370e-02
-1.92596490e-01
-1.46523391e+00
-2.89093788e-01
8.89526352e-01
-3.79371864e-01
3.37624629e-02
2.28075783e-01
7.65850131e-01
1.47739447e-01
-4.46898441e-01
0.00000000e+00
0.00000000e+00
0.00000000e+00
1.01677644e-01
2.27707443e-01
2.83280513e-01
3.04310300e-01
-2.86396665e-01
1.52413524e-01
1.13749973e-01
1.16066186e-01
-4.49125384e-02
0.00000000e+00
9.45543569e-02
2.85940644e-01
1.48521221e-01
-3.89711282e-02
-1.42445931e+00
3.04677382e-02
1.04095827e-01
0.00000000e+00
2.87412647e-02
3.93297069e-02
-4.13134327e-01
1.06310049e-01
6.56109903e-01
1.32769624e-01
-1.17468669e+00
-6.33704500e-01
0.00000000e+00
2.10400754e-01
1.26800036e-01
-5.40982194e-01
0.00000000e+00
2.19125922e-01
5.26529459e-01
-8.42756664e-01
0.00000000e+00
0.00000000e+00
0.00000000e+00
6.04443557e-02
-3.01479774e+00
3.92862474e-02
-4.81445382e-02
-1.10245191e+00
1.09157967e+00
3.68267613e-01
2.37753909e-01
6.54043808e-01
0.00000000e+00
2.84146668e-01
1.93722912e+00
-6.88597335e-03
4.16105557e-01
-2.33942918e+00
-7.79766663e-02
3.87925686e-01
-1.30673277e+00
8.16115831e-01
7.60763655e-01
-1.39844931e-01
3.27375956e-02
-2.70585416e-01
2.19807661e-01
-1.42838370e-01
-5.12772612e-02
0.00000000e+00
0.00000000e+00
0.00000000e+00
1.07548202e-01
1.45495763e+00
-5.80493826e-02
6.88255918e-02
0.00000000e+00
3.50745672e-01
2.50593382e-01
2.35626962e-01
2.01715322e-01
0.00000000e+00
6.29532202e-02
-1.51002121e+00
2.50207584e-01
1.69923114e-01
0.00000000e+00
-2.64076739e-02
9.75459392e-02
0.00000000e+00
6.64347656e-02
1.94478385e-01
-1.72582527e-01
7.57983128e-02
1.49157352e-01
-1.72343806e-02
-7.02911733e-01
-4.95962498e-01
-9.71606784e-02
5.66819991e-03
-2.93442900e-01
-2.06949235e-01
2.75125721e-01
-6.44833749e-02
-2.23856851e-01
2 1
9.9098e-02 1.8844e-01
2 1
1 4 
217
8.67508904e-01
-5.97876946e-01
-4.27747388e-01
-1.06625209e+00
-2.50462214e-01
4.74484853e-01
1.79479854e-01
-2.71232438e-01
2.35196810e-01
6.50824186e-01
5.73603252e-01
3.07878050e-01
1.29691203e-01
-1.14728820e-01
7.97066020e-01
-9.83795963e-03
1.40144379e+00
-1.62421862e-01
4.80318590e-03
9.68920225e-01
4.23962371e-01
-5.90398631e-03
8.08198874e-01
-1.91097624e-01
-5.86086329e-04
7.58110981e-01
0.00000000e+00
0.00000000e+00
0.00000000e+00
0.00000000e+00
0.00000000e+00
0.00000000e+00
0.00000000e+00
-1.01479556e+00
1.07502160e+00
8.07282866e-01
0.00000000e+00
4.47094497e-01
3.89080864e-01
0.00000000e+00
0.00000000e+00
0.00000000e+00
0.00000000e+00
0.00000000e+00
0.00000000e+00
4.06777867e-01
4.03166294e-02
3.89080864e-01
0.00000000e+00
0.00000000e+00
0.00000000e+00
0.00000000e+00
0.00000000e+00
0.00000000e+00
0.00000000e+00
0.00000000e+00
0.00000000e+00
0.00000000e+00
0.00000000e+00
0.00000000e+00
3.89080864e-01
4.03166294e-02
4.06777867e-01
6.58487218e-01
-5.86837045e-01
-2.03144221e+00
7.19927022e-01
6.84923910e-01
7.59317087e-02
1.31734712e+00
4.42662224e-01
-4.55081292e-03
-4.23806536e-01
6.82509555e-01
-7.43184421e-02
-2.53112061e-01
-4.24716944e-02
0.00000000e+00
0.00000000e+00
0.00000000e+00
0.00000000e+00
0.00000000e+00
0.00000000e+00
0.00000000e+00
0.00000000e+00
0.00000000e+00
0.00000000e+00
0.00000000e+00
0.00000000e+00
0.00000000e+00
0.00000000e+00
0.00000000e+00
0.00000000e+00
0.00000000e+00
0.00000000e+00
0.00000000e+00
0.00000000e+00
0.00000000e+00
0.00000000e+00
0.00000000e+00
0.00000000e+00
0.00000000e+00
0.00000000e+00
0.00000000e+00
0.00000000e+00
0.00000000e+00
0.00000000e+00
0.00000000e+00
0.00000000e+00
0.00000000e+00
0.00000000e+00
0.00000000e+00
0.00000000e+00
0.00000000e+00
0.00000000e+00
0.00000000e+00
0.00000000e+00
0.00000000e+00
0.00000000e+00
-9.07672411e-01
-1.06103593e+00
-8.11163041e-01
0.00000000e+00
0.00000000e+00
0.00000000e+00
6.30737480e-01
-5.14542846e-01
-1.90680912e-01
2.17461642e-01
-1.03637042e+00
4.76875793e-01
6.18363915e-01
1.00651452e+00
9.85573706e-02
0.00000000e+00
7.38092571e-01
-1.14592590e+00
-6.58676852e-01
3.82484611e-01
1.49557198e-01
3.64494792e-02
2.63215599e-01
-2.14876776e+00
-4.97490297e-01
7.62981768e-01
-8.60241960e-01
0.00000000e+00
0.00000000e+00
0.00000000e+00
4.16932654e-01
5.98073354e-01
-1.22686867e-01
4.73498665e-03
-7.91678612e-01
1.20565411e-01
1.84643078e-02
1.63632843e-02
-1.89713143e-01
0.00000000e+00
-3.27114726e-02
6.99736689e-02
-4.31325343e-01
3.30879062e-01
-7.91084191e-01
4.14378025e-01
3.00187511e-01
-1.28651612e+00
-6.11462947e-02
5.56067816e-01
-9.35646768e-01
0.00000000e+00
0.00000000e+00
0.00000000e+00
-5.04507334e-01
-2.66343286e-01
-4.55251215e-01
-7.95983419e-02
-5.14025156e-01
9.39988128e-01
2.39006227e-01
1.58588806e-01
-7.44604207e-02
0.00000000e+00
8.87999560e-03
9.01974100e-01
-6.08408259e-01
-2.62068648e-01
8.55293956e-02
3.04415195e-01
2.92797805e-01
-1.70305212e+00
3.72518070e-01
2.28370287e-01
-5.38899511e-01
0.00000000e+00
0.00000000e+00
0.00000000e+00
6.83559609e-01
-3.88904915e-01
-2.44477250e-01
4.15442210e-01
-7.18525941e-01
-4.84860824e-01
3.62051579e-01
8.54047620e-01
3.65832285e-02
0.00000000e+00
7.68725892e-02
1.48259468e-01
-5.38080837e-01
7.44351633e-01
-5.33448052e-01
2.85267690e-03
5.81636683e-02
-1.22901082e+00
7.59230467e-02
1.40301799e-01
136
-4.48554881e-01
5.57376768e-01
-3.20154476e-02
-7.22961161e-01
5.64717279e-03
5.29674418e-02
-1.91756666e-03
-3.35937930e-01
-6.75666812e-04
0.00000000e+00
0.00000000e+00
0.00000000e+00
0.00000000e+00
0.00000000e+00
0.00000000e+00
0.00000000e+00
-6.02592278e-01
1.29461770e-01
2.45756257e-02
8.94918349e-01
-6.42129015e-01
-7.01344216e-01
0.00000000e+00
0.00000000e+00
0.00000000e+00
0.00000000e+00
0.00000000e+00
8.94918349e-01
-1.06163815e+00
4.19509139e-01
-7.01344216e-01
0.00000000e+00
0.00000000e+00
0.00000000e+00
0.00000000e+00
0.00000000e+00
0.00000000e+00
0.00000000e+00
0.00000000e+00
0.00000000e+00
0.00000000e+00
0.00000000e+00
0.00000000e+00
0.00000000e+00
0.00000000e+00
0.00000000e+00
-3.95956877e-01
1.71038437e+00
1.15799018e+00
9.77308080e-01
-1.21972691e+00
2.29531726e-01
-3.96251531e-01
-2.93298519e-01
1.86934447e-02
-4.11243965e-01
0.00000000e+00
0.00000000e+00
0.00000000e+00
0.00000000e+00
-7.01344216e-01
4.19509139e-01
-1.06163815e+00
0.00000000e+00
0.00000000e+00
0.00000000e+00
0.00000000e+00
0.00000000e+00
0.00000000e+00
0.00000000e+00
0.00000000e+00
0.00000000e+00
0.00000000e+00
0.00000000e+00
0.00000000e+00
0.00000000e+00
0.00000000e+00
0.00000000e+00
0.00000000e+00
0.00000000e+00
0.00000000e+00
0.00000000e+00
0.00000000e+00
0.00000000e+00
0.00000000e+00
0.00000000e+00
3.50577471e-01
-9.38944185e-01
-1.11709283e+00
0.00000000e+00
0.00000000e+00
0.00000000e+00
7.48620713e-01
7.44406834e-02
-8.45446257e-02
2.34978174e-01
-1.66207769e+00
7.58776688e-01
5.25424179e-01
8.34439980e-01
-4.38667058e-01
0.00000000e+00
5.54933210e-01
-1.76712549e-01
-7.94386609e-01
4.60674432e-02
4.13757174e-03
3.55873563e-01
4.56780523e-01
-2.90735978e+00
-7.30303582e-01
1.08248633e+00
-1.44859157e+00
0.00000000e+00
0.00000000e+00
0.00000000e+00
2.47096129e-01
-7.13190714e-01
-2.70696114e-01
1.81904566e-02
-1.19275236e+00
9.02676862e-01
5.76720447e-01
8.57449102e-02
-3.79025183e-01
0.00000000e+00
5.60651538e-01
1.81809791e+00
-9.83332350e-01
2.32053574e-01
-3.67705901e-01
-1.50765421e-01
3.72367678e-01
-2.79587025e+00
-3.25641596e-01
9.16788827e-01
7 1
-1.0344e+00 4.6622e-01
3 1
1 4 2 
217
-1.97905845e-01
1.03956898e-01
9.12912015e-02
-2.39394449e-01
-7.52614196e-01
1.26015518e+00
4.43713526e-01
2.49108403e-01
5.15780170e-01
-6.65398377e-01
-2.48607658e-01
-6.61718976e-02
-1.56177687e-01
-1.18906871e-01
-7.10328639e-01
1.45362663e-02
-1.97931946e-02
-1.14813290e-01
6.45584911e-03
2.55264506e-01
5.77086765e-01
2.22764393e-04
-3.69113884e-02
5.01493186e-02
1.85775269e-04
5.64966662e-01
0.00000000e+00
0.00000000e+00
0.00000000e+00
0.00000000e+00
0.00000000e+00
0.00000000e+00
0.00000000e+00
-5.69879335e-01
2.48004287e-01
1.23969203e-01
-5.81055740e-02
-2.69638220e-01
-1.11515636e-01
2.41353585e-01
0.00000000e+00
0.00000000e+00
0.00000000e+00
0.00000000e+00
-5.81055740e-02
-2.72328905e-01
-7.27165865e-02
-1.99542106e-01
0.00000000e+00
7.35152773e-02
1.45111929e-02
2.41353585e-01
0.00000000e+00
0.00000000e+00
0.00000000e+00
0.00000000e+00
0.00000000e+00
0.00000000e+00
0.00000000e+00
0.00000000e+00
5.63226717e-02
-7.27165865e-02
-1.23406356e-01
0.00000000e+00
-4.09036964e-02
-3.17513195e-01
1.80044964e-01
5.90224562e-01
-3.37047113e-01
2.14828991e-02
-3.31658295e-02
-1.48346101e-01
-4.74366946e-01
1.06979915e-01
6.94261549e-02
-1.23373830e-01
5.64138899e-01
0.00000000e+00
-6.02693171e-01
-1.22957872e+00
2.62549093e-01
-5.76536655e-01
1.42238233e-01
3.86548387e-01
0.00000000e+00
0.00000000e+00
0.00000000e+00
0.00000000e+00
0.00000000e+00
0.00000000e+00
0.00000000e+00
0.00000000e+00
0.00000000e+00
0.00000000e+00
0.00000000e+00
0.00000000e+00
0.00000000e+00
0.00000000e+00
0.00000000e+00
0.00000000e+00
0.00000000e+00
0.00000000e+00
0.00000000e+00
0.00000000e+00
0.00000000e+00
0.00000000e+00
0.00000000e+00
0.00000000e+00
0.00000000e+00
0.00000000e+00
0.00000000e+00
0.00000000e+00
0.00000000e+00
0.00000000e+00
0.00000000e+00
0.00000000e+00
0.00000000e+00
0.00000000e+00
0.00000000e+00
2.87822422e-01
2.87087766e-02
-6.33315562e-01
0.00000000e+00
0.00000000e+00
0.00000000e+00
1.00263026e+00
-1.18010067e-01
-8.53727163e-01
2.16081076e-01
-1.50147165e+00
4.72052760e-01
5.00140482e-01
7.53027933e-01
3.37514567e-01
0.00000000e+00
9.57405927e-01
-4.70885313e-01
-7.32478824e-01
-6.56461010e-01
-3.53817925e-01
4.81139840e-01
9.66512636e-01
-1.79412693e+00
-5.03161620e-01
6.64319453e-01
-8.48797604e-01
0.00000000e+00
0.00000000e+00
0.00000000e+00
-4.49341805e-01
7.22045421e-01
4.50981762e-01
2.54442824e-02
-1.08643025e+00
-9.65335385e-02
3.20103590e-01
1.09535099e-01
-1.94670854e-01
0.00000000e+00
-5.68033302e-01
1.20981295e-01
-6.17828102e-02
9.55436479e-01
1.16612430e-01
-3.76792911e-02
-1.93666450e-01
-9.10060623e-01
-2.40940706e-01
1.69201670e-01
-4.29026267e-01
0.00000000e+00
0.00000000e+00
0.00000000e+00
2.43678358e-01
1.72329825e-01
-6.06981414e-01
-1.88235984e-02
-4.66879572e-01
5.39811875e-01
6.68998579e-02
1.03750193e-01
-1.75279158e-01
0.00000000e+00
4.28015469e-01
-4.64112148e-01
-4.85549205e-01
7.69692733e-01
4.31927138e-02
7.61825916e-02
2.82318127e-01
-1.58625915e+00
1.27663169e-01
5.21323066e-01
-7.38396884e-01
0.00000000e+00
0.00000000e+00
0.00000000e+00
4.37811523e-02
-4.74139099e-01
1.63126779e-01
2.56089243e-01
6.44105064e-02
-9.74267014e-02
3.81268188e-01
-3.95500670e-02
-1.42634177e-01
0.00000000e+00
2.35805287e-01
8.99435728e-01
-3.66995741e-01
-3.44608518e-01
1.44055555e-01
6.60778716e-03
-5.21501891e-02
-1.18984638e+00
-5.84529666e-01
3.58903426e-01
136
-1.88734251e-01
7.84815593e-02
-1.01617086e-02
-1.45536334e-01
7.45939461e-04
2.57887875e-01
-5.27029287e-03
-3.79567351e-01
-4.45754081e-04
0.00000000e+00
0.00000000e+00
0.00000000e+00
0.00000000e+00
0.00000000e+00
0.00000000e+00
0.00000000e+00
-3.79329958e-01
1.71437559e-01
1.91581482e-02
7.75947270e-01
-5.43189989e-01
-3.19503963e-01
-1.01987568e-01
0.00000000e+00
0.00000000e+00
0.00000000e+00
0.00000000e+00
7.75947270e-01
-5.60116803e-01
-4.42030426e-02
-6.92624226e-01
0.00000000e+00
-3.46493198e-01
7.19613461e-01
-1.01987568e-01
0.00000000e+00
0.00000000e+00
0.00000000e+00
0.00000000e+00
0.00000000e+00
0.00000000e+00
0.00000000e+00
0.00000000e+00
0.00000000e+00
0.00000000e+00
0.00000000e+00
0.00000000e+00
1.77676318e+00
1.20793285e+00
7.52999437e-01
-7.37326121e-01
2.96564828e-01
-3.66097703e-01
-1.18646228e-01
1.02641195e-01
-4.23930241e-01
0.00000000e+00
-2.93783910e-01
-3.85941483e-01
1.34011029e-01
-9.35412335e-01
-4.42030426e-02
-8.45480145e-01
0.00000000e+00
0.00000000e+00
0.00000000e+00
0.00000000e+00
0.00000000e+00
0.00000000e+00
0.00000000e+00
0.00000000e+00
0.00000000e+00
0.00000000e+00
0.00000000e+00
0.00000000e+00
0.00000000e+00
0.00000000e+00
0.00000000e+00
0.00000000e+00
0.00000000e+00
0.00000000e+00
0.00000000e+00
0.00000000e+00
0.00000000e+00
0.00000000e+00
0.00000000e+00
9.15258812e-02
-9.98012331e-01
-1.24051052e+00
0.00000000e+00
0.00000000e+00
0.00000000e+00
7.32115348e-01
2.54041883e-02
-1.31132548e-01
1.91539178e-01
-1.77510363e+00
7.33076603e-01
5.72563541e-01
8.26059476e-01
-3.66248926e-01
0.00000000e+00
6.02810475e-01
-3.01214928e-01
-6.77661619e-01
2.08025906e-01
-1.39162219e-01
3.01158213e-01
4.79180607e-01
-2.96389531e+00
-6.70152722e-01
1.11212785e+00
-1.43045128e+00
0.00000000e+00
0.00000000e+00
0.00000000e+00
2.30133007e-01
-4.89713081e-01
-3.66346498e-01
1.00997096e-01
-1.24260475e+00
7.68143714e-01
5.90722734e-01
2.84142334e-01
-7.37669895e-02
0.00000000e+00
3.99586265e-01
1.23935114e+00
-9.70099216e-01
3.04442979e-01
-3.16721616e-01
-1.46163418e-01
4.19465545e-01
-2.77187508e+00
-2.24564265e-01
8.34418823e-01
12 1
-1.0892e+00 4.5978e-01
4 1
1 4 2 7 
217
5.41169790e-01
-4.54669363e-01
-1.63422009e-01
-1.44405195e-02
-2.66833065e-01
8.32856869e-02
-2.53458508e-01
-5.42390516e-01
-1.39575603e-01
1.17348829e-01
8.37520991e-01
4.53508981e-01
3.63515975e-01
2.16595644e-01
-2.48627069e-01
-2.87035379e-04
2.06713893e+00
1.30322651e-01
-3.44640431e-03
8.01726463e-01
4.77434495e-01
2.37597806e-03
3.19256603e-01
1.82039713e-01
1.30847827e-03
5.74243790e-01
0.00000000e+00
0.00000000e+00
0.00000000e+00
0.00000000e+00
0.00000000e+00
0.00000000e+00
0.00000000e+00
-3.35734933e-01
3.54289250e-01
5.22615473e-01
0.00000000e+00
5.66252190e-02
3.37063697e-01
2.46116622e-01
3.32520907e-01
0.00000000e+00
0.00000000e+00
0.00000000e+00
0.00000000e+00
-2.79017826e-02
1.13312653e-01
-3.41589083e-01
0.00000000e+00
1.49822621e-01
2.60958076e-01
5.80147556e-01
0.00000000e+00
-2.42887089e-01
5.16371743e-01
-3.66969329e-01
0.00000000e+00
2.92317042e-01
0.00000000e+00
3.32520907e-01
7.22061223e-01
1.13312653e-01
1.36952569e-01
6.72467471e-01
-5.06758524e-01
0.00000000e+00
5.44563580e-01
5.38500926e-01
-1.69102737e-01
8.44860216e-01
-4.10399282e-01
1.16195195e-01
-1.80244102e-01
4.80983337e-01
-2.29534848e-01
3.54390539e-01
5.11157299e-01
-6.75248327e-01
-1.33183967e-01
-5.52093122e-01
6.89861620e-01
-2.33128793e-02
6.59740463e-01
-1.02485747e-01
4.09752682e-01
-1.07332196e-01
8.89438975e-02
8.38943574e-02
-1.46078329e+00
1.54854947e-01
3.30138155e-01
0.00000000e+00
0.00000000e+00
0.00000000e+00
0.00000000e+00
0.00000000e+00
0.00000000e+00
0.00000000e+00
0.00000000e+00
0.00000000e+00
0.00000000e+00
0.00000000e+00
0.00000000e+00
0.00000000e+00
0.00000000e+00
0.00000000e+00
0.00000000e+00
0.00000000e+00
0.00000000e+00
0.00000000e+00
0.00000000e+00
0.00000000e+00
0.00000000e+00
0.00000000e+00
0.00000000e+00
0.00000000e+00
0.00000000e+00
0.00000000e+00
0.00000000e+00
-3.75188538e-01
-7.59150535e-01
-1.33656953e+00
0.00000000e+00
0.00000000e+00
0.00000000e+00
1.69387318e+00
-1.93658048e-01
-3.25426239e-01
4.35571948e-01
-9.31625301e-01
8.95538346e-01
2.32729825e-01
1.49289064e+00
7.28914092e-01
0.00000000e+00
1.51855738e+00
-8.88225828e-02
-2.71155402e-01
2.04640796e-01
3.55803192e-03
1.20664833e+00
5.80689370e-01
-3.96636201e-01
1.72335002e-01
1.53012439e+00
-9.41549898e-01
0.00000000e+00
0.00000000e+00
0.00000000e+00
-3.60649065e-01
8.96043457e-01
6.07598011e-01
1.76870652e-01
3.62651399e-01
8.31431202e-01
9.21192524e-01
6.12279908e-01
-1.40102539e-01
0.00000000e+00
1.49186819e-01
1.29938714e-01
-2.57209958e-01
7.41717841e-01
8.65313848e-01
3.57097833e-01
8.95005903e-01
-3.19768955e-01
-1.26503149e-01
2.59500013e-01
-1.70585528e+00
0.00000000e+00
0.00000000e+00
0.00000000e+00
2.89970786e-01
1.71652261e-02
-4.55921632e-01
1.35848242e-01
-4.02927437e-02
9.57353659e-01
1.10431402e+00
1.11796018e+00
5.08792051e-02
0.00000000e+00
1.29104988e+00
2.00662035e+00
-2.69493348e-01
7.72611764e-01
-4.68392782e-01
1.89244553e-01
7.09979745e-01
-2.93340261e-02
3.18330973e-02
1.15243983e+00
-8.38648459e-01
0.00000000e+00
0.00000000e+00
0.00000000e+00
7.86288187e-01
6.75774212e-01
1.16185795e+00
1.17590890e+00
-4.62487411e-02
7.52144586e-01
3.60772233e-01
3.27828506e-01
6.15876965e-01
0.00000000e+00
9.51928184e-02
5.23542619e-01
-1.26110679e-01
8.04314223e-01
7.70308106e-01
8.97537558e-01
2.60195494e-01
-5.29829631e-02
-4.73183930e-01
1.13599119e+00
136
4.74591532e-02
1.38415084e+00
-3.43507887e-02
-6.23228143e-01
4.36194525e-03
-3.48274024e-01
4.21238571e-03
-3.65189525e-01
-1.99567650e-04
0.00000000e+00
0.00000000e+00
0.00000000e+00
0.00000000e+00
0.00000000e+00
0.00000000e+00
0.00000000e+00
-4.31477469e-01
2.54867560e-01
2.24069063e-01
9.34415378e-01
-4.34207104e-01
-1.30230112e-01
-2.62707145e-01
-5.98118631e-02
0.00000000e+00
0.00000000e+00
0.00000000e+00
9.34415378e-01
1.10987142e-02
-4.12568663e-01
-4.00877091e-01
0.00000000e+00
-3.27394667e-02
2.91429116e-02
3.00825905e-01
0.00000000e+00
-5.94077917e-01
8.61755955e-01
-4.53576094e-01
0.00000000e+00
-1.70879959e-01
6.09230035e-02
-5.98118631e-02
0.00000000e+00
0.00000000e+00
0.00000000e+00
2.00043537e-01
1.24745339e+00
1.00044527e+00
5.13680318e-01
-5.80968669e-01
3.96045142e-01
-2.74400054e-01
-8.43595705e-03
2.23346327e-01
-3.93583392e-01
-4.70246844e-01
3.81937159e-01
-2.69521861e-01
3.08947874e-01
-1.00200767e+00
-1.78343233e-01
-6.15955218e-01
-7.82050186e-01
1.88767092e-02
-1.37706715e-01
0.00000000e+00
0.00000000e+00
0.00000000e+00
0.00000000e+00
0.00000000e+00
0.00000000e+00
0.00000000e+00
0.00000000e+00
0.00000000e+00
0.00000000e+00
0.00000000e+00
0.00000000e+00
0.00000000e+00
0.00000000e+00
0.00000000e+00
0.00000000e+00
0.00000000e+00
0.00000000e+00
0.00000000e+00
0.00000000e+00
6.35119006e-02
-9.11804269e-01
-1.29982476e+00
0.00000000e+00
0.00000000e+00
0.00000000e+00
6.18160770e-01
4.31926247e-02
-1.56755889e-01
1.83374185e-01
-1.59974198e+00
6.30452445e-01
5.17561294e-01
6.82034009e-01
-3.36462423e-01
0.00000000e+00
5.38678640e-01
-3.19730749e-01
-7.15028109e-01
1.95610506e-01
-5.39704973e-02
2.31476644e-01
4.18094900e-01
-2.58150670e+00
-6.13199170e-01
1.01793474e+00
-1.40400118e+00
0.00000000e+00
0.00000000e+00
0.00000000e+00
2.18784498e-01
-9.00353032e-01
-4.01373132e-01
5.73080355e-02
-1.05962546e+00
6.85668368e-01
5.23098705e-01
2.14976316e-01
-2.18050583e-01
0.00000000e+00
4.85493360e-01
1.74178639e+00
-9.65341295e-01
2.07138867e-01
-2.70776659e-01
-1.00601002e-01
3.48913882e-01
-2.38521297e+00
-3.20676758e-01
7.34841282e-01
13 1
-1.1326e+00 4.7750e-01
5 1
1 4 2 7 12 
217
3.01826004e-01
-3.69189157e-01
-1.71428073e-01
-3.22363898e-01
1.13160202e-01
-4.41934043e-01
-6.36831046e-01
2.18954459e-02
-6.06016548e-01
2.56985354e-01
3.89664675e-01
6.40945882e-03
1.04184872e+00
6.35587315e-01
-3.44671178e-03
9.96619479e-03
1.25965357e+00
1.06907751e-01
-1.28387436e-03
1.22629695e+00
4.24039948e-01
-3.78953807e-03
7.28371531e-01
-2.25674983e-01
1.42395996e-03
7.52146246e-01
0.00000000e+00
0.00000000e+00
0.00000000e+00
0.00000000e+00
0.00000000e+00
0.00000000e+00
0.00000000e+00
-2.39515495e-01
4.81760130e-01
5.95813693e-02
0.00000000e+00
2.69236467e-01
-7.60510897e-02
1.96570809e-01
3.73052621e-01
0.00000000e+00
0.00000000e+00
0.00000000e+00
0.00000000e+00
1.77478998e-01
-2.45191794e-01
3.01204255e-01
0.00000000e+00
4.28318105e-01
-2.29268004e-01
5.04393799e-01
0.00000000e+00
-3.71145333e-01
7.57353096e-01
-7.65262715e-01
0.00000000e+00
-2.15871558e-02
1.31974018e-02
-1.46377544e-01
3.54824484e-01
-1.64775987e-01
2.94862873e-01
4.12170462e-01
-2.17366868e-01
-4.49511317e-01
1.57953510e-01
7.95031426e-01
-5.09310998e-02
9.33394256e-01
2.76230178e-01
-1.64452671e-01
-6.41603654e-02
2.62211924e-01
1.11857797e-01
-7.21634277e-02
6.33213303e-01
0.00000000e+00
-2.02403940e-01
1.29553881e-02
4.86989936e-01
-3.38749343e-01
1.72400079e-02
4.36134751e-01
7.54154596e-01
-1.29180484e-01
4.13871587e-01
-6.88689321e-02
-1.01870128e+00
-2.54279175e-01
-5.79266284e-01
0.00000000e+00
-2.95912630e-02
-3.53136163e-01
7.59534338e-02
-1.54659033e-01
2.55463833e-01
1.43685101e-01
0.00000000e+00
0.00000000e+00
0.00000000e+00
0.00000000e+00
0.00000000e+00
0.00000000e+00
0.00000000e+00
0.00000000e+00
0.00000000e+00
0.00000000e+00
0.00000000e+00
0.00000000e+00
0.00000000e+00
0.00000000e+00
0.00000000e+00
0.00000000e+00
0.00000000e+00
0.00000000e+00
0.00000000e+00
0.00000000e+00
0.00000000e+00
4.84498264e-01
-9.47906862e-03
-1.11788707e+00
0.00000000e+00
0.00000000e+00
0.00000000e+00
1.03642935e+00
3.10252131e-01
1.63378645e-01
1.99518440e-01
-5.15940203e-01
1.23964140e+00
7.00584602e-01
1.48887164e+00
4.72806703e-01
0.00000000e+00
9.27637674e-01
-7.55344823e-01
-9.90830042e-02
1.24076963e+00
7.56697940e-01
4.74787577e-01
1.24587349e+00
-5.04440886e-01
2.67464981e-02
1.51210344e+00
-1.10834327e+00
0.00000000e+00
0.00000000e+00
0.00000000e+00
6.73683415e-01
7.16372233e-01
-1.62253557e-01
1.04085633e+00
-6.90166276e-01
4.75516396e-01
5.45395546e-01
1.15394416e-01
1.29434002e-01
0.00000000e+00
6.83117750e-01
1.42295886e+00
-3.11258296e-01
5.99558602e-01
-2.38060421e-02
9.70123942e-01
-6.70276404e-02
-2.48247773e-01
3.44974140e-02
3.56451530e-01
-1.44708886e+00
0.00000000e+00
0.00000000e+00
0.00000000e+00
5.30048793e-01
2.27784080e-01
3.68838804e-01
8.33670177e-01
-4.28435218e-01
5.73986402e-01
5.31594727e-01
6.24006884e-01
-1.12085865e-01
0.00000000e+00
1.02358719e+00
1.42187276e+00
-9.75431346e-01
-5.28298589e-01
-7.79397917e-02
4.08029649e-01
8.53752197e-01
-3.27749367e-02
-2.29557468e-01
7.69380410e-01
-6.08874390e-01
0.00000000e+00
0.00000000e+00
0.00000000e+00
3.88865133e-01
8.22667883e-01
-5.97508596e-01
4.31279039e-01
-1.28148019e-01
6.52955443e-01
2.57626023e-01
5.77398742e-01
3.02995768e-01
0.00000000e+00
6.02112030e-01
8.70927976e-01
2.22828795e-01
9.74302123e-01
-9.49564255e-03
3.95374014e-01
-9.04669512e-01
-2.07358940e-02
9.46010965e-02
5.20253238e-01
136
-7.86362243e-02
7.80224148e-01
-3.23031487e-02
-5.07390147e-01
3.65800998e-03
4.87832148e-02
-3.04182583e-03
-4.00253439e-01
-9.53259253e-05
0.00000000e+00
0.00000000e+00
0.00000000e+00
0.00000000e+00
0.00000000e+00
0.00000000e+00
0.00000000e+00
-3.85612096e-01
2.01733554e-01
1.05242317e-01
7.90771224e-01
-2.52203949e-01
-3.28939376e-01
-3.25305873e-01
-2.73222066e-02
6.43639569e-02
0.00000000e+00
0.00000000e+00
7.73275669e-01
-3.25641810e-01
-6.00467631e-02
-4.07313168e-01
0.00000000e+00
1.00966438e-01
-1.15787174e-01
3.35386758e-01
0.00000000e+00
-4.08749841e-01
6.06292574e-01
-3.70809851e-01
0.00000000e+00
-1.16371244e-01
-3.85895316e-02
-7.94693084e-02
0.00000000e+00
0.00000000e+00
0.00000000e+00
1.04765016e-02
1.18288930e+00
9.44817360e-01
4.69544902e-01
-6.12681703e-01
3.48443786e-01
-2.96743547e-01
-1.55282205e-01
1.17354593e-01
-4.25253818e-01
0.00000000e+00
3.67120766e-01
-2.80559455e-01
2.89662105e-01
-1.21490376e-01
-1.46613487e-01
-4.19889725e-01
-7.94386769e-01
5.29053740e-02
-1.49626969e-01
0.00000000e+00
3.64160061e-01
-2.67401751e-01
5.92355520e-02
5.34695322e-02
0.00000000e+00
0.00000000e+00
0.00000000e+00
0.00000000e+00
0.00000000e+00
0.00000000e+00
0.00000000e+00
0.00000000e+00
0.00000000e+00
0.00000000e+00
0.00000000e+00
0.00000000e+00
0.00000000e+00
0.00000000e+00
0.00000000e+00
-9.06005085e-02
-9.69708875e-01
-1.34379960e+00
0.00000000e+00
0.00000000e+00
0.00000000e+00
5.98651961e-01
1.32032354e-02
-1.70589501e-01
1.39389624e-01
-1.49548087e+00
6.54095998e-01
5.28017655e-01
7.24547693e-01
-3.57952091e-01
0.00000000e+00
5.37562507e-01
-3.70012195e-01
-7.00665954e-01
8.93138444e-02
-9.30609539e-02
2.83582469e-01
4.66659786e-01
-2.51042269e+00
-6.28546153e-01
9.47906030e-01
-1.43333754e+00
0.00000000e+00
0.00000000e+00
0.00000000e+00
2.30225811e-01
-9.37603953e-01
-3.53023610e-01
3.67731890e-02
-1.10033925e+00
6.40234773e-01
5.17413693e-01
2.14859349e-01
-2.67202313e-01
0.00000000e+00
4.22688841e-01
1.55797727e+00
-9.64203508e-01
3.02362312e-01
-2.56956960e-01
-1.14555877e-01
3.91676062e-01
-2.21045253e+00
-3.07417727e-01
7.64206887e-01
