0 7 -999999999 -1 -1
1 1 0 -1 -1
0.2847 -0.1671
356
4.63334202e-01
4.63334202e-01
0.00000000e+00
9.30534431e-02
7.16832031e-02
4.63163869e-02
6.95433924e-01
0.00000000e+00
0.00000000e+00
5.97195670e-01
8.32953410e-03
6.66859548e-01
9.54444615e-02
-1.99537477e-01
-6.05144610e-02
3.53105381e-01
0.00000000e+00
0.00000000e+00
0.00000000e+00
0.00000000e+00
0.00000000e+00
0.00000000e+00
0.00000000e+00
0.00000000e+00
0.00000000e+00
0.00000000e+00
0.00000000e+00
0.00000000e+00
0.00000000e+00
0.00000000e+00
0.00000000e+00
0.00000000e+00
0.00000000e+00
0.00000000e+00
0.00000000e+00
0.00000000e+00
0.00000000e+00
0.00000000e+00
0.00000000e+00
0.00000000e+00
0.00000000e+00
0.00000000e+00
0.00000000e+00
0.00000000e+00
0.00000000e+00
0.00000000e+00
0.00000000e+00
0.00000000e+00
0.00000000e+00
0.00000000e+00
0.00000000e+00
-4.01310601e-01
-5.79125453e-01
-7.55354993e-01
0.00000000e+00
0.00000000e+00
0.00000000e+00
0.00000000e+00
3.13883180e-01
-1.72527796e-01
3.54408174e-01
2.39194264e-01
3.32951524e-01
-2.78027493e-01
1.54022735e-01
-1.19200369e+00
0.00000000e+00
0.00000000e+00
9.31101811e-03
1.26105071e-03
3.66487857e-01
7.65698357e-01
5.03986734e-03
-4.96904454e-02
7.42820195e-01
-5.63086529e-03
2.18445992e-01
0.00000000e+00
0.00000000e+00
0.00000000e+00
1.05125340e+00
2.16771229e-01
-3.31089371e-02
0.00000000e+00
0.00000000e+00
0.00000000e+00
0.00000000e+00
0.00000000e+00
0.00000000e+00
0.00000000e+00
-5.48148364e-02
3.75994310e-01
-3.57359575e-02
-3.01612840e-01
-1.61518753e-01
4.16847006e-02
3.57091367e-01
-1.48771176e-01
-1.51979212e-01
-1.12892644e-01
2.75925039e-01
-1.51656278e-02
0.00000000e+00
0.00000000e+00
3.79992727e+00
2.32475905e+00
1.51861096e-02
2.66751978e-01
4.38353105e-01
5.34013287e-01
-3.00904630e-01
-1.88953996e-01
5.46415567e-01
3.06253516e-01
-5.25947540e-01
-9.88473219e-01
-2.16391357e+00
-1.27537367e+00
0.00000000e+00
0.00000000e+00
0.00000000e+00
0.00000000e+00
0.00000000e+00
0.00000000e+00
-2.69737767e-01
-3.73278726e-01
-2.37720565e-01
-2.03128213e-01
-1.33356568e-01
-6.44203005e-01
4.88317914e+00
4.88298928e+00
4.96571319e+00
4.96583583e+00
5.06676787e+00
4.87801185e+00
1.79457556e-01
4.35806098e-01
4.51750260e-01
1.06190560e-01
1.08766127e-01
5.10101462e-01
-5.88672840e-01
-2.49379327e-01
-3.19808115e-01
-8.69233818e-01
-4.67601289e-01
-6.06985409e-01
7.64445853e-01
0.00000000e+00
0.00000000e+00
0.00000000e+00
0.00000000e+00
0.00000000e+00
0.00000000e+00
0.00000000e+00
-3.01111651e-01
2.41071524e+00
-2.08907962e+00
0.00000000e+00
-8.11182124e-01
-6.79622974e-01
-4.36331327e-01
-1.18180187e+00
-1.24751345e+00
0.00000000e+00
0.00000000e+00
0.00000000e+00
-5.12179704e-01
-8.64007828e-01
-1.38538843e+00
-1.13920815e+00
1.03554262e+00
5.93144578e-01
-1.74183226e+00
-2.92828771e-01
1.59276660e+00
0.00000000e+00
-1.20049834e-01
-5.83007717e-01
2.00530285e-01
9.99146990e-01
2.85682854e-01
1.52741545e-01
1.38779787e-01
-6.01624184e-01
6.67204610e-01
3.27073570e-01
1.03681057e+00
0.00000000e+00
0.00000000e+00
0.00000000e+00
4.22547015e-01
-6.70148569e-01
6.29759899e-01
4.74924633e-01
0.00000000e+00
-4.18986130e-01
8.23496255e-01
-1.00007746e-01
1.82155678e-03
0.00000000e+00
2.08238262e-01
6.95730997e-02
-6.10863212e-01
1.00739999e+00
-1.37472866e+00
1.09966601e-01
6.02015720e-01
0.00000000e+00
9.20246448e-02
-1.41525478e-01
-3.76490333e-01
-2.15253052e-01
-2.14684618e-01
-8.80779465e-02
0.00000000e+00
9.51865980e-02
-3.13927359e-02
-2.79046914e-01
-7.58746774e-01
0.00000000e+00
0.00000000e+00
0.00000000e+00
-6.42723100e-01
5.85527531e-01
-1.83923715e-01
1.22710823e-01
0.00000000e+00
-2.52534271e-01
-2.32577997e-01
6.22433875e-01
-2.51681592e-01
0.00000000e+00
-5.40811772e-01
-3.67575269e-01
-4.17281226e-02
-9.90011072e-01
1.79370273e+00
1.84707714e-01
-4.50778910e-01
0.00000000e+00
-3.43190597e-01
2.20057263e-01
-1.61237281e-01
-2.38126297e-01
8.76217281e-02
0.00000000e+00
-8.71023118e-01
-5.95929072e-01
-7.54259965e-01
0.00000000e+00
0.00000000e+00
7.96156878e-01
-2.41405951e-01
0.00000000e+00
-2.75094046e-01
-2.45076929e-01
0.00000000e+00
0.00000000e+00
-1.86142484e+00
0.00000000e+00
0.00000000e+00
0.00000000e+00
-7.93796853e-02
7.08832106e-01
-8.10630328e-01
4.62881458e-03
-2.03940598e+00
-1.70075392e-01
6.66712867e-01
-5.99769512e-01
4.23742481e-02
0.00000000e+00
4.83795997e-01
-3.30579222e-01
-9.74166921e-01
8.00258274e-01
3.80334823e-01
1.74795320e-01
5.10128248e-02
-8.59825123e-01
6.28978800e-01
6.06832437e-02
3.36381017e-01
0.00000000e+00
0.00000000e+00
0.00000000e+00
8.55296600e-02
1.90974310e-01
1.37583051e-01
5.42713607e-01
4.69761014e-01
2.23952741e-01
7.79085476e-02
7.93167336e-02
3.19957858e-02
0.00000000e+00
-1.86975843e-01
9.53135843e-02
-1.91983703e-01
3.58471080e-03
-8.72963066e-01
1.87395214e-01
3.42509233e-02
-4.81445755e-01
-1.16172469e-01
2.56419697e-02
-1.07159918e+00
-3.41136661e-01
0.00000000e+00
9.58404585e-02
3.96372688e-01
2.45171758e-01
-3.62778329e-02
-5.50030586e-01
-2.46707693e-01
0.00000000e+00
0.00000000e+00
0.00000000e+00
5.58833399e-02
-3.14043408e-01
5.15693224e-02
1.31794778e-01
4.15607738e-01
-1.38752201e-01
-7.36323491e-02
-7.83830658e-01
-1.56535567e-02
0.00000000e+00
3.17790669e-01
-2.74492603e-01
4.75312520e-01
3.11107360e-01
-1.53817942e-01
-3.65827061e-01
4.73147632e-02
3.49965420e-01
2.45383967e-01
-5.28387792e-01
-7.30462518e-01
0.00000000e+00
2.61624946e-01
7.72706079e-01
-7.89825666e-01
-3.38486313e-01
0.00000000e+00
0.00000000e+00
2.71422292e-01
2.25596308e-01
-1.01757062e-02
-5.53906915e-01
-4.51339353e-01
0.00000000e+00
0.00000000e+00
-2.49533078e-01
247
-1.16148698e-01
-1.16148698e-01
0.00000000e+00
6.06259435e-01
-7.22408133e-01
-4.64626322e-01
-6.04748818e-01
1.02205488e+00
0.00000000e+00
0.00000000e+00
-5.51440771e-01
-9.25025450e-01
8.94118424e-01
-2.56665699e-01
0.00000000e+00
0.00000000e+00
0.00000000e+00
0.00000000e+00
0.00000000e+00
0.00000000e+00
0.00000000e+00
0.00000000e+00
0.00000000e+00
0.00000000e+00
0.00000000e+00
0.00000000e+00
0.00000000e+00
0.00000000e+00
0.00000000e+00
0.00000000e+00
0.00000000e+00
0.00000000e+00
0.00000000e+00
0.00000000e+00
0.00000000e+00
0.00000000e+00
0.00000000e+00
0.00000000e+00
0.00000000e+00
0.00000000e+00
0.00000000e+00
-5.90776669e-01
1.93902376e-02
3.06231384e-01
2.16600963e-03
1.85856062e-01
5.63416030e-04
0.00000000e+00
0.00000000e+00
8.54010121e-02
7.77577116e-03
-2.02316170e-01
0.00000000e+00
0.00000000e+00
0.00000000e+00
0.00000000e+00
0.00000000e+00
0.00000000e+00
0.00000000e+00
5.72656688e+00
2.95701770e+00
8.36841879e-02
1.63554593e+00
1.23550325e+00
4.34007681e-01
-3.77455227e-01
-1.25327742e+00
2.66371729e+00
2.28464151e+00
8.82541119e-01
7.74928260e-01
0.00000000e+00
3.07123673e-01
0.00000000e+00
0.00000000e+00
0.00000000e+00
0.00000000e+00
0.00000000e+00
0.00000000e+00
-5.28850235e-01
-6.76855293e-01
-3.53985359e-01
-6.47742872e-01
-4.87627244e-01
-3.78105391e-01
6.08476481e+00
6.14551475e+00
6.27895568e+00
6.44322830e+00
6.65405367e+00
6.16595945e+00
0.00000000e+00
-1.12887477e+00
-4.42130696e-02
-6.78118336e-01
1.25213436e-01
2.73792702e-01
0.00000000e+00
-3.18319046e-01
8.73269063e-01
-9.31249767e-01
-5.75830498e-01
-4.07521371e-02
1.75800840e+00
0.00000000e+00
0.00000000e+00
0.00000000e+00
-1.87415709e+00
1.86561006e+00
-3.07528837e+00
0.00000000e+00
-1.76449033e+00
-1.00293688e+00
-1.25122528e+00
-1.58552447e+00
-2.76742721e+00
0.00000000e+00
0.00000000e+00
0.00000000e+00
1.17737274e+00
-1.65025774e+00
-1.57641855e+00
-1.89194768e-01
0.00000000e+00
2.90250887e-01
-1.37654849e+00
1.71964971e+00
1.03433541e+00
0.00000000e+00
1.20926038e+00
9.56447803e-02
1.12127610e+00
2.26123365e+00
8.23567277e-01
1.37755565e+00
2.59394498e+00
0.00000000e+00
2.46013083e+00
1.69474722e+00
-7.00830256e-01
-1.25563473e-01
-5.97447620e-02
-3.30990006e-02
0.00000000e+00
-8.15965225e-01
0.00000000e+00
0.00000000e+00
0.00000000e+00
3.56112471e-01
0.00000000e+00
0.00000000e+00
-1.25353252e+00
0.00000000e+00
0.00000000e+00
2.00742375e+00
-6.62737455e-01
0.00000000e+00
0.00000000e+00
-1.70071912e-01
1.63360610e+00
-8.95411045e-01
2.60159076e+00
-9.64110037e-01
-1.29563997e+00
-1.16715132e+00
0.00000000e+00
0.00000000e+00
-6.51688800e-01
-5.75266783e-01
-4.65735021e-02
-3.73939085e-01
0.00000000e+00
-2.06659695e+00
0.00000000e+00
0.00000000e+00
0.00000000e+00
0.00000000e+00
-4.27670093e-01
-2.89987101e-01
0.00000000e+00
0.00000000e+00
-2.83674975e+00
0.00000000e+00
0.00000000e+00
0.00000000e+00
1.99963885e+00
2.60630468e+00
7.78208487e-01
2.09313539e+00
0.00000000e+00
1.37101117e+00
2.96446513e+00
1.09865917e+00
1.79212012e+00
0.00000000e+00
2.32725528e+00
1.70657868e+00
8.52445117e-01
2.20486714e+00
1.36923049e+00
1.67477059e+00
1.50703904e+00
8.23408736e-01
1.73399665e+00
1.95238045e+00
-1.40247000e+00
-5.28516972e-01
0.00000000e+00
1.50043270e-01
4.58989623e-01
-1.02222829e+00
0.00000000e+00
0.00000000e+00
0.00000000e+00
1.45716737e-01
1.17180724e+00
9.19130654e-01
6.85007154e-01
0.00000000e+00
9.25979108e-01
4.79939689e-01
1.25561135e+00
1.07111656e+00
0.00000000e+00
5.94444197e-01
1.14244146e+00
7.46794988e-01
4.76581942e-01
1.01650844e+00
5.50514657e-01
9.85808426e-02
4.38263210e-01
8.30085865e-01
9.69150949e-01
-8.73953027e-01
0.00000000e+00
6.70903405e-01
8.36363836e-01
-1.43427975e+00
-7.22708307e-01
0.00000000e+00
0.00000000e+00
3.52140925e-01
-7.11571447e-01
0.00000000e+00
0.00000000e+00
5.80908042e-01
1 -999999999 5 0 -1
1 0 1 1 -1
2.9362e-01 3.3407e-01
356
4.32578017e-01
0.00000000e+00
0.00000000e+00
0.00000000e+00
0.00000000e+00
0.00000000e+00
0.00000000e+00
0.00000000e+00
0.00000000e+00
0.00000000e+00
0.00000000e+00
0.00000000e+00
0.00000000e+00
0.00000000e+00
0.00000000e+00
0.00000000e+00
2.02175638e-01
2.30402379e-01
1.60993685e-01
-8.43386419e-02
-5.93427549e-02
5.70796604e-02
0.00000000e+00
0.00000000e+00
-4.57955585e-01
-4.95767555e-01
-1.16598164e-01
1.18546383e-01
4.56815953e-02
-2.55772650e-02
1.40889355e-01
8.41633424e-01
-4.09055407e-01
-1.09495475e+00
-6.37630192e-01
-5.96802403e-01
-5.90513505e-01
1.18902527e+00
3.09930148e-01
7.47562903e-01
6.05515293e-01
0.00000000e+00
0.00000000e+00
0.00000000e+00
0.00000000e+00
0.00000000e+00
0.00000000e+00
0.00000000e+00
0.00000000e+00
0.00000000e+00
0.00000000e+00
-2.73779085e-01
-2.21524929e-01
-2.29431335e-01
0.00000000e+00
0.00000000e+00
0.00000000e+00
0.00000000e+00
-1.09586177e+00
2.02537982e+00
9.94525232e-01
4.59650479e-02
9.87484792e-01
-1.01693134e+00
-9.11477767e-02
-6.93575266e-01
-3.62422462e-01
2.34857985e-02
0.00000000e+00
0.00000000e+00
0.00000000e+00
1.34212259e+00
-2.95513020e-02
8.59227619e-01
-6.51649919e-01
3.64619404e-03
4.57466832e-01
-2.57894656e-01
-7.57877267e-03
3.13991245e-01
7.10893017e-02
2.47148372e-01
4.11129855e-01
0.00000000e+00
0.00000000e+00
0.00000000e+00
0.00000000e+00
0.00000000e+00
0.00000000e+00
0.00000000e+00
-1.99474268e-02
-5.26368226e-01
-1.52167434e-01
-1.77821707e-01
-7.45753074e-01
-3.72504963e-01
1.38532458e-01
1.51333811e-01
4.95809685e-01
2.36543400e-01
1.28535519e+00
5.71757393e-01
0.00000000e+00
0.00000000e+00
2.12829564e+00
2.43234266e+00
-4.84339211e-01
5.12278682e-01
5.07804164e-01
6.02852246e-01
-4.69640484e-01
-3.85103103e-01
5.16337165e-02
1.45564471e-01
8.12333073e-02
-9.45614321e-01
-1.33569144e+00
2.33043460e-02
0.00000000e+00
0.00000000e+00
0.00000000e+00
0.00000000e+00
0.00000000e+00
0.00000000e+00
-7.65440037e-01
-4.45808866e-01
-3.17868288e-01
-3.51904582e-01
1.46442740e-01
-2.65185611e-01
5.91955848e+00
6.11113975e+00
5.73183763e+00
6.01571446e+00
6.02346596e+00
5.78779601e+00
-2.35708874e-01
1.67107659e-02
3.19448634e-01
-1.68866117e-01
-2.92083731e-01
1.54972736e-01
-1.37948264e+00
-5.22343302e-01
-8.64587436e-02
-8.41672775e-01
-7.43158146e-01
-7.69875849e-01
2.83852295e-01
0.00000000e+00
0.00000000e+00
0.00000000e+00
0.00000000e+00
0.00000000e+00
0.00000000e+00
0.00000000e+00
1.48725722e-01
1.03382502e+00
0.00000000e+00
0.00000000e+00
-8.94024998e-01
-9.03069920e-01
-8.01692629e-01
-1.09669472e+00
-1.69571763e+00
0.00000000e+00
0.00000000e+00
0.00000000e+00
-7.18361267e-01
2.00938468e-01
-1.21419647e+00
-4.80903124e-01
1.53389216e-01
-5.98122150e-01
-1.07233416e+00
-2.41286635e-01
1.59418642e+00
0.00000000e+00
-9.63487436e-01
8.32886553e-01
-1.43957056e-01
8.87322874e-01
-5.77203368e-01
2.71656097e-01
4.53691911e-01
-7.27661196e-01
9.44918166e-01
-2.97194475e-01
-5.60300327e-02
0.00000000e+00
0.00000000e+00
0.00000000e+00
2.87503813e-01
-5.94652357e-01
2.76883698e-01
1.11807790e-01
0.00000000e+00
3.40561589e-02
7.41607029e-01
-1.72181359e-01
-1.03933392e-01
0.00000000e+00
6.02854039e-01
4.35358616e-02
-2.78120186e-02
2.23120902e-01
-8.13217748e-02
-7.39468126e-02
-3.25386363e-01
1.02743383e+00
5.89661043e-02
1.56206772e-02
-5.06830729e-01
2.51317336e-02
0.00000000e+00
-1.31184243e+00
-4.64640276e-01
-1.29373051e-01
9.95389927e-03
1.44550885e-01
-1.61396142e-01
0.00000000e+00
0.00000000e+00
0.00000000e+00
-9.41423381e-01
9.36798187e-01
-3.22145811e-01
-2.42273114e-01
0.00000000e+00
5.99838487e-01
-1.50708684e-01
7.14965474e-01
8.64518485e-01
0.00000000e+00
-8.95018575e-01
6.88934786e-01
-1.58110499e-01
-5.33031117e-01
-4.08549208e-01
2.19175309e-01
2.77814840e-01
-6.20086316e-01
5.67056501e-01
-2.73842118e-01
-5.31962462e-01
1.19092988e-01
-1.75874663e-01
-7.10554771e-01
-1.18888690e+00
-9.19156731e-01
0.00000000e+00
-1.02362682e+00
1.04470089e-01
-9.66864382e-02
0.00000000e+00
2.74074150e-01
-2.69730166e-01
1.64759307e-01
-8.20519259e-01
3.86029786e-01
-1.99976464e+00
0.00000000e+00
0.00000000e+00
0.00000000e+00
4.71428262e-01
1.18130539e+00
-5.36206521e-01
-4.77091238e-01
-3.66272995e+00
-1.59686042e-01
5.40029344e-01
-4.76440910e-01
1.78372002e-01
0.00000000e+00
6.74851566e-01
4.05295802e-01
-7.80738771e-01
2.39250709e-01
5.14646302e-01
2.65490296e-01
2.40884339e-01
-1.74502672e+00
7.01904037e-01
4.24697456e-01
2.65997408e-02
0.00000000e+00
0.00000000e+00
0.00000000e+00
3.68771409e-01
1.03380039e-01
2.68923110e-01
8.91594457e-01
0.00000000e+00
5.56515012e-01
4.13249983e-01
4.21052591e-01
2.71719833e-01
0.00000000e+00
2.00239858e-01
1.63731147e-01
1.04488846e-01
5.09951513e-01
-3.36602324e-01
4.79879415e-01
3.41409646e-01
3.30108610e-01
2.08600598e-02
2.31413006e-01
-1.00502348e+00
-4.40372595e-01
0.00000000e+00
0.00000000e+00
6.96229410e-01
-1.26348384e-01
-1.42481572e-01
-1.71542638e-01
-4.68876229e-01
0.00000000e+00
0.00000000e+00
0.00000000e+00
5.74653412e-01
-1.11876878e-01
1.18574506e-01
-3.67576481e-01
0.00000000e+00
-5.49955055e-01
-8.61405204e-02
-7.47674326e-01
-1.51056973e-01
0.00000000e+00
4.51024861e-01
-2.10880605e-01
3.86204328e-02
1.44650848e-01
-4.45958105e-01
-1.19898472e-01
-2.48603736e-02
2.29861660e-01
4.27345291e-02
-5.91721136e-02
-5.64650886e-01
0.00000000e+00
0.00000000e+00
6.99893909e-01
-9.94741164e-01
-4.62697325e-01
0.00000000e+00
0.00000000e+00
0.00000000e+00
5.84397086e-02
-9.12075678e-02
-4.29929466e-01
-5.32043839e-01
0.00000000e+00
0.00000000e+00
0.00000000e+00
247
5.37237330e-01
0.00000000e+00
0.00000000e+00
0.00000000e+00
0.00000000e+00
0.00000000e+00
0.00000000e+00
0.00000000e+00
0.00000000e+00
4.96794126e-01
0.00000000e+00
0.00000000e+00
0.00000000e+00
0.00000000e+00
3.16305731e-01
2.20931599e-01
2.13084425e-01
1.03221306e-01
2.61906450e-01
5.30482817e-01
0.00000000e+00
0.00000000e+00
0.00000000e+00
-2.41034123e-01
-4.55262116e-01
-3.47724254e-02
-5.16053648e-01
6.62189158e-01
-1.24951828e-01
1.98105813e+00
-1.31886897e+00
1.27006559e+00
9.48621953e-01
-1.10267383e+00
0.00000000e+00
0.00000000e+00
0.00000000e+00
0.00000000e+00
0.00000000e+00
0.00000000e+00
0.00000000e+00
0.00000000e+00
0.00000000e+00
2.26155396e+00
-3.24020120e-02
-6.85695455e-01
-1.48271987e-03
-1.03862117e+00
-1.11402090e-02
3.12910985e-01
1.11082985e-01
2.02085592e-01
0.00000000e+00
0.00000000e+00
0.00000000e+00
0.00000000e+00
0.00000000e+00
0.00000000e+00
0.00000000e+00
2.18755204e+00
2.34765590e+00
2.67377824e-01
3.93906562e-01
4.36999580e-01
1.43166850e-01
-2.59549981e-01
-5.57562088e-01
6.33595690e-01
7.90453703e-01
7.95264162e-03
-4.38485979e-01
0.00000000e+00
3.72616173e-01
0.00000000e+00
0.00000000e+00
0.00000000e+00
0.00000000e+00
0.00000000e+00
0.00000000e+00
-9.58648974e-01
-5.63245682e-01
-3.10507582e-01
-3.25895681e-01
1.20929182e-01
2.26950166e-01
5.44922701e+00
5.66684626e+00
5.58806380e+00
5.62949031e+00
5.62935791e+00
5.42288825e+00
-1.80663838e-01
3.70262893e-01
2.59225172e-01
-3.38356239e-01
-5.96128334e-01
1.33859569e-01
0.00000000e+00
-5.65305295e-01
-2.99909989e-01
-1.07798464e+00
-7.20706488e-01
-1.04353922e+00
4.24338747e-01
0.00000000e+00
0.00000000e+00
0.00000000e+00
1.12898583e-01
8.19036692e-01
0.00000000e+00
0.00000000e+00
-6.51509608e-01
-9.98805106e-01
-8.74897760e-01
-9.35520811e-01
-1.65031471e+00
0.00000000e+00
0.00000000e+00
0.00000000e+00
-1.23198610e-01
7.69031043e-02
-1.50233134e+00
-9.74075771e-01
2.88348016e-01
1.70222767e-01
-1.72346810e+00
9.81164986e-02
1.11234672e+00
0.00000000e+00
-5.54858423e-01
7.42133588e-01
-8.38434295e-02
1.23632607e+00
-3.41880460e-01
4.43283868e-01
8.46163602e-01
-2.03913186e+00
8.62880677e-01
-1.84251624e-01
-5.67359803e-01
-3.34693658e-01
0.00000000e+00
-1.30063767e+00
-9.10513754e-01
-7.19169360e-02
0.00000000e+00
0.00000000e+00
0.00000000e+00
6.88788007e-01
-2.02650476e-01
9.10535714e-01
4.41486333e-01
0.00000000e+00
1.10495369e-01
9.96706047e-01
2.72251997e-03
-1.87210909e-01
0.00000000e+00
7.65027000e-01
3.32934994e-01
6.53890941e-01
5.61326965e-01
5.77938600e-02
1.82166160e-01
3.10915777e-01
0.00000000e+00
0.00000000e+00
5.52092255e-01
-2.32666145e-01
-2.65213362e-02
6.99168274e-02
-8.29779197e-01
-1.08295491e+00
-3.16815950e-01
0.00000000e+00
-9.41712614e-01
0.00000000e+00
-7.66138961e-01
4.50860083e-01
-4.62192673e-01
0.00000000e+00
-1.81041857e+00
0.00000000e+00
0.00000000e+00
0.00000000e+00
5.02833767e-01
-4.05776887e-02
-9.50831309e-01
-1.98340287e-01
-1.13942386e+00
2.82439094e-02
6.99939489e-01
-2.94706511e-01
4.99808008e-02
0.00000000e+00
8.14856867e-01
1.35311318e-01
-9.05632164e-01
4.40541702e-01
1.57486832e-01
3.98311336e-01
8.97901212e-02
-2.37042465e+00
5.49062576e-01
2.23159184e-01
-8.74179132e-01
-6.00005595e-01
0.00000000e+00
-1.27186182e+00
6.01409983e-01
2.54997512e-01
0.00000000e+00
0.00000000e+00
0.00000000e+00
-8.37493591e-02
5.46857039e-01
3.77085816e-01
5.70443169e-01
2.43101537e-02
2.74344685e-01
2.70820148e-01
5.95508194e-01
3.47602830e-01
0.00000000e+00
8.91557004e-02
3.89288105e-01
-2.18716556e-01
1.41723705e-01
8.64628473e-02
3.75582896e-01
1.31523761e-01
0.00000000e+00
2.32802540e-02
2.87899962e-01
-2.74173537e-01
0.00000000e+00
3.85303396e-01
4.17005060e-01
-9.36239439e-01
-2.74892165e-01
0.00000000e+00
0.00000000e+00
0.00000000e+00
-6.61347274e-01
0.00000000e+00
0.00000000e+00
0.00000000e+00
3 -999999999 5 0 1
2 0 1 1 1
1.2360e-01 3.0472e-01
356
2.38686407e-01
0.00000000e+00
0.00000000e+00
0.00000000e+00
0.00000000e+00
0.00000000e+00
0.00000000e+00
0.00000000e+00
0.00000000e+00
0.00000000e+00
0.00000000e+00
0.00000000e+00
0.00000000e+00
0.00000000e+00
0.00000000e+00
0.00000000e+00
1.29450780e-01
1.09235627e-01
1.48219367e-01
2.55621882e-01
4.22779384e-02
2.54345477e-01
0.00000000e+00
0.00000000e+00
-2.63212133e-01
-4.84291373e-01
-4.28942726e-01
2.19250838e-01
1.70482978e-01
1.45950187e-01
-1.68213798e-01
3.97873734e-01
-1.59187327e-01
-8.03663509e-01
-2.00823707e-01
3.63347879e-01
3.30705626e-01
6.07931127e-01
1.51464655e+00
5.93606116e-01
5.70743861e-01
2.38686407e-01
0.00000000e+00
-5.58093190e-01
-3.26189370e-01
1.36918966e+00
-7.00784527e-01
4.89770609e-01
-3.92976546e-01
3.07008988e-01
1.10892452e-01
-2.80860607e-01
-3.71383019e-01
-9.45767354e-01
0.00000000e+00
0.00000000e+00
0.00000000e+00
0.00000000e+00
-6.11518181e-01
8.25672603e-01
6.96814972e-01
-9.20071942e-02
5.33659779e-01
-5.11085001e-01
-2.04657445e-01
4.07308850e-01
-1.75612718e-01
-2.86862320e-02
0.00000000e+00
0.00000000e+00
0.00000000e+00
0.00000000e+00
0.00000000e+00
0.00000000e+00
5.20804639e-02
7.72533763e-03
4.31639102e-01
1.86605943e-01
6.11032337e-03
6.17275248e-01
-3.47102671e-01
1.76334503e-01
4.09454575e-01
0.00000000e+00
0.00000000e+00
0.00000000e+00
0.00000000e+00
0.00000000e+00
0.00000000e+00
0.00000000e+00
-5.04471264e-02
-3.26172709e-01
-2.40570023e-01
-1.89129256e-01
-1.03592956e-01
-1.38349205e-01
2.41655527e-01
1.76716228e-01
-3.76167323e-01
-8.27351794e-02
1.73282332e-01
4.78362467e-02
2.22915911e-01
5.97728234e-03
2.03800100e+00
2.01136733e+00
5.16100589e-01
1.25197937e+00
7.50278106e-01
6.22285447e-01
-6.69546393e-01
-1.22471477e+00
6.06580534e-01
-1.46027532e-02
-5.41740805e-01
-6.41329257e-01
0.00000000e+00
-8.41320183e-01
0.00000000e+00
0.00000000e+00
0.00000000e+00
0.00000000e+00
0.00000000e+00
0.00000000e+00
-5.88114605e-01
-4.41313871e-01
6.12324149e-03
-2.05369733e-01
-4.83153785e-01
-6.08521727e-02
4.40816041e+00
4.37549020e+00
4.14228456e+00
4.53471272e+00
4.63009004e+00
4.38736901e+00
7.37506866e-02
-1.29194662e-01
3.56813693e-03
-3.00299453e-01
-6.68450220e-01
8.08966326e-02
-4.17527146e-01
-1.76228170e-01
2.15344674e-01
-7.66464422e-01
-4.45439780e-01
-5.97018278e-01
1.24638235e+00
0.00000000e+00
0.00000000e+00
0.00000000e+00
0.00000000e+00
0.00000000e+00
0.00000000e+00
0.00000000e+00
-1.00769595e+00
2.26574317e-01
0.00000000e+00
0.00000000e+00
-6.04892177e-01
-9.76076558e-01
-1.19442242e+00
-7.96604367e-01
-1.79931460e+00
0.00000000e+00
0.00000000e+00
0.00000000e+00
-1.58542911e-01
1.34419920e-01
-1.01717625e+00
-3.80730747e-01
-7.39058502e-02
-7.57661337e-01
-1.52088272e+00
2.73419801e-01
-2.27735421e-01
0.00000000e+00
-1.76548381e+00
9.21543971e-02
-3.05322350e-01
9.69111099e-01
-2.62575799e-01
5.21653443e-01
1.38844180e+00
2.66118616e-01
1.07018481e+00
-4.48013061e-02
-1.86363873e-01
0.00000000e+00
0.00000000e+00
0.00000000e+00
3.02508574e-01
-6.08901805e-01
3.24637407e-01
7.21728249e-01
0.00000000e+00
1.02849499e+00
1.27463994e+00
7.06720839e-01
3.20122643e-02
0.00000000e+00
8.92757918e-01
-3.22903303e-01
-2.19486643e-01
9.68073645e-01
0.00000000e+00
6.54970181e-01
6.29534808e-01
0.00000000e+00
7.49228445e-01
7.26783690e-01
-6.43673821e-01
-9.20933804e-02
0.00000000e+00
0.00000000e+00
0.00000000e+00
6.29111156e-02
1.25374367e-01
-2.80378863e-01
-2.32902408e-02
0.00000000e+00
0.00000000e+00
0.00000000e+00
7.91222548e-02
-5.69730798e-01
-7.79437646e-01
-6.21018559e-01
0.00000000e+00
-2.59183257e-02
-3.98570125e-01
3.39844607e-01
-9.98830902e-01
0.00000000e+00
-6.26218921e-01
-2.79382353e-01
-1.24974642e-01
-7.34968298e-02
0.00000000e+00
-1.17961305e-01
4.63605087e-01
0.00000000e+00
1.18267834e+00
5.54126079e-02
-5.51580441e-01
0.00000000e+00
0.00000000e+00
0.00000000e+00
-1.15564078e+00
-5.12798796e-01
0.00000000e+00
0.00000000e+00
0.00000000e+00
8.33462070e-01
0.00000000e+00
-4.34178695e-01
-6.42841980e-01
0.00000000e+00
0.00000000e+00
0.00000000e+00
-1.77268093e+00
0.00000000e+00
0.00000000e+00
0.00000000e+00
9.31323936e-01
1.77841994e+00
-3.30527555e-01
5.31309105e-01
0.00000000e+00
5.42388438e-01
1.24934952e+00
2.11912133e-01
1.09733591e+00
0.00000000e+00
1.17256963e+00
1.22967727e+00
-1.80992217e-01
1.00421637e+00
-3.76333624e-01
1.19111696e+00
5.69356303e-01
-6.96281211e-01
2.32478871e-01
6.40208614e-01
1.90924847e-02
0.00000000e+00
0.00000000e+00
0.00000000e+00
6.45316313e-01
-8.95973141e-01
1.90256096e-01
5.25261298e-01
0.00000000e+00
8.14137729e-01
6.05857281e-01
8.36644530e-01
-2.72119037e-01
0.00000000e+00
4.38915215e-01
-3.79641096e-01
-1.45151990e-01
6.85400870e-01
0.00000000e+00
8.20761478e-01
8.01051854e-01
0.00000000e+00
4.89034295e-01
9.68402898e-01
-5.13679088e-01
1.91714636e-01
0.00000000e+00
0.00000000e+00
3.12706678e-01
1.32680585e-01
9.62543413e-02
-3.72202901e-02
-4.36188843e-01
0.00000000e+00
0.00000000e+00
0.00000000e+00
-1.44245124e-01
9.57142869e-01
5.85921698e-01
1.39215309e-01
0.00000000e+00
2.64791581e-01
-3.95818659e-01
-8.72375564e-01
5.79959011e-01
0.00000000e+00
-2.70780191e-02
9.50911045e-01
6.76548024e-01
1.23202790e-01
0.00000000e+00
-5.76793586e-01
-4.66218907e-01
0.00000000e+00
-1.21272577e-01
-6.55352385e-01
-7.05393724e-01
0.00000000e+00
0.00000000e+00
1.08892869e-01
-1.25900184e+00
-1.16779119e+00
0.00000000e+00
0.00000000e+00
0.00000000e+00
-2.21876666e-01
0.00000000e+00
-2.62208300e-01
-9.12106439e-02
0.00000000e+00
0.00000000e+00
-1.74433064e-01
247
-4.00416649e-01
0.00000000e+00
0.00000000e+00
0.00000000e+00
0.00000000e+00
0.00000000e+00
0.00000000e+00
0.00000000e+00
0.00000000e+00
7.67657341e-02
0.00000000e+00
0.00000000e+00
0.00000000e+00
0.00000000e+00
-2.11429918e-01
-1.88986731e-01
-2.50068890e-01
3.86389718e-02
-1.72148774e-01
1.35362299e-01
0.00000000e+00
0.00000000e+00
0.00000000e+00
-3.81307665e-01
-6.26053336e-01
1.56302701e-01
2.15849217e-01
2.22858019e-01
-6.23274667e-01
1.48460413e+00
-1.26174612e+00
-7.75961775e-01
8.41790041e-01
-4.72115758e-01
-4.00416649e-01
0.00000000e+00
-2.21210681e+00
1.81169016e+00
-2.69580398e-01
5.02982797e-01
1.04450496e+00
0.00000000e+00
0.00000000e+00
0.00000000e+00
0.00000000e+00
-1.87186460e-01
2.62093750e-03
-2.13230189e-01
2.50773515e-03
-2.00325215e-02
-1.91884278e-01
1.82568808e-01
0.00000000e+00
0.00000000e+00
0.00000000e+00
0.00000000e+00
0.00000000e+00
0.00000000e+00
0.00000000e+00
1.64945212e+00
1.65386176e+00
-7.31227265e-02
-1.80944564e-01
1.98257363e-01
3.95241031e-01
-7.00694770e-02
2.58969213e-02
6.60020944e-01
2.12564383e-01
-2.32098150e-01
-8.71418548e-01
-1.08604926e+00
-1.02814669e+00
0.00000000e+00
0.00000000e+00
0.00000000e+00
0.00000000e+00
0.00000000e+00
0.00000000e+00
-8.90551684e-01
-5.22333327e-01
-3.97289282e-01
-9.38932766e-02
1.30640136e-01
-2.80850978e-01
5.79839669e+00
6.15010594e+00
5.91553150e+00
5.89817998e+00
5.68302843e+00
5.76784116e+00
-3.98937871e-01
3.33200212e-01
2.93967467e-01
-9.47552778e-02
-5.86604205e-01
9.26716207e-02
-7.97119174e-01
-6.66214163e-01
-9.51460124e-01
-8.69117349e-01
-8.26397073e-01
-7.67065055e-01
2.95258548e-01
0.00000000e+00
0.00000000e+00
0.00000000e+00
-6.95675197e-01
9.53131278e-01
0.00000000e+00
0.00000000e+00
-7.90128111e-01
-1.25974066e+00
-1.04025042e+00
-1.01402799e+00
-2.04986877e+00
0.00000000e+00
0.00000000e+00
0.00000000e+00
-5.71470746e-01
6.77857020e-02
-6.57371829e-01
-3.66646971e-01
1.55413493e-01
-2.63165068e-01
-1.18717810e+00
-5.34741978e-01
1.48916249e+00
0.00000000e+00
-6.67926682e-01
8.85345576e-01
-5.88493702e-01
7.96244181e-01
-4.21356362e-02
3.25071041e-01
5.48703030e-01
-1.74556475e+00
3.40296057e-01
-3.31948738e-02
-7.43559306e-01
-1.48589173e-01
0.00000000e+00
0.00000000e+00
0.00000000e+00
-3.09457821e-01
0.00000000e+00
0.00000000e+00
0.00000000e+00
-2.34858688e-02
7.06641936e-02
2.89759033e-01
2.68728410e-02
0.00000000e+00
4.81846858e-02
6.62361994e-01
8.47834757e-02
1.37534372e-02
0.00000000e+00
2.70064925e-01
-1.72993158e-02
3.28882895e-01
8.22206312e-02
-2.67148584e-01
-1.18340402e-01
-2.07546151e-01
0.00000000e+00
-3.14418387e-01
-4.96053009e-02
-5.94970133e-01
0.00000000e+00
0.00000000e+00
0.00000000e+00
-1.30630946e+00
-6.41538939e-01
0.00000000e+00
0.00000000e+00
0.00000000e+00
-6.64770523e-01
0.00000000e+00
0.00000000e+00
0.00000000e+00
-2.05427841e+00
0.00000000e+00
0.00000000e+00
0.00000000e+00
4.05569218e-01
7.69652266e-01
-5.69168127e-01
5.59059369e-01
-1.98817512e+00
2.82769184e-01
5.56248850e-01
-3.84796951e-01
-1.53874172e-01
0.00000000e+00
4.71792803e-01
1.67672921e-01
-2.02434914e+00
4.20741784e-01
3.77507810e-01
3.60177619e-01
3.67673135e-02
-2.12284918e+00
4.17721401e-01
3.63253733e-01
-9.01146584e-01
-4.56676343e-01
0.00000000e+00
0.00000000e+00
0.00000000e+00
-3.20424726e-02
0.00000000e+00
0.00000000e+00
0.00000000e+00
4.51603797e-01
-4.32786176e-01
-7.31055325e-02
-9.47899186e-02
0.00000000e+00
0.00000000e+00
6.75966811e-02
6.28323134e-01
2.34153688e-01
0.00000000e+00
4.20476233e-01
-6.31984964e-01
0.00000000e+00
2.67983129e-01
-1.90754134e-01
3.95970303e-01
6.45240179e-01
0.00000000e+00
0.00000000e+00
4.54531481e-01
-4.44470242e-01
0.00000000e+00
0.00000000e+00
4.70138176e-02
-1.15313183e+00
0.00000000e+00
0.00000000e+00
0.00000000e+00
0.00000000e+00
-5.69557747e-01
0.00000000e+00
0.00000000e+00
2.65350485e-01
2 1
2.7737e-01 4.5768e-02
3 1
0 1 3 
217
7.73541605e-01
-4.06366407e-01
-3.46220162e-01
-9.82494383e-02
1.92312085e-01
6.08493899e-01
6.40371499e-01
-7.48759575e-01
-2.59683843e-01
-8.51554431e-03
9.61436357e-02
-6.09709481e-01
1.04398228e-01
1.24132693e-01
0.00000000e+00
0.00000000e+00
0.00000000e+00
2.11123704e+00
-3.93325536e-02
1.62750375e-01
-1.99160531e-01
-1.26388982e-02
4.82119775e-02
-1.13853490e+00
-6.42779018e-03
-1.82927277e-02
3.89944289e-01
1.69180783e-01
2.51837029e-01
0.00000000e+00
0.00000000e+00
0.00000000e+00
0.00000000e+00
0.00000000e+00
0.00000000e+00
0.00000000e+00
9.64114084e-02
-2.31152409e-01
2.78644262e-01
6.29638344e-01
0.00000000e+00
0.00000000e+00
0.00000000e+00
0.00000000e+00
9.64114084e-02
1.10714268e-01
-4.17921018e-01
3.26795015e-01
7.60543409e-02
-1.80002119e-01
1.31851366e-01
6.29638344e-01
0.00000000e+00
0.00000000e+00
0.00000000e+00
0.00000000e+00
0.00000000e+00
0.00000000e+00
0.00000000e+00
0.00000000e+00
7.76431240e-01
1.10714268e-01
-2.10015311e-01
-3.28722157e-01
2.15118254e-01
-1.20576764e+00
6.59970912e-01
1.12425587e+00
2.27174596e-01
1.23463139e+00
0.00000000e+00
1.03177898e-01
-1.32185390e-01
5.06618402e-01
-3.52213533e-01
1.63745306e-01
6.93642917e-01
0.00000000e+00
1.15999674e-01
-1.01578723e+00
3.67152873e-01
5.66231742e-01
2.90389059e-01
1.69991819e-01
0.00000000e+00
0.00000000e+00
0.00000000e+00
0.00000000e+00
0.00000000e+00
0.00000000e+00
0.00000000e+00
0.00000000e+00
0.00000000e+00
0.00000000e+00
0.00000000e+00
0.00000000e+00
0.00000000e+00
0.00000000e+00
0.00000000e+00
0.00000000e+00
0.00000000e+00
0.00000000e+00
0.00000000e+00
0.00000000e+00
0.00000000e+00
0.00000000e+00
0.00000000e+00
0.00000000e+00
0.00000000e+00
0.00000000e+00
0.00000000e+00
0.00000000e+00
0.00000000e+00
0.00000000e+00
0.00000000e+00
0.00000000e+00
0.00000000e+00
0.00000000e+00
0.00000000e+00
1.83150269e-01
-1.99018751e-01
-3.84964798e-01
0.00000000e+00
0.00000000e+00
0.00000000e+00
2.28716008e-01
-1.78240224e-01
-1.06955479e+00
-5.51711026e-02
3.40641726e-02
-2.76348915e-01
-1.36686296e+00
-5.89384697e-01
1.42139045e+00
0.00000000e+00
-1.72796506e+00
9.56489632e-01
-5.01271671e-01
1.17301541e+00
-2.00065969e-01
2.44471199e-01
9.94016118e-01
-6.55342988e-01
1.48970607e+00
-3.06625488e-01
1.19375997e-01
0.00000000e+00
0.00000000e+00
0.00000000e+00
-2.55131027e-01
7.15999934e-01
2.47814773e-01
-1.44011179e-01
-2.55276660e-01
5.06250761e-01
4.11809623e-01
1.92795835e-01
-3.27547545e-01
0.00000000e+00
6.25003575e-01
5.85534377e-01
-5.25101636e-01
-2.73226124e-01
-4.64232314e-01
-1.64957168e-01
-2.12837143e-01
-2.90758580e-01
-6.40805272e-01
3.88051767e-01
-1.16381319e+00
0.00000000e+00
0.00000000e+00
0.00000000e+00
3.08216283e-01
1.02472005e+00
-7.49798376e-01
2.66860676e-01
-7.94542331e-01
6.24332533e-02
3.64465321e-01
-2.45035606e-01
-4.68853886e-01
0.00000000e+00
-2.52761132e-01
1.99396640e-01
-9.57299607e-01
1.62342712e-01
8.26455141e-01
5.99216652e-01
1.49819945e-01
-1.81304602e+00
2.44091577e-01
-9.04944760e-02
1.39323262e-01
0.00000000e+00
0.00000000e+00
0.00000000e+00
-1.71582932e-01
-1.61496333e-01
-9.65402021e-02
-1.08321508e-01
-6.98754207e-01
2.19865198e-01
2.92233876e-02
2.17427925e-01
2.16307916e-01
0.00000000e+00
2.81458824e-01
3.83680700e-01
-3.69370954e-01
1.83288988e-01
-3.72669147e-01
-6.29458339e-02
2.26528347e-01
3.55624365e-01
-1.13474465e-01
1.81073193e-01
136
-5.62424573e-01
0.00000000e+00
0.00000000e+00
2.23412155e+00
-3.33684557e-02
-1.01727342e+00
-6.90889428e-03
-1.77927270e+00
-5.41603525e-03
-8.09797126e-01
1.23505281e-01
3.07393470e-01
0.00000000e+00
0.00000000e+00
0.00000000e+00
0.00000000e+00
0.00000000e+00
0.00000000e+00
0.00000000e+00
0.00000000e+00
3.70665442e-02
-2.04113597e-01
-3.86014388e-01
0.00000000e+00
0.00000000e+00
0.00000000e+00
0.00000000e+00
0.00000000e+00
-2.05744080e-01
-5.81101690e-01
-2.98373233e-01
8.23912314e-01
6.95267138e-01
-6.01007502e-01
-3.86014388e-01
0.00000000e+00
0.00000000e+00
0.00000000e+00
0.00000000e+00
0.00000000e+00
0.00000000e+00
0.00000000e+00
0.00000000e+00
0.00000000e+00
0.00000000e+00
0.00000000e+00
-1.86036861e-01
-1.81523149e-01
1.18096251e+00
1.20292269e-01
-1.25464145e+00
0.00000000e+00
1.30407224e+00
2.87674413e-01
6.84002236e-01
-2.62971761e-01
0.00000000e+00
-1.09458214e+00
4.93665319e-01
-1.57821744e-01
-9.73030684e-01
-2.05744080e-01
-3.58196878e-01
0.00000000e+00
0.00000000e+00
0.00000000e+00
0.00000000e+00
0.00000000e+00
0.00000000e+00
0.00000000e+00
0.00000000e+00
0.00000000e+00
0.00000000e+00
0.00000000e+00
0.00000000e+00
0.00000000e+00
0.00000000e+00
0.00000000e+00
0.00000000e+00
0.00000000e+00
0.00000000e+00
0.00000000e+00
0.00000000e+00
0.00000000e+00
0.00000000e+00
0.00000000e+00
4.99904164e-01
1.65289864e-01
-1.58851877e-01
0.00000000e+00
0.00000000e+00
0.00000000e+00
1.66977583e-02
4.16090191e-01
-7.89898069e-01
1.15832995e-01
-5.92299796e-01
-4.78264672e-01
-4.50354647e-01
-4.44780014e-01
7.45285332e-01
0.00000000e+00
-7.70889437e-01
1.22029045e+00
-7.07607078e-01
9.63402054e-01
-3.18332343e-01
5.02558936e-01
8.66380875e-01
-1.31902569e+00
6.66633000e-01
1.99428276e-01
-1.00932170e+00
0.00000000e+00
0.00000000e+00
0.00000000e+00
1.29109782e-01
1.10122616e+00
-4.09414934e-01
2.02310111e-01
-2.13952467e+00
1.71182954e-01
4.80732154e-01
-1.90732979e-01
2.69678911e-01
0.00000000e+00
2.33619444e-01
2.17779103e-01
-1.19970045e+00
3.45319596e-01
6.16488504e-01
3.92741916e-01
1.91761223e-01
-2.02144880e+00
3.13181465e-01
2.86368809e-01
8 2
2.8296e-01 1.4689e-01
4 3
0 1 3 2 
217
-1.56215725e-01
6.25769157e-01
-7.87025439e-01
-5.53667908e-01
-6.19496518e-01
7.34855961e-01
3.49281389e-01
5.59970500e-02
2.61605506e-01
3.04364109e-01
5.73252890e-01
3.78319264e-01
-7.20858992e-01
-1.31841071e-01
0.00000000e+00
0.00000000e+00
0.00000000e+00
0.00000000e+00
0.00000000e+00
0.00000000e+00
0.00000000e+00
0.00000000e+00
0.00000000e+00
-4.24355935e-01
6.43903488e-03
4.43099427e-01
4.40318223e-02
1.28696110e-01
-1.64648753e-01
0.00000000e+00
0.00000000e+00
0.00000000e+00
0.00000000e+00
0.00000000e+00
0.00000000e+00
0.00000000e+00
0.00000000e+00
-2.36432853e-01
-3.74970850e-01
5.00884674e-02
4.31921484e-01
0.00000000e+00
0.00000000e+00
0.00000000e+00
0.00000000e+00
-2.42974475e-01
-2.44873088e-01
-3.80284625e-02
-7.46527802e-02
2.29210370e-01
2.38994424e-01
1.86321460e-01
0.00000000e+00
-3.93105952e-01
-6.13997207e-01
3.78805528e-01
2.01955977e-01
-5.43793903e-01
2.87553834e-02
4.31921484e-01
2.51330523e-01
-2.42974475e-01
-1.37749801e-01
2.73241133e-01
-4.37812907e-01
-5.49585131e-01
-1.87797967e-01
1.72627161e+00
1.96154016e-01
5.35012604e-01
0.00000000e+00
-5.24115246e-01
-7.86806909e-02
2.77035295e-01
-4.14305265e-01
9.08642254e-02
4.90255255e-01
0.00000000e+00
-8.54928140e-01
-9.82958341e-01
2.88603581e-01
4.19380042e-01
4.10108834e-01
1.32059824e+00
0.00000000e+00
2.71754749e-02
-2.28614552e-01
8.07363316e-02
-3.31312168e-01
-2.64127532e-01
-1.85900650e-01
0.00000000e+00
0.00000000e+00
0.00000000e+00
0.00000000e+00
0.00000000e+00
0.00000000e+00
0.00000000e+00
0.00000000e+00
0.00000000e+00
0.00000000e+00
0.00000000e+00
0.00000000e+00
0.00000000e+00
0.00000000e+00
0.00000000e+00
0.00000000e+00
0.00000000e+00
0.00000000e+00
0.00000000e+00
0.00000000e+00
0.00000000e+00
0.00000000e+00
0.00000000e+00
0.00000000e+00
0.00000000e+00
0.00000000e+00
0.00000000e+00
0.00000000e+00
-5.07487906e-01
3.94908856e-01
-2.91449600e-01
0.00000000e+00
0.00000000e+00
0.00000000e+00
1.75616854e-01
1.49310161e+00
-1.21951743e+00
8.64489625e-02
-4.28280678e-01
-3.30336301e-01
-5.01538577e-01
-2.95835455e-01
-1.43630834e-01
0.00000000e+00
-1.55379206e+00
1.49787831e+00
-9.69536670e-01
4.81459098e-01
4.28026249e-02
3.14775676e-01
6.65494765e-01
-2.73137336e-01
3.41520860e-01
3.25056973e-01
-1.41145626e-01
0.00000000e+00
0.00000000e+00
0.00000000e+00
3.74049357e-02
-8.92834471e-01
-3.52511801e-02
-6.38972971e-02
-5.60646940e-01
1.15623857e-01
-2.79565789e-01
1.95292715e-01
1.61225985e-01
0.00000000e+00
-1.09473808e-01
-4.16938622e-01
-4.70182587e-02
4.27582628e-01
-7.52997175e-02
1.61039944e-01
4.67699570e-01
-5.29000634e-02
4.95978780e-01
3.30832107e-01
-1.02070645e+00
0.00000000e+00
0.00000000e+00
0.00000000e+00
2.39936705e-01
1.71438355e+00
-4.82704818e-01
9.94565469e-01
-1.67090166e-01
2.52827856e-01
9.57120944e-01
-1.53659497e-01
2.15131325e-01
0.00000000e+00
6.98470298e-01
-1.03260433e+00
-4.93716628e-01
3.52327276e-01
-2.83182471e-03
6.36338560e-01
6.16749414e-01
-6.03363052e-01
-2.42650630e-01
5.73127296e-01
-5.43399393e-01
0.00000000e+00
0.00000000e+00
0.00000000e+00
6.35226384e-01
2.78942614e-01
4.15451691e-01
1.36335208e-01
-2.40365095e-01
5.28420058e-01
3.31493900e-01
7.78647412e-01
6.40029125e-01
0.00000000e+00
2.70574620e-01
1.38113756e+00
6.80372226e-01
5.37115412e-01
9.40064089e-01
5.81432776e-01
4.51144524e-01
6.95341367e-02
4.43863528e-01
3.97867066e-01
136
-6.26459561e-02
0.00000000e+00
0.00000000e+00
0.00000000e+00
0.00000000e+00
9.10983355e-03
6.93170331e-03
-7.17557897e-02
5.78275958e-03
-4.14784509e-02
-1.48318447e-02
3.57479282e-02
0.00000000e+00
0.00000000e+00
0.00000000e+00
0.00000000e+00
0.00000000e+00
0.00000000e+00
0.00000000e+00
0.00000000e+00
-2.62677620e-02
-1.70712152e-01
-4.11487036e-02
2.14917752e-01
0.00000000e+00
0.00000000e+00
0.00000000e+00
0.00000000e+00
-4.30366086e-01
-3.10726382e-01
1.62025251e-02
4.91088200e-01
3.47996697e-01
-3.00244472e-01
-4.06873622e-02
2.23736506e-01
-1.88556511e-02
-6.74708707e-01
3.35184268e-01
4.58897457e-01
1.30969291e-01
-4.66614901e-01
2.14917752e-01
0.00000000e+00
0.00000000e+00
0.00000000e+00
-1.61502680e-01
-4.56504710e-01
1.05693517e+00
-9.46686144e-02
-1.25421691e+00
0.00000000e+00
1.16403132e+00
1.47686601e-01
4.43372305e-01
-2.66493314e-01
0.00000000e+00
-8.98968617e-01
5.69008185e-01
-2.11663749e-01
-1.02185532e+00
-4.30366086e-01
-8.44744271e-01
-6.58886700e-01
1.42865279e-02
1.00728667e-01
0.00000000e+00
0.00000000e+00
0.00000000e+00
0.00000000e+00
0.00000000e+00
0.00000000e+00
0.00000000e+00
0.00000000e+00
0.00000000e+00
0.00000000e+00
0.00000000e+00
0.00000000e+00
0.00000000e+00
0.00000000e+00
0.00000000e+00
0.00000000e+00
0.00000000e+00
0.00000000e+00
0.00000000e+00
0.00000000e+00
3.72036506e-01
5.26597152e-02
-2.85423141e-01
0.00000000e+00
0.00000000e+00
0.00000000e+00
7.03075201e-02
5.62737468e-01
-7.84812297e-01
-8.50033864e-02
-4.23490121e-01
-2.45509338e-01
-6.84621244e-01
-4.49662305e-01
1.00223019e+00
0.00000000e+00
-7.63014305e-01
1.48386182e+00
-7.60356570e-01
8.19765909e-01
-1.59722256e-01
4.99229357e-01
6.55269896e-01
-1.48995778e+00
3.25848287e-01
1.41476010e-01
-9.85908168e-01
0.00000000e+00
0.00000000e+00
0.00000000e+00
7.48208538e-02
1.07862577e+00
-4.56516902e-01
2.01614372e-01
-1.86339117e+00
2.33848960e-01
5.31833307e-01
-2.43664416e-01
2.24576496e-01
0.00000000e+00
2.93702287e-01
3.97182537e-01
-1.64913561e+00
4.14093215e-01
4.22834711e-01
4.13181760e-01
1.91173812e-01
-1.88341416e+00
2.95018418e-01
3.37707589e-01
7 1
1.4759e-01 2.1133e-01
5 1
0 1 3 2 8 
217
3.05977151e-01
-4.17503891e-01
-5.41137555e-01
-1.02931558e-01
-5.92455391e-01
1.29979724e+00
5.92098470e-01
3.42936895e-01
7.41034818e-01
-7.78764044e-01
-4.20601585e-01
1.11946135e-01
0.00000000e+00
0.00000000e+00
0.00000000e+00
0.00000000e+00
0.00000000e+00
-1.91951586e-01
1.27926993e-02
3.34942477e-01
5.61557534e-01
-8.04545163e-03
7.90870798e-01
-6.36287959e-02
-5.97873887e-03
6.03042201e-01
3.42252955e-03
2.89451390e-02
3.45132008e-01
0.00000000e+00
0.00000000e+00
0.00000000e+00
0.00000000e+00
0.00000000e+00
0.00000000e+00
0.00000000e+00
0.00000000e+00
-1.97383793e-01
-4.24969092e-02
3.62172594e-02
1.93185494e-01
3.38754396e-01
0.00000000e+00
0.00000000e+00
0.00000000e+00
-3.05413517e-01
-3.49828989e-02
1.78934755e-01
4.64709201e-01
-1.01234085e-01
-2.11031537e-01
-1.53079443e-03
0.00000000e+00
-2.22734537e-01
-6.07366772e-01
8.16422881e-01
-2.12126745e-02
-1.38508365e-01
-2.52465419e-01
5.83271285e-01
2.89318082e-01
5.19889540e-01
-4.80931175e-01
-3.37275798e-01
-1.65954673e-01
-7.37149793e-01
5.11155106e-01
9.46390217e-01
2.98052516e-01
1.09292752e+00
0.00000000e+00
-1.65274348e-01
-1.29738205e-01
5.19212286e-01
-3.42400438e-01
-4.79607860e-02
1.07674065e+00
0.00000000e+00
-1.60204598e-02
-9.47399557e-01
3.57321085e-01
7.55548758e-01
-3.53234734e-02
-9.56787178e-02
0.00000000e+00
-3.28481710e-02
8.82157758e-02
1.00491282e-01
-6.55729055e-01
2.38334040e-01
1.91318845e-01
0.00000000e+00
-4.55289163e-02
-2.28333086e-01
3.19934280e-01
-3.95242602e-01
3.15717883e-02
3.33188407e-02
0.00000000e+00
0.00000000e+00
0.00000000e+00
0.00000000e+00
0.00000000e+00
0.00000000e+00
0.00000000e+00
0.00000000e+00
0.00000000e+00
0.00000000e+00
0.00000000e+00
0.00000000e+00
0.00000000e+00
0.00000000e+00
0.00000000e+00
0.00000000e+00
0.00000000e+00
0.00000000e+00
0.00000000e+00
0.00000000e+00
0.00000000e+00
5.47030190e-01
-8.16479644e-02
3.07349833e-01
0.00000000e+00
0.00000000e+00
0.00000000e+00
-1.76776584e-02
3.11248932e-01
-1.02626652e+00
5.53069746e-01
4.01558904e-02
4.06842856e-01
-1.12474934e+00
-7.59679746e-01
1.07244401e+00
0.00000000e+00
-8.33587127e-01
1.33815100e+00
-4.16913480e-01
7.18505114e-01
-2.05212845e-01
3.07318071e-01
8.49426064e-01
-7.44993979e-01
1.48456465e-01
-3.09187610e-01
-3.71651030e-01
0.00000000e+00
0.00000000e+00
0.00000000e+00
-1.48518168e-01
1.80609895e-01
3.66632913e-01
-2.45011793e-01
-2.01281414e-01
-5.49575232e-01
5.12227300e-01
2.20110847e-01
-1.53060544e-01
0.00000000e+00
9.09454799e-02
-3.10081253e-02
-4.38704373e-01
3.32992197e-01
-1.11150033e-01
1.78638801e-01
-2.70315129e-01
-3.84890810e-01
-5.90491394e-02
3.38756298e-01
-9.01316653e-01
0.00000000e+00
0.00000000e+00
0.00000000e+00
-1.86840228e-01
9.67902415e-01
-5.38357636e-01
-1.19804747e-01
-9.62792976e-01
1.53858427e-01
2.91210709e-01
-4.04866835e-02
-6.30131309e-02
0.00000000e+00
1.93575480e-02
1.53417638e-01
-1.41669368e+00
3.68045780e-01
6.33720695e-01
4.66726405e-01
2.37630564e-01
-1.39056907e+00
3.12584929e-01
2.12786386e-01
-2.10648457e-01
0.00000000e+00
0.00000000e+00
0.00000000e+00
2.36415246e-01
-1.18752192e-01
-6.18511218e-02
3.84943166e-01
-1.16171831e+00
-4.27408722e-03
1.53568331e-01
-2.17669714e-01
7.32898101e-02
0.00000000e+00
1.85323352e-01
3.10781135e-01
8.81249788e-02
2.83101108e-01
-1.07891749e-02
2.57551707e-02
-2.86957528e-02
-3.29566659e-01
-5.01675657e-02
3.15338248e-02
136
2.61790106e-01
0.00000000e+00
0.00000000e+00
3.36594394e+00
-5.31902461e-02
-1.38200697e+00
-3.57049191e-03
-1.72214687e+00
-1.13315250e-02
-1.43336204e-01
1.45938571e-01
3.83519870e-01
0.00000000e+00
0.00000000e+00
0.00000000e+00
0.00000000e+00
0.00000000e+00
0.00000000e+00
0.00000000e+00
0.00000000e+00
-2.82046816e-02
-5.65520968e-02
1.15983001e-01
1.06662434e-01
1.44231909e-01
0.00000000e+00
0.00000000e+00
0.00000000e+00
-2.22950809e-01
-1.16867451e-01
-3.60285557e-01
5.59358257e-01
3.16898516e-01
-1.39068166e-01
-2.62945462e-01
5.36261678e-01
1.34440706e-01
-6.43228939e-01
-5.00108792e-02
2.39749768e-01
3.16797774e-01
-4.04680472e-01
3.79784227e-01
0.00000000e+00
0.00000000e+00
0.00000000e+00
-6.26318740e-03
1.63247769e-02
1.05476913e+00
1.32136981e-01
-1.17883283e+00
0.00000000e+00
1.85909281e+00
4.28545017e-01
6.06218535e-01
7.25281264e-02
0.00000000e+00
-7.44104336e-01
5.09231325e-01
-1.71410923e-01
-6.81005876e-01
-1.96794058e-01
-2.16931706e-01
-5.82635826e-01
1.33589989e-01
8.87458303e-02
0.00000000e+00
-9.23225186e-01
-5.15957851e-02
-1.74919170e-01
-5.30947843e-01
0.00000000e+00
0.00000000e+00
0.00000000e+00
0.00000000e+00
0.00000000e+00
0.00000000e+00
0.00000000e+00
0.00000000e+00
0.00000000e+00
0.00000000e+00
0.00000000e+00
0.00000000e+00
0.00000000e+00
0.00000000e+00
0.00000000e+00
3.23869195e-01
2.05707997e-01
-2.66924871e-01
0.00000000e+00
0.00000000e+00
0.00000000e+00
6.19792122e-02
4.39736975e-01
-9.06225446e-01
-5.34046624e-02
-7.21266914e-01
-1.64598998e-02
-7.50677336e-01
-3.45136769e-01
9.09210361e-01
0.00000000e+00
-9.85498304e-01
1.30989806e+00
-7.10886687e-01
9.33722471e-01
-3.06882087e-01
3.80382460e-01
9.30398687e-01
-1.37989088e+00
6.28618802e-01
3.15457084e-01
-1.03283033e+00
0.00000000e+00
0.00000000e+00
0.00000000e+00
2.08230506e-01
1.03523823e+00
-4.40497404e-01
1.27540806e-01
-2.07978833e+00
1.09350561e-01
5.58129942e-01
-7.11107519e-02
3.13122460e-01
0.00000000e+00
2.71200194e-01
2.71006258e-01
-1.18336264e+00
2.13719129e-01
3.85154472e-01
3.96304414e-01
3.32759135e-01
-1.92430714e+00
1.41231583e-01
3.03248248e-01
6 1
-3.5753e-01 3.1224e-01
6 0
0 1 3 2 8 7 
217
-4.65697343e-01
-5.99855593e-01
3.66209975e-01
-2.04121485e-01
-6.49629606e-01
1.32253873e+00
6.02914738e-01
-6.19045969e-01
5.52483615e-01
4.83878188e-01
0.00000000e+00
0.00000000e+00
0.00000000e+00
0.00000000e+00
-4.43854927e-01
3.23800595e-03
-2.67373306e-01
-5.71889561e-01
-3.00534029e-03
-4.02096086e-03
5.50047144e-01
-7.00657282e-02
2.97669094e-02
0.00000000e+00
0.00000000e+00
0.00000000e+00
-6.57836790e-01
2.17374963e-01
1.35581052e-01
0.00000000e+00
0.00000000e+00
0.00000000e+00
0.00000000e+00
0.00000000e+00
0.00000000e+00
0.00000000e+00
0.00000000e+00
3.40337867e-01
-5.06460711e-01
-2.91918864e-01
-4.93943161e-01
-1.76987130e-01
7.13346203e-01
0.00000000e+00
0.00000000e+00
-2.72136771e-01
-5.00747871e-01
-2.61667821e-01
7.61796648e-01
-5.71481391e-02
2.39110164e-01
-1.93840251e-01
0.00000000e+00
2.95989889e-01
-2.52130167e-01
1.10949994e+00
-2.08690442e-01
-7.77777231e-01
2.30364469e-01
9.79809357e-02
1.14371625e-01
-1.73471071e-01
-3.56526351e-01
0.00000000e+00
-4.06597898e-01
-1.69640482e+00
1.42842192e-01
1.32561643e+00
-2.01941637e-01
7.92716801e-01
0.00000000e+00
-9.34266746e-01
-5.76242211e-01
8.14205062e-01
-6.84127025e-01
-3.45635660e-01
1.22768568e+00
0.00000000e+00
-5.57493498e-01
-3.70981043e-01
-4.21903909e-01
7.09707327e-01
5.13700064e-01
3.74493667e-01
0.00000000e+00
-3.34705587e-01
-8.22911056e-02
5.35495009e-01
-9.23630038e-01
-6.66486766e-01
1.95881682e-01
0.00000000e+00
-4.46699912e-01
-6.65786888e-01
4.84612926e-01
-3.90948632e-01
-5.03610358e-01
4.78560044e-01
0.00000000e+00
1.45508036e-02
-4.90879128e-01
-1.16323473e-01
8.49015871e-02
-3.63924675e-01
-1.87055017e-02
0.00000000e+00
0.00000000e+00
0.00000000e+00
0.00000000e+00
0.00000000e+00
0.00000000e+00
0.00000000e+00
0.00000000e+00
0.00000000e+00
0.00000000e+00
0.00000000e+00
0.00000000e+00
0.00000000e+00
0.00000000e+00
8.63197119e-01
3.87960891e-01
-3.85214360e-01
0.00000000e+00
0.00000000e+00
0.00000000e+00
5.86916034e-01
9.92486875e-01
-7.69420735e-01
2.36158873e-02
-8.57832640e-02
4.30852829e-01
-4.71512300e-02
-1.85847243e-01
2.82855560e+00
0.00000000e+00
2.50720378e-01
2.17540611e+00
-7.27117965e-01
1.19091510e+00
1.24408776e+00
3.06761536e-01
1.24270467e+00
-1.39126475e+00
1.33716461e+00
-4.64249894e-02
-7.38449415e-01
0.00000000e+00
0.00000000e+00
0.00000000e+00
1.50337276e-01
8.18811125e-01
1.07548314e+00
4.91917836e-01
-5.35738760e-02
4.47417419e-01
1.14850428e+00
7.76702162e-01
-2.97057768e-01
0.00000000e+00
5.98215718e-01
-1.68730306e-01
-7.27255549e-01
-2.83718803e-01
-1.51454657e+00
6.54828910e-01
5.80925462e-02
1.53476511e+00
4.48436474e-01
9.20363439e-01
-8.03036578e-01
0.00000000e+00
0.00000000e+00
0.00000000e+00
3.64552045e-01
1.01693198e+00
-1.16278545e-03
7.16407572e-01
-1.02450385e+00
1.83032876e-01
9.12493014e-01
-7.29006189e-01
4.89721122e-01
0.00000000e+00
-2.80780341e-01
-1.81080450e-01
-1.73574631e+00
4.04366850e-01
2.21683057e-01
-1.78996072e-01
4.64676642e-01
-1.68437913e+00
5.76901467e-01
-3.38148086e-01
-2.21363252e-01
0.00000000e+00
0.00000000e+00
0.00000000e+00
-8.30861426e-01
-2.82324287e-01
-3.82754383e-01
3.86421675e-01
-6.22795308e-01
-3.22620109e-02
-5.10872957e-01
8.07614400e-01
-4.52195176e-01
0.00000000e+00
1.80275833e-01
-3.89402894e-01
8.37029038e-01
1.00841747e-01
1.70291658e-01
4.71977894e-01
1.70367792e-02
-4.33662999e-01
1.29774984e-01
6.14504182e-01
136
-5.87853650e-01
-4.00143229e-01
1.35885642e-02
-2.28042042e-01
-7.68945811e-03
4.03316206e-02
-7.74774540e-02
0.00000000e+00
0.00000000e+00
-1.74485702e+00
4.72717537e-01
6.90877049e-01
0.00000000e+00
0.00000000e+00
0.00000000e+00
0.00000000e+00
0.00000000e+00
0.00000000e+00
0.00000000e+00
0.00000000e+00
2.41623836e-01
-1.31292676e-01
-1.19019572e-01
-2.17106001e-01
-3.14729945e-01
-2.16881294e-02
0.00000000e+00
0.00000000e+00
2.41182987e-01
-3.26235279e-01
-3.94932981e-01
6.26520004e-02
5.10844847e-01
-1.73835310e-01
-1.61874835e-01
6.79754121e-01
4.86594816e-02
-7.53019194e-01
-5.01909126e-02
-3.31453958e-02
3.15003823e-02
-5.39110698e-01
2.96230106e-01
0.00000000e+00
0.00000000e+00
0.00000000e+00
0.00000000e+00
1.36674423e-01
9.41588804e-01
-8.02933469e-02
-9.22163536e-01
0.00000000e+00
1.51511545e+00
1.99644478e-01
6.81264427e-01
-3.25490554e-01
0.00000000e+00
-5.81114746e-01
6.96980089e-01
-1.79745480e-01
-7.75484370e-01
-7.10249451e-01
-1.35216310e+00
-7.43682006e-01
-4.33672615e-02
-3.96558680e-02
0.00000000e+00
-5.17759950e-01
-1.40888338e-01
-1.52332520e-02
-6.65601054e-01
0.00000000e+00
3.84664344e-01
4.17081918e-02
9.05002390e-02
-4.12931079e-01
0.00000000e+00
0.00000000e+00
0.00000000e+00
0.00000000e+00
0.00000000e+00
0.00000000e+00
0.00000000e+00
0.00000000e+00
0.00000000e+00
0.00000000e+00
7.89632451e-01
5.43532341e-01
-1.21201478e-02
0.00000000e+00
0.00000000e+00
0.00000000e+00
-1.03298037e-01
7.63164526e-01
-9.08831502e-01
-4.72338303e-02
-1.98960407e-01
-6.37702324e-01
-2.32715399e-01
-3.47367820e-01
2.16838965e-01
0.00000000e+00
-9.51774472e-02
8.77094856e-01
-6.38317033e-01
1.00825692e+00
-3.35040899e-02
3.44405924e-01
4.67667846e-01
-1.44075056e+00
7.38000877e-01
2.56308388e-01
-9.02040113e-01
0.00000000e+00
0.00000000e+00
0.00000000e+00
2.50859440e-01
1.23473204e+00
-2.31728702e-01
5.61586277e-01
-2.06129909e+00
3.70164811e-01
9.35597389e-01
-4.67376267e-01
2.91012525e-01
0.00000000e+00
3.19141239e-01
-1.56534270e-01
-1.54025438e+00
3.80142843e-01
3.63873127e-01
1.82436396e-01
1.35772179e-01
-2.28067695e+00
4.52987144e-01
3.57524142e-01
13 1
-2.6155e-01 3.3334e-01
7 1
0 1 3 2 8 7 6 
217
6.50812615e-01
-4.02510348e-01
-4.29094935e-01
3.61452453e-02
4.58057547e-01
8.24762496e-02
4.56575168e-01
-5.31120811e-01
-1.14795931e-01
-4.20224124e-01
-5.73538082e-01
8.15919801e-01
4.24513912e-01
1.53579120e-01
0.00000000e+00
0.00000000e+00
0.00000000e+00
1.79345625e+00
-2.87294352e-02
3.93557156e-01
-6.68659976e-01
-3.56202275e-03
2.43502976e-01
-4.73983663e-01
-1.43018808e-02
-3.32005187e-01
1.49936487e-01
2.43442904e-01
3.21239367e-01
0.00000000e+00
0.00000000e+00
0.00000000e+00
0.00000000e+00
0.00000000e+00
0.00000000e+00
0.00000000e+00
0.00000000e+00
-3.01034775e-01
-1.61211142e-01
-1.18715219e-01
3.57886608e-02
3.57664573e-01
8.29527351e-01
0.00000000e+00
0.00000000e+00
-1.45708910e-01
4.01161658e-01
1.19938708e-01
1.42338855e-01
-3.21391364e-02
-2.17394628e-02
-1.10652670e-01
0.00000000e+00
-5.12691582e-02
-8.31729386e-01
8.90188557e-01
9.33968787e-02
2.94533410e-01
-4.87715736e-01
9.65805015e-01
9.74490983e-02
2.26602983e-01
3.30153863e-01
-7.64766168e-01
-5.15117033e-01
-1.95221472e+00
8.44295294e-01
1.21088531e+00
1.08640052e+00
1.19466721e+00
0.00000000e+00
-2.74444068e-01
-1.86968177e-01
5.61296924e-01
-4.18858127e-01
3.63959759e-01
6.52658160e-01
0.00000000e+00
-1.93014538e-01
-7.82873550e-01
4.26803144e-01
9.24190922e-01
4.17024010e-01
6.00389391e-01
0.00000000e+00
3.44471225e-01
-1.75558344e-02
3.29365114e-01
-8.45044890e-01
-2.30237242e-02
-4.56637829e-02
0.00000000e+00
5.34513658e-01
-3.02519816e-01
2.33530388e-01
-3.73301864e-02
-1.17231430e-01
-2.18211303e-01
0.00000000e+00
1.72817064e-01
-3.09235572e-01
3.65844910e-01
-5.41964583e-01
1.12150641e-01
3.53701351e-02
-3.70536541e-01
-3.92579661e-01
-1.39679394e-02
7.34165676e-01
-6.90077656e-01
6.79763140e-01
2.02308858e-01
0.00000000e+00
0.00000000e+00
0.00000000e+00
0.00000000e+00
0.00000000e+00
0.00000000e+00
0.00000000e+00
5.78380334e-01
-3.84510701e-01
-7.08898611e-01
0.00000000e+00
0.00000000e+00
0.00000000e+00
1.41060417e-01
9.39419744e-01
-9.32752404e-01
-3.20581931e-02
7.83813432e-03
2.72917780e-01
-4.14878526e-01
-4.59878349e-01
7.53465072e-01
0.00000000e+00
-1.61728357e+00
1.26952352e+00
-9.59462423e-01
4.45211757e-01
-7.99383638e-01
1.09606222e+00
7.75067617e-01
-1.28193133e+00
-1.24062895e-02
1.00569845e-01
2.52033680e-01
0.00000000e+00
0.00000000e+00
0.00000000e+00
-3.90100912e-01
4.34709590e-02
-1.31713616e-01
-1.11552127e-02
-6.37037694e-02
4.10979248e-02
-2.50002236e-01
2.14433254e-01
-2.99103349e-01
0.00000000e+00
4.32601928e-01
1.68111678e-01
-1.37414348e-01
-2.33368412e-02
1.15256989e-01
-4.28003075e-01
-9.66452572e-02
9.49346458e-01
3.03172070e-01
-1.84278965e-01
-1.45967543e+00
0.00000000e+00
0.00000000e+00
0.00000000e+00
-3.37139729e-01
1.19257745e+00
-6.21263402e-01
-7.60588686e-01
-1.27218790e+00
-2.92598470e-03
1.15713496e+00
-4.76756718e-01
2.40289415e-01
0.00000000e+00
2.50719220e-01
6.38727823e-01
-1.81778907e+00
3.78378900e-01
4.01265635e-01
6.63101877e-01
5.02206719e-01
-1.94860675e+00
7.61149009e-01
-4.07968192e-01
1.73821187e-01
0.00000000e+00
0.00000000e+00
0.00000000e+00
2.17430477e-01
-3.98767903e-01
-2.68485381e-01
2.32584011e-01
-3.42730984e-01
1.88362464e-01
-2.62823987e-01
2.25000579e-01
-1.37140340e-01
0.00000000e+00
1.20150426e-02
3.40182594e-01
4.97679225e-02
8.72693758e-02
1.05712333e-01
-7.39655832e-02
-1.75918170e-01
4.08068221e-01
-3.64881799e-01
3.32142314e-01
136
-2.28221111e-01
0.00000000e+00
0.00000000e+00
2.05180435e+00
-3.44478094e-02
-8.59281811e-01
-6.50868919e-03
-1.42074365e+00
-1.24349017e-02
-4.78199083e-01
8.22400694e-02
3.40895810e-01
0.00000000e+00
0.00000000e+00
0.00000000e+00
0.00000000e+00
0.00000000e+00
0.00000000e+00
0.00000000e+00
0.00000000e+00
2.10217849e-01
-4.89384291e-02
-9.81460084e-02
-8.19909580e-02
-9.02781415e-02
-1.63528537e-01
6.86209379e-02
0.00000000e+00
2.77344373e-02
-2.43995538e-01
-2.54845692e-01
3.96832994e-01
4.34363568e-01
-3.49371790e-01
-2.30803799e-01
2.92070452e-01
-8.84543516e-02
-4.23594702e-01
-1.71899198e-03
1.82456409e-01
1.83222680e-01
-4.08314989e-01
2.90303021e-01
0.00000000e+00
0.00000000e+00
0.00000000e+00
-3.28748618e-01
-2.59273365e-01
1.01180622e+00
8.94613324e-02
-9.69743018e-01
0.00000000e+00
1.39412137e+00
2.67707797e-01
5.40991274e-01
-2.21916234e-01
0.00000000e+00
-7.26909204e-01
5.30956788e-01
-1.43408080e-01
-9.16786842e-01
-7.64863124e-01
-2.81014434e-01
-5.62076728e-01
1.54794877e-01
-1.58570083e-01
0.00000000e+00
-5.78054836e-01
1.49754027e-02
-8.45954127e-02
-4.37418911e-01
0.00000000e+00
6.83276218e-01
3.02283243e-02
1.61381181e-01
-3.29306244e-01
-3.58702247e-02
-2.96222524e-02
-3.07314441e-01
2.45321630e-01
9.60423258e-02
0.00000000e+00
0.00000000e+00
0.00000000e+00
0.00000000e+00
0.00000000e+00
3.35494226e-01
9.06834590e-02
-2.86715708e-01
0.00000000e+00
0.00000000e+00
0.00000000e+00
1.05764270e-01
4.59726837e-01
-8.23425176e-01
-3.29307230e-02
-5.48330364e-01
-3.59602211e-01
-5.57952359e-01
-3.54346428e-01
1.05072161e+00
0.00000000e+00
-8.12505013e-01
1.16358718e+00
-8.04858371e-01
8.88532668e-01
-1.84391888e-01
4.37991891e-01
8.32247515e-01
-1.63462582e+00
6.35924341e-01
2.51756334e-01
-1.11532229e+00
0.00000000e+00
0.00000000e+00
0.00000000e+00
1.57200620e-01
1.00954038e+00
-4.61542306e-01
2.87157508e-01
-2.02546177e+00
1.07582983e-01
5.17654233e-01
-8.47983172e-02
2.57261141e-01
0.00000000e+00
2.64268768e-01
1.98928730e-01
-1.18996603e+00
3.52437706e-01
4.67448486e-01
3.83182159e-01
3.48024472e-01
-2.03416622e+00
-8.88208403e-03
3.38807258e-01
10 1
-3.4153e-01 3.7080e-01
8 1
0 1 3 2 8 7 6 13 
217
4.37268652e-02
-5.88136667e-01
-2.49879297e-01
-3.63017580e-02
-4.50145600e-01
4.80284306e-01
-2.48120636e-02
4.15600261e-01
4.63698584e-01
4.43121452e-02
5.79315605e-02
-1.36657336e-01
0.00000000e+00
0.00000000e+00
0.00000000e+00
0.00000000e+00
0.00000000e+00
-9.94191464e-01
2.74285149e-02
4.19487787e-02
9.61322414e-01
-1.08384833e-02
9.25255021e-01
7.65959151e-02
-1.05774333e-02
9.00300120e-01
3.35554947e-01
1.88569684e-01
4.59772434e-01
0.00000000e+00
0.00000000e+00
0.00000000e+00
0.00000000e+00
0.00000000e+00
0.00000000e+00
0.00000000e+00
0.00000000e+00
8.65714859e-03
-5.24949879e-01
-1.44849753e-01
2.30737629e-02
1.72424693e-01
9.25478927e-02
4.16823000e-01
0.00000000e+00
-2.09693996e-02
-3.80806887e-01
-5.91099972e-02
-3.10768065e-01
2.52807295e-01
-1.15620338e-01
4.64944467e-01
9.90585741e-01
-2.89676339e-01
-5.61304139e-01
4.87366535e-01
-9.50315167e-01
-1.79768586e-01
-8.62089133e-02
8.02570661e-01
-1.76032579e-01
-4.35701394e-01
6.55460839e-01
-1.00659882e+00
-4.07838945e-01
-5.59846811e-01
9.67433727e-01
1.01413006e+00
4.90730907e-01
4.73972810e-01
0.00000000e+00
-5.08104522e-01
-4.30172842e-01
6.44869117e-01
-5.35946359e-01
-9.30377294e-02
1.29371334e+00
0.00000000e+00
1.66085513e-01
-7.11750516e-01
-3.14647607e-02
5.88361099e-01
-9.08938873e-02
1.57815570e-01
0.00000000e+00
-1.69522926e-01
-7.18654681e-02
2.55566158e-01
-6.03735074e-01
-4.23163668e-02
-1.96615482e-01
0.00000000e+00
-4.86901187e-02
3.26202743e-02
-6.20336472e-02
-1.07889541e-01
1.54450631e-01
3.36986556e-01
0.00000000e+00
2.74147804e-01
-5.10944356e-02
-1.51820485e-01
2.29635294e-01
-7.86004535e-02
1.58271859e-01
-5.35348339e-01
-6.57786185e-01
5.11959842e-02
8.56431940e-01
-6.57553721e-01
3.80429449e-01
1.60224908e-01
0.00000000e+00
2.65061020e-01
-1.73690865e-01
-1.43530890e-01
1.66948961e-01
-7.78032649e-02
2.12369668e-01
6.02299753e-01
-2.97662134e-02
-2.43685399e-02
0.00000000e+00
0.00000000e+00
0.00000000e+00
-9.43515416e-03
1.46580766e+00
-1.45756141e-01
1.27556465e-01
-4.93408736e-03
4.48124777e-01
-6.26121493e-01
-6.39650269e-01
1.68441821e+00
0.00000000e+00
-5.80036383e-01
1.98848442e+00
-6.87141759e-01
9.12897037e-01
2.39008035e-01
7.96603898e-01
1.14793583e+00
-4.15700818e-01
-4.85447528e-01
1.37184797e-02
-8.25729379e-01
0.00000000e+00
0.00000000e+00
0.00000000e+00
3.38225665e-01
-2.52511716e-01
1.77396166e-01
4.21727561e-01
1.10857253e-01
-9.63398289e-02
7.21903411e-01
6.69595060e-01
1.68826641e-02
0.00000000e+00
6.62345071e-01
-2.78532219e-01
1.69635639e-01
1.78229870e-01
2.84259207e-01
1.03329149e-01
-8.57433209e-02
-2.96724553e-01
9.08971834e-03
9.47628688e-01
-7.31691341e-01
0.00000000e+00
0.00000000e+00
0.00000000e+00
6.71523531e-02
6.99837806e-01
-4.91517973e-01
8.68351800e-01
-1.55736165e+00
6.11179372e-01
8.26506641e-01
-7.76889504e-01
1.28316072e-01
0.00000000e+00
2.04872722e-01
7.01560642e-02
-1.26015839e+00
6.78643391e-01
4.43136044e-01
2.74708074e-01
5.91571401e-01
-2.04778370e+00
-1.23333160e-01
6.09212918e-02
-5.63488787e-01
0.00000000e+00
0.00000000e+00
0.00000000e+00
2.80550717e-01
1.17216080e-01
-3.53765808e-01
-5.66328597e-01
-4.94619510e-01
-2.07740481e-01
-3.59506718e-01
4.29997811e-01
-2.91693506e-01
0.00000000e+00
4.08054506e-02
3.41715118e-01
-1.63158795e-01
-3.00538857e-02
2.01545243e-01
2.95445954e-01
6.35064931e-02
1.54302177e-01
-1.50680588e-01
1.28974058e-01
136
4.69860231e-02
0.00000000e+00
0.00000000e+00
3.35503283e+00
-5.76610247e-02
-1.40051819e+00
-5.21788958e-03
-1.90752862e+00
-1.30824242e-02
-1.23913194e-01
-2.59106071e-02
3.07846266e-01
0.00000000e+00
0.00000000e+00
0.00000000e+00
0.00000000e+00
0.00000000e+00
0.00000000e+00
0.00000000e+00
0.00000000e+00
6.68917981e-02
-1.78408037e-02
-1.09132874e-02
-5.48965039e-02
6.49009757e-02
-6.44069835e-02
7.47973844e-02
0.00000000e+00
-3.55023814e-02
-2.29873022e-01
-4.82014056e-01
4.62211101e-01
3.23145195e-01
-2.94872329e-01
-3.01577696e-01
4.84017663e-01
7.59757840e-02
-5.74184914e-01
-1.08070781e-02
1.42167558e-01
4.11834826e-01
-3.23332796e-01
4.17082557e-01
0.00000000e+00
0.00000000e+00
0.00000000e+00
-1.81259583e-01
-1.69891545e-01
1.07976811e+00
9.02376959e-02
-1.00447961e+00
0.00000000e+00
1.84656536e+00
3.79431756e-01
6.41037150e-01
-3.41619951e-01
0.00000000e+00
-7.89672394e-01
5.04389368e-01
-1.80107594e-01
-7.70647618e-01
-5.47369384e-01
-1.59198549e-01
-5.58430045e-01
1.13642298e-01
9.38650791e-03
0.00000000e+00
-3.93791972e-01
4.67983701e-02
-7.01747048e-02
-4.74397298e-01
0.00000000e+00
9.80778806e-01
2.45952878e-01
1.90940748e-01
-1.08698144e-02
1.08292011e-01
9.00530669e-02
-2.86099571e-01
2.48390813e-01
-7.06619259e-02
0.00000000e+00
-7.80786113e-01
-1.07045097e-01
-1.74815760e-01
-9.08787439e-02
3.21376328e-01
7.31287991e-02
-2.99808654e-01
0.00000000e+00
0.00000000e+00
0.00000000e+00
-2.00903941e-02
3.58771967e-01
-8.49048863e-01
5.49108469e-02
-6.53216400e-01
3.61938045e-02
-7.39835497e-01
-3.97480211e-01
9.16073451e-01
0.00000000e+00
-8.30805786e-01
1.29668697e+00
-6.28621545e-01
8.65113644e-01
-2.20033112e-01
3.68793629e-01
8.56078346e-01
-1.46023642e+00
5.61145709e-01
1.85791215e-01
-1.12964642e+00
0.00000000e+00
0.00000000e+00
0.00000000e+00
1.26535442e-01
9.69448914e-01
-4.80363699e-01
1.88112934e-01
-2.06413363e+00
9.74596277e-03
5.23663354e-01
-4.62107286e-02
2.51484407e-01
0.00000000e+00
2.14456809e-01
4.16907524e-01
-1.20564479e+00
3.43291465e-01
4.30242425e-01
4.22764816e-01
2.15707362e-01
-1.89807150e+00
1.43344356e-01
3.09072160e-01
5 1
-5.6462e-01 4.1040e-01
8 0
0 1 3 2 8 7 6 13 
217
-5.39408613e-01
-3.80256180e-01
6.17502711e-01
-8.06958172e-02
-4.27537620e-01
8.33329206e-03
-3.13966095e-01
3.07730092e-01
6.11271094e-01
1.08456801e-01
-4.09175992e-01
-4.41456201e-03
0.00000000e+00
0.00000000e+00
-5.61879627e-01
1.61846214e-03
-3.85770382e-01
-5.84694558e-02
-1.00928379e-03
4.88282918e-01
2.34357028e-01
-6.81646507e-03
1.63817253e-01
0.00000000e+00
0.00000000e+00
0.00000000e+00
9.00664684e-02
-3.70527834e-01
-2.10849712e-01
0.00000000e+00
0.00000000e+00
0.00000000e+00
0.00000000e+00
0.00000000e+00
0.00000000e+00
0.00000000e+00
0.00000000e+00
-2.12120454e-01
-1.73095257e-01
-1.05370534e-01
-2.14661551e-01
-2.10853230e-01
1.02286801e-01
2.79588942e-01
0.00000000e+00
-3.85663064e-01
1.28331282e-01
-1.55257367e-01
6.60251933e-02
2.06309276e-01
-1.08664308e-01
-1.21132611e-01
0.00000000e+00
-2.26292023e-01
-1.78540196e-01
2.53403303e-01
-1.74415264e-01
2.72191579e-01
-4.49856069e-01
4.25836688e-01
-5.68812141e-01
-1.02074575e-01
1.36661432e-01
0.00000000e+00
-8.08804394e-01
7.29828999e-01
2.74468730e-01
7.34968892e-01
-5.07294895e-03
1.08845522e+00
0.00000000e+00
-3.33529336e-01
-1.43710624e-01
3.15800696e-01
1.28591493e-01
-5.21679973e-01
7.53875616e-01
0.00000000e+00
-6.55703099e-01
-6.43875243e-01
4.24273891e-02
5.59353288e-01
7.38670967e-02
9.83773067e-01
0.00000000e+00
-3.81698176e-01
-1.87472422e-01
1.11706996e-01
-6.50816534e-01
-2.69417432e-01
-2.52664632e-01
0.00000000e+00
-2.89691081e-01
-3.85115096e-01
-1.13467188e-01
-1.90892942e-01
-1.36250344e-01
9.99162732e-02
0.00000000e+00
-2.67342566e-01
-1.78554151e-01
4.09327864e-02
-2.28780833e-01
-3.12998834e-01
2.42508510e-01
-4.10988717e-01
-7.24661411e-01
-2.24978632e-01
4.38847268e-01
-7.57489472e-01
1.57394246e-01
1.00217354e-01
0.00000000e+00
-2.18508367e-01
-3.19737299e-01
-1.99835768e-01
4.77855817e-02
-1.21064478e-01
-4.67318203e-02
9.71528401e-01
5.98458371e-01
1.47059132e-01
0.00000000e+00
0.00000000e+00
0.00000000e+00
-4.11603667e-02
5.97430571e-01
-6.67903547e-01
1.14332659e-01
-5.00343022e-01
-3.87605689e-01
-4.75728652e-01
-5.59126918e-01
8.92725452e-01
0.00000000e+00
-5.95237060e-01
1.15826018e+00
-5.64696872e-01
7.72862631e-01
2.26850671e-01
7.24574978e-01
6.55358736e-01
-1.49567029e+00
4.30672249e-01
-1.38536580e-01
-2.39752597e-01
0.00000000e+00
0.00000000e+00
0.00000000e+00
4.06015910e-01
3.59601888e-01
4.73565911e-01
1.52651286e-01
-6.17830024e-01
3.07732784e-01
4.50229426e-01
3.96817486e-01
-4.39689377e-01
0.00000000e+00
6.20562647e-01
-1.32204065e-01
-5.23993696e-01
-1.09112729e-01
-5.74379894e-01
-4.32355742e-01
-2.07493239e-01
-7.92877210e-01
-3.12645318e-01
7.35651359e-01
-8.66083410e-01
0.00000000e+00
0.00000000e+00
0.00000000e+00
1.33558016e-01
7.04972494e-01
-4.78675508e-01
3.02032671e-01
-2.06277696e+00
2.51416954e-01
4.70908744e-01
2.12845968e-01
7.73822231e-01
0.00000000e+00
1.33025813e-01
4.91346767e-01
-1.67863866e+00
3.27760005e-01
-1.38002092e-01
3.73447291e-01
2.11348054e-01
-1.44014525e+00
4.97566131e-01
4.81039321e-02
-2.86791260e-01
0.00000000e+00
0.00000000e+00
0.00000000e+00
-2.56826882e-01
3.78753343e-01
-2.31120626e-01
4.90874527e-01
-7.36621770e-01
-4.12042903e-01
5.25433396e-01
-9.17579162e-02
-6.96793564e-01
0.00000000e+00
-4.34589990e-01
-1.26555448e+00
1.14484185e+00
5.75333508e-01
7.63847648e-01
2.02621656e-01
3.16372844e-01
-1.20486673e+00
2.08285859e-01
4.37018968e-01
136
-5.07024898e-01
6.01609801e-01
-6.03821957e-03
2.67204002e-01
-8.34563003e-03
-5.00722629e-01
-8.42090492e-03
0.00000000e+00
0.00000000e+00
-1.86604309e-01
-5.36595836e-02
1.57537086e-01
0.00000000e+00
0.00000000e+00
0.00000000e+00
0.00000000e+00
0.00000000e+00
0.00000000e+00
0.00000000e+00
0.00000000e+00
-2.91303959e-01
-4.08813960e-01
-2.86235984e-01
-4.97619880e-02
2.81327379e-01
2.26149366e-01
4.41160128e-02
0.00000000e+00
7.66368837e-04
-4.35459773e-01
-7.16756480e-02
-1.71236957e-01
3.44082574e-01
-3.51412111e-01
4.70417986e-02
1.69970740e-01
-5.88307337e-02
-5.12278012e-01
5.78389890e-01
-4.31345689e-01
1.95998109e-01
-4.55028945e-01
7.34780882e-01
0.00000000e+00
0.00000000e+00
0.00000000e+00
0.00000000e+00
3.29058677e+00
1.50331527e+00
6.00187741e-01
-5.02203948e-01
0.00000000e+00
-4.13829803e-02
-2.48285529e-01
2.69083357e-01
-2.83518025e-01
0.00000000e+00
-4.19904560e-01
5.45226883e-01
-1.59671051e-01
-7.96136180e-01
-8.28393483e-01
-5.19479320e-01
-6.47980371e-01
2.20969716e-02
3.24690878e-02
0.00000000e+00
-3.29570451e-01
-2.95556591e-02
-6.07269050e-02
-4.69582712e-01
0.00000000e+00
3.15624869e-01
-1.83745970e-02
3.78123214e-02
-4.19224767e-01
-2.25322698e-01
-1.62700199e-01
-3.55482544e-01
1.77592905e-01
-2.29992405e-02
0.00000000e+00
-1.09396527e+00
-1.49478913e-01
-2.78674291e-01
-3.81363131e-02
3.45366438e-01
9.25635514e-02
-3.73884794e-01
0.00000000e+00
0.00000000e+00
0.00000000e+00
-9.41613119e-02
3.66270140e-01
-1.05231317e+00
-2.22274309e-02
-4.27049719e-01
-2.21577941e-01
-5.54987416e-01
-4.52134487e-01
9.12494386e-01
0.00000000e+00
-7.60697567e-01
1.30290752e+00
-6.13905764e-01
9.21155004e-01
-1.05994715e-01
4.46088497e-01
8.82862231e-01
-1.64229797e+00
4.60837419e-01
2.80847501e-01
-1.17235015e+00
0.00000000e+00
0.00000000e+00
0.00000000e+00
2.69761021e-01
8.96444531e-01
-4.26950596e-01
1.89625760e-01
-1.96330662e+00
2.05961354e-01
5.14513129e-01
-1.71920086e-01
1.40062201e-01
0.00000000e+00
3.12882160e-01
3.52173756e-01
-1.43091091e+00
4.24652639e-01
5.19063381e-01
3.97163841e-01
1.72772257e-01
-1.88568463e+00
-1.23762957e-02
3.23722966e-01
9 1
-7.9563e-01 4.6294e-01
8 0
0 1 3 2 8 7 6 13 
217
-5.36563655e-01
-4.87188473e-01
6.13087971e-01
-3.95401707e-01
-2.28640540e-01
-3.00707127e-01
-6.30568360e-01
7.83424116e-01
4.64311173e-01
-3.37669047e-01
0.00000000e+00
0.00000000e+00
0.00000000e+00
0.00000000e+00
7.03390921e-02
-1.02484471e-03
2.06764095e-01
1.37386439e-02
-1.15283497e-03
1.28472818e-01
1.20383767e-01
-1.29444609e-03
-1.57333200e-01
0.00000000e+00
0.00000000e+00
0.00000000e+00
2.75856571e-01
-3.11489634e-01
-2.72811168e-01
0.00000000e+00
0.00000000e+00
0.00000000e+00
0.00000000e+00
0.00000000e+00
0.00000000e+00
0.00000000e+00
0.00000000e+00
-2.24282726e-01
-2.85166379e-01
-1.13754531e-01
5.89619678e-02
-2.99878754e-01
-2.65295775e-01
6.06535761e-01
0.00000000e+00
-1.73919196e-01
-2.24309040e-01
-9.73563343e-02
7.27934877e-02
-2.79560065e-01
1.64615155e-01
1.15442183e-01
5.98237827e-01
-3.19236560e-01
-7.78911747e-01
5.23059477e-01
-3.50617131e-01
-1.23196743e-01
-3.16432711e-01
7.16073532e-01
-4.80494118e-01
-3.95670186e-01
3.53283868e-01
0.00000000e+00
-8.97869949e-01
-1.54824470e+00
3.37136854e-01
7.38867984e-01
2.41694407e-02
6.05205627e-01
0.00000000e+00
-6.38744170e-01
-5.96253537e-01
4.22891052e-01
-4.62912053e-01
-3.20710538e-01
1.24976930e+00
0.00000000e+00
-5.35681363e-01
-1.60011261e+00
-2.45430948e-01
7.68044056e-01
2.44548656e-01
6.40022409e-01
0.00000000e+00
-4.85539600e-01
-3.61007943e-01
-4.51174891e-02
-4.70901775e-01
-5.90656601e-03
-1.14546204e-01
0.00000000e+00
-5.04517643e-01
-3.67411895e-01
-6.67435529e-01
-1.30532282e-01
6.35389517e-01
7.73260062e-01
0.00000000e+00
-1.14769727e-02
-2.53510830e-01
-1.45602757e-01
1.95069097e-02
-3.79483925e-01
-3.67245112e-01
-8.36015045e-01
-4.95296236e-01
1.26682351e-01
8.08431105e-01
-6.17709428e-01
-1.36834786e-02
-3.91544836e-01
0.00000000e+00
-9.51837911e-02
1.11262789e-01
-1.01843900e-01
-1.30518830e-01
-3.39535964e-01
-1.54035380e-01
1.39529237e+00
3.20558146e-01
2.67264191e-01
0.00000000e+00
0.00000000e+00
0.00000000e+00
-1.23999309e-01
9.39365078e-01
-1.31029108e+00
3.05213036e-01
-7.48773282e-01
-1.11026973e-02
-5.20369164e-01
-2.76920338e-01
1.09298436e+00
0.00000000e+00
-5.86605043e-01
1.62976523e+00
-1.05325091e+00
1.22766151e+00
-8.12502791e-02
4.48387254e-01
7.15923216e-01
-1.33865880e+00
-2.81453774e-01
2.40639178e-01
-2.01347827e-01
0.00000000e+00
0.00000000e+00
0.00000000e+00
3.40450795e-01
4.66743653e-01
1.36926474e-02
3.64183396e-01
-1.08943585e+00
-2.53203084e-01
8.30147116e-01
1.81214910e-02
-1.36751272e+00
0.00000000e+00
7.24129620e-01
1.69119660e-01
6.59516139e-01
-7.32287610e-01
-2.94726012e-01
1.34549172e-01
-1.52987314e-01
-1.96701773e-01
-5.74501720e-02
2.22303011e-01
-1.55242926e+00
0.00000000e+00
0.00000000e+00
0.00000000e+00
6.92193953e-01
1.51569631e+00
2.51265884e-01
6.88137587e-01
-5.76331947e-01
6.02792521e-01
1.25143622e+00
-6.89003298e-02
1.16145501e+00
0.00000000e+00
5.96908558e-01
2.51127901e-01
1.66460770e-01
4.75252232e-01
9.02364587e-01
7.20917845e-01
8.99601783e-01
-1.13041153e+00
1.40454753e+00
5.88967660e-01
-5.92700178e-01
0.00000000e+00
0.00000000e+00
0.00000000e+00
7.69519985e-01
1.10251643e-02
-1.43179930e-01
1.13585568e+00
-1.53685426e-01
-1.57827448e-01
8.19084885e-01
7.65581180e-01
-3.09861858e-02
0.00000000e+00
2.32319063e-01
9.93367227e-01
-5.09141545e-01
9.57216973e-01
8.96127072e-02
7.03442305e-01
1.95718313e-01
-6.68373698e-01
4.66589465e-01
6.41561169e-01
136
-5.45965782e-01
4.36788527e-01
-2.84539466e-03
2.87713407e-01
-7.18085856e-03
-2.52168583e-01
-1.27605655e-02
0.00000000e+00
0.00000000e+00
-2.16649377e-01
-3.67839942e-02
1.29034879e-01
0.00000000e+00
0.00000000e+00
0.00000000e+00
0.00000000e+00
0.00000000e+00
0.00000000e+00
0.00000000e+00
0.00000000e+00
-3.31071592e-01
-3.70670533e-01
-2.68362021e-01
-8.62163029e-02
2.28734609e-01
1.45229208e-01
2.15427301e-01
0.00000000e+00
1.71360146e-01
-7.43519182e-01
-1.83453002e-01
-2.17832098e-01
5.26799809e-01
-6.01761809e-01
4.22858640e-02
2.39851532e-01
2.47547076e-01
-8.06333005e-01
4.19180841e-01
-3.72008239e-01
6.89295338e-01
-6.99894595e-01
8.30019732e-01
0.00000000e+00
0.00000000e+00
0.00000000e+00
0.00000000e+00
2.69867527e+00
1.27293684e+00
4.50959432e-01
-9.77561089e-01
0.00000000e+00
1.19750937e+00
2.48032442e-01
4.22978037e-01
-2.92228566e-01
0.00000000e+00
-7.42869783e-01
4.62307560e-01
-2.41436447e-01
-8.00328726e-01
-7.24269041e-01
-3.97563532e-01
-6.16203456e-01
1.25102769e-02
6.05905622e-02
0.00000000e+00
-4.97504913e-01
-7.86746337e-02
-7.88761629e-02
-4.83592480e-01
0.00000000e+00
3.30347890e-01
3.07718097e-02
4.68149526e-02
-3.52475772e-01
-1.27336340e-01
-1.46735612e-01
-3.58558224e-01
1.63596213e-01
-1.20132413e-01
0.00000000e+00
-1.31883309e+00
-1.44638085e-01
-3.44511502e-01
-1.21989639e-01
2.54239478e-01
1.55175502e-01
-3.56678561e-01
0.00000000e+00
0.00000000e+00
0.00000000e+00
1.52072059e-02
3.97657131e-01
-7.63487591e-01
-3.42455253e-01
-2.29046186e-01
-2.42077326e-01
-6.87287859e-01
-4.48720393e-01
9.11538372e-01
0.00000000e+00
-7.02341220e-01
1.28726546e+00
-6.68229515e-01
1.03866423e+00
-1.60200062e-01
3.24071700e-01
7.69084543e-01
-1.75005893e+00
5.98094248e-01
2.95642889e-01
-1.15070209e+00
0.00000000e+00
0.00000000e+00
0.00000000e+00
1.99273695e-01
8.92299154e-01
-5.06959711e-01
2.17235710e-01
-1.88518181e+00
1.42544447e-01
5.68515085e-01
-9.10676752e-02
2.23178814e-01
0.00000000e+00
2.48553210e-01
2.22380228e-01
-1.40994167e+00
3.97669158e-01
5.38568161e-01
4.17381011e-01
2.20026193e-01
-1.84830814e+00
7.90424094e-03
2.95227813e-01
11 1
-7.9991e-01 4.7212e-01
8 0
0 1 3 2 8 7 6 13 
217
-2.13144465e+00
-9.23103822e-01
2.16426591e+00
2.09122741e-01
-1.25504046e+00
1.62840430e-01
-1.02182827e+00
1.43491815e+00
1.63691927e-01
2.11443697e+00
0.00000000e+00
0.00000000e+00
0.00000000e+00
0.00000000e+00
-1.53951172e-01
-1.03238691e-02
1.48744902e+00
-1.94318732e-01
-4.01875251e-03
6.51244979e-01
-1.18787865e+00
-4.98644211e-04
1.09618786e+00
0.00000000e+00
0.00000000e+00
0.00000000e+00
-1.10507666e+00
-5.51138845e-01
1.63378099e-02
0.00000000e+00
0.00000000e+00
0.00000000e+00
0.00000000e+00
0.00000000e+00
0.00000000e+00
0.00000000e+00
0.00000000e+00
-1.18628549e-01
-1.18947717e-02
2.29982881e-01
3.51533723e-02
-1.57771280e-01
-4.60613312e-01
-8.23005910e-01
0.00000000e+00
1.60865065e-01
3.65724135e-01
-4.93119515e-01
1.28446415e-01
4.92636263e-01
-3.39097358e-01
-6.51561465e-01
0.00000000e+00
-4.49701478e-01
-2.17260795e-01
2.15816393e-01
-3.83380292e-01
-4.14921305e-01
-4.04189401e-01
4.03784564e-01
-6.85230548e-01
-2.63877989e-01
-3.57669032e-01
0.00000000e+00
-1.39524317e+00
-8.17584820e-01
-2.02222983e-01
6.03695175e-01
-5.33978496e-01
8.50387642e-01
0.00000000e+00
-1.01154121e+00
-4.91412347e-01
-5.16243810e-02
5.84003469e-04
-1.06827906e+00
8.17181456e-01
0.00000000e+00
-9.63162067e-01
-9.39671408e-01
-9.28375613e-01
7.00495109e-01
-2.39906968e-01
1.04056249e+00
0.00000000e+00
-1.16077354e+00
-3.40907077e-01
-3.67848960e-01
-4.96119334e-01
-6.02822148e-01
8.64261229e-02
0.00000000e+00
-7.67537108e-01
-3.09189650e-01
-5.33435554e-01
2.12992756e-01
-8.30471985e-01
-4.27643843e-01
0.00000000e+00
-5.59900716e-01
-2.30929463e-02
-4.93176630e-01
1.11413730e-01
-1.07836730e+00
-3.24577118e-01
-9.43575989e-01
-8.55941971e-01
-6.27148307e-01
2.60551618e-01
-6.10295524e-01
-5.92478306e-01
-1.61944652e-01
0.00000000e+00
-7.47119601e-01
-5.07601856e-02
-8.89743023e-01
-1.96387624e-01
-4.94582023e-01
2.58754429e-01
8.72536645e-01
4.52531477e-01
-1.01382132e-01
0.00000000e+00
0.00000000e+00
0.00000000e+00
-1.26463839e-02
8.14580762e-01
-5.73402335e-01
-1.34978638e-01
4.41085744e-02
-2.92643375e-01
1.04189918e-01
2.28444173e-01
1.51493766e+00
0.00000000e+00
-1.06145938e+00
2.41199530e+00
-1.75876341e-01
2.89075650e+00
-1.97835554e-01
6.17632993e-01
1.53934169e+00
-7.06704941e-01
1.20271263e+00
3.75310118e-01
-1.03096636e+00
0.00000000e+00
0.00000000e+00
0.00000000e+00
3.86618883e-01
1.58442133e+00
1.49645678e+00
1.30038862e+00
7.37910054e-01
1.44990054e-01
9.02712913e-01
5.76703309e-01
-9.71628483e-01
0.00000000e+00
1.30187713e+00
1.86333264e-02
6.84322519e-01
-1.51582040e+00
-1.08569922e+00
1.30294184e+00
1.08713502e-01
-3.98847840e-01
6.53422756e-01
2.85709854e-01
-1.70662013e+00
0.00000000e+00
0.00000000e+00
0.00000000e+00
1.50476901e+00
1.30077850e+00
2.97647313e-01
8.31389478e-01
-7.43777752e-01
-1.59618004e-01
6.99152511e-01
9.72627430e-01
4.55715255e-01
0.00000000e+00
8.63716318e-01
6.55676087e-01
-3.38410757e-01
2.15018499e+00
1.93001892e+00
1.54390284e+00
5.35151614e-01
-9.94239147e-01
3.48715370e-01
1.45689185e+00
-9.38633448e-01
0.00000000e+00
0.00000000e+00
0.00000000e+00
5.69379833e-01
5.03782998e-01
-3.73485539e-01
4.34638173e-01
-2.39072310e-01
1.28871206e+00
1.67649464e+00
4.25720339e-01
8.95883262e-01
0.00000000e+00
4.95267041e-01
-7.23450124e-02
-8.59011301e-01
-1.51821617e+00
-1.02533785e+00
3.01068582e-01
1.18877001e+00
-5.56437639e-01
2.25688950e+00
7.24100362e-01
136
-4.36787631e-01
-8.57090852e-01
4.23263188e-02
7.57919438e-01
-7.97770215e-03
4.66688224e-02
-1.37367038e-02
0.00000000e+00
0.00000000e+00
-1.57856106e-01
-9.34919099e-02
8.65290314e-02
0.00000000e+00
0.00000000e+00
0.00000000e+00
0.00000000e+00
0.00000000e+00
0.00000000e+00
0.00000000e+00
0.00000000e+00
-2.35148517e-01
-1.97169237e-01
-1.22938874e-01
-9.56563354e-02
8.87556808e-02
1.07293873e-01
5.86055031e-02
0.00000000e+00
7.79493184e-02
-5.93724989e-01
-4.97597191e-01
6.54107416e-02
5.86860673e-01
-5.19078791e-01
-1.78756951e-01
4.84235761e-01
3.35588188e-01
-7.81111290e-01
2.67123377e-01
-3.24491974e-01
4.48722399e-01
-4.03117784e-01
6.38310567e-01
0.00000000e+00
0.00000000e+00
0.00000000e+00
0.00000000e+00
6.08592232e-01
1.05775797e+00
1.69146623e-01
-9.45489839e-01
0.00000000e+00
1.63116542e+00
3.47189797e-01
5.78614368e-01
-3.15547032e-01
0.00000000e+00
-7.50646511e-01
4.77668186e-01
-2.07355417e-01
-9.79157393e-01
-7.39752247e-01
-2.48311030e-01
-6.60914324e-01
9.35785948e-02
1.68000542e-01
0.00000000e+00
-4.49597121e-01
-1.21012979e-01
-4.99976502e-02
-4.56967730e-01
0.00000000e+00
3.90085768e-01
4.38444462e-02
7.66512281e-02
-2.96291888e-01
4.38536650e-01
-6.54183175e-01
-3.97791606e-01
1.00531924e-01
-1.05648842e-01
0.00000000e+00
-1.00162219e+00
-1.29885402e-01
-2.52811752e-01
-5.79003285e-03
5.45800804e-01
3.17881883e-01
-2.04706184e-01
0.00000000e+00
0.00000000e+00
0.00000000e+00
-6.46510519e-02
4.82437181e-01
-8.56959898e-01
4.80196287e-02
-3.67163627e-01
-3.78106755e-01
-4.77807662e-01
-4.63440364e-01
8.41375597e-01
0.00000000e+00
-4.08379185e-01
1.12631628e+00
-7.71875130e-01
9.13485435e-01
-1.54223980e-01
3.70120343e-01
5.32109164e-01
-1.39879958e+00
6.80732417e-01
1.42104998e-01
-1.11670955e+00
0.00000000e+00
0.00000000e+00
0.00000000e+00
1.17434682e-01
9.90048630e-01
-3.79351578e-01
3.87571179e-01
-2.01052941e+00
2.71374035e-01
7.30923391e-01
-1.55760713e-01
1.81707759e-01
0.00000000e+00
2.28646321e-01
2.68410920e-01
-1.38621599e+00
3.70274211e-01
4.71893900e-01
2.22186468e-01
1.24240395e-01
-1.72449784e+00
-4.46995501e-02
2.19633638e-01
12 1
-1.0051e+00 4.8208e-01
8 1
0 1 3 2 8 7 6 13 
217
3.71793802e-01
-8.92053770e-01
-9.81003822e-02
1.51397334e-01
5.13371894e-01
-2.89166918e-01
3.16060032e-01
-6.78854130e-01
-6.77959922e-01
4.66288378e-01
-1.66330810e-01
1.65195301e+00
0.00000000e+00
0.00000000e+00
1.15534604e-01
6.13104407e-02
2.66181309e-01
2.16257115e+00
-4.38339830e-02
6.00597986e-01
-1.61956515e+00
8.53008246e-03
2.97110362e-01
-2.86746800e-01
-1.63623871e-02
-5.06018826e-03
-7.04776167e-01
8.79437102e-01
2.19854342e-01
0.00000000e+00
0.00000000e+00
0.00000000e+00
0.00000000e+00
0.00000000e+00
0.00000000e+00
0.00000000e+00
0.00000000e+00
-1.76169281e-01
-2.51553208e-01
4.74459148e-02
1.65732205e-01
1.59348299e-01
2.81319819e-01
1.45670054e-01
0.00000000e+00
-1.35466530e-01
-4.28272316e-01
1.49042440e-01
1.56504564e-01
4.05526173e-01
-1.67449939e-01
4.55843228e-02
0.00000000e+00
-3.41966728e-01
7.89701741e-03
8.78784626e-01
1.64653856e-01
-6.77504082e-01
2.70222088e-01
2.54479756e-01
1.91543365e-01
6.82511972e-01
-5.02261535e-01
-3.55772188e-02
-1.71108958e-01
-1.01898403e+00
3.26628390e-01
1.59606948e+00
2.51851589e-01
1.09817273e+00
0.00000000e+00
-6.38494194e-01
-1.72122875e-01
8.24371669e-01
-8.86147186e-01
1.85916326e-01
1.43461977e+00
0.00000000e+00
-8.02229375e-02
-9.67447343e-01
2.30822846e-01
1.03676581e+00
2.21193893e-01
6.75234523e-01
0.00000000e+00
-9.99655865e-03
-1.55689131e-01
3.78714264e-01
-4.72038689e-01
3.07609607e-03
6.87428068e-02
0.00000000e+00
2.61510224e-02
-4.56338104e-01
2.48462859e-01
-3.44776906e-01
9.71799201e-02
-9.90422004e-02
0.00000000e+00
9.37053938e-02
-2.00606266e-01
4.01697258e-01
-3.51922566e-01
-1.23608850e-01
-4.02401043e-02
-7.95889235e-02
-2.93794076e-02
1.66190111e-01
2.63214159e-01
-3.42521596e-01
2.17547974e-01
-1.08146753e-01
0.00000000e+00
9.11210822e-02
-1.89007145e-01
-7.47309972e-02
-7.39219172e-02
3.55403717e-01
1.20689641e-01
1.28083312e+00
-2.72225959e-01
-3.12525748e-02
0.00000000e+00
0.00000000e+00
0.00000000e+00
1.17224910e-01
6.80504893e-01
-1.03947355e+00
8.28042634e-02
-7.34439545e-01
-2.76633732e-01
6.24291774e-01
-7.29268349e-01
1.49639770e+00
0.00000000e+00
2.85670653e-02
1.16002016e+00
-1.34722139e+00
-1.44543362e-01
7.16529635e-01
4.60704671e-01
1.18339638e+00
-1.02449762e+00
-8.13353460e-01
-4.72263020e-01
-1.03664562e-01
0.00000000e+00
0.00000000e+00
0.00000000e+00
3.13300348e-01
4.35132695e-01
-4.33730414e-02
-4.43249593e-02
3.63241514e-02
-1.05550093e-01
-4.54307345e-01
2.77030478e-01
-5.75907787e-01
0.00000000e+00
-9.56397953e-02
-3.11007998e-01
6.29830527e-02
8.74430112e-01
-7.21760424e-01
2.08714666e-01
-2.66336821e-01
-8.15293296e-01
5.71738140e-01
5.50183356e-01
-1.42882663e+00
0.00000000e+00
0.00000000e+00
0.00000000e+00
-1.13749173e-01
1.04001057e+00
-1.39623570e-02
7.44225941e-01
-1.17696604e+00
-2.70887709e-01
6.87383346e-01
-4.89291286e-01
9.80501613e-01
0.00000000e+00
-2.77155609e-01
-8.57462291e-01
-6.38739278e-01
-6.26210879e-01
9.90738545e-01
2.61051058e-02
-1.19173342e-01
-9.14459896e-01
4.42802925e-01
-8.42536820e-01
5.74559311e-02
0.00000000e+00
0.00000000e+00
0.00000000e+00
-5.01598852e-02
-3.14593142e-01
1.46364850e-01
-5.27165673e-01
-5.32882816e-01
4.97324416e-01
-8.05971436e-02
-1.18272440e-02
-3.06797872e-01
0.00000000e+00
1.69411904e-01
3.67890829e-01
1.04229048e-01
7.77967055e-01
-1.12524093e-01
-2.06031788e-01
-1.69732748e-01
-6.97048417e-01
2.44743934e-01
7.58884716e-01
136
-2.42774268e-01
3.79034816e-01
5.89423708e-02
3.31298985e-01
-4.64047768e-03
-2.27475750e-01
-8.83956633e-03
-7.25632319e-01
-2.10268083e-02
-2.77331643e-01
-5.30295795e-02
1.80822965e-01
0.00000000e+00
0.00000000e+00
0.00000000e+00
0.00000000e+00
0.00000000e+00
0.00000000e+00
0.00000000e+00
0.00000000e+00
-4.31572654e-02
-9.75331014e-02
-6.88293339e-02
-2.65493404e-02
1.09235421e-01
-7.67871464e-02
-2.88834994e-02
0.00000000e+00
3.42784850e-02
-3.38610434e-01
-4.24929914e-01
3.07792578e-01
3.53393842e-01
-4.61108093e-01
-2.74823787e-01
4.56729906e-01
4.47238191e-02
-5.27066822e-01
1.16258994e-01
8.85981362e-02
4.19598341e-01
-4.53899932e-01
4.29771978e-01
0.00000000e+00
0.00000000e+00
0.00000000e+00
-4.59975016e-01
-4.81071010e-01
8.88632620e-01
6.09013082e-02
-9.15371552e-01
0.00000000e+00
1.69163374e+00
3.71145031e-01
5.53476100e-01
-2.75958099e-01
0.00000000e+00
-6.52097331e-01
4.92073934e-01
-1.66106912e-01
-8.70599751e-01
-8.16612755e-01
-1.46207268e-02
-4.74512868e-01
1.02438908e-01
1.69930052e-02
0.00000000e+00
-2.85899411e-01
3.92117007e-02
-5.31965109e-02
-4.11160872e-01
0.00000000e+00
7.08575999e-01
4.91947242e-02
1.48904604e-01
-3.11912218e-01
-1.71568816e-01
-3.01961807e-03
-3.25705246e-01
2.31138860e-01
-1.29347773e-01
0.00000000e+00
-7.93239741e-01
-7.47244248e-02
-1.99597745e-01
-5.57191718e-02
1.71715405e-01
1.27442938e-01
-4.40979223e-01
0.00000000e+00
0.00000000e+00
0.00000000e+00
3.63357417e-02
3.54089897e-01
-8.77428614e-01
-6.35594912e-02
-6.76353035e-01
-2.43115327e-01
-6.97771304e-01
-3.19898497e-01
8.58977602e-01
0.00000000e+00
-9.29712047e-01
1.32643240e+00
-7.47436302e-01
7.91164250e-01
1.18410991e-02
5.16950748e-01
8.66044089e-01
-1.55500865e+00
5.00854206e-01
4.06614008e-01
-1.23250546e+00
0.00000000e+00
0.00000000e+00
0.00000000e+00
2.04900430e-01
9.83497723e-01
-7.04319934e-01
2.89144305e-01
-2.36251938e+00
8.21566531e-02
6.60647648e-01
1.18273763e-03
2.32657499e-01
0.00000000e+00
2.65824890e-01
3.85262770e-01
-1.32071884e+00
3.51107837e-01
5.35387625e-01
5.50457548e-01
4.10540649e-01
-1.96819222e+00
-1.56246819e-01
3.26723418e-01
