0 7 -999999999 -1 -1
1 1 0 -1 -1
0.32 -0.0824
356
-1.88038981e-01
-1.87543824e-01
0.00000000e+00
1.31450066e-01
-1.35833458e-01
-4.18072630e-02
6.29175596e-01
0.00000000e+00
0.00000000e+00
6.43693940e-01
-2.22688795e-01
5.84143682e-02
4.81768876e-02
5.54441912e-02
3.30484226e-02
4.29574518e-02
0.00000000e+00
0.00000000e+00
0.00000000e+00
0.00000000e+00
0.00000000e+00
0.00000000e+00
0.00000000e+00
0.00000000e+00
0.00000000e+00
0.00000000e+00
0.00000000e+00
0.00000000e+00
0.00000000e+00
0.00000000e+00
0.00000000e+00
0.00000000e+00
0.00000000e+00
0.00000000e+00
0.00000000e+00
0.00000000e+00
0.00000000e+00
0.00000000e+00
0.00000000e+00
0.00000000e+00
0.00000000e+00
0.00000000e+00
0.00000000e+00
0.00000000e+00
0.00000000e+00
0.00000000e+00
0.00000000e+00
0.00000000e+00
0.00000000e+00
0.00000000e+00
0.00000000e+00
-1.10697773e-01
2.26743149e-01
-9.96272512e-01
0.00000000e+00
0.00000000e+00
0.00000000e+00
0.00000000e+00
-2.92818795e-01
1.35720403e-01
-2.16660194e-01
1.05658804e+00
7.75072243e-01
-5.18912221e-01
1.27041733e-01
-7.81305320e-01
-5.80673969e-01
2.92795858e-02
0.00000000e+00
0.00000000e+00
0.00000000e+00
0.00000000e+00
0.00000000e+00
0.00000000e+00
-2.40228397e-01
-1.68110664e-03
-8.04636104e-02
2.12078619e-01
-1.93587865e-03
-2.85797267e-01
0.00000000e+00
0.00000000e+00
1.97476564e-01
-2.52842177e-03
2.03356399e-01
-4.34270816e-01
-4.95929101e-01
3.79883505e-01
0.00000000e+00
0.00000000e+00
-5.74733421e-01
-7.30152336e-02
-2.25852947e-01
7.97891884e-02
-1.17169814e-01
2.16081819e-02
-1.00276949e-02
4.68973214e-02
-1.47456364e-02
1.20575129e-01
7.97354734e-01
-7.32572761e-02
0.00000000e+00
0.00000000e+00
3.92482240e+00
1.83597168e+00
0.00000000e+00
0.00000000e+00
0.00000000e+00
0.00000000e+00
0.00000000e+00
4.60250018e-02
-2.94620797e-01
-9.15174999e-01
-7.35866250e-01
-6.86150384e-01
-4.38281692e-01
-1.03575104e+00
0.00000000e+00
0.00000000e+00
0.00000000e+00
0.00000000e+00
0.00000000e+00
0.00000000e+00
-8.84843646e-03
-1.95999827e-01
-2.34971369e-01
-3.04314174e-01
-1.88558488e-01
-5.07412404e-01
4.67291321e+00
4.96294100e+00
4.72431642e+00
4.77905815e+00
4.97116959e+00
5.02258547e+00
-4.55206832e-01
-8.78193737e-02
7.16216618e-02
7.31569694e-02
-1.20721471e-01
-2.71202197e-01
-3.45933723e-01
2.61146190e-02
1.91688292e-01
8.54661350e-03
-3.38755719e-02
6.92181422e-02
-7.01621947e-03
0.00000000e+00
0.00000000e+00
0.00000000e+00
-5.83905962e-01
0.00000000e+00
0.00000000e+00
0.00000000e+00
4.02883200e-01
3.15714559e-01
0.00000000e+00
0.00000000e+00
-3.64035596e-01
-8.05613069e-01
-4.69268698e-01
-1.21839759e+00
-8.33304294e-01
0.00000000e+00
0.00000000e+00
0.00000000e+00
4.64506054e-01
9.38349773e-01
-2.03476904e-01
3.36845841e-01
-3.05564759e+00
6.53103999e-01
1.03569681e+00
9.87263587e-01
2.44296650e-01
0.00000000e+00
5.72318697e-01
-4.12434335e-01
-2.18043874e+00
3.80678582e-01
6.76950120e-01
8.81660499e-01
6.35361068e-01
-2.45803311e+00
-1.35945620e+00
1.02915091e+00
4.67058492e-02
0.00000000e+00
0.00000000e+00
0.00000000e+00
-4.86302875e-02
-4.99784315e-02
-9.20885038e-02
7.81839092e-02
5.50268294e-01
-8.00660968e-02
-6.92489529e-02
-1.09155152e-01
-4.36953811e-02
0.00000000e+00
-2.88453762e-02
-1.39212586e-01
3.96693580e-02
3.88069307e-02
-6.55462153e-02
7.12652376e-02
-9.68095104e-02
6.02257224e-02
8.42805022e-02
-5.27176117e-02
-4.34516323e-01
-5.49779007e-02
-8.59651373e-01
-6.42023969e-01
-6.07228391e-01
2.98754363e-01
3.50090308e-02
-3.88741295e-01
1.39527068e-01
0.00000000e+00
0.00000000e+00
0.00000000e+00
1.71399832e-01
-8.74866576e-02
-1.21308083e-01
-1.58696409e-01
-3.17529640e-01
2.25725789e-01
8.51164348e-02
1.06975855e-01
1.77273780e-01
0.00000000e+00
-2.69007286e-01
-2.27599926e-02
5.52768089e-04
9.07997221e-02
4.41132291e-02
-1.65215108e-01
9.80492958e-02
1.19914503e-01
8.60204905e-02
7.55885453e-02
-3.79538422e-01
0.00000000e+00
-1.54452109e+00
2.31200619e-01
-3.98787972e-01
-3.09057695e-01
-2.76323702e+00
-1.03766751e+00
-5.03629606e-01
2.43216626e-01
-5.85184015e-02
-4.93755920e-01
-8.97302763e-02
-1.86754783e+00
-2.21415193e+00
-5.25551130e-01
-2.02401066e+00
0.00000000e+00
0.00000000e+00
0.00000000e+00
-1.88497961e-01
1.62850334e+00
-1.14087466e-01
4.23139799e-01
-2.53205036e+00
5.63508534e-01
1.09350397e+00
-2.43906050e-01
4.04304606e-01
0.00000000e+00
6.28808538e-01
5.11973958e-02
-2.36483640e+00
7.91230894e-01
-1.28225472e+00
1.80366771e-01
5.45170599e-02
-1.01089601e+00
-3.17410638e-01
2.10848036e-01
2.09665310e-01
0.00000000e+00
0.00000000e+00
0.00000000e+00
-1.47228234e-01
2.00423833e-02
-2.21238972e-01
-4.62442035e-02
7.40072819e-01
-3.55652205e-02
-1.21769068e-01
-9.34047091e-02
2.20660922e-01
0.00000000e+00
-1.86339339e-01
-8.29918421e-02
3.01457890e-01
-1.87452846e-02
-1.42374594e-02
3.80810988e-02
-2.94558652e-02
-7.56779906e-02
4.72823850e-02
-8.50340002e-02
-9.92913132e-01
-3.75182633e-01
0.00000000e+00
8.23507800e-01
2.26437418e-01
1.15953776e-01
-8.58730578e-02
-4.05263350e-01
-2.94743463e-02
0.00000000e+00
0.00000000e+00
0.00000000e+00
-9.67021394e-03
3.56425291e-01
1.26891537e-01
9.72426406e-02
-1.17424632e-01
-1.27079309e-01
-2.39144878e-02
-1.15060270e-01
-1.99308392e-01
0.00000000e+00
2.83518285e-01
-1.25049413e-02
-1.41482489e-01
7.58759721e-02
1.22071744e-01
8.87396928e-02
-5.71181897e-02
-6.95468085e-02
-2.03713127e-02
-2.86758462e-01
-6.17730500e-01
0.00000000e+00
1.00223263e+00
-1.15433986e-01
-1.03109753e+00
-4.30430437e-01
0.00000000e+00
5.22480099e-01
2.90163630e-02
7.53088527e-02
-1.34727978e-01
-3.71011311e-01
-6.00667092e-01
-5.98963610e-01
6.68556564e-01
-7.55870617e-01
247
-1.26146157e-01
-1.26146157e-01
0.00000000e+00
3.73316200e-01
-4.99462357e-01
-5.36989788e-01
-7.84564543e-02
5.67914606e-01
0.00000000e+00
0.00000000e+00
8.55914001e-02
-3.75625895e-01
4.16496348e-01
-4.53053763e-02
0.00000000e+00
0.00000000e+00
0.00000000e+00
0.00000000e+00
0.00000000e+00
0.00000000e+00
0.00000000e+00
0.00000000e+00
0.00000000e+00
0.00000000e+00
0.00000000e+00
0.00000000e+00
0.00000000e+00
0.00000000e+00
0.00000000e+00
0.00000000e+00
0.00000000e+00
0.00000000e+00
0.00000000e+00
0.00000000e+00
0.00000000e+00
0.00000000e+00
0.00000000e+00
0.00000000e+00
0.00000000e+00
0.00000000e+00
0.00000000e+00
0.00000000e+00
0.00000000e+00
0.00000000e+00
0.00000000e+00
-8.48846214e-01
1.88498156e-02
7.86417272e-01
-2.88346989e-03
0.00000000e+00
0.00000000e+00
1.40256427e+00
1.12003438e+00
6.94893822e-01
-1.12082319e+00
-1.71655941e+00
-4.27807741e-01
0.00000000e+00
0.00000000e+00
2.86406492e+00
1.73417190e+00
0.00000000e+00
0.00000000e+00
0.00000000e+00
0.00000000e+00
0.00000000e+00
0.00000000e+00
2.79632122e-01
-5.23001275e-01
-4.10009219e-01
-5.25544929e-01
-2.07304872e-01
-1.24565771e+00
0.00000000e+00
0.00000000e+00
0.00000000e+00
0.00000000e+00
0.00000000e+00
0.00000000e+00
-1.44697246e-01
-2.41793410e-01
-3.46583605e-01
-2.38134678e-01
-2.15669571e-01
-2.95459147e-01
4.84805692e+00
4.84914188e+00
4.72299165e+00
4.73368750e+00
5.09420659e+00
4.65493275e+00
-1.95172701e-01
-2.04071583e-01
-2.69129297e-01
-3.70953505e-01
-2.57481523e-01
-2.76895157e-01
1.47976049e-01
-1.99779116e-01
1.45503918e-01
-1.99029905e-01
2.97512090e-02
2.29220216e-01
0.00000000e+00
0.00000000e+00
0.00000000e+00
0.00000000e+00
6.10159437e-01
2.55571303e-01
-1.93161847e+00
0.00000000e+00
-6.86141124e-01
-3.72451489e-01
-8.62587557e-01
-9.88532482e-01
-1.05859261e+00
0.00000000e+00
0.00000000e+00
0.00000000e+00
2.60113211e-01
1.16051693e+00
-2.54083724e-01
2.62482223e-01
-2.88137045e+00
6.66000876e-01
1.10783459e+00
5.33795952e-01
2.41557432e-01
0.00000000e+00
3.47067910e-01
-7.18261110e-01
-1.86998497e+00
2.75662066e-01
6.64372625e-01
6.92041301e-01
2.59283437e-01
-1.92233035e+00
-8.94007176e-01
1.01071662e+00
-4.74543936e-01
-9.51567310e-02
0.00000000e+00
-2.97892833e+00
-1.56034814e+00
-4.48683046e-01
0.00000000e+00
0.00000000e+00
0.00000000e+00
1.00552979e-02
3.32207143e-01
1.96920451e-02
3.94883880e-02
-1.18315996e-01
5.07010129e-02
-1.22073231e-01
5.81280929e-02
-1.35115720e-01
0.00000000e+00
2.47229401e-01
2.02787278e-01
-5.49916302e-01
5.75947599e-02
-2.30618623e-01
-3.39241636e-02
7.09542618e-02
-4.30106689e-01
-2.34814779e-03
8.48981462e-02
-3.79387205e-01
0.00000000e+00
-1.75882913e+00
-8.21262808e-01
-5.84048677e-01
-5.90984393e-01
-3.70872352e+00
-2.23395413e+00
-1.14887578e+00
6.93571604e-03
-2.54949958e+00
-2.35181538e+00
-7.30868232e-01
-1.85112004e+00
0.00000000e+00
0.00000000e+00
0.00000000e+00
-8.45244375e-02
1.74641740e+00
-1.22820205e-01
2.52279945e-01
-2.81998465e+00
6.71854136e-01
1.00401980e+00
-4.13782240e-01
4.95799552e-01
0.00000000e+00
4.63464891e-01
-2.30387541e-02
-1.50383731e+00
7.21764947e-01
-1.32242861e+00
1.01719005e-01
-5.39474641e-02
-1.10713854e+00
-3.26617771e-01
4.69680270e-01
-7.56803939e-01
-2.88257290e-01
0.00000000e+00
8.84144906e-01
6.25213678e-01
-4.62691243e-01
0.00000000e+00
0.00000000e+00
0.00000000e+00
3.18625302e-01
3.49655286e-02
-5.37385906e-02
-1.19376201e-01
-7.39282889e-01
3.94386597e-02
-5.39919432e-02
2.99753600e-01
1.01929668e-02
0.00000000e+00
-2.56835295e-01
-2.33131323e-01
-2.62783368e-01
2.59186052e-01
1.12634321e-01
-9.07021550e-02
2.65925814e-01
-1.03464403e-03
-1.74831488e-02
2.49460723e-02
-4.68546649e-01
0.00000000e+00
3.52840470e-01
-5.80146387e-01
-1.09431610e+00
-5.74330267e-01
0.00000000e+00
2.08999102e-01
-3.39655668e-01
-5.19985833e-01
0.00000000e+00
2.60059276e-01
-1.12773583e+00
1 -999999999 5 0 -1
1 0 1 1 -1
1.3299e-01 6.2547e-01
356
8.23025984e-02
0.00000000e+00
0.00000000e+00
0.00000000e+00
0.00000000e+00
0.00000000e+00
0.00000000e+00
0.00000000e+00
0.00000000e+00
0.00000000e+00
0.00000000e+00
0.00000000e+00
0.00000000e+00
0.00000000e+00
0.00000000e+00
0.00000000e+00
8.30664310e-02
0.00000000e+00
-3.61097369e-01
-6.40985005e-02
-1.23055580e-01
-2.38892785e-01
0.00000000e+00
0.00000000e+00
-3.66778324e-01
-5.93538300e-01
-3.12850793e-01
3.03973594e-03
-1.31367499e-01
-1.08476091e-01
-1.21253779e-01
8.30664310e-02
0.00000000e+00
-1.05652400e+00
-1.51639709e-01
0.00000000e+00
3.70755771e-01
4.45883179e-01
-5.22692314e-01
6.93707252e-01
2.64541275e-01
0.00000000e+00
0.00000000e+00
0.00000000e+00
0.00000000e+00
0.00000000e+00
0.00000000e+00
0.00000000e+00
0.00000000e+00
0.00000000e+00
0.00000000e+00
1.86956279e-01
-3.90223998e-01
-8.24557395e-01
0.00000000e+00
0.00000000e+00
0.00000000e+00
0.00000000e+00
-1.35961411e+00
2.65065719e+00
1.40166119e+00
-3.33707006e-01
9.98647817e-01
-8.05029551e-01
1.34052086e-01
-1.12553489e+00
-1.09244439e+00
-1.82730122e-01
0.00000000e+00
0.00000000e+00
0.00000000e+00
-8.63476439e-03
2.95488326e-03
-8.72766473e-02
-3.54992995e-01
6.96734268e-03
-4.06370647e-02
4.49188412e-01
1.63790768e-03
-2.26148039e-01
0.00000000e+00
0.00000000e+00
1.26269432e-01
2.45752134e-01
-3.62696184e-01
-1.92218939e-01
-4.14177813e-02
3.27101142e-01
0.00000000e+00
0.00000000e+00
1.00134843e-01
-1.08310296e-01
9.55785905e-03
1.86324195e-02
-1.99881425e-01
-6.88738510e-02
6.16600669e-02
1.58166475e-02
1.30688800e-01
1.01121621e-01
4.11524319e-01
-3.74099807e-02
0.00000000e+00
0.00000000e+00
1.38046938e+00
1.82717371e+00
0.00000000e+00
0.00000000e+00
0.00000000e+00
0.00000000e+00
0.00000000e+00
-8.08487733e-02
1.41938039e-01
-5.45607013e-01
-4.58462708e-02
-1.20014694e-01
1.59268380e-01
-8.13012695e-01
0.00000000e+00
0.00000000e+00
0.00000000e+00
5.33369745e-02
0.00000000e+00
0.00000000e+00
7.36212767e-02
2.96414209e-02
-1.53360592e-01
-3.02814914e-01
-2.40274527e-01
-9.66682288e-01
3.55102918e+00
3.64515243e+00
3.27700076e+00
3.20065625e+00
3.47530821e+00
3.55925738e+00
9.61537501e-02
7.15533466e-01
4.31877755e-01
5.31139466e-01
1.01049711e-01
1.48812734e-01
-9.86103884e-02
-1.40793767e-02
3.61842907e-01
1.69304417e-01
3.62943415e-01
1.13468735e-01
-7.48925274e-02
0.00000000e+00
0.00000000e+00
0.00000000e+00
-1.85001488e-01
5.16639369e-02
0.00000000e+00
0.00000000e+00
3.42196613e-01
2.96974702e-01
0.00000000e+00
-5.52741544e-01
-7.09024660e-01
-6.72219964e-01
-5.89142121e-01
-5.19909603e-01
-1.29816678e+00
0.00000000e+00
0.00000000e+00
0.00000000e+00
1.84404871e-02
1.65035385e+00
-8.21534551e-01
3.08731047e-01
-1.29300081e+00
4.69040756e-02
8.03553742e-01
8.88881483e-01
6.59144805e-01
0.00000000e+00
-1.81867776e-01
-1.35337915e+00
-1.61408622e+00
2.17187796e-01
6.70261879e-01
5.25570949e-01
1.56351474e-01
-2.04544578e+00
-8.09325642e-01
8.75091555e-01
3.06721933e-01
0.00000000e+00
0.00000000e+00
0.00000000e+00
5.58026277e-02
-1.80561732e-01
1.37467503e-01
1.92640474e-01
-6.87505986e-01
1.26858254e-01
1.51495283e-01
-1.56729475e-01
-1.69841490e-01
0.00000000e+00
6.37507186e-02
2.47965517e-01
-1.32920645e-01
2.34379146e-01
3.61094224e-02
8.28350760e-02
2.82246885e-02
1.21754975e-01
1.67700907e-01
-1.27033305e-02
-4.44752003e-01
-2.63639996e-01
0.00000000e+00
2.46734135e-01
-9.07471318e-02
1.42702524e-01
-1.02127576e-02
-3.96129763e-01
-1.70002466e-01
0.00000000e+00
0.00000000e+00
0.00000000e+00
-3.86220641e-01
4.35828700e-01
-1.84815504e-01
-8.56685701e-02
3.91378425e-01
-1.47177304e-01
-8.83835586e-02
2.44231389e-01
3.03452144e-01
0.00000000e+00
-3.36758246e-01
2.13718136e-01
2.23288352e-01
-2.14423932e-01
-4.23614633e-01
1.39256391e-02
-2.11750316e-02
-6.90931067e-02
-8.73519927e-02
4.88572699e-02
-1.81112007e-01
0.00000000e+00
1.07928484e-01
3.00882754e-01
-8.53414777e-01
-4.45384664e-01
0.00000000e+00
-1.04263673e+00
-6.24777250e-01
-1.05636668e-02
-4.66383647e-02
-3.88182633e-01
-4.08030113e-01
-6.84142616e-02
-1.09097809e+00
-7.28268615e-01
-1.19212957e+00
0.00000000e+00
0.00000000e+00
0.00000000e+00
2.30277018e-01
2.08183232e+00
-7.05048722e-01
-2.07802165e-01
-1.49717492e+00
3.31862275e-01
3.20547758e-01
3.18721395e-02
4.94325403e-01
0.00000000e+00
3.90187139e-01
-1.26294742e-02
-1.58136197e+00
1.04528808e+00
-9.58918828e-01
2.99707119e-01
1.29239176e-01
-1.46545301e+00
-4.57482963e-01
3.38604054e-01
3.57650165e-01
0.00000000e+00
0.00000000e+00
0.00000000e+00
-7.18101486e-02
-6.77480824e-02
3.40115086e-01
2.44979061e-01
-7.69325588e-01
1.96915962e-01
2.08419926e-01
-8.46993582e-02
9.61070356e-02
0.00000000e+00
9.36582324e-02
1.44662354e-01
-7.06695072e-02
3.48614985e-02
-2.14595409e-01
-2.58043908e-02
1.57812692e-02
1.43546429e-01
2.09009489e-01
-6.57536933e-02
-5.66923495e-01
-2.29251101e-01
9.94872314e-02
5.97587831e-01
2.81081303e-01
2.57869162e-01
2.71470905e-02
-5.14267354e-01
-2.38185942e-01
0.00000000e+00
0.00000000e+00
0.00000000e+00
1.83968089e-01
-6.28932245e-02
-6.59865116e-02
-1.57700154e-01
-5.24153785e-02
-3.12886658e-02
-4.15127646e-02
-1.95298300e-01
7.29379889e-02
0.00000000e+00
2.84880217e-01
-2.07334348e-01
2.14633737e-01
-6.31847338e-02
2.24130745e-01
-8.35109901e-02
-9.60711921e-02
-9.37860180e-03
-1.45732716e-01
-6.42913769e-03
-3.37672393e-01
1.36297106e+00
-8.74163683e-01
-1.41628335e+00
-6.25206072e-01
-4.42968862e-01
-1.03232426e+00
1.27737642e-01
2.62254320e-02
8.25299440e-02
-4.11983225e-02
-4.84300484e-01
-1.82237210e-01
4.20537749e-01
-1.12866824e+00
-1.03960714e+00
247
-6.32866573e-01
0.00000000e+00
0.00000000e+00
0.00000000e+00
0.00000000e+00
0.00000000e+00
0.00000000e+00
0.00000000e+00
0.00000000e+00
-4.55217200e-01
0.00000000e+00
0.00000000e+00
0.00000000e+00
0.00000000e+00
-6.24921864e-01
0.00000000e+00
-8.09495219e-01
1.84573355e-01
-3.54388419e-01
1.66257973e-01
0.00000000e+00
0.00000000e+00
0.00000000e+00
-2.78542233e-01
-4.33513366e-01
-4.70973116e-01
-3.98731625e-01
-6.25396387e-01
0.00000000e+00
-1.89813192e+00
1.27273553e+00
-6.30207149e-02
5.88375243e-01
7.22040593e-01
0.00000000e+00
0.00000000e+00
0.00000000e+00
0.00000000e+00
0.00000000e+00
0.00000000e+00
0.00000000e+00
0.00000000e+00
0.00000000e+00
-1.90204750e-02
1.04622113e-02
-5.32963971e-01
4.70403873e-03
-6.87125401e-02
2.47391969e-03
0.00000000e+00
0.00000000e+00
6.21367338e-01
-4.13202831e-01
-5.64563381e-01
2.45822330e-01
2.42736031e-02
-4.81118371e-01
0.00000000e+00
0.00000000e+00
8.46160662e-01
1.40322930e+00
0.00000000e+00
0.00000000e+00
0.00000000e+00
0.00000000e+00
0.00000000e+00
-2.47911571e-01
-4.44605628e-02
-4.53953276e-01
-3.68935063e-02
-9.49352554e-02
6.35477619e-02
-7.10882256e-01
0.00000000e+00
0.00000000e+00
0.00000000e+00
0.00000000e+00
0.00000000e+00
0.00000000e+00
2.65716946e-02
-1.59995538e-01
-4.61702392e-01
-4.45340767e-01
-1.48056653e-01
-5.94348617e-01
4.08875463e+00
3.94367169e+00
3.58767091e+00
3.52286180e+00
4.08943365e+00
3.95362095e+00
2.06860373e-01
3.99161903e-01
1.87675866e-01
1.51409911e-01
5.73679247e-02
-2.97890424e-01
-8.26122026e-02
-3.87727579e-01
4.23624267e-02
-2.13233427e-01
4.91130283e-02
-3.08956276e-02
-2.01450141e-01
0.00000000e+00
0.00000000e+00
0.00000000e+00
-1.78192829e-01
-4.34132473e-02
0.00000000e+00
-8.16728195e-01
-7.23189216e-01
-7.55838019e-01
-5.98180008e-01
-6.21187672e-01
-1.47902724e+00
0.00000000e+00
0.00000000e+00
0.00000000e+00
1.91538569e-01
1.25557211e+00
-4.16075000e-01
2.15484162e-01
-1.48551474e+00
4.10177999e-01
7.57019666e-01
3.51292072e-01
-1.97200161e-02
0.00000000e+00
2.05806777e-01
-1.29898536e+00
-1.11325111e+00
2.09184613e-01
8.92092948e-01
5.77884198e-01
-2.93005062e-02
-1.83842174e+00
-1.17118951e+00
8.27377629e-01
-6.63896879e-01
-3.12600381e-01
0.00000000e+00
0.00000000e+00
4.30191784e-01
-7.84018601e-02
0.00000000e+00
0.00000000e+00
0.00000000e+00
3.19928240e-01
8.56585913e-02
-6.21493735e-02
2.45183230e-01
-1.02363103e+00
3.97509659e-02
2.94200289e-01
-2.49064526e-02
-1.89190541e-02
0.00000000e+00
2.14565588e-01
5.39001359e-01
-3.53415955e-01
2.79807325e-01
-6.82121893e-01
1.69463709e-01
-5.28102814e-03
-8.36845749e-02
1.25014589e-01
-1.36866386e-01
-3.51296498e-01
0.00000000e+00
2.30381046e-01
4.19600007e-01
-8.15130357e-01
-4.10588835e-01
0.00000000e+00
-1.64511884e+00
-7.15269681e-01
-4.04541522e-01
-2.02071196e-01
-1.71183779e+00
-8.05668177e-01
-1.21936768e+00
0.00000000e+00
0.00000000e+00
0.00000000e+00
4.82178208e-02
1.46063830e+00
-2.30470188e-01
4.04375929e-02
-1.02904347e+00
6.69474973e-01
5.38899833e-01
-2.24432618e-01
3.69817236e-01
0.00000000e+00
3.27088619e-01
-1.63302538e-01
-1.30969824e+00
4.93530016e-01
-8.07267777e-01
3.35477463e-01
2.19253138e-01
-1.65299801e+00
-5.64298705e-01
2.59308874e-01
-5.45975417e-01
-2.56764119e-01
-2.17576693e-02
5.85839133e-01
3.35499517e-01
1.67901972e-01
0.00000000e+00
0.00000000e+00
0.00000000e+00
-7.61774997e-02
3.23066789e-01
2.59961702e-02
-9.41733565e-03
1.53079377e-02
9.73527784e-04
-1.02769843e-01
2.59213427e-01
1.78107964e-01
0.00000000e+00
-5.32471768e-02
-1.02617740e-01
-2.19994094e-01
7.48227622e-02
-1.31525160e-01
-1.15009259e-01
5.45906690e-02
2.88079522e-02
-2.48354315e-02
4.26083126e-02
-2.89211298e-01
8.07952627e-02
-9.77882878e-01
-1.42285985e+00
-6.73392262e-01
-3.41415889e-01
-8.78769074e-02
5.68556957e-01
5.80884596e-01
-3.31976373e-01
7.23354156e-01
-1.06059344e+00
-1.19746790e+00
4 2
4.0413e-01 1.7207e-01
2 -1
0 1 
217
4.40121655e-02
1.14492606e-01
-1.44543285e-01
-1.37479070e+00
-3.59787789e-01
5.99913647e-01
4.94220746e-01
-1.02407149e-01
3.48113628e-01
2.15215616e-01
6.77497303e-01
-8.25172507e-01
-1.11603172e+00
1.17809384e+00
2.14472214e-03
-2.94720565e-02
7.12427572e-03
-1.21281859e-01
6.01123916e-03
-1.62602961e-01
6.90843555e-01
-9.08701965e-03
-1.17693065e-01
-5.27694253e-01
-1.71894130e-04
9.76282130e-02
0.00000000e+00
0.00000000e+00
-4.03225046e-01
-7.67389144e-01
-3.19486038e-01
7.67709551e-01
3.64047891e-01
4.05251165e-01
0.00000000e+00
0.00000000e+00
-3.29148310e-01
2.00405576e-01
1.72754900e-01
0.00000000e+00
0.00000000e+00
0.00000000e+00
0.00000000e+00
0.00000000e+00
-3.29148310e-01
1.11860405e-02
1.89219535e-01
1.72754900e-01
0.00000000e+00
0.00000000e+00
0.00000000e+00
0.00000000e+00
0.00000000e+00
0.00000000e+00
0.00000000e+00
0.00000000e+00
0.00000000e+00
0.00000000e+00
0.00000000e+00
0.00000000e+00
1.72754900e-01
1.11860405e-02
1.89219535e-01
0.00000000e+00
-1.39928775e-01
-1.04255429e+00
9.23119805e-02
6.68030643e-02
9.16289599e-02
3.21844372e-01
0.00000000e+00
-3.17081777e-01
-6.77343611e-01
9.61440735e-02
-8.42582026e-01
2.65830362e-01
7.93861148e-01
0.00000000e+00
0.00000000e+00
0.00000000e+00
0.00000000e+00
0.00000000e+00
0.00000000e+00
0.00000000e+00
0.00000000e+00
0.00000000e+00
0.00000000e+00
0.00000000e+00
0.00000000e+00
0.00000000e+00
0.00000000e+00
0.00000000e+00
0.00000000e+00
0.00000000e+00
0.00000000e+00
0.00000000e+00
0.00000000e+00
0.00000000e+00
0.00000000e+00
0.00000000e+00
0.00000000e+00
0.00000000e+00
0.00000000e+00
0.00000000e+00
0.00000000e+00
0.00000000e+00
0.00000000e+00
0.00000000e+00
0.00000000e+00
0.00000000e+00
0.00000000e+00
0.00000000e+00
0.00000000e+00
0.00000000e+00
0.00000000e+00
0.00000000e+00
0.00000000e+00
0.00000000e+00
0.00000000e+00
-4.97527285e-01
-5.09567917e-01
-5.98963034e-01
0.00000000e+00
0.00000000e+00
0.00000000e+00
4.11166867e-01
9.54563867e-01
-6.00668075e-01
-4.44576930e-01
-4.92302126e-01
6.12224407e-02
3.73052558e-01
-2.45528274e-01
5.77388607e-01
0.00000000e+00
3.30954287e-01
-5.98876433e-01
-8.14582480e-01
1.56786546e-02
4.32321488e-01
1.83665335e-01
1.16303658e-01
-8.02362430e-01
-4.53377015e-01
3.96992966e-01
-1.32958958e-01
0.00000000e+00
0.00000000e+00
0.00000000e+00
-5.88557282e-02
1.22887860e-01
3.70850515e-03
2.51872699e-01
-5.74607039e-01
4.36192393e-02
4.26389924e-02
3.15084225e-01
-1.10433161e-02
0.00000000e+00
-2.09844703e-03
2.62929562e-01
-4.78321697e-01
1.89122042e-01
-6.84418909e-02
1.20486905e-01
1.06979890e-01
-3.06058574e-01
-1.49424254e-01
5.65620680e-02
-5.73217511e-01
0.00000000e+00
0.00000000e+00
0.00000000e+00
-3.63760851e-01
8.16816971e-01
-2.36605948e-01
-4.61540055e-02
-5.98893889e-01
3.93352469e-01
9.34481681e-01
1.60853139e-01
-5.91622201e-01
0.00000000e+00
-4.17772989e-01
2.60490464e-01
-6.46678547e-01
3.06411997e-01
-1.47332982e-01
-8.79525890e-02
-1.45404094e-01
-4.23011887e-01
-1.23760735e-01
3.83326486e-01
-1.27450191e-01
0.00000000e+00
0.00000000e+00
0.00000000e+00
1.82708718e-01
1.39716875e-01
-7.54365735e-02
1.40829978e-01
-6.10939428e-01
-4.02569742e-03
-6.48344254e-02
-5.32066340e-02
2.66886997e-01
0.00000000e+00
4.92611124e-01
-1.93504459e-01
-4.63765597e-01
2.72286017e-01
-1.65655023e-02
1.45841478e-01
2.04901302e-02
-2.30035210e-01
-2.29738415e-02
-5.35341395e-02
136
-9.75058389e-01
-3.16726290e-01
-1.72479613e-02
-4.10800591e-01
5.07988233e-03
8.34968084e-02
-2.28223240e-03
-3.31028317e-01
1.56324385e-03
0.00000000e+00
0.00000000e+00
3.88327833e-03
-1.62121721e-01
-9.02196704e-02
1.76562655e-01
-3.50833426e-01
-4.53366175e-01
0.00000000e+00
0.00000000e+00
4.05399355e-01
-3.91850854e-01
-9.88606891e-01
0.00000000e+00
0.00000000e+00
0.00000000e+00
0.00000000e+00
0.00000000e+00
4.05399355e-01
-1.24609980e-01
-2.67240874e-01
-9.88606891e-01
0.00000000e+00
0.00000000e+00
0.00000000e+00
0.00000000e+00
0.00000000e+00
0.00000000e+00
0.00000000e+00
0.00000000e+00
0.00000000e+00
0.00000000e+00
0.00000000e+00
0.00000000e+00
0.00000000e+00
0.00000000e+00
0.00000000e+00
0.00000000e+00
1.41076477e-01
6.36180044e-01
3.48984108e-01
-8.15498058e-01
0.00000000e+00
2.80789375e-01
2.92439441e-01
4.65396135e-01
-8.24217671e-01
0.00000000e+00
0.00000000e+00
0.00000000e+00
0.00000000e+00
-9.88606891e-01
-1.24609980e-01
-2.67240874e-01
0.00000000e+00
0.00000000e+00
0.00000000e+00
0.00000000e+00
0.00000000e+00
0.00000000e+00
0.00000000e+00
0.00000000e+00
0.00000000e+00
0.00000000e+00
0.00000000e+00
0.00000000e+00
0.00000000e+00
0.00000000e+00
0.00000000e+00
0.00000000e+00
0.00000000e+00
0.00000000e+00
0.00000000e+00
0.00000000e+00
0.00000000e+00
0.00000000e+00
0.00000000e+00
1.74651220e-01
2.68572000e-01
-8.14249367e-01
0.00000000e+00
0.00000000e+00
0.00000000e+00
7.41397453e-01
9.21410759e-01
-5.24279493e-01
2.35329157e-01
-2.07593976e+00
3.63809390e-01
7.94341933e-01
3.30586026e-01
2.18327139e-01
0.00000000e+00
7.40143486e-01
-5.00442119e-01
-1.73353173e+00
4.75082386e-01
4.05961493e-01
5.12003631e-01
1.90310890e-01
-1.90473854e+00
-6.96472884e-01
6.92451408e-01
-7.32286917e-01
0.00000000e+00
0.00000000e+00
0.00000000e+00
2.49616402e-01
1.44777267e+00
-4.84730767e-01
-8.61236609e-02
-1.71156121e+00
4.81999778e-01
6.88792288e-01
1.58435668e-01
5.98496163e-01
0.00000000e+00
6.21598308e-01
-5.14387318e-02
-2.10375127e+00
5.67662176e-01
8.16043735e-02
2.59210589e-01
1.62964145e-01
-1.61260003e+00
-6.07117090e-01
6.06883281e-01
3 2
2.4208e-01 2.1737e-01
3 -1
0 1 4 
217
-3.55765845e-01
3.88788925e-01
-1.45471541e-01
-9.59810419e-01
-9.85120454e-01
6.61517118e-01
1.96250855e-02
9.33087086e-01
9.11481393e-01
-2.40867866e-01
5.90344728e-01
-1.11635849e+00
-8.92096598e-01
-3.76127242e-01
-1.01325020e-02
9.89226858e-03
-6.37688187e-02
-2.19597919e-01
5.37546611e-05
-6.57185937e-02
-5.15312410e-01
4.44473853e-03
1.29845756e-01
3.89276985e-01
7.94002184e-05
-9.38720720e-02
0.00000000e+00
0.00000000e+00
-5.73533329e-01
-7.22962017e-01
-4.83669535e-01
5.39906127e-01
7.60354053e-01
1.49821755e-01
0.00000000e+00
0.00000000e+00
-2.57369383e-01
1.69496141e-01
-2.47100346e-01
-2.07922570e-02
0.00000000e+00
0.00000000e+00
0.00000000e+00
0.00000000e+00
-2.57369383e-01
5.52699768e-01
-2.54333011e-01
-3.67460041e-02
-1.28870616e-01
-1.17318491e-01
-9.30358507e-02
-2.07922570e-02
0.00000000e+00
0.00000000e+00
0.00000000e+00
0.00000000e+00
0.00000000e+00
0.00000000e+00
0.00000000e+00
0.00000000e+00
-1.50574112e-01
3.06510661e-01
-2.54333011e-01
0.00000000e+00
-7.27611228e-01
-5.10896820e-01
4.40997200e-01
-7.65235126e-01
-6.31541837e-02
1.03386432e+00
0.00000000e+00
4.91412778e-02
-1.87120644e-01
-1.29571840e-01
3.44399136e-01
-2.75335283e-01
-5.46254202e-01
2.69347534e-02
-2.26833832e-02
-5.80343266e-01
1.40089731e-01
-1.44309986e-01
-5.00106946e-01
-2.53010013e-01
0.00000000e+00
0.00000000e+00
0.00000000e+00
0.00000000e+00
0.00000000e+00
0.00000000e+00
0.00000000e+00
0.00000000e+00
0.00000000e+00
0.00000000e+00
0.00000000e+00
0.00000000e+00
0.00000000e+00
0.00000000e+00
0.00000000e+00
0.00000000e+00
0.00000000e+00
0.00000000e+00
0.00000000e+00
0.00000000e+00
0.00000000e+00
0.00000000e+00
0.00000000e+00
0.00000000e+00
0.00000000e+00
0.00000000e+00
0.00000000e+00
0.00000000e+00
0.00000000e+00
0.00000000e+00
0.00000000e+00
0.00000000e+00
0.00000000e+00
0.00000000e+00
0.00000000e+00
-5.15681470e-01
-1.43566408e-01
-8.10495921e-01
0.00000000e+00
0.00000000e+00
0.00000000e+00
2.17483984e-01
9.06277243e-01
-5.72650164e-01
-2.15943650e-01
-4.04806762e-01
-3.51934293e-02
1.37087904e-01
-3.91441836e-01
2.35042279e-01
0.00000000e+00
6.18029788e-01
-4.05745458e-01
-9.59225475e-01
2.60399924e-01
6.12654247e-01
2.39441975e-01
8.87566662e-02
-8.40788722e-01
-4.78604626e-01
1.78730189e-01
-7.33530028e-02
0.00000000e+00
0.00000000e+00
0.00000000e+00
1.57432983e-01
-5.53897982e-02
9.98685493e-03
2.12007098e-01
-6.10944511e-01
1.17218596e-01
2.74140701e-01
3.93439097e-01
5.75887520e-02
0.00000000e+00
-1.26974784e-01
-2.26419224e-01
-2.17368580e-01
1.79937159e-01
-2.60556581e-01
8.92533473e-02
9.43920374e-02
-3.50283838e-01
-1.59849388e-02
2.05172627e-01
-5.69633049e-01
0.00000000e+00
0.00000000e+00
0.00000000e+00
-5.72428357e-02
1.78480846e+00
-3.92785134e-01
-4.90273934e-01
-7.78555975e-01
3.22925035e-01
2.64721708e-01
-2.14474139e-02
6.10423763e-01
0.00000000e+00
3.17340844e-01
5.75467794e-02
-7.88228785e-01
2.41984668e-01
-3.51790338e-01
-3.50847274e-01
-3.12296871e-01
-5.43790899e-01
-3.38974284e-01
2.56849433e-01
-8.80195151e-02
0.00000000e+00
0.00000000e+00
0.00000000e+00
2.20346034e-01
-2.64476291e-01
7.99341637e-02
3.37928764e-01
-1.11790209e+00
5.86434671e-02
2.72828428e-01
8.65753651e-03
-1.07614888e-01
0.00000000e+00
2.26133249e-01
-3.21916608e-02
-4.96157423e-01
2.00970987e-01
2.88198866e-01
3.58235241e-01
1.78716729e-01
-4.80248153e-01
3.01507193e-02
1.49826810e-01
136
-3.74687646e-01
2.74708898e-01
-1.05736252e-02
-3.06557529e-01
1.89177812e-03
-3.24361645e-01
3.39526715e-03
-1.84773693e-02
-1.04924720e-04
0.00000000e+00
0.00000000e+00
-1.73274603e-01
-1.96349584e-01
-2.55554636e-01
2.73214041e-01
6.34677842e-02
2.18515018e-02
0.00000000e+00
0.00000000e+00
4.15817483e-02
-3.28040220e-02
-2.72658484e-01
-1.10806888e-01
0.00000000e+00
0.00000000e+00
0.00000000e+00
0.00000000e+00
4.15817483e-02
-2.97781257e-01
-4.78127217e-01
-6.53823458e-01
7.43104452e-01
-7.59299353e-01
1.14046433e+00
-1.10806888e-01
0.00000000e+00
0.00000000e+00
0.00000000e+00
0.00000000e+00
0.00000000e+00
0.00000000e+00
0.00000000e+00
0.00000000e+00
0.00000000e+00
0.00000000e+00
0.00000000e+00
0.00000000e+00
1.44725064e+00
6.46444845e-01
5.05228573e-01
-8.95860471e-01
0.00000000e+00
-2.72394410e-01
2.27294626e-01
3.16983704e-01
-9.68961739e-01
-8.18967833e-02
-1.30625340e+00
-1.39188092e-01
-1.24978221e-01
-1.51634898e+00
-3.13976158e-01
-4.78127217e-01
0.00000000e+00
0.00000000e+00
0.00000000e+00
0.00000000e+00
0.00000000e+00
0.00000000e+00
0.00000000e+00
0.00000000e+00
0.00000000e+00
0.00000000e+00
0.00000000e+00
0.00000000e+00
0.00000000e+00
0.00000000e+00
0.00000000e+00
0.00000000e+00
0.00000000e+00
0.00000000e+00
0.00000000e+00
0.00000000e+00
0.00000000e+00
0.00000000e+00
0.00000000e+00
2.59319759e-01
1.75549937e-01
-7.45492017e-01
0.00000000e+00
0.00000000e+00
0.00000000e+00
6.41600443e-01
1.23416614e+00
-5.41992996e-01
9.89567040e-02
-2.12511097e+00
3.48763800e-01
5.11086226e-01
3.89020668e-01
3.97305027e-01
0.00000000e+00
7.75779822e-01
6.81915619e-02
-2.03364668e+00
4.28016841e-01
5.66584952e-01
4.50819675e-01
1.57497177e-01
-1.86159469e+00
-8.10079694e-01
5.59143982e-01
-7.74544627e-01
0.00000000e+00
0.00000000e+00
0.00000000e+00
5.98419542e-02
1.21098456e+00
-4.78706943e-01
-5.35514014e-02
-1.37273701e+00
4.24595149e-01
6.37965017e-01
2.69648396e-01
3.26636016e-01
0.00000000e+00
5.95030809e-01
-1.48767423e-01
-1.95787161e+00
8.03269582e-01
-1.58694511e-01
1.36897993e-01
1.33046098e-01
-1.19419542e+00
-5.06604423e-01
4.98668542e-01
7 1
1.5774e-01 2.9703e-01
4 1
0 1 4 3 
217
-8.89660716e-02
1.20912795e-01
-3.26872948e-01
-2.25624617e-01
-1.15497578e-01
4.59864807e-01
2.65834391e-01
-1.25372210e-01
9.48593566e-02
-3.65801599e-01
-3.10478442e-01
8.42000040e-02
-2.36837982e-02
6.83234145e-01
0.00000000e+00
0.00000000e+00
0.00000000e+00
1.24859901e-02
4.75929847e-03
8.40050715e-02
-2.78412009e-01
8.13653861e-03
4.25396526e-02
1.79135554e-01
1.90144214e-03
3.99080796e-02
0.00000000e+00
0.00000000e+00
-1.70415768e-01
-3.62544483e-01
-6.42200395e-01
3.64980981e-01
3.60728740e-01
3.91017779e-01
0.00000000e+00
0.00000000e+00
2.61420296e-03
-4.62621438e-02
-1.28369727e-01
-5.24132246e-02
1.35464821e-01
0.00000000e+00
0.00000000e+00
0.00000000e+00
2.61420296e-03
-2.63309291e-01
1.17301221e-01
-4.36790253e-01
6.32136056e-02
-4.49904479e-02
1.54686985e-01
5.87611572e-01
3.65323210e-02
4.43982402e-01
-2.48061443e-01
1.91369959e-01
0.00000000e+00
-9.36877123e-04
-8.30457878e-01
1.35464821e-01
2.47733760e-01
-2.45086134e-01
-9.42279013e-02
0.00000000e+00
-7.01367956e-01
-8.99561155e-01
6.36120524e-01
-1.21465883e-01
-2.37186395e-02
7.14927025e-01
0.00000000e+00
2.39908945e-01
6.67711286e-02
-4.09118752e-02
2.70044201e-01
-2.87963141e-01
1.59019728e-01
3.18773881e-02
-1.88238269e-01
-1.13361381e+00
2.45424042e-01
-5.01661395e-01
-1.78029232e-01
-1.19540830e-01
6.82415640e-02
1.12096031e-01
-7.65264236e-01
6.41857960e-02
-1.09971795e-01
-3.33489462e-01
-3.81757021e-01
0.00000000e+00
0.00000000e+00
0.00000000e+00
0.00000000e+00
0.00000000e+00
0.00000000e+00
0.00000000e+00
0.00000000e+00
0.00000000e+00
0.00000000e+00
0.00000000e+00
0.00000000e+00
0.00000000e+00
0.00000000e+00
0.00000000e+00
0.00000000e+00
0.00000000e+00
0.00000000e+00
0.00000000e+00
0.00000000e+00
0.00000000e+00
0.00000000e+00
0.00000000e+00
0.00000000e+00
0.00000000e+00
0.00000000e+00
0.00000000e+00
0.00000000e+00
-2.32923191e-01
-1.54567700e-01
-5.85668218e-01
0.00000000e+00
0.00000000e+00
0.00000000e+00
5.88693152e-01
7.18191491e-01
-6.25359684e-01
1.10131821e-01
-1.14657070e+00
4.98745415e-01
6.64426715e-01
3.92724009e-01
3.38112733e-01
0.00000000e+00
4.62063973e-01
-6.81328221e-01
-1.25460637e+00
4.80033431e-01
-2.16298557e-01
4.33371554e-01
-6.27282967e-02
-1.29920849e+00
-5.36714864e-01
5.50652675e-01
-1.97328120e-01
0.00000000e+00
0.00000000e+00
0.00000000e+00
-1.22598941e-03
2.37983314e-01
5.43273608e-02
1.15068131e-02
-5.28831494e-01
-2.36510906e-01
-2.49623492e-02
-3.23663756e-03
-2.16591447e-02
0.00000000e+00
9.79945058e-02
3.30875604e-01
-4.18585637e-01
2.41003856e-02
4.49006684e-01
2.25283046e-02
3.08051989e-01
-3.17682542e-01
-1.94189916e-01
1.31815342e-02
-4.52581076e-01
0.00000000e+00
0.00000000e+00
0.00000000e+00
2.05374260e-01
1.30062128e+00
-7.78613199e-01
-9.90998223e-02
-8.04115424e-01
-4.03887767e-02
4.56372098e-01
3.15412410e-02
1.49099423e-01
0.00000000e+00
6.46741542e-02
-1.16174192e-02
-1.30266079e+00
6.53742590e-01
7.54049631e-02
3.30466372e-01
2.99557151e-01
-8.96248993e-01
-4.05263123e-01
3.18572936e-01
-2.39259422e-01
0.00000000e+00
0.00000000e+00
0.00000000e+00
-1.06133436e-02
-7.87469603e-02
2.82930604e-01
1.60533904e-01
-6.38923555e-01
3.69849438e-01
9.32949767e-02
1.27717318e-02
2.05171522e-01
0.00000000e+00
4.69464174e-01
-1.31834427e-01
-6.73086195e-01
5.00021805e-02
5.69860456e-02
-2.45805592e-02
-3.58501796e-02
-4.25445249e-01
4.97257431e-02
2.90907263e-02
136
-2.77272154e-01
0.00000000e+00
0.00000000e+00
-2.66367214e-02
1.09341732e-02
-1.83592587e-01
3.07727898e-03
-5.53233380e-02
1.61676010e-03
0.00000000e+00
0.00000000e+00
1.62602184e-01
-9.82417896e-02
-2.25911278e-01
-1.17454260e-02
-1.43810723e-01
8.83063790e-02
0.00000000e+00
0.00000000e+00
-1.48595277e-01
1.51623931e-01
1.89144644e-01
-1.25685097e-01
-3.43760357e-01
0.00000000e+00
0.00000000e+00
0.00000000e+00
-1.48595277e-01
-1.19951891e-01
-2.59924068e-01
-1.58576594e-01
2.83222144e-01
-6.47807166e-01
9.22851641e-01
5.49795708e-01
2.48277745e-01
6.94615149e-01
-7.44736235e-01
3.92012383e-02
1.22797848e-01
-8.21905302e-02
-6.32491513e-01
-3.43760357e-01
0.00000000e+00
0.00000000e+00
0.00000000e+00
0.00000000e+00
-2.05925639e-01
3.01074251e-02
2.58849434e-01
-9.00485960e-01
0.00000000e+00
3.50639389e-01
2.69224903e-01
2.23938493e-01
-4.65390112e-01
-6.03812810e-02
-3.89308650e-01
2.61773364e-02
4.90041968e-02
-1.02804391e+00
-5.23635712e-01
-2.96269258e-01
-1.41719934e-01
2.13687681e-01
-6.26400292e-01
0.00000000e+00
0.00000000e+00
0.00000000e+00
0.00000000e+00
0.00000000e+00
0.00000000e+00
0.00000000e+00
0.00000000e+00
0.00000000e+00
0.00000000e+00
0.00000000e+00
0.00000000e+00
0.00000000e+00
0.00000000e+00
0.00000000e+00
0.00000000e+00
0.00000000e+00
0.00000000e+00
0.00000000e+00
0.00000000e+00
1.06006793e-01
1.82647100e-01
-8.20755280e-01
0.00000000e+00
0.00000000e+00
0.00000000e+00
6.38513918e-01
1.01198957e+00
-5.38166288e-01
2.25882459e-01
-1.99137820e+00
3.61732681e-01
6.83198608e-01
3.91230267e-01
3.96566457e-01
0.00000000e+00
6.01028487e-01
-2.48788249e-01
-1.90668431e+00
4.74763658e-01
3.71032865e-01
4.48019921e-01
9.81334489e-02
-1.80145976e+00
-6.73550464e-01
6.37179654e-01
-7.80493604e-01
0.00000000e+00
0.00000000e+00
0.00000000e+00
1.77257455e-01
1.17404682e+00
-3.57876935e-01
1.32699278e-01
-1.90808955e+00
4.19850393e-01
8.67081150e-01
1.92253471e-01
3.68214993e-01
0.00000000e+00
6.52470319e-01
-6.51537928e-02
-1.79933993e+00
6.54938912e-01
-8.87421498e-02
1.83282213e-01
-5.74604302e-02
-1.33002222e+00
-5.19272560e-01
5.23368949e-01
5 1
-1.8561e-01 3.7142e-01
5 0
0 1 4 3 7 
217
-2.58465921e-01
4.29930933e-01
-1.90420426e-01
-1.89395152e-02
2.85952995e-02
-9.97972938e-02
-1.67501775e-01
-9.66866764e-02
-2.54309424e-01
8.00243070e-03
9.34171409e-02
-3.28316471e-02
4.13328381e-02
1.45645236e-01
0.00000000e+00
0.00000000e+00
0.00000000e+00
0.00000000e+00
0.00000000e+00
0.00000000e+00
-2.60548281e-01
1.01243634e-04
-1.37099729e-01
2.34529106e-02
-4.41954261e-05
-1.60552127e-01
0.00000000e+00
0.00000000e+00
6.83887339e-03
5.63796876e-02
-1.17716826e-01
4.58980480e-02
-1.39384183e-01
-8.55914056e-02
0.00000000e+00
0.00000000e+00
2.77872038e-02
-4.61506533e-02
1.06190412e-01
-4.06469656e-01
-1.12189520e-01
1.72366293e-01
0.00000000e+00
0.00000000e+00
2.72013058e-02
-2.13112321e-01
-3.49150676e-01
-2.53686800e-01
0.00000000e+00
-5.29361595e-01
3.13644477e-01
5.25718753e-01
4.11393802e-02
4.52417634e-01
1.13550147e-01
1.70677698e-01
0.00000000e+00
-2.80720347e-01
-2.09608646e-02
-2.22230683e-01
2.03489410e-01
-2.94695488e-01
-1.95047047e-01
0.00000000e+00
9.18317411e-02
2.96321945e-01
-1.34979096e-01
7.05395696e-01
-2.15318566e-01
-9.41373404e-02
0.00000000e+00
-5.36027971e-01
-4.34502759e-01
4.99459948e-01
-2.86688533e-01
-2.21897898e-01
2.11128574e-01
4.48636189e-02
-5.58272518e-02
-6.09160713e-01
-1.32316459e-01
1.51926847e-01
-1.15185829e-01
2.02616623e-02
-3.67935570e-02
-4.73067816e-01
-6.23104248e-01
2.33574509e-01
-6.64577345e-01
1.78209431e-02
-1.62975287e-02
0.00000000e+00
3.12797044e-01
-4.34961633e-01
-2.09664263e-01
-2.97848135e-01
-3.61598702e-01
-1.73232939e-01
0.00000000e+00
0.00000000e+00
0.00000000e+00
0.00000000e+00
0.00000000e+00
0.00000000e+00
0.00000000e+00
0.00000000e+00
0.00000000e+00
0.00000000e+00
0.00000000e+00
0.00000000e+00
0.00000000e+00
0.00000000e+00
0.00000000e+00
0.00000000e+00
0.00000000e+00
0.00000000e+00
0.00000000e+00
0.00000000e+00
0.00000000e+00
1.37019655e-01
2.59043655e-01
-6.26063789e-01
0.00000000e+00
0.00000000e+00
0.00000000e+00
2.47718332e-01
1.21144018e+00
-5.75933265e-01
1.98128628e-01
-1.32903715e+00
1.79352595e-01
7.00175765e-01
2.14741280e-01
3.09851366e-01
0.00000000e+00
5.60854865e-01
-2.60915959e-01
-1.44235758e+00
5.31900053e-01
2.43880102e-01
2.79394980e-01
-1.86673298e-01
-1.35041086e+00
-6.40745834e-01
4.82572010e-01
-2.12501009e-01
0.00000000e+00
0.00000000e+00
0.00000000e+00
2.83898563e-01
1.26818528e-02
1.19989025e-02
-5.50678674e-02
-9.67284101e-01
1.67032557e-01
2.95813620e-02
2.12784198e-01
2.18458438e-01
0.00000000e+00
-1.93674602e-03
8.80852702e-02
-1.87256848e-01
1.76812333e-02
8.27690370e-02
8.45184768e-02
3.80804840e-01
-8.07351824e-01
1.29325589e-02
2.03169090e-01
-5.54740948e-01
0.00000000e+00
0.00000000e+00
0.00000000e+00
7.66799603e-02
7.39013659e-01
-2.00544685e-01
1.45212277e-01
-1.39533167e+00
6.66157819e-01
7.85056486e-01
1.99509269e-01
1.72209589e-01
0.00000000e+00
3.79307603e-01
-1.23391602e-01
-1.38372437e+00
5.29146968e-01
-3.62392660e-01
1.02575651e-01
1.89276415e-01
-9.23650576e-01
-4.63016054e-01
3.13164971e-01
-2.10043056e-01
0.00000000e+00
0.00000000e+00
0.00000000e+00
1.20883961e-01
3.30263184e-01
-1.10322585e-01
8.77754912e-02
-8.73599123e-01
-8.25657227e-02
1.26957803e-02
1.58913391e-01
1.25869009e-01
0.00000000e+00
2.40180560e-01
-2.51873618e-01
-5.91494501e-01
1.99065388e-01
3.31185443e-01
2.72485413e-01
2.61672889e-02
-3.93872420e-01
-1.84613080e-02
2.06661313e-01
136
-6.36274297e-01
0.00000000e+00
0.00000000e+00
0.00000000e+00
0.00000000e+00
-1.08013275e+00
1.72184469e-02
5.46229749e-01
4.44522142e-04
0.00000000e+00
0.00000000e+00
-1.69451771e-01
-5.15563317e-01
-3.04206093e-01
2.60431050e-01
4.57772328e-02
1.14150387e-01
0.00000000e+00
0.00000000e+00
5.40312365e-02
3.98904012e-01
1.16930823e-01
-6.03595202e-01
-5.88216057e-01
-1.43291089e-02
0.00000000e+00
0.00000000e+00
1.22169610e-01
-2.93240070e-01
-2.19192483e-01
2.32408497e-02
1.84613049e-01
-3.33316953e-01
1.01061501e+00
7.19459861e-01
-2.03437206e-01
2.59929845e-01
-4.64758045e-01
-1.72296251e-01
1.41248515e-01
-5.10907278e-01
-6.46929762e-02
-8.35709778e-01
0.00000000e+00
0.00000000e+00
0.00000000e+00
0.00000000e+00
5.12328205e-01
5.65040308e-01
2.99760851e-01
-8.11530044e-01
0.00000000e+00
-6.32797804e-01
-2.34177128e-01
1.47346825e-01
-4.97789878e-01
-8.33553614e-02
-8.64228389e-01
-1.87606196e-02
3.19286022e-04
-5.34523458e-01
-7.22631242e-01
1.09783469e-01
8.72777167e-02
2.46905847e-01
-6.79539443e-01
0.00000000e+00
2.80910804e-01
-3.14390664e-01
8.43385765e-02
-3.15630619e-01
0.00000000e+00
0.00000000e+00
0.00000000e+00
0.00000000e+00
0.00000000e+00
0.00000000e+00
0.00000000e+00
0.00000000e+00
0.00000000e+00
0.00000000e+00
0.00000000e+00
0.00000000e+00
0.00000000e+00
0.00000000e+00
0.00000000e+00
3.55374667e-02
2.47334199e-02
-7.61149675e-01
0.00000000e+00
0.00000000e+00
0.00000000e+00
6.38947092e-01
9.69851941e-01
-5.28833203e-01
2.47259118e-01
-1.81501726e+00
2.56663304e-01
5.89814680e-01
3.71072383e-01
2.77424043e-01
0.00000000e+00
6.13840388e-01
-2.75226713e-01
-1.76965597e+00
4.76912569e-01
3.90123098e-01
4.83311309e-01
1.84188491e-01
-1.68490678e+00
-7.40780005e-01
5.53861839e-01
-7.36157522e-01
0.00000000e+00
0.00000000e+00
0.00000000e+00
1.70268537e-01
1.18240186e+00
-4.49121543e-01
1.14751152e-02
-1.56995810e+00
4.74922023e-01
6.54005130e-01
7.82680526e-02
4.03545365e-01
0.00000000e+00
6.72039016e-01
3.70598223e-02
-1.90073243e+00
6.36273346e-01
-1.29270344e-03
1.16287572e-01
2.58791518e-02
-1.33875522e+00
-3.70153027e-01
4.31430514e-01
9 1
-2.7781e-01 3.7313e-01
6 0
0 1 4 3 7 5 
217
-4.03570257e-01
3.06574270e-01
9.10993930e-02
1.12780088e-01
1.28890685e-01
-2.04742799e-01
-1.07935661e-01
-4.79299340e-01
-6.30702635e-01
5.05836277e-01
-4.58724753e-03
3.08789281e-01
2.10764602e-01
3.39276782e-01
0.00000000e+00
0.00000000e+00
0.00000000e+00
0.00000000e+00
0.00000000e+00
0.00000000e+00
-6.78937767e-01
5.37421198e-03
5.09788099e-02
2.86656908e-01
-8.58316034e-04
-1.49496205e-01
0.00000000e+00
0.00000000e+00
-3.17065213e-02
1.94200363e-01
2.31612663e-01
1.17089261e-01
-4.42544803e-01
-4.58414079e-01
0.00000000e+00
0.00000000e+00
-1.10247995e-01
3.67308387e-01
-3.15083479e-02
-4.29549436e-01
-3.34291164e-01
-9.48220419e-04
1.35666519e-01
0.00000000e+00
-1.34965713e-01
-2.46882188e-01
-2.88881291e-01
-3.37369558e-01
-1.55416988e-01
-5.52122906e-01
5.54016183e-01
5.94470946e-01
1.09530096e-01
7.27166466e-01
-4.16181457e-02
4.98480134e-02
-2.87936592e-03
-9.76326813e-02
-3.45271697e-01
-2.35561428e-01
2.75591318e-01
-3.11525018e-01
-2.57388562e-01
0.00000000e+00
-3.05486920e-01
-1.38445312e-01
1.69851249e-01
2.96060332e-01
-2.67934586e-01
1.55076041e-01
0.00000000e+00
-3.53203279e-01
-3.89113770e-01
7.59913758e-02
-2.91545100e-01
-1.26358353e-01
1.43479473e-01
0.00000000e+00
-1.55365571e-01
-3.95791197e-01
-2.06262137e-01
-4.04881481e-02
-3.41358002e-02
4.37638160e-02
-1.77511685e-02
-5.49400346e-01
-8.22357403e-01
1.38770509e-01
-5.39597793e-01
2.48107488e-02
7.12396937e-02
0.00000000e+00
2.09913954e-01
-4.14250974e-01
-2.90066914e-01
-1.02906057e-01
-3.23417297e-01
-1.65404943e-01
0.00000000e+00
2.69941798e-01
1.98990938e-02
-4.35075940e-01
-6.05760276e-01
-2.38436114e-01
-5.53118011e-01
0.00000000e+00
0.00000000e+00
0.00000000e+00
0.00000000e+00
0.00000000e+00
0.00000000e+00
0.00000000e+00
0.00000000e+00
0.00000000e+00
0.00000000e+00
0.00000000e+00
0.00000000e+00
0.00000000e+00
0.00000000e+00
-3.09597708e-01
1.33930452e-01
-6.28067915e-01
0.00000000e+00
0.00000000e+00
0.00000000e+00
4.44778917e-01
8.88643268e-01
-6.70772785e-01
2.07395079e-01
-1.36548683e+00
2.55739941e-01
6.17263852e-01
3.07504988e-01
1.66719733e-01
0.00000000e+00
5.43233526e-01
-6.81345464e-01
-1.65715869e+00
5.43033241e-01
4.43626447e-01
3.00532407e-01
8.02974767e-02
-1.40244453e+00
-3.90398232e-01
7.40769742e-01
-2.76582597e-01
0.00000000e+00
0.00000000e+00
0.00000000e+00
1.53637745e-01
1.28019983e-01
-3.54486225e-02
-7.01409298e-02
-8.59834505e-01
1.01424641e-01
1.74526494e-01
1.03871977e-01
3.05463444e-01
0.00000000e+00
-2.19089063e-02
2.36228090e-01
-2.34690961e-02
4.79159370e-02
-1.54951793e-01
3.24077613e-02
8.73603691e-02
-4.77389489e-01
-1.94923040e-02
1.51966077e-02
-4.78515569e-01
0.00000000e+00
0.00000000e+00
0.00000000e+00
9.09987937e-02
1.19056038e+00
-3.42021199e-01
2.30942905e-01
-1.57151685e+00
4.73820520e-01
8.13116315e-01
6.78778513e-02
3.03547588e-01
0.00000000e+00
8.66144338e-01
-2.81725785e-01
-1.57230719e+00
5.16524902e-01
5.89620607e-02
1.28795502e-01
1.87017610e-01
-1.35153301e+00
-4.89385264e-01
2.01664968e-01
-2.12726288e-01
0.00000000e+00
0.00000000e+00
0.00000000e+00
1.74628871e-01
1.09057677e-01
5.66393093e-02
6.35872476e-02
-9.66161989e-01
-2.37999457e-02
5.59652814e-03
1.14192936e-01
1.03097615e-01
0.00000000e+00
-1.48258049e-01
-2.07356220e-01
-4.07970178e-01
1.55944030e-01
4.48989581e-02
1.52149446e-01
-3.01260809e-02
9.59896063e-02
1.84217743e-01
3.10946207e-01
136
-3.09604053e-01
0.00000000e+00
0.00000000e+00
-2.17813685e-02
-1.32031169e-02
-7.14445961e-01
1.32103814e-02
4.72340754e-01
6.09930976e-04
0.00000000e+00
0.00000000e+00
-9.99026483e-02
-3.42521569e-01
-1.48637853e-01
1.86866657e-01
1.49890102e-02
1.41017339e-01
0.00000000e+00
0.00000000e+00
-2.36466034e-02
3.30490025e-01
2.63557529e-01
-1.93305877e-01
-3.59172885e-01
-2.56923810e-01
-7.06024323e-02
0.00000000e+00
7.36894602e-02
-2.51583386e-01
2.85298584e-02
-1.73539742e-01
2.16043443e-01
2.03574000e-02
6.73026139e-01
5.02016867e-01
1.26402357e-01
1.48210072e-01
-1.07288513e-01
-4.15995509e-01
6.23962039e-02
-2.43988960e-01
-4.41322597e-01
-5.26557146e-01
0.00000000e+00
0.00000000e+00
0.00000000e+00
0.00000000e+00
6.33391685e-01
4.68223375e-01
2.33882263e-01
-3.99308261e-01
0.00000000e+00
1.51526590e-01
1.38454709e-01
2.30237246e-01
-3.75307426e-01
4.16648633e-03
-5.75741890e-01
-3.13462534e-02
-6.37886690e-03
-3.54982511e-01
-4.46527710e-01
-5.75642500e-01
-6.53424981e-02
1.08240652e-01
-4.56544473e-01
0.00000000e+00
2.19651888e-01
-3.42266156e-01
6.68860714e-02
-2.45422499e-01
0.00000000e+00
-5.06637067e-01
-7.08975686e-01
-5.81209271e-02
-3.10295006e-01
0.00000000e+00
0.00000000e+00
0.00000000e+00
0.00000000e+00
0.00000000e+00
0.00000000e+00
0.00000000e+00
0.00000000e+00
0.00000000e+00
0.00000000e+00
2.11347155e-01
6.93092270e-02
-7.22722102e-01
0.00000000e+00
0.00000000e+00
0.00000000e+00
5.94426474e-01
1.01595636e+00
-4.94441674e-01
2.09841736e-01
-1.78231627e+00
2.33522385e-01
5.38051059e-01
3.78229197e-01
3.20574224e-01
0.00000000e+00
5.76132481e-01
-1.58011262e-01
-1.79536675e+00
4.86268138e-01
4.58381097e-01
4.45770809e-01
2.62593123e-01
-1.78585865e+00
-8.00831951e-01
5.74357368e-01
-7.76771966e-01
0.00000000e+00
0.00000000e+00
0.00000000e+00
1.50274819e-01
1.11349489e+00
-4.43449086e-01
2.60595716e-02
-1.63065486e+00
5.40249406e-01
6.64501809e-01
1.75102484e-01
3.56602371e-01
0.00000000e+00
6.38543724e-01
3.66003137e-02
-1.89636814e+00
6.51247419e-01
-3.88224933e-02
2.06104367e-01
9.97234363e-02
-1.35454821e+00
-4.91832967e-01
4.20399178e-01
10 1
-3.6562e-01 4.1692e-01
7 1
0 1 4 3 7 5 9 
217
-1.25570716e-01
-8.51634176e-02
-3.24157784e-02
-1.35564380e-01
1.48457395e-01
-2.21817351e-01
-5.47840631e-02
-2.96541819e-01
-3.84068308e-01
5.02574838e-01
2.93578212e-01
-1.39757380e-01
-1.28753953e-01
3.66323496e-01
0.00000000e+00
0.00000000e+00
0.00000000e+00
-5.79307715e-03
7.63588022e-03
-1.43090068e-01
-5.55307545e-02
5.11539223e-03
-1.67837451e-01
-6.19748461e-02
1.39209980e-03
6.59505048e-02
0.00000000e+00
0.00000000e+00
-6.25872769e-01
-6.92340201e-01
-7.37700963e-01
6.15625820e-01
7.53682290e-01
5.72460535e-01
0.00000000e+00
0.00000000e+00
5.04873219e-02
1.12077920e-01
-4.35814758e-02
-2.73944599e-01
-1.28005341e-01
6.59705158e-02
2.84340720e-01
-1.92915779e-01
1.60355169e-02
-4.04769512e-01
-1.60339840e-01
-1.01729149e-01
-3.10396678e-02
-2.32237069e-01
3.30310097e-01
3.90742984e-01
-2.87094761e-02
4.40249631e-01
-1.65936181e-01
1.81582491e-01
0.00000000e+00
-1.92401188e-02
-4.09283356e-01
6.25050695e-02
1.34711184e-01
1.90789967e-02
-3.29848219e-01
0.00000000e+00
-4.42675043e-01
-4.72920587e-01
2.87296762e-01
-2.54334228e-02
2.98075650e-02
5.51086454e-01
0.00000000e+00
-2.53422833e-01
-1.44165855e-01
1.67080921e-01
-3.93756921e-02
-3.92288046e-02
3.47443164e-01
0.00000000e+00
-1.85373495e-01
-5.70186948e-01
-5.46666339e-02
-1.05486614e-01
1.52712436e-01
7.47567425e-02
-8.07434444e-03
-1.84952295e-01
-2.95960601e-01
5.14293746e-02
-6.66995976e-02
1.60265484e-02
-9.51604119e-02
0.00000000e+00
2.55042268e-01
8.09267025e-02
-1.96511249e-01
-2.75977284e-01
-1.84101735e-01
-2.60154285e-01
0.00000000e+00
4.65135533e-01
-3.27434959e-01
-2.94715957e-01
-3.66868963e-01
-2.95990293e-01
-2.85031977e-01
0.00000000e+00
1.37021961e-01
-8.28305976e-02
-5.24484405e-02
-4.95284698e-03
-2.10144237e-01
-1.54500393e-01
0.00000000e+00
0.00000000e+00
0.00000000e+00
0.00000000e+00
0.00000000e+00
0.00000000e+00
0.00000000e+00
-3.11302177e-01
-2.21251055e-01
-6.40938415e-01
0.00000000e+00
0.00000000e+00
0.00000000e+00
3.16475472e-01
7.88805484e-01
-4.91245425e-01
9.73713052e-02
-9.06168054e-01
2.10892440e-01
7.83652800e-01
2.88090929e-01
5.83099029e-01
0.00000000e+00
2.30999860e-01
-5.42818451e-01
-1.42422097e+00
4.78750529e-01
-2.41168797e-01
6.06419695e-01
7.98315843e-02
-1.26243269e+00
-6.38844847e-01
4.01571698e-01
-1.95240500e-01
0.00000000e+00
0.00000000e+00
0.00000000e+00
6.25229251e-02
1.40277325e-01
5.05862814e-02
8.12487821e-02
-4.01029756e-01
-7.38143567e-02
-1.85347508e-01
7.25253443e-02
-1.05220193e-01
0.00000000e+00
8.00115920e-02
2.66041545e-01
-2.69506214e-01
5.08808306e-02
3.96653995e-01
-2.00162858e-01
2.13695405e-01
-2.30596110e-01
-1.18125569e-01
-2.58819614e-02
-4.62198827e-01
0.00000000e+00
0.00000000e+00
0.00000000e+00
-1.75084877e-01
1.03098548e+00
-4.19217694e-01
-1.04801272e-01
-9.50929738e-01
2.36970961e-01
6.05474601e-01
-3.19295101e-01
1.15381784e-01
0.00000000e+00
5.04179288e-01
1.34787451e-01
-1.40429959e+00
7.42788561e-01
1.32243714e-01
3.14024088e-01
4.22147317e-01
-7.98634061e-01
-6.85565207e-01
1.56645470e-01
-2.63280474e-01
0.00000000e+00
0.00000000e+00
0.00000000e+00
2.25659264e-01
6.38522093e-02
-3.76188958e-02
1.99733277e-01
-5.13543938e-01
2.98838196e-01
5.10003782e-02
2.07830350e-01
1.43039962e-01
0.00000000e+00
2.00973465e-01
-2.28501759e-01
-6.87395969e-01
-6.66794829e-02
4.21237858e-02
8.59741568e-02
-5.24281999e-02
-5.72743168e-01
2.49734523e-01
1.26871372e-01
136
-1.83056051e-01
0.00000000e+00
0.00000000e+00
-6.28992428e-03
7.94379920e-03
-1.78025960e-01
4.45780325e-03
1.37978623e-02
1.31242831e-03
0.00000000e+00
0.00000000e+00
1.84404260e-01
-1.52502427e-01
-1.64550294e-01
4.81864792e-02
-1.36744503e-01
9.95024839e-02
0.00000000e+00
0.00000000e+00
-3.57374529e-02
1.39208560e-01
2.75887332e-01
-2.92292810e-03
-1.73022104e-01
-2.17604007e-01
-1.70749665e-01
1.88421297e-03
4.93398373e-02
-2.53234788e-01
2.43041984e-02
-2.34505815e-01
1.97047645e-01
-1.09370735e-01
6.17570351e-01
5.35468680e-01
2.95850170e-01
2.34869428e-01
-2.57240901e-01
-3.20469797e-01
5.45935714e-02
-1.35831527e-01
-4.59549622e-01
-4.21896746e-01
0.00000000e+00
0.00000000e+00
0.00000000e+00
0.00000000e+00
5.24300447e-01
4.59791904e-01
1.82273688e-01
-3.84107789e-01
0.00000000e+00
3.33263601e-01
1.53206232e-01
2.42405919e-01
-4.10769555e-01
-2.02270346e-02
-4.40860634e-01
2.54472156e-02
-3.11853950e-02
-4.23400538e-01
-4.28255162e-01
-4.47130416e-01
-1.28032627e-01
1.42952494e-01
-4.91463781e-01
0.00000000e+00
3.07150492e-01
-2.45604026e-01
7.89985519e-02
-3.30255977e-01
0.00000000e+00
-3.60961504e-01
-6.17966867e-01
-4.44261833e-02
-2.10835967e-01
0.00000000e+00
-3.32029376e-01
-2.18294998e-01
2.29221477e-02
3.41491339e-03
0.00000000e+00
0.00000000e+00
0.00000000e+00
0.00000000e+00
0.00000000e+00
1.68154199e-01
1.27652062e-01
-7.32640580e-01
0.00000000e+00
0.00000000e+00
0.00000000e+00
6.52738428e-01
1.02785381e+00
-5.53720724e-01
1.93845181e-01
-2.02705836e+00
3.28625943e-01
6.38810044e-01
3.81859833e-01
3.09914210e-01
0.00000000e+00
6.58377163e-01
-2.52733885e-01
-1.79424785e+00
4.90244382e-01
4.00365549e-01
4.45711099e-01
2.37904780e-01
-1.82232046e+00
-6.89622890e-01
6.40813169e-01
-7.57062390e-01
0.00000000e+00
0.00000000e+00
0.00000000e+00
1.88608531e-01
1.15629036e+00
-4.08343930e-01
8.37575762e-02
-1.76961652e+00
3.87438078e-01
7.18448884e-01
2.16285627e-01
4.04055168e-01
0.00000000e+00
6.42119181e-01
-1.03500599e-01
-1.83407359e+00
7.34631569e-01
-4.08228954e-02
1.79986486e-01
2.02906401e-02
-1.35107510e+00
-4.66184445e-01
4.84642592e-01
2 1
-6.1553e-01 4.6385e-01
8 1
0 1 4 3 7 5 9 10 
217
-3.32395837e-02
1.37774423e-01
-2.15392369e-01
-1.80933842e-01
-1.50880664e-01
3.64960395e-01
3.52062958e-01
-9.41630322e-01
-5.62515460e-01
-1.74707008e-01
-1.67805159e-01
4.01458948e-01
4.95898740e-01
2.78074233e-01
0.00000000e+00
0.00000000e+00
0.00000000e+00
-1.64029023e-02
1.44224598e-02
5.97489982e-02
4.39390244e-01
-1.37713338e-02
3.63201428e-01
-4.46433971e-01
2.59262982e-03
2.22217572e-01
0.00000000e+00
0.00000000e+00
-3.56511113e-01
-5.06876905e-01
-4.14962211e-01
1.41299030e-01
5.01797706e-01
6.50221754e-01
0.00000000e+00
0.00000000e+00
-1.83086948e-01
-4.52327842e-02
1.28111772e-01
3.59142262e-02
-5.38559116e-02
-4.43989307e-02
2.99352338e-02
9.93737589e-02
-1.63838044e-02
-3.67995174e-01
-1.72341125e-01
-2.71237402e-01
-9.57398985e-02
-5.40482063e-01
2.54602092e-01
6.68798674e-01
4.69865970e-02
3.48539203e-01
-7.45810168e-02
2.08251983e-01
-8.36411776e-04
6.93774702e-02
-4.29971126e-01
3.39772417e-01
8.22127325e-02
1.73271754e-01
-1.05637122e-01
0.00000000e+00
-4.86713789e-01
-8.05016333e-01
4.56979914e-01
2.50137062e-01
-1.95480491e-03
6.38829324e-01
0.00000000e+00
-5.56395540e-01
-2.48571978e-01
4.35272258e-01
-2.08788111e-01
8.80222401e-02
6.68576387e-01
0.00000000e+00
-2.85491445e-01
-9.08012889e-01
2.56489944e-01
-2.22901148e-01
9.03121145e-03
4.68663549e-02
-1.71988032e-01
-3.68790668e-01
-6.25965919e-01
4.60624075e-01
-3.09503190e-01
4.69150415e-02
9.09825255e-03
0.00000000e+00
2.06256904e-01
-1.23147670e-01
-2.89665840e-01
-1.51803817e-01
5.03078930e-02
-9.31261976e-02
0.00000000e+00
3.93146102e-01
-2.70242551e-01
-3.05472882e-01
-4.72787979e-01
-1.19361901e-01
-1.41599287e-01
0.00000000e+00
-1.09302420e-01
5.98141793e-02
-1.79035548e-01
-2.65319114e-02
2.56649288e-01
1.84920584e-01
0.00000000e+00
2.87553069e-01
-1.40117026e-01
-1.17255302e-01
-2.70642145e-01
-2.03398810e-01
-2.89984166e-01
-4.29840516e-01
2.70594842e-01
-9.21832283e-01
0.00000000e+00
0.00000000e+00
0.00000000e+00
1.91715373e-01
7.57094048e-01
-7.88828412e-01
1.06342634e-01
-8.61003338e-01
5.46537399e-02
7.42600408e-01
-1.34233249e-01
2.03045924e-01
0.00000000e+00
4.29306295e-01
-4.39221600e-01
-1.19953028e+00
2.71586020e-01
4.38262908e-01
2.09580574e-01
-3.36592645e-01
-1.13823545e+00
-1.48341978e-01
7.19966742e-01
-1.38911989e-01
0.00000000e+00
0.00000000e+00
0.00000000e+00
3.36745115e-01
2.49907504e-01
-8.23574540e-03
-3.71293493e-02
-5.48943270e-01
2.80263953e-02
3.12189290e-02
2.53749840e-01
2.67992502e-01
0.00000000e+00
1.48926227e-01
1.15646547e-01
-8.84674914e-01
2.62244498e-01
-7.42519726e-02
-5.46087479e-03
4.45824925e-01
-2.86263259e-01
-3.80805111e-01
-5.34299750e-02
-5.84083372e-01
0.00000000e+00
0.00000000e+00
0.00000000e+00
1.85146293e-01
8.54635630e-01
-8.79345920e-01
2.49701473e-01
-7.52174676e-01
6.92475738e-02
4.96098319e-01
3.06215981e-01
2.30589319e-01
0.00000000e+00
-5.37354778e-02
-2.77456902e-01
-8.60637284e-01
5.17544158e-01
-2.57394657e-01
-1.72003038e-01
7.98737208e-02
-7.03941018e-01
-1.71387648e-01
5.54940781e-01
-4.86060766e-03
0.00000000e+00
0.00000000e+00
0.00000000e+00
6.35963857e-02
7.88635154e-02
1.96707930e-01
-1.35464205e-01
-6.62540425e-01
2.35067436e-01
1.17322449e-01
6.83614401e-02
2.36232951e-01
0.00000000e+00
3.12821106e-01
2.76348181e-01
-8.39472881e-01
2.42721619e-01
8.35169061e-02
1.61295052e-01
4.78254738e-02
-3.48674495e-01
-8.87705524e-02
-5.06184959e-02
136
-6.45127519e-02
0.00000000e+00
0.00000000e+00
-8.65022997e-03
2.53766899e-03
-2.24716044e-01
4.06122730e-03
1.71812847e-01
9.92160080e-04
0.00000000e+00
0.00000000e+00
1.66972078e-02
-1.91290960e-01
-1.75074989e-01
1.75207170e-01
1.91284313e-02
1.32533256e-01
0.00000000e+00
0.00000000e+00
0.00000000e+00
5.48460185e-02
1.84440004e-01
3.59889288e-02
-1.11682172e-01
-1.40776803e-01
-7.22860496e-02
-1.42934342e-02
0.00000000e+00
-1.15998043e-01
1.46071037e-01
-1.71503510e-01
3.19145574e-01
-5.51835007e-02
6.27129959e-01
5.26026718e-01
2.59293449e-01
1.67852553e-01
-2.98255418e-01
-3.70774899e-01
8.12176480e-02
-2.27337771e-01
-4.44206006e-01
-5.07241298e-01
0.00000000e+00
0.00000000e+00
0.00000000e+00
0.00000000e+00
6.91335929e-01
4.24886309e-01
2.42441454e-01
-3.48369859e-01
0.00000000e+00
4.28240665e-01
1.65077607e-01
2.45891988e-01
-3.07045438e-01
-8.70963992e-03
-3.75354435e-01
-1.34413973e-02
1.68913160e-03
-3.58847848e-01
-4.27796157e-01
-4.07431782e-01
-6.68322740e-02
1.33925786e-01
-4.37907950e-01
0.00000000e+00
3.09323001e-01
-2.75429260e-01
6.77958106e-02
-1.21116351e-01
0.00000000e+00
-4.45691048e-01
-5.97981193e-01
-7.02550063e-02
-1.99709438e-01
0.00000000e+00
-3.04756902e-01
-1.65244007e-01
-5.19751701e-03
1.50558980e-02
0.00000000e+00
-3.58089878e-01
-2.08333191e-01
-9.58474921e-02
-2.26501006e-01
1.61734038e-01
2.70423691e-02
-7.23366951e-01
0.00000000e+00
0.00000000e+00
0.00000000e+00
6.03718473e-01
9.84735418e-01
-5.15557055e-01
1.98887874e-01
-1.89997145e+00
3.01993291e-01
5.71986592e-01
4.08817609e-01
3.03246870e-01
0.00000000e+00
5.87320780e-01
-1.77256764e-01
-1.72316231e+00
4.34453065e-01
4.05417264e-01
4.67401199e-01
2.25854124e-01
-1.79754518e+00
-7.19810054e-01
6.16103302e-01
-7.88865254e-01
0.00000000e+00
0.00000000e+00
0.00000000e+00
1.60761124e-01
1.20956023e+00
-4.09330526e-01
1.05209844e-01
-1.74193913e+00
4.49000283e-01
6.98346142e-01
1.18070478e-01
3.46698295e-01
0.00000000e+00
6.66683794e-01
-1.59078078e-01
-1.85449191e+00
6.74042200e-01
3.33329297e-02
2.66841962e-01
1.08843322e-01
-1.39579102e+00
-5.01520793e-01
4.35895598e-01
8 2
-5.6444e-01 4.8343e-01
8 3
0 1 4 3 7 5 9 10 
217
-2.02811881e-01
5.05628473e-02
1.09357517e-01
-2.22407425e-01
-4.35957527e-01
3.74422348e-01
7.20764770e-02
1.47589304e-01
2.56724478e-01
-1.25098920e-01
9.33582208e-02
-3.10077321e-01
-1.89013530e-01
-3.12425682e-01
1.50492925e-02
1.66714291e-03
2.41725447e-01
-3.21710706e-01
-5.09330500e-03
2.27174561e-01
-1.46955620e-01
5.33417460e-03
-3.54551547e-01
2.50805152e-01
1.67479872e-04
-2.30392757e-01
0.00000000e+00
0.00000000e+00
-2.23996163e-01
-3.85275028e-01
-3.34667667e-01
1.94356059e-01
2.89638826e-01
2.61030776e-01
0.00000000e+00
0.00000000e+00
5.20021950e-02
-6.18924104e-02
-1.89358166e-02
-1.63073993e-01
-1.02852777e-01
-2.83959153e-02
-2.13731467e-03
1.22474151e-01
2.11240484e-02
-8.08750433e-02
-8.87664981e-02
-1.20827250e-01
-1.09541914e-01
-2.82259404e-01
2.36621118e-01
3.05146753e-01
-2.32139515e-01
3.22696777e-01
-7.60929930e-02
1.63187289e-01
2.17484906e-03
1.29830738e-02
-3.25791396e-01
4.95482244e-02
-2.62164792e-02
-8.84936637e-02
-1.40103933e-01
0.00000000e+00
-5.72373999e-01
-4.58404183e-01
3.99361784e-01
-7.34703824e-02
-2.97613639e-02
3.75920316e-01
0.00000000e+00
-3.45837129e-01
-7.19131092e-02
4.52500065e-02
2.87647460e-02
9.77752412e-02
9.97240000e-02
0.00000000e+00
-1.08155602e-01
-4.54079270e-01
-2.47978835e-02
5.76479280e-03
-8.63208127e-02
-8.47131579e-02
2.25396034e-02
-1.41917794e-01
-5.69050463e-01
-9.63741952e-03
-2.05568545e-01
-7.37962713e-02
-1.10200544e-01
0.00000000e+00
1.61576342e-01
-1.69017171e-01
-2.22374872e-01
-1.05496481e-01
-1.42013351e-01
-1.33256592e-01
0.00000000e+00
6.09510378e-01
-6.96053721e-02
-5.55536883e-01
-1.65947379e-01
-2.56747073e-01
-4.72320614e-01
0.00000000e+00
2.36208574e-02
2.02943952e-01
-2.49941200e-01
-3.83967717e-02
2.35467636e-02
-1.72424548e-01
0.00000000e+00
6.47368683e-02
-3.49035367e-01
-4.36608559e-02
-1.73011675e-01
-2.23887894e-01
7.91841705e-02
-5.31502377e-01
-1.22020426e-01
-8.04397050e-01
0.00000000e+00
0.00000000e+00
0.00000000e+00
4.91196809e-01
8.39458954e-01
-5.43375065e-01
-1.00642210e-01
-7.56594786e-01
5.02879084e-02
3.69305734e-01
4.88410787e-01
3.31069501e-01
0.00000000e+00
2.57412726e-01
-6.57968564e-01
-8.65770763e-01
1.47310071e-01
-2.23540344e-02
4.29903053e-01
-7.39268899e-04
-8.89690958e-01
-5.36707905e-01
1.65090962e-01
-1.00459133e-01
0.00000000e+00
0.00000000e+00
0.00000000e+00
6.94132208e-02
-1.06232558e-02
-1.28836223e-01
6.19187524e-02
-6.14359944e-02
4.54470675e-02
1.00093867e-01
-8.11885271e-02
-4.78730444e-02
0.00000000e+00
-2.55755994e-02
1.92241812e-01
-2.62726583e-01
2.22050850e-01
8.82451826e-02
-7.92592711e-02
4.68595753e-02
-3.85395333e-01
-8.53934928e-03
1.64723721e-01
-5.43319341e-01
0.00000000e+00
0.00000000e+00
0.00000000e+00
-1.94066113e-01
1.09114646e+00
-3.87527314e-01
5.69044549e-02
-9.15726340e-01
3.39218030e-01
6.04833293e-01
-3.24904780e-01
3.67640511e-01
0.00000000e+00
7.25207443e-01
2.89572161e-01
-8.27553252e-01
6.17654179e-01
-2.94189546e-01
-1.91789578e-02
-3.88286793e-01
-7.31047626e-01
-4.37349188e-01
-1.15665960e-01
-1.66016932e-01
0.00000000e+00
0.00000000e+00
0.00000000e+00
3.29711154e-01
-2.40256160e-02
1.29352836e-01
1.13432854e-01
-8.58560412e-01
-6.41868621e-02
9.95770868e-02
1.51598623e-01
2.40084123e-02
0.00000000e+00
-1.04924576e-03
-4.08603721e-02
-6.05348316e-01
3.01438594e-02
2.88959729e-01
1.82751636e-01
2.43789436e-01
-5.83279670e-01
1.47543184e-01
2.70424751e-01
136
-1.59869883e-01
-8.87905829e-02
-2.73282558e-04
-1.72839952e-01
1.22646411e-03
-1.18345021e-01
4.31213949e-03
2.20105673e-01
-2.44817380e-04
0.00000000e+00
0.00000000e+00
-2.34440970e-01
-2.61004234e-01
-1.00809591e-01
2.42695333e-01
1.32234196e-01
1.31012593e-01
0.00000000e+00
0.00000000e+00
-8.02489797e-02
7.96939372e-02
2.09111437e-01
9.43158841e-02
-5.84562708e-02
-1.34928066e-01
-1.08196624e-01
-1.61161201e-01
1.13855372e-01
-2.30526197e-01
9.70726083e-02
-2.52096082e-01
3.56809720e-01
-1.49464639e-01
4.62096651e-01
5.00761105e-01
3.02194944e-01
1.37767957e-01
-3.18196253e-01
-3.54102411e-01
4.49590851e-02
-1.88843040e-01
-3.74940895e-01
-3.07217809e-01
0.00000000e+00
0.00000000e+00
0.00000000e+00
0.00000000e+00
6.96941537e-01
4.54104751e-01
2.22162132e-01
-3.71261697e-01
0.00000000e+00
3.86753202e-01
1.64092294e-01
2.29913911e-01
-3.69979239e-01
-7.44917670e-02
-4.29538295e-01
2.58654251e-02
-3.26781906e-02
-4.03750504e-01
-4.29599245e-01
-4.12635859e-01
1.74386739e-02
7.56120557e-02
-4.60097293e-01
0.00000000e+00
4.75519884e-01
-2.26039438e-01
1.06978713e-01
-1.07467572e-01
0.00000000e+00
-3.45729088e-01
-5.31731392e-01
-5.15288761e-02
-2.21572115e-01
0.00000000e+00
-2.92991653e-01
-1.88699333e-01
1.44141114e-02
-6.37422376e-02
0.00000000e+00
-2.55637878e-01
-2.01658697e-01
-6.17990729e-02
-1.93615565e-01
1.90071078e-01
1.38087828e-01
-7.35820102e-01
0.00000000e+00
0.00000000e+00
0.00000000e+00
5.90960914e-01
1.04006389e+00
-5.15880513e-01
2.31119805e-01
-2.16868417e+00
3.22981937e-01
6.29529610e-01
3.78975422e-01
3.88464243e-01
0.00000000e+00
6.66553099e-01
-1.94394063e-01
-1.85152937e+00
4.87729013e-01
4.59859977e-01
4.44863504e-01
2.64942516e-01
-1.83195129e+00
-6.94242914e-01
6.14818278e-01
-7.46679265e-01
0.00000000e+00
0.00000000e+00
0.00000000e+00
1.28012294e-01
1.12728501e+00
-4.57947496e-01
7.24599816e-02
-1.68594382e+00
4.95522773e-01
6.83119274e-01
2.22756363e-01
3.72502909e-01
0.00000000e+00
6.00152849e-01
-1.49770347e-01
-1.92185459e+00
7.14471975e-01
-6.40818233e-03
2.20418314e-01
1.25569009e-01
-1.31452392e+00
-4.53875161e-01
4.81373494e-01
13 1
-7.3860e-01 5.0424e-01
8 1
0 1 4 3 7 5 9 10 
217
8.86962927e-02
-5.03252452e-03
-2.34380432e-01
-6.66093744e-02
4.51295674e-01
-2.79273787e-01
1.78448974e-01
-7.06342590e-01
-6.56875491e-01
3.76495260e-01
-3.00872751e-01
4.90910009e-01
4.16699886e-01
5.00100964e-01
0.00000000e+00
0.00000000e+00
0.00000000e+00
-1.67168994e-02
-6.89982065e-03
-4.14254572e-02
4.93245029e-01
-8.36787372e-03
5.48004050e-02
-3.34652529e-01
1.28869003e-03
3.85887231e-02
0.00000000e+00
0.00000000e+00
-3.74485293e-01
-5.86387454e-01
-4.77404520e-01
5.69919531e-01
6.20020042e-01
4.56752044e-01
0.00000000e+00
0.00000000e+00
-2.04179087e-01
-9.06904903e-02
5.82023492e-02
8.54626324e-02
7.17647137e-02
-1.73193807e-02
7.54951490e-02
1.09960406e-01
-1.01461411e-01
-3.88472184e-01
7.52693401e-02
-2.73400523e-01
-4.49885124e-02
-5.57019957e-01
1.55117097e-01
7.24610196e-01
1.74694399e-01
2.80930649e-01
-6.12826137e-02
1.88623921e-01
0.00000000e+00
1.27505759e-01
-6.93559874e-01
4.83906770e-01
8.54300341e-02
2.61777562e-01
-5.43322171e-02
0.00000000e+00
-4.97595523e-01
-8.03879515e-01
4.61605183e-01
1.63024064e-01
1.25079448e-01
5.01690299e-01
0.00000000e+00
-5.10588021e-01
-1.34462131e-01
3.15675442e-01
-9.78848147e-02
2.83608872e-01
7.85419220e-01
0.00000000e+00
-1.71178255e-01
-6.68779307e-01
2.13040163e-01
-6.01181183e-02
-1.92454484e-02
-8.14005437e-02
-2.96086131e-02
-3.80737341e-01
-6.91415841e-01
3.16391483e-01
-3.34890136e-01
1.82650763e-01
1.71371696e-01
0.00000000e+00
1.96133417e-01
-9.03636651e-02
-1.31293669e-01
-1.63564619e-01
2.38565452e-02
-1.26272641e-01
0.00000000e+00
3.71237653e-01
-2.02833021e-01
-1.97281858e-01
-5.05377701e-01
-8.48666882e-02
-9.87105603e-02
0.00000000e+00
3.85796354e-02
-6.14065938e-02
-1.87447514e-01
-8.42869293e-02
2.37956986e-01
1.30127804e-01
0.00000000e+00
1.36568649e-01
-2.08038297e-01
3.05194881e-02
-2.35340837e-01
-7.83918439e-02
-1.96265498e-01
-1.47167606e-01
2.09642377e-01
-9.12724457e-01
0.00000000e+00
0.00000000e+00
0.00000000e+00
4.17910160e-01
1.08260858e+00
-4.53100002e-01
3.33258132e-01
-1.00819831e+00
1.84533866e-01
4.82767284e-01
3.08461247e-01
2.52511868e-01
0.00000000e+00
4.05113582e-01
-7.11849025e-01
-1.47036396e+00
4.18499362e-01
4.37218537e-01
5.28068836e-01
-2.12201444e-02
-2.54681912e+00
-5.14163692e-01
9.62038340e-01
-5.00545745e-02
0.00000000e+00
0.00000000e+00
0.00000000e+00
2.79201030e-02
1.07718892e-03
-5.36288960e-02
-1.66364744e-01
-5.48162641e-01
-1.45088698e-01
1.30374771e-01
-4.56047590e-02
-1.22327351e-02
0.00000000e+00
2.86524040e-01
2.06964853e-01
-1.01191721e-01
1.48725147e-01
-2.93039738e-02
-1.90618029e-01
2.12441974e-01
6.89942340e-01
-2.66536310e-01
-1.95292486e-01
-5.95488691e-01
0.00000000e+00
0.00000000e+00
0.00000000e+00
3.11682159e-01
8.60804511e-01
-5.73742991e-01
1.92647919e-01
-1.03881799e+00
2.30102368e-01
4.72719213e-01
-7.15277474e-02
7.22197684e-01
0.00000000e+00
2.23055202e-01
7.87774988e-03
-1.72279756e+00
6.35371054e-01
-5.92197810e-01
2.42566658e-01
3.98055258e-03
-7.24904464e-01
-3.30755776e-01
5.56250580e-01
-4.49159070e-02
0.00000000e+00
0.00000000e+00
0.00000000e+00
-1.89643648e-01
2.77831516e-01
2.49528832e-02
-1.27239756e-01
-3.40160428e-01
5.32133805e-02
2.06392385e-01
1.09587174e-01
-1.12649788e-01
0.00000000e+00
2.97947195e-01
-1.45461835e-01
6.76990294e-02
4.32802006e-02
2.40621305e-01
-2.04978342e-02
1.45956523e-01
-6.55169474e-01
1.52341284e-01
-7.39160188e-02
136
-1.20030167e-01
0.00000000e+00
0.00000000e+00
8.36376060e-03
-1.23773594e-03
-2.41924918e-01
3.23796593e-03
1.14836407e-01
1.19000929e-03
0.00000000e+00
0.00000000e+00
4.67584797e-02
-1.90960229e-01
-1.85253762e-01
1.31371716e-01
-1.01795453e-02
1.63186828e-01
0.00000000e+00
0.00000000e+00
-7.12535924e-02
1.07639537e-01
2.02609303e-01
6.52662642e-02
-4.61149662e-02
-1.13069307e-01
-1.54950001e-01
-1.10157405e-01
1.13360852e-01
-3.90225718e-02
2.00250609e-01
-1.27453094e-01
4.47577404e-01
-1.43277986e-02
5.39883991e-01
5.26794420e-01
3.37291371e-01
3.36446309e-02
-4.64274051e-01
-3.86500596e-01
1.09815484e-01
-3.16343891e-01
-5.78881021e-01
-5.01845906e-01
0.00000000e+00
0.00000000e+00
0.00000000e+00
0.00000000e+00
7.07330619e-01
4.09815713e-01
2.45198186e-01
-3.38434051e-01
0.00000000e+00
6.71995480e-01
2.08746052e-01
2.89395869e-01
-3.02968162e-01
-2.42406399e-02
-3.08462211e-01
-1.35004494e-02
2.53748038e-02
-4.47337424e-01
-4.86519510e-01
-4.29694085e-01
-3.12007954e-02
1.39997963e-01
-3.89762409e-01
0.00000000e+00
3.72450688e-01
-2.32044352e-01
9.04822743e-02
-1.24564509e-01
0.00000000e+00
-5.67303190e-01
-5.57972204e-01
-9.29337396e-02
-1.80762202e-01
0.00000000e+00
-4.61023851e-01
-2.06400765e-01
-1.72312963e-02
-1.62325888e-02
0.00000000e+00
-4.52095304e-01
-1.88114402e-01
-1.05369940e-01
-2.17207411e-01
1.30146067e-01
8.88719407e-02
-7.59745503e-01
0.00000000e+00
0.00000000e+00
0.00000000e+00
6.09189195e-01
9.77862576e-01
-5.35479033e-01
2.06588896e-01
-1.90475169e+00
3.33452525e-01
6.40332801e-01
3.93739212e-01
3.71007852e-01
0.00000000e+00
5.53469507e-01
-1.62464110e-01
-1.78247978e+00
4.69556397e-01
4.23445349e-01
4.74310092e-01
2.09724618e-01
-1.92643299e+00
-6.76931107e-01
5.66114184e-01
-7.71762085e-01
0.00000000e+00
0.00000000e+00
0.00000000e+00
1.93625700e-01
1.10716115e+00
-4.05929299e-01
9.57974532e-02
-1.77095664e+00
4.32106473e-01
6.86726668e-01
1.75425066e-01
3.76144380e-01
0.00000000e+00
6.04936577e-01
-3.39164240e-02
-1.89799691e+00
6.90417389e-01
4.50710181e-02
2.54770116e-01
6.35856812e-02
-1.36398885e+00
-4.78587778e-01
4.53846146e-01
6 1
-7.2946e-01 5.2148e-01
8 0
0 1 4 3 7 5 9 10 
217
-3.00136950e-01
-4.74380376e-02
-4.15140306e-02
-2.63051750e-01
-1.93383706e-01
4.21701450e-01
1.19512619e-01
-3.19559592e-01
-1.50510681e-01
-2.10333004e-02
-1.45343046e-01
3.27766764e-01
6.95878637e-02
1.52645724e-01
0.00000000e+00
0.00000000e+00
0.00000000e+00
-2.63397420e-02
8.44768707e-04
-1.03358485e-01
-7.09281387e-01
1.73225027e-02
1.10481130e-01
4.49313134e-01
4.00558462e-04
2.38973908e-01
0.00000000e+00
0.00000000e+00
3.14378167e-01
-2.89998010e-01
-3.55894474e-01
1.81305471e-01
3.16103009e-02
-1.67826341e-01
0.00000000e+00
0.00000000e+00
-1.05628322e-01
-1.42506403e-01
1.80877987e-02
-1.53724656e-03
-8.15276394e-02
5.27691403e-02
9.64412989e-02
-1.36235577e-01
-1.18803732e-01
-2.97078161e-01
-7.07711686e-02
4.84271320e-03
6.94808443e-02
-6.97006958e-01
6.33126032e-02
5.09351864e-01
3.86323176e-02
3.44485878e-01
-3.02040591e-01
9.75773100e-03
1.40846497e-02
1.26405154e-01
-3.28883407e-01
3.34093314e-01
-1.24164322e-01
8.60295181e-02
-1.56373824e-01
0.00000000e+00
-6.34988484e-01
-7.30111939e-01
3.77075671e-01
8.62456784e-02
-4.22241369e-02
6.68914167e-01
0.00000000e+00
-5.19800008e-01
-3.36218717e-01
2.54550456e-01
-6.20029194e-02
-3.48873975e-02
2.00553854e-01
0.00000000e+00
-3.70529873e-01
-5.92052233e-01
5.22005593e-02
2.61539880e-02
3.86375046e-02
1.90783645e-01
-4.11997458e-02
-4.95472249e-01
-7.45219682e-01
7.69266408e-02
-1.35406209e-01
1.59608405e-01
1.66874184e-01
0.00000000e+00
5.46358495e-02
-2.08840326e-01
-1.78495575e-01
-3.01330965e-01
-1.76277224e-01
-1.29349971e-01
0.00000000e+00
4.88221980e-01
-6.34979277e-02
-7.26840928e-01
-1.90216063e-01
-6.15180019e-02
-1.29731742e-01
0.00000000e+00
1.27615386e-01
9.02157173e-02
-2.91971865e-01
1.89096472e-02
-1.35780470e-01
-3.43171450e-01
0.00000000e+00
2.52594227e-02
-1.57606931e-01
-2.11678404e-01
-6.88471144e-02
-1.08432052e-01
4.80139683e-02
-4.92054770e-01
-9.99906145e-03
-7.68096494e-01
0.00000000e+00
0.00000000e+00
0.00000000e+00
-1.87460461e-02
7.21962116e-01
-7.85232625e-01
5.45208240e-02
-9.26677618e-01
3.18208415e-01
6.29341743e-01
8.07245872e-02
3.73059954e-01
0.00000000e+00
5.27469372e-01
-3.22371798e-01
-1.03715236e+00
6.08856471e-01
-1.73868396e-01
8.79358489e-02
-1.08515022e-01
-7.91738153e-01
-4.99850971e-01
4.93977164e-01
-1.80315708e-01
0.00000000e+00
0.00000000e+00
0.00000000e+00
3.03849613e-01
1.23238712e-01
1.00017324e-01
1.37538744e-01
-9.16722341e-01
-7.83639811e-02
6.46359067e-02
1.06497672e-01
1.60665952e-01
0.00000000e+00
1.82914101e-01
-4.34339745e-02
-1.08659150e-01
8.14220150e-02
2.04757430e-01
5.38320790e-02
-1.53715136e-02
-7.65734911e-01
1.09404946e-01
1.19195669e-01
-6.05963665e-01
0.00000000e+00
0.00000000e+00
0.00000000e+00
-3.12900946e-01
1.15281349e+00
-5.87741745e-01
5.31898214e-02
-7.03783465e-01
1.88300569e-02
5.18376482e-01
-2.92998109e-01
4.91921149e-01
0.00000000e+00
5.09904442e-01
-9.46166859e-02
-1.04337046e+00
3.32442741e-01
-1.35025770e-01
1.06697898e-01
3.66008773e-02
-5.32381266e-01
-4.92276837e-01
3.68354659e-01
-1.04397327e-01
0.00000000e+00
0.00000000e+00
0.00000000e+00
3.49252053e-01
-1.93102768e-02
6.34207904e-03
5.90508948e-02
-7.63887350e-01
2.50705117e-01
1.11937118e-01
3.83035364e-01
7.93315004e-02
0.00000000e+00
-1.30849855e-02
1.28621916e-01
-8.00462232e-01
2.07800514e-01
-2.08844809e-03
8.74809211e-02
4.49297110e-02
-3.26394308e-01
-6.01337853e-02
1.72476872e-01
136
-9.33512156e-02
0.00000000e+00
0.00000000e+00
3.45997888e-02
-6.03518955e-03
-1.98942719e-01
1.71148705e-03
9.98502893e-02
3.68001826e-05
0.00000000e+00
0.00000000e+00
-5.99140137e-03
-1.68338946e-01
-1.53346578e-02
2.18390535e-01
-5.97321320e-02
-2.68674753e-02
0.00000000e+00
0.00000000e+00
-4.07212473e-03
3.16334209e-02
9.75898614e-02
4.46561643e-02
-2.09290759e-02
-7.54882584e-02
-9.93950810e-02
-6.73461222e-02
8.11196725e-02
-1.66579795e-01
1.00259044e-01
-2.29462297e-01
2.40280800e-01
-1.72708420e-01
3.99739449e-01
4.31376022e-01
1.88685186e-01
2.17769187e-01
-2.47852272e-01
-1.35922657e-01
4.29648593e-02
-1.81694177e-01
-3.76391712e-01
-2.84934106e-01
0.00000000e+00
0.00000000e+00
0.00000000e+00
0.00000000e+00
4.30267470e-01
3.58876104e-01
1.76223720e-01
-3.27586406e-01
0.00000000e+00
2.50012466e-01
1.33188924e-01
1.92602281e-01
-2.74725487e-01
3.17796717e-02
-2.23763602e-01
4.62231786e-03
2.83154885e-02
-2.52853118e-01
-2.90290842e-01
-2.29193002e-01
-6.31631210e-02
1.12905691e-01
-3.51089775e-01
0.00000000e+00
2.07422929e-01
-2.04283467e-01
4.26916093e-02
-8.31973327e-02
0.00000000e+00
-1.69586078e-01
-4.74839999e-01
-2.06018830e-02
-1.75633735e-01
0.00000000e+00
-2.41773218e-01
-1.74808481e-01
1.73759578e-02
-2.11184855e-02
0.00000000e+00
-2.31413466e-01
-1.66221062e-01
-6.60004976e-02
-1.89829973e-01
1.50069216e-01
1.69280320e-01
-7.59029595e-01
0.00000000e+00
0.00000000e+00
0.00000000e+00
6.06253202e-01
9.97878686e-01
-5.43411901e-01
1.95897429e-01
-1.77887556e+00
3.06091250e-01
6.02281927e-01
3.72687975e-01
3.21781491e-01
0.00000000e+00
5.71003682e-01
-2.14312363e-01
-1.83957342e+00
4.54611590e-01
4.36551777e-01
4.51918653e-01
2.64637185e-01
-1.77983834e+00
-7.62937255e-01
5.78324393e-01
-7.32870338e-01
0.00000000e+00
0.00000000e+00
0.00000000e+00
1.69031337e-01
1.09543554e+00
-4.14560932e-01
9.03557144e-02
-1.67530440e+00
4.41509606e-01
7.17718439e-01
1.57030986e-01
3.61547612e-01
0.00000000e+00
6.43776248e-01
-1.19841211e-01
-1.84455948e+00
6.69512122e-01
-9.09935682e-03
2.51595396e-01
1.10777006e-01
-1.41263098e+00
-4.06362042e-01
4.41198044e-01
11 1
-8.3075e-01 5.3717e-01
8 0
0 1 4 3 7 5 9 10 
217
-3.23294406e-01
6.15138541e-02
1.78599539e-03
-1.37456772e-03
9.02565443e-02
-3.68414536e-01
-3.14605410e-01
-1.59274388e-01
-4.39079008e-01
2.18497104e-01
7.32680485e-02
3.23010497e-01
2.66865419e-01
-1.54534931e-01
0.00000000e+00
0.00000000e+00
0.00000000e+00
0.00000000e+00
0.00000000e+00
0.00000000e+00
-2.54286031e-01
1.61640321e-03
-1.21098863e-01
1.01440186e-02
9.81485870e-04
1.63743956e-01
0.00000000e+00
0.00000000e+00
9.72577471e-02
9.61917906e-02
-3.89815010e-01
-5.12276325e-02
-3.52696044e-02
-3.21986750e-02
0.00000000e+00
0.00000000e+00
0.00000000e+00
-1.25571048e-01
-1.11059733e-01
-1.57208595e-02
7.08172546e-02
8.33008255e-02
-8.63434994e-02
-1.37300279e-01
0.00000000e+00
-3.28049165e-01
-5.45414294e-02
-1.93541148e-01
4.93499175e-02
-3.50576557e-01
8.75217399e-02
4.70914113e-01
6.71832975e-02
2.86082610e-01
-3.76379666e-01
3.93501835e-01
0.00000000e+00
-2.62798454e-01
-3.16502257e-01
2.06889959e-01
-3.56806226e-02
-1.45323282e-01
-1.40873434e-01
0.00000000e+00
-5.45717599e-01
-7.10232689e-01
2.45455253e-01
2.10250137e-01
-2.30320595e-02
5.12871852e-01
0.00000000e+00
-5.41157552e-01
-3.32144006e-01
3.67312426e-01
-5.06387192e-02
-1.49449279e-01
2.59239300e-01
0.00000000e+00
-2.14764427e-01
-5.59490481e-01
-1.03272758e-01
1.42968125e-03
-5.99944764e-03
-2.06620494e-02
6.86659368e-02
-3.95867001e-01
-6.52649995e-01
-9.20511590e-02
-1.95519082e-01
9.59578173e-02
1.83792609e-03
0.00000000e+00
1.96249471e-01
-7.37047869e-02
-2.85766781e-01
-5.69960471e-02
-2.33777096e-01
-2.21641742e-01
0.00000000e+00
5.01330567e-01
-1.79544872e-01
-6.87323806e-01
-2.04340476e-01
-1.37301167e-01
-3.11410240e-01
0.00000000e+00
5.29715141e-02
-1.31297660e-01
-2.06893166e-01
2.79165432e-02
-1.69372754e-01
-2.40330660e-01
0.00000000e+00
-2.34965406e-02
-1.83639467e-01
-1.35463661e-01
-2.08197235e-01
-1.64187949e-01
-3.12243976e-02
-1.91489982e-01
2.52146845e-01
-7.84191975e-01
0.00000000e+00
0.00000000e+00
0.00000000e+00
3.11007387e-01
1.25699942e+00
-6.75668385e-01
9.49462319e-02
-7.98980327e-01
1.13222970e-01
7.88813439e-01
-1.82391864e-01
3.46704478e-01
0.00000000e+00
2.98119141e-01
-3.06161311e-01
-1.30085951e+00
1.11755861e-01
3.25559071e-01
2.56045739e-01
-3.14141781e-02
-9.91819396e-01
-5.22949155e-01
1.22878415e-01
-1.93334475e-01
0.00000000e+00
0.00000000e+00
0.00000000e+00
1.70220326e-01
-1.13805218e-01
6.04551274e-03
6.03458528e-02
-8.03277036e-01
8.98629435e-02
4.30407958e-02
2.86823330e-01
2.72274929e-02
0.00000000e+00
2.14889538e-01
-7.82071559e-02
-5.48768210e-01
2.84820837e-01
1.09053888e-01
5.06534329e-02
1.47629330e-01
-6.44812792e-01
1.15494069e-01
3.89428587e-01
-4.15284023e-01
0.00000000e+00
0.00000000e+00
0.00000000e+00
-2.95156641e-01
8.11066012e-01
-4.43610905e-01
1.49807992e-01
-7.07138316e-01
1.10460141e-01
5.84067352e-01
-7.27524681e-02
1.78818107e-01
0.00000000e+00
7.53498142e-01
9.29816433e-02
-1.15294506e+00
6.57847665e-01
-4.35924247e-01
4.24234508e-01
-4.24553934e-02
-8.22503395e-01
-6.87037689e-01
4.81458532e-01
-1.95926968e-01
0.00000000e+00
0.00000000e+00
0.00000000e+00
3.87645253e-01
1.88151473e-01
3.01855951e-02
3.30937043e-02
-6.08275065e-01
2.05116853e-01
7.92375564e-02
1.71849063e-01
7.80580340e-02
0.00000000e+00
-1.89456444e-01
-9.24591160e-03
-1.80731379e-01
-3.63775852e-02
1.39004341e-01
-1.97647806e-01
9.80657633e-02
-7.18473712e-01
3.05164044e-01
2.87092523e-02
136
-1.60754384e-01
0.00000000e+00
0.00000000e+00
-3.26707365e-02
7.77582358e-03
-4.20682396e-01
8.13576914e-03
3.20675411e-01
1.49470883e-04
0.00000000e+00
0.00000000e+00
2.35091134e-02
-1.94907985e-01
-6.69420136e-02
1.82762366e-01
-5.23689609e-02
-9.62040660e-03
0.00000000e+00
0.00000000e+00
-7.83139843e-02
1.25800134e-01
1.60212456e-01
9.62290472e-02
-8.41276262e-04
-8.79373489e-02
-1.47781699e-01
-2.28121711e-01
2.24691900e-01
-6.04069534e-02
2.49514811e-01
-9.23353089e-02
4.75256355e-01
-9.03216487e-02
4.97688930e-01
6.15592334e-01
2.40576844e-01
-5.74389043e-02
-5.24838919e-01
-4.13169879e-01
2.38519280e-01
-3.71323150e-01
-6.28702075e-01
-4.64058000e-01
0.00000000e+00
0.00000000e+00
0.00000000e+00
0.00000000e+00
7.77378285e-01
4.12255211e-01
2.45548573e-01
-3.44640278e-01
0.00000000e+00
5.99978886e-01
1.74376312e-01
2.59541314e-01
-2.25259465e-01
-3.91412610e-02
-3.94265148e-01
-3.72746060e-03
-4.65639793e-03
-3.84310447e-01
-4.05599823e-01
-3.98081202e-01
-1.73224305e-03
1.44341718e-01
-4.01094189e-01
0.00000000e+00
3.49415046e-01
-1.98342820e-01
8.70421893e-02
-1.35367231e-01
0.00000000e+00
-4.27741516e-01
-4.76789982e-01
-7.13989376e-02
-1.56528048e-01
0.00000000e+00
-5.04595848e-01
-2.21522814e-01
-1.76325777e-02
-1.64923106e-02
0.00000000e+00
-4.81844452e-01
-1.80938819e-01
-1.04372107e-01
-2.31642811e-01
1.78660516e-01
1.20688272e-01
-7.56804465e-01
0.00000000e+00
0.00000000e+00
0.00000000e+00
5.84114717e-01
9.74891259e-01
-5.07912016e-01
2.13005935e-01
-1.89274711e+00
2.85792122e-01
6.04059264e-01
3.72133133e-01
3.67305056e-01
0.00000000e+00
5.75685866e-01
-2.06334324e-01
-1.76535686e+00
4.76712802e-01
3.82675142e-01
4.47695579e-01
2.14841892e-01
-1.76794490e+00
-6.89209460e-01
5.73787437e-01
-7.78775877e-01
0.00000000e+00
0.00000000e+00
0.00000000e+00
1.65449976e-01
1.10934596e+00
-4.00537815e-01
1.01379756e-01
-1.76642413e+00
4.74953446e-01
6.92175061e-01
1.59393024e-01
4.03885049e-01
0.00000000e+00
6.43874294e-01
-6.37183311e-02
-1.94183935e+00
6.79497630e-01
4.75996934e-02
2.56989481e-01
1.04858559e-01
-1.39140982e+00
-4.78419980e-01
4.24171623e-01
12 1
-9.4701e-01 5.5752e-01
8 1
0 1 4 3 7 5 9 10 
217
5.52524564e-02
8.01386517e-02
-2.38807385e-01
-1.51707300e-01
5.35593172e-01
-7.28641276e-01
-1.44935845e-01
-3.33616804e-01
-5.90225796e-01
4.84990255e-01
-1.81166868e-01
3.97308539e-01
4.35987794e-01
4.51539679e-01
0.00000000e+00
0.00000000e+00
0.00000000e+00
0.00000000e+00
0.00000000e+00
0.00000000e+00
1.30967684e-01
-6.32166728e-03
2.20613494e-01
-3.89654608e-02
1.95550128e-03
-2.12694109e-02
0.00000000e+00
0.00000000e+00
-1.19110401e-02
-3.87585470e-01
-5.95494309e-01
2.33628798e-01
3.29054038e-01
5.09113153e-01
0.00000000e+00
0.00000000e+00
-1.78957340e-01
-1.78357197e-01
8.01191443e-02
6.80163695e-02
3.05760598e-02
3.08817973e-02
6.15572598e-02
1.41416363e-01
-1.73903777e-01
-4.48727075e-01
4.27361224e-02
2.22731350e-03
2.48938874e-01
-7.39262758e-01
-1.04788345e-02
7.81707690e-01
3.65423775e-01
1.83690983e-01
-1.59281659e-01
-1.98534829e-02
0.00000000e+00
2.50548895e-01
-6.71616543e-01
5.17239705e-01
8.83519763e-02
3.74612293e-01
-2.28754473e-01
0.00000000e+00
-4.72318813e-01
-7.48810117e-01
4.05568582e-01
5.15340039e-02
1.22002687e-01
4.94651076e-01
0.00000000e+00
-4.27427855e-01
-5.10272961e-01
2.60970446e-01
-8.45739424e-02
2.21709865e-01
6.93857328e-01
0.00000000e+00
-2.23211610e-01
-9.40322881e-01
1.13914645e-01
-4.92878656e-02
1.49025612e-01
1.48866205e-01
2.00403148e-01
-4.97165593e-01
-5.26283657e-01
2.14398900e-01
-9.26111346e-02
1.37616002e-01
3.37598344e-01
0.00000000e+00
1.37682178e-01
-1.24496908e-01
-1.27063783e-01
-2.26870766e-01
4.46340617e-02
-9.28988279e-02
0.00000000e+00
4.21661436e-01
-2.03395283e-01
-1.28212952e-01
-4.52908977e-01
-2.38196027e-01
-1.63747687e-01
0.00000000e+00
-8.46784404e-02
1.28633298e-01
-3.12625014e-02
-2.19438215e-01
1.71193398e-01
1.11682193e-01
0.00000000e+00
1.72832679e-01
3.13933166e-02
7.86556205e-02
-1.28170857e-01
-1.96235843e-01
-2.94045530e-01
-1.34775240e-01
1.15523164e-01
-9.18109847e-01
0.00000000e+00
0.00000000e+00
0.00000000e+00
4.42761057e-01
9.37926478e-01
-5.84792125e-01
9.65143378e-02
-1.29897186e+00
1.89964053e-01
8.52866432e-01
1.60372516e-01
7.79318604e-01
0.00000000e+00
4.97053166e-01
-3.70504393e-01
-1.67613803e+00
8.11556987e-01
8.69285329e-02
-2.25778134e-01
-1.30607202e-01
-1.40186148e+00
-6.23111058e-01
5.38392262e-01
-2.60265005e-03
0.00000000e+00
0.00000000e+00
0.00000000e+00
1.41266120e-02
1.97644937e-02
1.25714416e-02
1.58014634e-01
-7.24731696e-01
3.41212108e-02
-1.97397752e-01
8.70607395e-02
-1.14474568e-01
0.00000000e+00
2.31735872e-01
-2.40022214e-02
1.95546510e-01
2.59631515e-02
4.87084471e-02
3.08713877e-01
9.14200377e-02
-3.93503843e-01
1.37428064e-01
8.63323380e-02
-7.48997698e-01
0.00000000e+00
0.00000000e+00
0.00000000e+00
1.60278013e-01
9.69277427e-01
-4.90585940e-01
6.71287266e-02
-1.10247646e+00
2.55680787e-01
7.78876483e-01
2.01061500e-01
3.96467422e-01
0.00000000e+00
5.09230855e-01
-5.11346008e-01
-1.23007298e+00
3.32238647e-01
-1.24224087e-01
-2.10453568e-02
1.63056426e-01
-1.09888101e+00
-5.67908544e-01
5.64246408e-01
-6.20930737e-02
0.00000000e+00
0.00000000e+00
0.00000000e+00
-1.51711935e-01
1.35780992e-01
-4.92641210e-02
1.45513690e-01
-6.85285326e-01
1.03128121e-01
9.60976031e-03
-8.66311732e-02
2.04033184e-01
0.00000000e+00
2.25955340e-02
2.94203861e-01
-6.06079712e-01
2.98270013e-01
1.18538814e-01
2.71519394e-01
-1.02627596e-02
1.81978065e-01
-2.73309181e-01
1.52797063e-02
136
-5.64442167e-02
0.00000000e+00
0.00000000e+00
-1.96786721e-02
-8.62235773e-03
2.85292549e-02
-1.08134650e-03
-5.64663550e-02
7.70067264e-04
0.00000000e+00
0.00000000e+00
2.34117961e-02
-1.57231281e-01
-1.23550162e-01
1.61283254e-01
1.49408664e-02
1.03873218e-01
0.00000000e+00
0.00000000e+00
-1.36696115e-01
1.37239096e-01
1.35660282e-01
1.15197353e-01
2.20475906e-02
-5.14948609e-02
-1.26354802e-01
-1.52042760e-01
1.54550563e-01
-4.67662046e-03
2.23621275e-01
-8.56423510e-02
4.72853773e-01
-2.46608178e-02
5.06614708e-01
5.97987071e-01
2.59242418e-01
-6.64189934e-02
-4.92344906e-01
-3.79398976e-01
1.29424701e-01
-3.92703313e-01
-5.51716580e-01
-4.03176169e-01
0.00000000e+00
0.00000000e+00
0.00000000e+00
0.00000000e+00
7.16589244e-01
4.07277656e-01
2.31855036e-01
-3.50718400e-01
0.00000000e+00
5.28068597e-01
1.76066359e-01
2.49179981e-01
-2.62642311e-01
-5.95861629e-02
-3.31481427e-01
-2.67365592e-02
1.20031516e-02
-3.76993177e-01
-4.67774562e-01
-3.58271117e-01
1.24197680e-03
1.44161368e-01
-3.12436619e-01
0.00000000e+00
4.18394723e-01
-1.36905503e-01
8.69775438e-02
-1.13868663e-01
0.00000000e+00
-4.60517721e-01
-4.81486806e-01
-7.96630662e-02
-1.43493675e-01
0.00000000e+00
-5.17257437e-01
-2.18499541e-01
-2.94120697e-02
-5.01230144e-02
0.00000000e+00
-3.50302796e-01
-1.68923860e-01
-8.02861074e-02
-2.08936709e-01
1.51659245e-01
1.51797889e-01
-8.03682610e-01
0.00000000e+00
0.00000000e+00
0.00000000e+00
5.67551747e-01
1.00252967e+00
-5.11057891e-01
1.77638225e-01
-1.81490852e+00
2.98605898e-01
6.28517379e-01
3.54557687e-01
3.51739610e-01
0.00000000e+00
5.55561006e-01
-2.34770808e-01
-1.81436187e+00
4.59867754e-01
4.13150535e-01
4.08665860e-01
2.44985739e-01
-1.74626044e+00
-7.13849487e-01
5.68155296e-01
-7.78865096e-01
0.00000000e+00
0.00000000e+00
0.00000000e+00
2.13179616e-01
1.08019235e+00
-3.93083668e-01
6.37967318e-02
-1.74955526e+00
4.73957058e-01
7.06792775e-01
1.93385154e-01
3.87167309e-01
0.00000000e+00
6.58188601e-01
-9.90659826e-02
-1.91081080e+00
6.81048192e-01
2.94930187e-02
2.46002801e-01
8.81990275e-02
-1.43521072e+00
-4.46717419e-01
4.34176117e-01
