1 5 -999999999 -1 -1
1 1 0 -1 -1
0.3868 -1.041
356
1.38405947e+00
1.00725205e+00
3.76807423e-01
-1.92549239e-01
1.84505149e-01
-1.32633130e-02
4.49116433e-02
0.00000000e+00
0.00000000e+00
-3.11074815e-01
-4.49365040e-01
3.38340704e-02
-2.40582603e-01
1.44102607e-01
-1.97350113e-01
-1.39301733e-01
0.00000000e+00
0.00000000e+00
0.00000000e+00
0.00000000e+00
0.00000000e+00
0.00000000e+00
0.00000000e+00
0.00000000e+00
0.00000000e+00
0.00000000e+00
0.00000000e+00
0.00000000e+00
0.00000000e+00
0.00000000e+00
0.00000000e+00
0.00000000e+00
0.00000000e+00
0.00000000e+00
0.00000000e+00
0.00000000e+00
0.00000000e+00
0.00000000e+00
0.00000000e+00
0.00000000e+00
0.00000000e+00
0.00000000e+00
0.00000000e+00
0.00000000e+00
0.00000000e+00
0.00000000e+00
0.00000000e+00
0.00000000e+00
0.00000000e+00
0.00000000e+00
0.00000000e+00
-8.33072991e-01
-9.83609442e-01
1.43788157e+00
0.00000000e+00
0.00000000e+00
0.00000000e+00
0.00000000e+00
4.75674873e-01
3.19249453e-01
1.04287423e+00
-1.78995407e-01
5.25550248e-01
-1.09040730e+00
-6.81573923e-01
-6.34582690e-02
0.00000000e+00
0.00000000e+00
3.90993188e-01
-1.23048638e-02
-4.71648377e-01
2.73966089e-01
-1.96530870e-03
-3.29057322e-02
2.28400660e-01
2.36356511e-03
-9.48547896e-02
4.90699536e-01
8.99529535e-04
-2.75174192e-01
0.00000000e+00
0.00000000e+00
0.00000000e+00
0.00000000e+00
0.00000000e+00
0.00000000e+00
0.00000000e+00
3.88919091e-01
5.15511749e-01
4.79628633e-01
2.83499517e-01
-3.30490482e-01
-1.36677100e-01
-2.34679262e-01
-2.34334544e-01
-9.60289878e-02
9.74835883e-03
2.46205350e-02
-1.62610821e-01
-1.28672445e-01
2.43223708e-01
1.46742516e-01
0.00000000e+00
0.00000000e+00
2.94885251e+00
2.87015926e+00
0.00000000e+00
0.00000000e+00
0.00000000e+00
0.00000000e+00
0.00000000e+00
0.00000000e+00
2.29726515e-01
-1.01034188e-01
2.19801468e-01
1.86687439e-01
-6.94739967e-01
-1.40523430e+00
1.56953116e+00
-1.10218457e-01
0.00000000e+00
-2.40808429e-01
0.00000000e+00
-1.41837455e+00
-6.40023378e-02
1.59012686e-02
-8.79729992e-02
-3.49644976e-01
-3.51604673e-01
-1.56977951e-01
5.04331593e+00
5.15148378e+00
5.03179492e+00
5.05444614e+00
5.33783034e+00
5.20415538e+00
1.07470926e-01
2.60207884e-01
-4.76646688e-01
-2.80632467e-01
-1.19254484e-01
-6.30729063e-01
1.81359789e-01
2.01653373e-01
-1.15092787e-01
-2.05003359e-01
-3.28069069e-01
-4.62533338e-01
0.00000000e+00
0.00000000e+00
0.00000000e+00
0.00000000e+00
-4.91798121e-01
2.11458196e+00
0.00000000e+00
0.00000000e+00
1.87585759e+00
-1.95553863e-01
0.00000000e+00
0.00000000e+00
-5.61303593e-01
-7.35068301e-01
-1.00348945e+00
-7.51031488e-01
-1.56479304e+00
0.00000000e+00
0.00000000e+00
0.00000000e+00
2.37569717e-01
8.52827036e-01
-9.58936483e-01
-3.36132268e-01
-8.33839311e-02
-2.16981879e-01
1.99582810e-02
7.63933550e-01
5.17647037e-02
0.00000000e+00
9.67110673e-02
-1.04838090e+00
-1.22720650e+00
-6.17546028e-02
1.05484157e+00
4.95632368e-01
2.77046432e-01
-1.44288634e+00
-9.42710200e-01
9.03295343e-01
3.47240484e-01
0.00000000e+00
0.00000000e+00
0.00000000e+00
3.22722078e-01
1.81992398e-01
3.82252287e-01
3.84132401e-01
-7.62146776e-01
3.42104062e-01
2.81168755e-01
4.14481067e-02
-2.69031815e-01
0.00000000e+00
-7.32034554e-02
-6.52951701e-01
-7.28106279e-02
7.32839757e-02
-2.33649557e-01
1.53706920e-01
6.24044522e-02
-5.97260750e-02
2.06601774e-01
3.89432819e-02
-9.09521275e-01
-2.53704234e-01
0.00000000e+00
9.87573101e-02
2.12415385e-01
8.34240110e-02
-4.14755286e-03
-3.32980692e-01
-2.97870096e-01
0.00000000e+00
0.00000000e+00
0.00000000e+00
-7.65228907e-01
3.28581749e-01
-5.24704374e-01
-3.75808677e-01
5.73052469e-01
-1.62907656e-01
-2.36023283e-01
1.17646498e-02
1.22821413e-01
0.00000000e+00
-2.72596550e-01
-6.90393477e-02
4.59435384e-02
1.59405441e-01
9.39684196e-01
-5.37990239e-01
1.11991049e-01
3.15188658e-01
1.61443530e-02
2.18514227e-02
-6.55817040e-01
0.00000000e+00
0.00000000e+00
0.00000000e+00
-6.55271764e-01
-3.07599359e-01
0.00000000e+00
3.92878100e-05
5.17476282e-01
2.03933430e-01
-1.11861885e-01
-3.99670904e-01
-3.47672405e-01
0.00000000e+00
0.00000000e+00
0.00000000e+00
-1.48609979e+00
0.00000000e+00
0.00000000e+00
0.00000000e+00
-3.34980539e-02
-4.89323089e-01
-7.29811221e-01
-3.33492501e-01
-2.84967485e-01
-4.66785893e-02
7.05859137e-01
-6.88187482e-02
3.15299787e-01
0.00000000e+00
3.26431703e-01
9.49046486e-01
-6.02276153e-01
6.98546507e-01
-1.59387950e+00
-6.28734088e-01
-3.21116882e-01
-8.78205054e-01
4.35963251e-01
1.09355470e+00
3.28668237e-01
0.00000000e+00
0.00000000e+00
0.00000000e+00
1.90457984e-01
7.31338303e-01
4.83149577e-01
4.84428281e-01
-1.20277299e+00
5.40543667e-01
4.36596070e-02
5.51493367e-02
2.38796028e-01
0.00000000e+00
-9.44545104e-03
-1.64592230e+00
-1.94315076e-02
8.15101542e-02
-7.47105483e-01
7.36557880e-01
6.12197218e-01
1.70141736e-01
1.47215530e-01
-5.61799326e-01
-7.66118726e-01
-3.48841452e-02
-5.32358482e-01
-1.19013567e-01
-1.18374900e-01
1.13048679e-01
3.31411960e-02
-1.81074020e-01
-7.48881448e-01
0.00000000e+00
0.00000000e+00
0.00000000e+00
1.81728794e-01
-1.12165385e+00
1.80292371e-01
1.35762518e-01
1.37724181e-01
-1.50506448e-01
4.94587416e-02
-5.36510317e-01
-4.95702282e-03
0.00000000e+00
2.63302156e-01
1.11052222e+00
3.55627312e-01
-7.58514154e-02
-5.75682211e-01
-2.20973091e-01
-2.11382937e-01
-3.67767094e-01
2.58127795e-01
-1.56143152e-01
-7.31234581e-01
1.62798108e+00
0.00000000e+00
0.00000000e+00
-7.19981063e-01
-7.00184156e-01
-4.40628283e-01
2.57498715e-01
1.44314581e-01
-6.58331202e-02
-1.87329641e-01
-4.47021395e-01
-1.97969072e-02
2.47612369e-01
0.00000000e+00
0.00000000e+00
247
-8.43914287e-01
8.96992102e-02
-9.33613497e-01
-2.97146195e-01
3.86845405e-01
-2.88642055e-01
-2.23428158e-01
1.17745897e-01
0.00000000e+00
0.00000000e+00
-1.62478602e+00
4.69111798e-01
7.45267295e-01
-1.64643834e+00
0.00000000e+00
0.00000000e+00
0.00000000e+00
0.00000000e+00
0.00000000e+00
0.00000000e+00
0.00000000e+00
0.00000000e+00
0.00000000e+00
0.00000000e+00
0.00000000e+00
0.00000000e+00
0.00000000e+00
0.00000000e+00
0.00000000e+00
0.00000000e+00
0.00000000e+00
0.00000000e+00
0.00000000e+00
0.00000000e+00
0.00000000e+00
0.00000000e+00
0.00000000e+00
0.00000000e+00
0.00000000e+00
0.00000000e+00
0.00000000e+00
-1.95381306e+00
9.51292746e-02
0.00000000e+00
0.00000000e+00
-1.68628219e-01
2.08473242e-02
1.87959714e+00
4.05998584e-04
0.00000000e+00
0.00000000e+00
0.00000000e+00
0.00000000e+00
0.00000000e+00
0.00000000e+00
0.00000000e+00
6.24787915e-01
5.62579184e-01
-2.03128139e+00
1.38577782e+00
1.54263566e+00
0.00000000e+00
0.00000000e+00
0.00000000e+00
0.00000000e+00
0.00000000e+00
0.00000000e+00
4.14112408e-01
2.11890010e-01
-2.74486546e-01
-4.08913766e-01
-9.33610335e-01
-1.23868388e+00
2.63465227e+00
0.00000000e+00
0.00000000e+00
6.05899433e-01
0.00000000e+00
0.00000000e+00
5.05280982e-01
-1.50913065e-01
1.19781561e-01
-1.15427292e+00
-1.67423635e+00
2.51496264e-01
3.58777774e+00
3.45701642e+00
3.56321960e+00
3.92398917e+00
3.84990613e+00
3.48800292e+00
9.67845775e-01
1.23918088e+00
1.11889766e+00
1.54359037e+00
1.90763054e+00
4.14357563e-01
0.00000000e+00
0.00000000e+00
0.00000000e+00
0.00000000e+00
0.00000000e+00
-4.60988996e-01
0.00000000e+00
-2.83686424e-01
2.63465227e+00
0.00000000e+00
-5.60227864e-01
-2.08774905e-01
0.00000000e+00
0.00000000e+00
-1.39859057e+00
-8.31101541e-01
-1.40344003e+00
-9.83109922e-01
-2.22969211e+00
0.00000000e+00
0.00000000e+00
0.00000000e+00
-5.96608618e-01
2.97798593e-02
-8.92681837e-01
-2.32212038e-01
3.35492810e-01
1.60385395e-01
-7.67085578e-02
1.04667356e-02
2.28653651e-02
0.00000000e+00
-5.57857989e-01
-2.38554764e-01
-5.71496830e-01
1.04126407e+00
1.06679705e+00
-1.13551355e+00
-3.88728482e-02
-9.88035366e-01
-4.48431809e-01
8.80230819e-01
-1.38708364e+00
-1.15481727e+00
0.00000000e+00
3.09256566e+00
2.60273032e+00
1.52930442e-03
0.00000000e+00
0.00000000e+00
0.00000000e+00
1.58874692e+00
1.09966001e+00
7.64392393e-01
5.63428687e-01
-7.69705324e-01
3.53601034e-01
7.95577002e-01
3.83882182e-01
8.19528868e-01
0.00000000e+00
6.37707532e-01
5.38838601e-01
3.34807677e-01
3.08553678e-01
0.00000000e+00
7.49679176e-01
2.56519653e-01
3.18796463e-01
7.69717079e-01
6.19343205e-02
-2.32266371e-01
0.00000000e+00
0.00000000e+00
0.00000000e+00
-8.42608463e-01
-2.43773294e-01
0.00000000e+00
7.84442042e-01
2.51362740e+00
-5.98835169e-01
0.00000000e+00
0.00000000e+00
0.00000000e+00
-2.38654995e+00
0.00000000e+00
0.00000000e+00
0.00000000e+00
-3.68264632e-03
-8.73394415e+00
-7.85243154e-01
7.01030460e-01
8.24483526e-01
8.15684094e-01
1.83161822e+00
-2.73006982e-01
0.00000000e+00
0.00000000e+00
4.99166905e-01
2.20491649e+00
0.00000000e+00
2.09003663e-01
8.80495277e-01
-9.52491158e-01
3.47408299e-01
0.00000000e+00
0.00000000e+00
-5.50263955e-01
-1.06529563e+00
-5.44740690e-01
0.00000000e+00
-3.36211435e-01
-5.70676741e-01
9.72413098e-01
0.00000000e+00
0.00000000e+00
0.00000000e+00
-1.06325970e+00
4.67211232e+00
0.00000000e+00
-1.44587986e-01
1.29256833e+00
1.18355790e-01
-7.57372695e-01
6.22527894e-01
0.00000000e+00
0.00000000e+00
-5.26747770e-01
0.00000000e+00
0.00000000e+00
5.59254607e-01
-4.32410121e-01
9.58689263e-01
-2.90966674e-01
0.00000000e+00
0.00000000e+00
5.82523265e-01
-5.20554939e-01
2.52257131e+00
0.00000000e+00
0.00000000e+00
-1.32125432e+00
-8.58699338e-01
6.59251038e-02
3.66393324e-01
-4.43170708e-01
-4.62554983e-01
-4.38954602e-01
0.00000000e+00
0.00000000e+00
0 -999999999 7 1 -1
1 0 1 1 -1
1.4176e-01 3.8976e-01
356
9.38369104e-01
0.00000000e+00
0.00000000e+00
0.00000000e+00
0.00000000e+00
0.00000000e+00
0.00000000e+00
0.00000000e+00
0.00000000e+00
0.00000000e+00
0.00000000e+00
0.00000000e+00
0.00000000e+00
0.00000000e+00
0.00000000e+00
0.00000000e+00
9.38369104e-01
0.00000000e+00
1.02326888e-02
2.19045771e-01
-4.30625922e-01
8.86379610e-01
0.00000000e+00
0.00000000e+00
-3.24239339e-01
-7.73259096e-01
-2.72322367e-01
2.37654604e-01
-8.23822408e-03
-3.63570409e-02
5.48279538e-02
9.38369104e-01
0.00000000e+00
-1.70782542e+00
-1.35312004e+00
0.00000000e+00
3.29784676e-01
1.56821319e+00
-1.13154118e-01
1.07798134e+00
2.15404783e+00
0.00000000e+00
0.00000000e+00
0.00000000e+00
0.00000000e+00
0.00000000e+00
0.00000000e+00
0.00000000e+00
0.00000000e+00
0.00000000e+00
0.00000000e+00
-3.63525592e-01
-1.11785229e+00
-1.80424723e-02
0.00000000e+00
0.00000000e+00
0.00000000e+00
0.00000000e+00
-3.03602246e-01
9.82054692e-01
7.57520540e-01
-3.89908795e-01
1.44597837e+00
-2.60915792e+00
0.00000000e+00
0.00000000e+00
0.00000000e+00
0.00000000e+00
4.27099805e-01
3.47061220e-04
-4.66239506e-01
5.11269300e-01
5.03963025e-03
-5.77437513e-01
0.00000000e+00
0.00000000e+00
0.00000000e+00
0.00000000e+00
0.00000000e+00
0.00000000e+00
0.00000000e+00
0.00000000e+00
0.00000000e+00
0.00000000e+00
0.00000000e+00
0.00000000e+00
0.00000000e+00
3.27766712e-01
6.10602392e-01
0.00000000e+00
-9.79859859e-01
-6.35147390e-01
-6.15725929e-01
-4.81805273e-01
-3.74002318e-01
-1.19099705e-02
9.91177516e-02
-6.15593886e-02
7.89476788e-01
2.16749734e-01
4.53508306e-01
-1.62929753e-01
0.00000000e+00
0.00000000e+00
3.36179708e+00
5.60451181e+00
0.00000000e+00
0.00000000e+00
0.00000000e+00
0.00000000e+00
0.00000000e+00
0.00000000e+00
7.09764626e-01
-6.19499791e-01
-5.60079826e-01
-6.03004980e-01
-2.89423931e-01
-1.06118408e+00
0.00000000e+00
0.00000000e+00
0.00000000e+00
0.00000000e+00
0.00000000e+00
0.00000000e+00
-5.18961762e-01
-3.75151106e-01
-3.69611259e-01
-1.47009407e+00
-1.57842936e+00
-3.53895152e-01
1.03252758e+01
9.92475690e+00
9.52226628e+00
9.39437578e+00
1.06439833e+01
1.01655347e+01
7.68537253e-01
3.92164533e-02
-9.70108428e-01
4.20731837e-01
6.86948672e-02
-6.05855585e-01
0.00000000e+00
-1.10167966e+00
-4.52475215e-01
-8.81737299e-01
-1.87382816e+00
-2.38580868e+00
0.00000000e+00
0.00000000e+00
0.00000000e+00
0.00000000e+00
0.00000000e+00
0.00000000e+00
0.00000000e+00
0.00000000e+00
9.38369104e-01
-2.51519861e-01
0.00000000e+00
-3.12059317e+00
-1.33215236e+00
-3.63735100e-01
-1.09127562e+00
-1.18181444e+00
-2.42342798e+00
0.00000000e+00
0.00000000e+00
0.00000000e+00
2.54354153e-01
7.26386157e-01
8.16027818e-01
4.30463908e-01
-2.52527592e+00
4.89577169e-01
7.10294599e-01
1.32228942e+00
-6.00536657e-01
0.00000000e+00
-2.30228313e+00
-9.77906017e-01
-3.69925537e-01
-5.28977368e-01
1.27703137e+00
1.07309644e+00
6.85514746e-01
-2.21401059e+00
-1.30349934e+00
6.13950794e-01
3.04335836e-01
0.00000000e+00
0.00000000e+00
0.00000000e+00
-7.97457508e-02
3.93689114e-01
-7.59724405e-01
9.76925842e-02
7.75875600e-01
-1.11023029e-01
3.31877470e-01
4.61284533e-01
4.45903987e-01
0.00000000e+00
3.12919836e-02
-1.02729088e-01
-3.66040262e-02
2.24383053e-01
-4.12344072e-01
5.96651736e-02
-6.26676202e-02
-1.93368822e-01
-2.84302554e-01
-4.74818294e-01
-5.63610978e-01
-1.11502405e+00
0.00000000e+00
-4.74889104e-01
-2.60018712e-01
-1.69809119e-01
-5.46196700e-01
-3.99018228e-01
-4.23402096e-02
0.00000000e+00
0.00000000e+00
0.00000000e+00
5.85594152e-01
-6.65153867e-01
-4.36819260e-01
-3.05455802e-01
-5.43278766e-01
2.74053185e-01
-3.47139108e-01
-8.55987599e-01
5.87605273e-01
0.00000000e+00
-2.54826178e-01
-1.58604250e-01
2.63624459e-01
-3.77964374e-01
8.14937121e-01
-5.18897046e-01
4.26816534e-01
1.54996827e-01
9.87765076e-01
3.26393414e-01
5.51413069e-01
0.00000000e+00
-2.10354844e+00
-2.18910266e+00
-1.85981700e+00
-2.17128316e-01
0.00000000e+00
0.00000000e+00
-6.15664836e-02
3.56446339e-01
-3.87967578e-01
-1.85607077e-01
-1.64268869e+00
0.00000000e+00
0.00000000e+00
6.75160479e-01
-1.54554954e+00
0.00000000e+00
0.00000000e+00
0.00000000e+00
-1.88472982e+00
3.71453377e+00
-1.88255322e+00
0.00000000e+00
0.00000000e+00
0.00000000e+00
1.36065489e+00
-9.91197069e-02
0.00000000e+00
0.00000000e+00
0.00000000e+00
0.00000000e+00
0.00000000e+00
0.00000000e+00
0.00000000e+00
-1.89251630e-01
-1.11874485e+00
0.00000000e+00
0.00000000e+00
0.00000000e+00
-7.90169796e-01
0.00000000e+00
0.00000000e+00
0.00000000e+00
1.22363891e+00
0.00000000e+00
1.54873508e+00
0.00000000e+00
0.00000000e+00
0.00000000e+00
0.00000000e+00
9.61308502e-01
0.00000000e+00
0.00000000e+00
0.00000000e+00
0.00000000e+00
0.00000000e+00
0.00000000e+00
0.00000000e+00
2.64000060e-01
2.18987566e+00
0.00000000e+00
0.00000000e+00
0.00000000e+00
-3.32806332e-01
1.06784135e+00
-1.30962408e+00
0.00000000e+00
0.00000000e+00
3.50994456e-01
4.05737210e-01
3.11109684e-01
-8.11584558e-01
0.00000000e+00
0.00000000e+00
0.00000000e+00
-1.52839703e-01
0.00000000e+00
-1.85661917e-01
0.00000000e+00
0.00000000e+00
0.00000000e+00
0.00000000e+00
1.53562855e-01
0.00000000e+00
0.00000000e+00
0.00000000e+00
0.00000000e+00
0.00000000e+00
0.00000000e+00
0.00000000e+00
-4.82599450e-01
-6.69827357e-01
0.00000000e+00
0.00000000e+00
0.00000000e+00
-1.40064768e+00
1.79013098e+00
0.00000000e+00
0.00000000e+00
-1.21274320e+00
0.00000000e+00
0.00000000e+00
0.00000000e+00
0.00000000e+00
0.00000000e+00
0.00000000e+00
0.00000000e+00
2.18833246e-01
2.18833246e-01
0.00000000e+00
0.00000000e+00
247
-4.70838645e-01
0.00000000e+00
0.00000000e+00
0.00000000e+00
0.00000000e+00
0.00000000e+00
0.00000000e+00
0.00000000e+00
0.00000000e+00
5.72221681e-02
0.00000000e+00
0.00000000e+00
0.00000000e+00
0.00000000e+00
-4.70838645e-01
0.00000000e+00
-2.87965041e-01
-1.82873604e-01
-2.31470706e+00
-2.74183204e-02
0.00000000e+00
0.00000000e+00
0.00000000e+00
-3.29960737e-01
-3.92381959e-01
-1.79451485e-01
-4.48087725e-01
-4.70838645e-01
0.00000000e+00
3.39683257e+00
0.00000000e+00
0.00000000e+00
8.61849497e-01
-4.70828475e-01
0.00000000e+00
0.00000000e+00
0.00000000e+00
0.00000000e+00
0.00000000e+00
0.00000000e+00
0.00000000e+00
3.17946276e-03
-8.06313637e-03
-4.74018108e-01
-2.41257739e-03
0.00000000e+00
0.00000000e+00
0.00000000e+00
0.00000000e+00
0.00000000e+00
0.00000000e+00
0.00000000e+00
0.00000000e+00
0.00000000e+00
0.00000000e+00
0.00000000e+00
-3.03315483e-01
-1.67523162e-01
0.00000000e+00
2.85510610e+00
5.40789736e+00
0.00000000e+00
0.00000000e+00
0.00000000e+00
0.00000000e+00
0.00000000e+00
0.00000000e+00
1.49708843e+00
-5.84008605e-01
-5.60389192e-01
-4.13566459e-01
-1.36505549e+00
-1.90001343e+00
0.00000000e+00
0.00000000e+00
0.00000000e+00
0.00000000e+00
0.00000000e+00
0.00000000e+00
-9.37310975e-01
-3.62209023e-01
-1.61625121e-01
-1.49803098e+00
-2.46372004e+00
-4.55839868e-01
1.00693283e+01
1.01620154e+01
9.56310981e+00
9.10655372e+00
1.03216462e+01
1.03655636e+01
1.31613768e+00
-7.73047977e-01
-1.04636104e+00
-1.67490182e-01
1.42859363e-01
-1.83948436e-01
-2.93746273e-02
-5.26181670e-01
-2.28886549e-01
-5.34136970e-01
0.00000000e+00
-2.50803799e+00
0.00000000e+00
0.00000000e+00
0.00000000e+00
0.00000000e+00
-4.70838645e-01
5.49122825e-01
0.00000000e+00
-3.72577258e+00
-1.52775744e+00
-1.79818731e+00
-1.42554971e+00
-7.27413715e-01
-3.32594475e+00
0.00000000e+00
0.00000000e+00
0.00000000e+00
-1.03783837e+00
8.70165574e-01
1.81024965e+00
8.20334366e-01
0.00000000e+00
1.42876665e+00
1.37405113e+00
2.20456589e+00
1.62281806e-01
0.00000000e+00
-2.26897875e+00
-3.21042748e-01
-2.10828351e-01
1.09557752e+00
2.57197942e+00
1.80248276e+00
1.71839984e+00
3.64738680e-01
-2.50156839e-01
1.09034268e+00
-1.40640143e+00
-1.16389182e+00
0.00000000e+00
-6.26475463e-01
-4.49238684e-01
-5.85548518e-01
0.00000000e+00
0.00000000e+00
0.00000000e+00
1.15916779e+00
1.52517614e+00
3.61248927e-01
1.05591355e+00
0.00000000e+00
5.14902275e-01
8.04110308e-01
7.78147953e-01
6.43150346e-01
0.00000000e+00
9.73364337e-01
0.00000000e+00
7.15469026e-01
1.40140982e+00
-8.72289377e-01
6.15949266e-01
4.47256859e-01
5.67105524e-01
0.00000000e+00
5.81256337e-01
-2.42509610e-01
0.00000000e+00
-6.21437658e-01
-7.57630688e-01
-1.91954332e+00
-3.63865618e-01
0.00000000e+00
0.00000000e+00
-1.78228440e-02
-1.55567770e+00
0.00000000e+00
0.00000000e+00
1.27916477e+00
-2.15296343e+00
0.00000000e+00
0.00000000e+00
0.00000000e+00
-2.61304639e-01
0.00000000e+00
3.35217461e-01
0.00000000e+00
0.00000000e+00
0.00000000e+00
0.00000000e+00
1.30487522e+00
0.00000000e+00
0.00000000e+00
0.00000000e+00
0.00000000e+00
0.00000000e+00
0.00000000e+00
0.00000000e+00
5.71208722e-01
1.01087229e+00
0.00000000e+00
0.00000000e+00
0.00000000e+00
-6.29666249e-01
-6.54177843e-02
4.41666495e-02
-1.09584434e-01
0.00000000e+00
8.99704972e-01
0.00000000e+00
0.00000000e+00
0.00000000e+00
0.00000000e+00
0.00000000e+00
0.00000000e+00
0.00000000e+00
0.00000000e+00
0.00000000e+00
0.00000000e+00
1.60522641e-01
0.00000000e+00
0.00000000e+00
0.00000000e+00
0.00000000e+00
0.00000000e+00
0.00000000e+00
0.00000000e+00
-8.02755695e-01
-5.59186890e-02
0.00000000e+00
0.00000000e+00
0.00000000e+00
-5.64248464e-01
2.12658892e-01
0.00000000e+00
0.00000000e+00
-1.52329718e+00
0.00000000e+00
0.00000000e+00
0.00000000e+00
0.00000000e+00
-1.63165250e-01
-1.63165250e-01
0.00000000e+00
0.00000000e+00
4 2
7.0527e-01 -1.9491e-01
2 -1
1 0 
217
6.41657255e-01
-6.65230395e-02
-5.47506370e-01
-3.53070715e-01
-2.39477820e-01
9.29329054e-01
7.77536511e-01
-7.36670771e-02
5.62021423e-01
-8.41534289e-01
-4.25870205e-01
-2.39017659e-01
-3.25526532e-02
-3.44780042e-03
0.00000000e+00
0.00000000e+00
0.00000000e+00
0.00000000e+00
0.00000000e+00
0.00000000e+00
0.00000000e+00
0.00000000e+00
0.00000000e+00
6.37487838e-01
-1.40181207e-03
2.60697400e-01
0.00000000e+00
0.00000000e+00
0.00000000e+00
0.00000000e+00
0.00000000e+00
0.00000000e+00
0.00000000e+00
-1.06821866e-01
2.01717058e-01
5.46762063e-01
0.00000000e+00
-5.79467729e-02
6.97966812e-01
0.00000000e+00
0.00000000e+00
0.00000000e+00
0.00000000e+00
0.00000000e+00
0.00000000e+00
6.03175727e-01
-6.61122500e-01
6.97966812e-01
0.00000000e+00
0.00000000e+00
0.00000000e+00
0.00000000e+00
0.00000000e+00
0.00000000e+00
0.00000000e+00
0.00000000e+00
0.00000000e+00
0.00000000e+00
0.00000000e+00
0.00000000e+00
6.97966812e-01
-6.61122500e-01
6.03175727e-01
0.00000000e+00
-6.59485284e-01
-4.08861966e-01
4.85895457e-01
4.48220593e-01
8.15247083e-01
9.86196979e-01
4.96849899e-01
1.07963045e-01
-8.03877354e-02
-2.10544761e-02
-2.49318330e-02
5.78987879e-02
4.20026506e-01
0.00000000e+00
0.00000000e+00
0.00000000e+00
0.00000000e+00
0.00000000e+00
0.00000000e+00
0.00000000e+00
0.00000000e+00
0.00000000e+00
0.00000000e+00
0.00000000e+00
0.00000000e+00
0.00000000e+00
0.00000000e+00
0.00000000e+00
0.00000000e+00
0.00000000e+00
0.00000000e+00
0.00000000e+00
0.00000000e+00
0.00000000e+00
0.00000000e+00
0.00000000e+00
0.00000000e+00
0.00000000e+00
0.00000000e+00
0.00000000e+00
0.00000000e+00
0.00000000e+00
0.00000000e+00
0.00000000e+00
0.00000000e+00
0.00000000e+00
0.00000000e+00
0.00000000e+00
0.00000000e+00
0.00000000e+00
0.00000000e+00
0.00000000e+00
0.00000000e+00
0.00000000e+00
0.00000000e+00
-1.17340120e+00
-1.63592502e+00
-1.42393604e+00
0.00000000e+00
0.00000000e+00
0.00000000e+00
5.15519225e-01
-6.49838913e-01
-3.66611972e-01
9.01991018e-02
-5.10980608e-01
-8.43029274e-02
-9.63510327e-02
-5.22233244e-02
-7.89336785e-02
0.00000000e+00
2.07425124e-01
-2.53796397e-01
-4.37691881e-01
4.23019239e-02
4.23460798e-01
5.51036952e-01
5.60862837e-02
-4.63649689e-01
-4.76395170e-01
1.60810142e-01
1.04938527e-01
0.00000000e+00
0.00000000e+00
0.00000000e+00
-1.22122404e-02
3.85507919e-01
5.51841795e-02
6.83728663e-02
-7.33601990e-01
2.67899731e-01
3.26280053e-01
3.92526531e-01
-6.91072897e-02
0.00000000e+00
-3.10935189e-02
-4.43473308e-01
-3.16046144e-01
1.56367025e-01
1.00904004e-01
-3.45238644e-02
1.89984824e-01
-4.61667077e-01
6.26480109e-02
2.00988815e-01
-1.87370836e+00
0.00000000e+00
0.00000000e+00
0.00000000e+00
-3.15118514e-01
3.36435106e-01
-6.66182114e-01
-4.74580402e-01
-2.84085735e-01
2.12927718e-01
3.70035079e-01
3.44559506e-01
9.13421561e-03
0.00000000e+00
-1.21619625e-02
-1.18496130e+00
-3.85851802e-01
2.13647102e-01
-1.83891076e-01
1.57030907e-01
6.23218502e-02
-4.35349920e-01
-5.90854880e-02
4.21468470e-01
2.21139510e-01
0.00000000e+00
0.00000000e+00
0.00000000e+00
2.54285937e-01
-1.73048882e-01
1.01080697e-01
2.97790787e-01
-8.07428843e-02
-1.38873705e-02
3.47760644e-02
-2.88888464e-01
-5.34591634e-02
0.00000000e+00
9.74658498e-02
6.36353361e-01
-3.52788989e-01
1.37750245e-01
1.36920837e-01
1.59218453e-03
5.24051507e-02
-5.99378615e-01
1.24532469e-01
-9.16197046e-02
136
1.88709900e+00
0.00000000e+00
0.00000000e+00
0.00000000e+00
0.00000000e+00
2.68031087e-02
1.83191348e-02
1.85535119e+00
-1.09245582e-03
0.00000000e+00
0.00000000e+00
0.00000000e+00
0.00000000e+00
0.00000000e+00
0.00000000e+00
0.00000000e+00
4.84360811e-01
5.46736958e-01
8.56001230e-01
-1.06327107e-01
5.53843916e-01
1.43958219e+00
0.00000000e+00
0.00000000e+00
0.00000000e+00
0.00000000e+00
0.00000000e+00
-1.06327107e-01
1.72821521e+00
-1.17437129e+00
1.43958219e+00
0.00000000e+00
0.00000000e+00
0.00000000e+00
0.00000000e+00
0.00000000e+00
0.00000000e+00
0.00000000e+00
0.00000000e+00
0.00000000e+00
0.00000000e+00
0.00000000e+00
0.00000000e+00
0.00000000e+00
0.00000000e+00
0.00000000e+00
0.00000000e+00
-1.28069840e+00
8.50051318e-01
-1.53006748e+00
-1.18461828e+00
1.25612333e+00
3.65764772e-01
4.93727625e-01
1.92649644e-01
-2.02198338e-01
0.00000000e+00
0.00000000e+00
0.00000000e+00
0.00000000e+00
1.43958219e+00
-1.17437129e+00
1.72821521e+00
0.00000000e+00
0.00000000e+00
0.00000000e+00
0.00000000e+00
0.00000000e+00
0.00000000e+00
0.00000000e+00
0.00000000e+00
0.00000000e+00
0.00000000e+00
0.00000000e+00
0.00000000e+00
0.00000000e+00
0.00000000e+00
0.00000000e+00
0.00000000e+00
0.00000000e+00
0.00000000e+00
0.00000000e+00
0.00000000e+00
0.00000000e+00
0.00000000e+00
0.00000000e+00
-2.41666103e-01
-1.87245511e+00
-9.90555321e-01
0.00000000e+00
0.00000000e+00
0.00000000e+00
7.88768801e-01
-5.19862901e-01
-1.52353633e-01
1.17451474e-01
-1.44351990e+00
1.49747325e-01
3.99528567e-01
5.81784594e-01
-1.15704598e-02
0.00000000e+00
6.28195643e-01
-7.37223580e-01
-1.16853980e+00
2.13248076e-01
9.46155603e-01
5.58329506e-01
4.13882553e-01
-1.81564490e+00
-6.82691769e-01
7.43759481e-01
-2.15180044e+00
0.00000000e+00
0.00000000e+00
0.00000000e+00
2.13171153e-01
-1.25814988e+00
-1.07636892e+00
-3.72493874e-01
-1.05824626e+00
-9.93044052e-02
2.53473179e-01
1.15774440e-01
-3.03332555e-02
0.00000000e+00
4.12353273e-01
2.78301717e+00
-1.45005713e+00
4.37180378e-01
-2.97357770e-02
-3.68006591e-01
2.05849144e-01
-1.55886251e+00
-3.68532837e-02
7.65792712e-01
2 1
9.4733e-02 5.1523e-03
3 1
1 0 4 
217
2.60220723e+00
-8.60182590e-01
-1.54001028e+00
-1.25009784e+00
9.84321082e-01
2.64299541e-01
1.34176070e+00
-8.90092548e-01
2.71572182e-02
5.08816225e-01
2.49132946e-01
2.31475493e-02
0.00000000e+00
0.00000000e+00
9.51761703e-01
-1.75910829e-02
1.83741157e+00
6.89179262e-01
-3.78419469e-03
4.51869404e-01
6.86389039e-01
-4.27891595e-03
-6.42617774e-03
2.74877230e-01
4.85085338e-04
-2.33894362e-01
0.00000000e+00
0.00000000e+00
0.00000000e+00
0.00000000e+00
0.00000000e+00
0.00000000e+00
0.00000000e+00
8.33814089e-01
8.00297789e-01
9.68095357e-01
0.00000000e+00
9.35899149e-01
6.18924746e-01
9.39658630e-01
0.00000000e+00
0.00000000e+00
0.00000000e+00
0.00000000e+00
0.00000000e+00
4.42850563e-01
5.11901425e-01
-1.37303491e-02
0.00000000e+00
7.23132246e-01
-9.04771508e-02
9.39658630e-01
0.00000000e+00
0.00000000e+00
0.00000000e+00
0.00000000e+00
0.00000000e+00
0.00000000e+00
0.00000000e+00
0.00000000e+00
1.64906053e+00
4.02571435e-01
4.42850563e-01
0.00000000e+00
5.10296145e-01
-1.04075693e+00
1.35599309e+00
1.45620655e+00
7.35918004e-01
2.29572909e+00
6.97281349e-01
5.57573331e-01
1.42727910e-01
7.94164411e-01
-5.65122204e-01
5.53188144e-01
-5.56522457e-01
0.00000000e+00
1.04874635e+00
-4.50946093e-01
1.25777060e+00
-1.22869368e-01
2.95690283e-01
1.61618500e-01
0.00000000e+00
0.00000000e+00
0.00000000e+00
0.00000000e+00
0.00000000e+00
0.00000000e+00
0.00000000e+00
0.00000000e+00
0.00000000e+00
0.00000000e+00
0.00000000e+00
0.00000000e+00
0.00000000e+00
0.00000000e+00
0.00000000e+00
0.00000000e+00
0.00000000e+00
0.00000000e+00
0.00000000e+00
0.00000000e+00
0.00000000e+00
0.00000000e+00
0.00000000e+00
0.00000000e+00
0.00000000e+00
0.00000000e+00
0.00000000e+00
0.00000000e+00
0.00000000e+00
0.00000000e+00
0.00000000e+00
0.00000000e+00
0.00000000e+00
0.00000000e+00
0.00000000e+00
-1.07602281e+00
-1.60492657e+00
-1.12658495e+00
0.00000000e+00
0.00000000e+00
0.00000000e+00
6.28253628e-01
-2.10023882e-01
-4.55036213e-01
2.31234759e-01
-9.09468016e-01
-1.69844486e-01
4.44501232e-01
5.10066678e-01
3.12032838e-01
0.00000000e+00
2.90564878e-01
-1.32032573e+00
-8.14131716e-01
1.47136258e-01
1.05461901e+00
4.17891883e-01
3.65097050e-02
-1.43585028e+00
-3.62366275e-01
4.77650786e-01
-3.02104438e-01
0.00000000e+00
0.00000000e+00
0.00000000e+00
3.16572989e-01
-7.18313575e-02
4.25914679e-01
-1.24834337e-01
-1.35978882e+00
6.78801821e-01
-1.30852860e-01
-3.41994019e-02
-2.72760795e-01
0.00000000e+00
4.72664411e-01
2.79940950e-02
-7.75369499e-01
5.09332172e-01
-1.01356125e+00
1.94101658e-01
9.65701912e-01
-5.09743278e-01
-1.11215647e-01
5.10969070e-01
-1.48218080e+00
0.00000000e+00
0.00000000e+00
0.00000000e+00
-3.35285900e-01
-6.24229873e-01
-9.60582279e-01
-1.32594310e-01
-1.98735361e-01
-7.23673953e-02
1.08096710e-01
-1.05553960e-01
6.60706891e-01
0.00000000e+00
1.94120105e-02
6.06646748e-01
-9.22432945e-01
8.66935490e-01
-4.39696320e-01
-1.68222002e-01
1.57504152e-02
-9.97022627e-01
4.68313822e-01
7.28680083e-01
-1.86228594e-01
0.00000000e+00
0.00000000e+00
0.00000000e+00
-2.25200978e-02
-7.58382094e-02
-1.48902992e-01
2.07882787e-01
-4.89272833e-01
-1.87746659e-01
4.73735983e-01
8.00286457e-01
-6.39213119e-01
0.00000000e+00
-4.30178485e-01
1.60800149e-01
-6.74906019e-01
1.96592851e-01
2.40891256e-02
4.66979650e-01
5.70829203e-01
-1.11445125e-01
3.37368074e-01
-6.44769333e-01
136
2.47092884e+00
1.68971949e+00
-3.94747827e-02
2.87628619e-01
6.00859093e-04
2.53561946e-01
1.90912934e-03
2.40018785e-01
7.53921643e-04
0.00000000e+00
0.00000000e+00
0.00000000e+00
0.00000000e+00
0.00000000e+00
0.00000000e+00
0.00000000e+00
7.28735107e-01
8.54655130e-01
8.87538608e-01
-3.40339863e-01
2.84497520e-01
1.16337346e+00
1.36339773e+00
0.00000000e+00
0.00000000e+00
0.00000000e+00
0.00000000e+00
-3.40339863e-01
5.20808237e-01
-2.66709580e-01
3.93796733e-01
0.00000000e+00
2.07256693e+00
-1.30299021e+00
1.36339773e+00
0.00000000e+00
0.00000000e+00
0.00000000e+00
0.00000000e+00
0.00000000e+00
0.00000000e+00
0.00000000e+00
0.00000000e+00
0.00000000e+00
0.00000000e+00
0.00000000e+00
0.00000000e+00
-1.87964079e+00
4.42296747e-01
-1.14567427e+00
-1.01469401e+00
1.44466516e+00
8.38769008e-01
2.25597598e-01
3.45865644e-01
-1.25367635e-01
0.00000000e+00
3.07555527e-01
-2.38038386e-01
1.55658789e-02
-3.51012976e-01
-1.53930093e+00
5.20808237e-01
0.00000000e+00
0.00000000e+00
0.00000000e+00
0.00000000e+00
0.00000000e+00
0.00000000e+00
0.00000000e+00
0.00000000e+00
0.00000000e+00
0.00000000e+00
0.00000000e+00
0.00000000e+00
0.00000000e+00
0.00000000e+00
0.00000000e+00
0.00000000e+00
0.00000000e+00
0.00000000e+00
0.00000000e+00
0.00000000e+00
0.00000000e+00
0.00000000e+00
0.00000000e+00
-1.91296340e-01
-1.47028715e+00
-9.48709375e-01
0.00000000e+00
0.00000000e+00
0.00000000e+00
7.20630482e-01
-3.54156566e-01
-1.39755473e-01
2.32314187e-01
-1.53257360e+00
2.32331892e-01
4.54392250e-01
6.54159155e-01
-2.05585012e-01
0.00000000e+00
5.22848092e-01
-8.20434597e-01
-9.82254849e-01
1.15778229e-01
9.16515386e-01
5.76559524e-01
4.04729686e-01
-1.74728923e+00
-6.43555138e-01
6.46636213e-01
-1.65894755e+00
0.00000000e+00
0.00000000e+00
0.00000000e+00
1.84226210e-01
-7.02414147e-01
-7.30593409e-01
-1.85107790e-01
-7.40852006e-01
3.02180352e-02
3.57289475e-01
-2.56298652e-01
-1.62683980e-01
0.00000000e+00
4.99815567e-01
1.81619884e+00
-1.22020105e+00
3.49756775e-01
3.94732976e-02
-3.01355685e-01
2.48121651e-01
-1.52092433e+00
-2.82623370e-02
6.64645991e-01
5 1
-2.5837e-01 2.5247e-01
4 0
1 0 4 2 
217
1.42251884e+00
-2.75046397e-01
-1.36686040e+00
2.19910082e-01
6.65196534e-01
3.59684144e-02
1.01833138e+00
-1.73758925e-01
-9.45757369e-02
1.39108952e+00
0.00000000e+00
0.00000000e+00
0.00000000e+00
0.00000000e+00
6.14461496e-01
-3.49363187e-03
8.76060521e-01
8.08057339e-01
8.40542059e-03
6.75988982e-01
0.00000000e+00
0.00000000e+00
0.00000000e+00
0.00000000e+00
0.00000000e+00
0.00000000e+00
0.00000000e+00
0.00000000e+00
0.00000000e+00
0.00000000e+00
0.00000000e+00
0.00000000e+00
0.00000000e+00
4.89111811e-01
9.33407025e-01
0.00000000e+00
0.00000000e+00
4.23620151e-01
-6.48497315e-01
5.94650666e-01
1.06148412e+00
0.00000000e+00
0.00000000e+00
0.00000000e+00
0.00000000e+00
-8.54830648e-01
1.27845080e+00
6.57904770e-01
0.00000000e+00
1.19923783e-01
0.00000000e+00
-2.84173803e-01
0.00000000e+00
8.07519394e-01
0.00000000e+00
3.92015716e-01
0.00000000e+00
1.16766923e+00
0.00000000e+00
1.06148412e+00
5.54946144e-01
9.23622733e-01
-4.73112536e-02
0.00000000e+00
-1.64499373e+00
-5.39728966e-01
1.96458486e+00
4.25910752e-01
1.10292770e+00
2.88848122e+00
4.77419228e-01
7.54123743e-01
-1.78885039e-03
2.67376492e-01
3.91255253e-01
-7.64006279e-02
-8.02254098e-01
0.00000000e+00
3.93304046e-01
-3.29408998e-01
4.46625436e-01
-7.21449910e-02
5.82589353e-01
1.14183365e+00
0.00000000e+00
5.53708047e-01
-7.98899574e-01
4.71649961e-01
2.89122448e-01
3.97160827e-01
1.71990971e-01
0.00000000e+00
0.00000000e+00
0.00000000e+00
0.00000000e+00
0.00000000e+00
0.00000000e+00
0.00000000e+00
0.00000000e+00
0.00000000e+00
0.00000000e+00
0.00000000e+00
0.00000000e+00
0.00000000e+00
0.00000000e+00
0.00000000e+00
0.00000000e+00
0.00000000e+00
0.00000000e+00
0.00000000e+00
0.00000000e+00
0.00000000e+00
0.00000000e+00
0.00000000e+00
0.00000000e+00
0.00000000e+00
0.00000000e+00
0.00000000e+00
0.00000000e+00
-3.98693508e-01
-1.35396826e+00
-1.96947200e+00
0.00000000e+00
0.00000000e+00
0.00000000e+00
1.06999061e+00
1.68077442e+00
2.29140588e+00
1.60322664e+00
-3.50962269e-01
1.82888110e+00
2.17182385e+00
2.94649360e+00
1.46453416e+00
0.00000000e+00
-1.56645363e-01
-3.58174452e-03
2.02189724e+00
1.16589111e+00
3.09330897e+00
1.63416939e+00
1.21707053e+00
-9.23655720e-01
-1.31446797e+00
1.30320251e+00
-1.48920631e+00
0.00000000e+00
0.00000000e+00
0.00000000e+00
1.75766455e+00
1.54034639e+00
-1.99731608e-01
6.75397291e-01
-2.21446198e-01
1.30148626e+00
5.45475798e-01
2.98814674e-01
3.70382020e-01
0.00000000e+00
1.45239280e+00
-5.33738176e-03
-4.22813902e-02
1.68559248e+00
-8.34708933e-01
9.26893998e-01
7.77840657e-01
6.01589481e-01
1.74771169e+00
1.26821428e+00
-1.98461626e+00
0.00000000e+00
0.00000000e+00
0.00000000e+00
1.80082763e-01
1.11825086e+00
-8.12700898e-01
4.02817471e-01
-6.29441093e-04
1.62821087e+00
1.32567211e+00
1.09542523e+00
-5.37517897e-01
0.00000000e+00
2.80292061e-01
-1.06987257e-01
-6.83826450e-01
2.42232341e+00
1.97525410e+00
6.87587285e-01
5.96597005e-02
-9.55082409e-01
6.58580186e-01
7.06678679e-01
-7.97055504e-01
0.00000000e+00
0.00000000e+00
0.00000000e+00
1.31736361e+00
4.47694608e-01
1.09339181e+00
4.63117190e-01
-1.39197907e-03
3.60971591e-02
1.19705611e-01
-1.38456157e-02
1.14034040e+00
0.00000000e+00
7.54765095e-01
-4.56528341e-01
-4.78239961e-01
8.30661556e-02
7.51929919e-02
5.35991265e-01
1.89863892e+00
7.39278425e-01
2.82471031e-01
7.77445617e-01
136
1.68475713e+00
1.06394475e+00
-2.31407769e-03
6.20812383e-01
1.17353014e-02
0.00000000e+00
0.00000000e+00
0.00000000e+00
0.00000000e+00
0.00000000e+00
0.00000000e+00
0.00000000e+00
0.00000000e+00
0.00000000e+00
0.00000000e+00
0.00000000e+00
9.09860631e-01
7.74896504e-01
0.00000000e+00
0.00000000e+00
-8.42843676e-01
-6.90908722e-01
4.28669286e-01
1.53221832e+00
0.00000000e+00
0.00000000e+00
0.00000000e+00
0.00000000e+00
-1.44064703e+00
-3.47100338e-03
2.35507623e-01
0.00000000e+00
-1.59257770e-01
-1.08452796e-01
9.39466238e-01
0.00000000e+00
-4.36393444e-01
-6.98373757e-01
1.59689615e-01
0.00000000e+00
-5.83134174e-03
-6.64655225e-01
1.53221832e+00
0.00000000e+00
0.00000000e+00
0.00000000e+00
0.00000000e+00
8.60004921e-01
7.16270471e-01
1.62053880e-02
-7.60181097e-01
-4.05863551e-02
3.33414471e-01
1.04189522e-01
-3.24894131e-01
-1.31267137e-01
0.00000000e+00
-9.26066075e-01
-5.00897755e-01
-3.49340813e-01
2.83347153e-01
4.89350560e-01
-5.54998933e-01
-5.47983494e-01
3.20354009e-02
-8.61070467e-01
0.00000000e+00
0.00000000e+00
0.00000000e+00
0.00000000e+00
0.00000000e+00
0.00000000e+00
0.00000000e+00
0.00000000e+00
0.00000000e+00
0.00000000e+00
0.00000000e+00
0.00000000e+00
0.00000000e+00
0.00000000e+00
0.00000000e+00
0.00000000e+00
0.00000000e+00
0.00000000e+00
0.00000000e+00
0.00000000e+00
8.82946869e-01
-8.73819843e-01
-5.61122680e-01
0.00000000e+00
0.00000000e+00
0.00000000e+00
4.75361162e-01
2.64516512e-01
6.44966045e-01
4.53749553e-01
-1.69058570e+00
-1.05506926e-01
6.14820573e-01
9.79772981e-01
-1.49102283e-01
0.00000000e+00
-8.45215066e-02
-3.72630927e-01
-6.49693963e-01
5.15607669e-01
5.90942699e-01
9.59969209e-01
1.75552683e-01
-2.16962972e+00
-1.32398100e+00
3.09270258e-01
-1.84185474e+00
0.00000000e+00
0.00000000e+00
0.00000000e+00
1.47313121e-01
9.00489903e-01
-1.21324777e+00
-4.43829252e-01
-7.62321955e-01
1.15705390e+00
6.01049136e-01
6.63611961e-01
-5.04054581e-01
0.00000000e+00
1.01737684e-02
-1.44123913e+00
-1.68671302e+00
6.71444026e-01
1.08143045e+00
-9.78590923e-03
5.00217890e-01
-1.40648843e+00
-5.58160868e-01
4.51202022e-01
6 1
-7.7674e-01 3.7966e-01
5 0
1 0 4 2 5 
217
1.04642615e+00
-4.64122973e-01
-5.98981093e-01
1.38856155e-01
5.62100518e-01
4.13570989e-01
4.66694939e-01
2.36873852e-01
2.84679327e-02
4.45139196e-01
0.00000000e+00
0.00000000e+00
0.00000000e+00
0.00000000e+00
1.15035799e+00
-2.30716293e-02
1.13474862e+00
9.06569400e-01
-1.39078096e-02
4.56157424e-01
-1.01050124e+00
6.23098651e-02
-2.50155784e-02
0.00000000e+00
0.00000000e+00
0.00000000e+00
0.00000000e+00
0.00000000e+00
0.00000000e+00
0.00000000e+00
0.00000000e+00
0.00000000e+00
0.00000000e+00
8.66748908e-01
1.79677238e-01
0.00000000e+00
0.00000000e+00
1.39321804e-01
-1.37326776e+00
-9.22041551e-01
-2.64048512e-01
1.50093276e+00
0.00000000e+00
0.00000000e+00
0.00000000e+00
-1.50832958e+00
-7.12048201e-01
-2.21545801e-01
0.00000000e+00
-5.33158101e-01
0.00000000e+00
5.81963300e-01
0.00000000e+00
1.01370558e+00
0.00000000e+00
-3.71918665e-01
0.00000000e+00
5.81438151e-01
0.00000000e+00
7.86770381e-01
5.26221242e-01
-3.92523594e-01
-1.05280090e+00
0.00000000e+00
7.17500881e-01
0.00000000e+00
2.74859042e-01
1.04654067e+00
5.40662237e-02
2.87361711e+00
1.02436138e+00
4.94824075e-01
4.26557337e-01
-4.24587427e-03
-1.17417842e+00
-4.68513433e-01
1.65449476e-01
0.00000000e+00
8.01458345e-01
2.33344685e-01
7.54264331e-01
-1.55879599e-01
-5.09296530e-01
2.17531771e+00
0.00000000e+00
-1.08064377e-01
-7.02774325e-01
8.32287266e-01
-1.34559630e+00
3.22203258e-01
-1.65220725e-01
-4.31490451e-02
1.27006808e+00
-2.12764913e-01
-1.41973392e-02
-3.43637485e-01
-1.66295545e-01
-9.17485842e-01
0.00000000e+00
0.00000000e+00
0.00000000e+00
0.00000000e+00
0.00000000e+00
0.00000000e+00
0.00000000e+00
0.00000000e+00
0.00000000e+00
0.00000000e+00
0.00000000e+00
0.00000000e+00
0.00000000e+00
0.00000000e+00
0.00000000e+00
0.00000000e+00
0.00000000e+00
0.00000000e+00
0.00000000e+00
0.00000000e+00
0.00000000e+00
-4.38685039e-01
-6.42587756e-01
-2.41949701e+00
0.00000000e+00
0.00000000e+00
0.00000000e+00
9.12211596e-01
1.32964763e+00
1.83356670e+00
2.57097192e+00
-3.82462345e-02
3.59814877e+00
1.89966322e+00
7.27775794e-01
-1.46261930e+00
0.00000000e+00
1.60036131e+00
1.65168964e+00
5.42452439e-01
1.93448307e+00
1.99796421e+00
2.48799347e+00
1.61520715e+00
1.86247526e+00
1.02167876e-01
1.67619790e+00
-1.56403440e+00
0.00000000e+00
0.00000000e+00
0.00000000e+00
3.10145191e+00
1.31526612e+00
3.08098225e-01
-3.87995255e-01
-4.37713190e-02
4.71625983e-02
2.04057117e+00
3.55568602e+00
3.70709238e+00
0.00000000e+00
1.30795708e+00
1.53566640e+00
1.86266207e+00
1.78092276e+00
2.11587951e+00
1.27953319e+00
5.38011392e-01
-1.62154565e+00
2.24569180e+00
9.76801019e-01
-2.16398668e+00
0.00000000e+00
0.00000000e+00
0.00000000e+00
1.29564491e-01
1.45347767e-01
1.47175868e+00
-1.84279353e-01
0.00000000e+00
2.13998450e+00
-1.13750852e+00
1.17111360e+00
8.47958387e-01
0.00000000e+00
1.29684396e-01
0.00000000e+00
-9.25746308e-02
2.37236375e+00
3.28570943e+00
-1.34564599e+00
1.54191248e+00
2.86664681e-01
-3.60391664e-02
2.24242199e+00
-9.30822471e-01
0.00000000e+00
0.00000000e+00
0.00000000e+00
2.09761669e+00
2.20620133e+00
-8.22678602e-01
2.12897070e+00
0.00000000e+00
-6.08326132e-01
2.38223490e+00
8.69156861e-01
-3.97017553e-02
0.00000000e+00
6.27029342e-01
0.00000000e+00
1.01715115e+00
8.28496554e-02
-1.11442653e+00
2.95623966e+00
1.15818431e-01
1.56218321e+00
-4.21101664e-02
-5.65260716e-01
136
7.97226627e-01
1.18906916e+00
-2.59975534e-02
-3.29160061e-01
1.59846870e-03
-6.26824712e-02
2.26719003e-02
0.00000000e+00
0.00000000e+00
0.00000000e+00
0.00000000e+00
0.00000000e+00
0.00000000e+00
0.00000000e+00
0.00000000e+00
0.00000000e+00
4.22672196e-01
3.74554431e-01
0.00000000e+00
0.00000000e+00
1.67705842e-01
-4.28733509e-01
-2.69708128e-01
1.55868194e-01
5.62054110e-01
0.00000000e+00
0.00000000e+00
0.00000000e+00
-5.75433962e-01
2.56339541e-01
1.78781525e-01
0.00000000e+00
2.26715269e-04
-1.92225023e-01
3.18208365e-01
0.00000000e+00
1.95864763e-03
-3.19235609e-01
-1.91639601e-01
0.00000000e+00
-7.91073330e-02
1.07503971e-01
5.67570899e-01
0.00000000e+00
0.00000000e+00
0.00000000e+00
0.00000000e+00
5.76661371e-01
1.05036484e+00
1.10192875e-01
-3.15022536e-01
-2.07503955e-01
2.79426515e-01
1.10300218e-01
-4.61840490e-02
1.28378991e-01
0.00000000e+00
-3.91893408e-02
-1.73544612e-01
9.03710120e-02
-2.14331723e-01
1.78352891e-01
-1.18999899e+00
-2.86751954e-01
3.98816503e-02
-7.20950922e-01
2.12123426e-01
5.19581701e-01
-5.86376955e-01
5.50426524e-02
4.08671176e-02
0.00000000e+00
0.00000000e+00
0.00000000e+00
0.00000000e+00
0.00000000e+00
0.00000000e+00
0.00000000e+00
0.00000000e+00
0.00000000e+00
0.00000000e+00
0.00000000e+00
0.00000000e+00
0.00000000e+00
0.00000000e+00
0.00000000e+00
5.90500689e-01
-8.89289759e-01
-6.20094822e-01
0.00000000e+00
0.00000000e+00
0.00000000e+00
7.03819590e-01
3.07007107e-01
2.54490947e-01
3.44149704e-01
-1.86339640e+00
3.30365321e-01
5.81017503e-01
4.64930890e-01
-4.29303202e-01
0.00000000e+00
-4.15841774e-02
-1.11392493e+00
-7.06353543e-01
5.57969841e-02
1.26478099e+00
7.09377588e-01
2.15427103e-01
-8.22804985e-01
-1.24929652e+00
3.75405198e-01
-1.63781644e+00
0.00000000e+00
0.00000000e+00
0.00000000e+00
-2.03879183e-02
5.93766287e-01
-7.86370950e-01
-4.31638534e-01
-9.82584569e-01
7.56884402e-01
3.90965803e-01
4.57066872e-01
-3.83260154e-01
0.00000000e+00
4.13611449e-01
-1.21210567e+00
-1.67248115e+00
9.88159462e-01
1.03196097e+00
-6.77068485e-02
7.13408324e-01
-1.35376640e+00
-4.50757612e-01
3.77419796e-01
9 1
-7.7346e-01 3.9053e-01
6 0
1 0 4 2 5 6 
217
1.68590724e+00
-4.65853249e-01
-1.75821959e+00
-7.75668772e-01
2.39101062e-01
8.69108529e-01
5.74265514e-01
7.16897315e-01
8.81606425e-01
-2.09103186e+00
0.00000000e+00
0.00000000e+00
0.00000000e+00
0.00000000e+00
9.14282268e-01
-1.59385485e-02
9.64362885e-01
7.71624968e-01
3.68535516e-03
8.40559207e-01
0.00000000e+00
0.00000000e+00
0.00000000e+00
0.00000000e+00
0.00000000e+00
0.00000000e+00
0.00000000e+00
0.00000000e+00
0.00000000e+00
0.00000000e+00
0.00000000e+00
0.00000000e+00
0.00000000e+00
8.75958771e-01
8.09948466e-01
0.00000000e+00
0.00000000e+00
6.07265793e-01
-6.74136267e-01
-4.53962086e-01
2.50976583e-01
9.36421542e-01
1.10337002e+00
0.00000000e+00
0.00000000e+00
1.36376988e-01
1.34309402e+00
2.97756783e-01
0.00000000e+00
-9.50981264e-01
2.54473591e-01
-3.61542535e-01
0.00000000e+00
1.64092470e+00
0.00000000e+00
7.82353056e-01
0.00000000e+00
5.38369285e-01
0.00000000e+00
6.10639362e-01
1.15407628e+00
1.59756761e+00
-9.81708300e-01
0.00000000e+00
-1.00798914e+00
-7.30670553e-01
2.11735528e+00
7.14071884e-01
5.76541095e-01
2.06916749e+00
3.33321749e-01
9.47339610e-01
2.39382210e-01
2.90384385e-01
3.93305847e-01
1.14861492e-01
1.29783938e+00
0.00000000e+00
-9.33355528e-01
-1.09425909e-01
4.75717313e-01
-4.23613997e-01
2.14354545e+00
3.38302860e+00
0.00000000e+00
6.35149228e-01
-1.37130537e+00
2.99793854e-01
5.52764654e-01
7.50964154e-01
-1.70506829e-01
0.00000000e+00
1.39434265e+00
-1.38658510e-01
1.28203243e+00
-1.98608664e+00
1.21452702e+00
7.74706075e-01
0.00000000e+00
7.48288523e-01
-3.21722554e-01
7.98078602e-01
-3.04867933e-01
1.39540111e-01
-7.31753088e-01
0.00000000e+00
0.00000000e+00
0.00000000e+00
0.00000000e+00
0.00000000e+00
0.00000000e+00
0.00000000e+00
0.00000000e+00
0.00000000e+00
0.00000000e+00
0.00000000e+00
0.00000000e+00
0.00000000e+00
0.00000000e+00
3.76997073e-01
-7.97717981e-01
-1.34373701e+00
0.00000000e+00
0.00000000e+00
0.00000000e+00
5.02725689e-01
2.44527143e+00
2.05414968e+00
1.82235802e+00
4.79927931e-01
1.40941064e+00
2.19713232e+00
2.74359589e+00
1.61340173e+00
0.00000000e+00
7.05478057e-01
1.49755175e+00
9.12010116e-01
9.66291230e-01
1.50607791e+00
2.45577085e+00
2.77093861e+00
-9.58844829e-01
9.00854166e-03
1.14320277e+00
-2.33220783e+00
0.00000000e+00
0.00000000e+00
0.00000000e+00
3.16572951e+00
6.56035470e-01
-3.73083677e-01
3.01280702e-01
3.61477174e-01
9.36458811e-01
1.14634619e+00
9.23293831e-02
3.69278968e-01
0.00000000e+00
2.12219611e+00
-1.29642672e+00
1.25471124e+00
1.82614460e+00
1.24171466e+00
9.19144964e-01
-1.06706397e+00
-5.43303977e-01
1.70269595e-01
7.43035494e-01
-2.40204636e+00
0.00000000e+00
0.00000000e+00
0.00000000e+00
2.27946401e+00
1.27186123e+00
-1.65215100e-02
5.67107061e-01
-1.85976667e-01
2.59107193e+00
2.31496071e+00
1.59327700e+00
6.07253685e-01
0.00000000e+00
-1.84123324e-01
0.00000000e+00
-5.79260221e-03
2.16265533e+00
2.19190823e+00
1.02116158e+00
2.57116902e+00
-1.35035480e-02
5.70058924e-01
4.37066797e-01
-2.17510554e+00
0.00000000e+00
0.00000000e+00
0.00000000e+00
8.42484982e-01
2.42351000e+00
2.22588600e+00
3.38601576e+00
-5.30612977e-02
8.14144789e-01
9.77814060e-01
9.17415245e-01
5.10851972e-01
0.00000000e+00
2.26482137e+00
0.00000000e+00
-4.85463206e-03
2.31749601e+00
1.26016929e+00
2.00593623e+00
1.29876431e+00
-1.07663172e-02
2.49937746e+00
2.10002080e+00
136
1.04242104e+00
7.45530482e-01
-1.81445296e-03
2.96890553e-01
1.26471413e-02
0.00000000e+00
0.00000000e+00
0.00000000e+00
0.00000000e+00
0.00000000e+00
0.00000000e+00
0.00000000e+00
0.00000000e+00
0.00000000e+00
0.00000000e+00
0.00000000e+00
5.73610444e-01
4.68810591e-01
0.00000000e+00
0.00000000e+00
-1.93092144e-01
-5.63736135e-01
-5.29136223e-01
-2.94358586e-02
2.95212143e-01
1.06361091e+00
0.00000000e+00
0.00000000e+00
-1.40122268e+00
-1.39513381e-01
3.60838057e-01
0.00000000e+00
-3.63015999e-01
-5.28353540e-02
1.15719228e+00
0.00000000e+00
-9.45990612e-01
-3.81411658e-01
5.26792398e-01
0.00000000e+00
3.79602706e-01
-1.15889046e+00
1.45390010e+00
0.00000000e+00
0.00000000e+00
0.00000000e+00
0.00000000e+00
-1.25675224e-01
4.69374337e-01
-4.78056578e-02
-4.92722780e-01
-1.19169151e+00
4.68040561e-01
1.83168405e-01
-1.82572712e-01
-7.01677440e-02
0.00000000e+00
-6.98784431e-01
-1.96105678e-01
-1.95214752e-01
2.97983241e-02
4.15628554e-01
-6.31603076e-01
-3.02753898e-01
9.02745968e-02
-3.68018279e-01
9.88609053e-01
-4.18708531e-01
-4.29849709e-01
-1.60500530e-01
-4.95979530e-01
0.00000000e+00
1.23230807e+00
2.76089833e-01
2.13409088e-01
-1.10095779e-01
0.00000000e+00
0.00000000e+00
0.00000000e+00
0.00000000e+00
0.00000000e+00
0.00000000e+00
0.00000000e+00
0.00000000e+00
0.00000000e+00
0.00000000e+00
7.30774254e-01
-6.08137676e-01
-6.50641292e-01
0.00000000e+00
0.00000000e+00
0.00000000e+00
4.43905460e-01
3.56645962e-01
2.50916474e-01
5.13792375e-01
-1.66959292e+00
3.00983269e-01
6.44416136e-01
9.98887162e-01
-3.69457850e-01
0.00000000e+00
-1.28667257e-01
-5.70123279e-01
-6.76801056e-01
3.80794194e-01
7.92338162e-01
1.02316583e+00
1.76832039e-01
-2.21343357e+00
-1.13029780e+00
2.25055378e-01
-1.58637711e+00
0.00000000e+00
0.00000000e+00
0.00000000e+00
-1.01727255e-02
8.74302373e-01
-1.15189964e+00
-5.11633624e-01
-1.04057199e+00
1.09510205e+00
7.51173107e-01
5.52097165e-01
-4.48139385e-01
0.00000000e+00
8.80233232e-02
-1.38393964e+00
-1.58278144e+00
8.93463004e-01
1.00001876e+00
-1.03778470e-01
6.22676857e-01
-1.19219804e+00
-3.78368582e-01
3.40249800e-01
11 1
-1.2291e+00 4.3182e-01
7 0
1 0 4 2 5 6 9 
217
1.77171679e+00
-3.50848247e-01
-2.45513889e+00
-2.45860803e-01
2.72305389e+00
2.18769828e-01
2.43010559e+00
9.78051582e-01
0.00000000e+00
0.00000000e+00
0.00000000e+00
0.00000000e+00
0.00000000e+00
0.00000000e+00
1.08853433e+00
-7.24989408e-03
-4.12378235e-01
1.49349480e+00
8.82394606e-03
-1.18485003e+00
0.00000000e+00
0.00000000e+00
0.00000000e+00
0.00000000e+00
0.00000000e+00
0.00000000e+00
0.00000000e+00
0.00000000e+00
0.00000000e+00
0.00000000e+00
0.00000000e+00
0.00000000e+00
0.00000000e+00
8.50227063e-01
9.21489723e-01
0.00000000e+00
0.00000000e+00
1.68931672e-01
6.80301359e-01
-1.16449983e-01
1.07479091e-01
2.24638031e-01
-1.64968247e-01
0.00000000e+00
0.00000000e+00
-1.33464042e+00
0.00000000e+00
3.91339651e-01
0.00000000e+00
1.45714829e-01
0.00000000e+00
9.51736754e-01
0.00000000e+00
-1.16024654e+00
-1.18731835e-01
8.91392439e-02
0.00000000e+00
1.61991284e+00
5.45363417e-01
7.56369751e-01
7.83450529e-01
-1.12663299e-01
1.10250716e+00
0.00000000e+00
3.12390678e-01
0.00000000e+00
8.92970657e-01
1.16141125e+00
5.66355450e-01
4.22011245e+00
-1.82652107e+00
1.09568417e+00
1.30631835e-01
8.83831119e-01
9.18871647e-01
1.61872256e+00
2.46759296e+00
0.00000000e+00
2.28429771e+00
-4.22718078e-01
2.79387237e+00
-6.40923009e-01
0.00000000e+00
0.00000000e+00
0.00000000e+00
3.99099134e-02
-6.65048867e-01
1.12302961e+00
-3.51407106e-01
6.08777264e-01
-3.02818599e-01
3.57900303e-01
4.49214863e-01
-6.26982211e-01
9.11109072e-01
-1.30966416e+00
5.34925471e-02
-1.32291219e+00
0.00000000e+00
5.84512303e-04
0.00000000e+00
1.23058339e-01
-1.56331076e-02
1.64807393e+00
3.18947174e+00
2.32187714e+00
-4.90339472e-01
2.12586450e-01
4.50451373e-01
-1.40321871e+00
-5.10272252e-01
7.25490361e-01
0.00000000e+00
0.00000000e+00
0.00000000e+00
0.00000000e+00
0.00000000e+00
0.00000000e+00
0.00000000e+00
1.98424903e-01
4.64070784e-01
-2.16579498e+00
0.00000000e+00
0.00000000e+00
0.00000000e+00
-8.65734296e-01
2.82660310e+00
2.00084579e+00
-3.24791791e-01
-4.22967396e-01
3.41217977e+00
2.79297485e+00
3.36863745e+00
1.49927385e+00
0.00000000e+00
8.85183632e-01
0.00000000e+00
-7.68034271e-01
1.87368830e+00
1.94853437e+00
2.84403640e+00
2.97918835e+00
-3.55809885e-01
1.07830550e+00
1.17120619e+00
-1.82961006e+00
0.00000000e+00
0.00000000e+00
0.00000000e+00
4.68085179e+00
-1.06137187e-01
1.11980366e+00
4.31211742e+00
-3.48998760e-01
-9.81408900e-01
4.76409927e-01
2.52440440e-01
-3.60274775e-01
0.00000000e+00
2.01869019e+00
0.00000000e+00
2.70567772e+00
2.38227642e+00
2.07479802e+00
8.51419269e-01
9.52877130e-01
-2.71820443e-01
1.10764653e+00
1.25329718e+00
-2.20857180e+00
0.00000000e+00
0.00000000e+00
0.00000000e+00
2.93775884e+00
1.10151951e+00
2.62763877e-01
1.14376010e+00
-1.12373057e-01
2.58010779e+00
1.79252292e+00
2.80773600e+00
1.80570633e+00
0.00000000e+00
1.22880167e-01
0.00000000e+00
-1.40116593e-02
2.01394657e+00
-1.27008194e-01
8.77092143e-01
9.11692554e-01
-6.66191969e-02
-2.34393164e-01
2.47605631e+00
-4.87784034e-02
0.00000000e+00
0.00000000e+00
0.00000000e+00
-1.89505353e+00
1.81434850e+00
1.27579847e-01
-4.12713309e-01
-1.22216226e-01
-5.77358293e-01
9.10969851e-01
-1.36264169e+00
-2.11603695e+00
0.00000000e+00
1.78365814e+00
0.00000000e+00
-1.63669174e-02
5.98284359e-01
1.63616851e+00
4.82808211e-01
2.11116170e+00
-8.49257775e-02
-1.08622087e-01
-1.35980541e+00
136
9.74428270e-01
4.38892802e-01
-1.02940445e-02
1.73452911e-01
3.91190854e-04
3.62082556e-01
1.94626889e-01
0.00000000e+00
0.00000000e+00
0.00000000e+00
0.00000000e+00
0.00000000e+00
0.00000000e+00
0.00000000e+00
0.00000000e+00
0.00000000e+00
4.96442043e-01
4.77986227e-01
0.00000000e+00
0.00000000e+00
-2.29722255e-01
-6.83149807e-01
-6.52743678e-01
-3.67950661e-01
5.94663434e-02
6.22482732e-02
0.00000000e+00
0.00000000e+00
-1.70347143e+00
-1.10697877e-01
-2.42463691e-01
0.00000000e+00
-3.15142895e-01
1.22261996e-01
7.01612314e-01
0.00000000e+00
-4.82610516e-01
7.68522166e-02
5.31311164e-01
0.00000000e+00
1.30932868e+00
0.00000000e+00
2.11407479e+00
0.00000000e+00
0.00000000e+00
0.00000000e+00
0.00000000e+00
-9.38210145e-01
5.52164140e-01
-1.46342425e-01
-2.52295783e-01
9.37101519e-02
4.68639180e-01
1.34647291e-01
-1.17863080e-01
-7.98563192e-02
0.00000000e+00
-1.76834639e-01
-2.12698660e-01
-1.12681854e-01
2.87606993e-01
2.93667481e-01
-3.18223440e-01
-3.36286391e-01
7.81559100e-03
-8.65733944e-01
2.88354122e-01
3.16725373e-01
-5.06555896e-01
5.09327606e-02
-1.34528532e-01
0.00000000e+00
5.00737928e-01
1.07426045e-01
1.17860672e-01
-1.73191241e-01
7.17356369e-01
5.00444348e-01
-6.11045503e-01
1.54452173e-01
-3.32619247e-01
0.00000000e+00
0.00000000e+00
0.00000000e+00
0.00000000e+00
0.00000000e+00
9.34555469e-01
-9.16577789e-01
-6.06624774e-01
0.00000000e+00
0.00000000e+00
0.00000000e+00
5.25177715e-01
4.65212839e-01
3.54697143e-01
3.48362226e-01
-1.52591223e+00
2.24649839e-01
7.07223579e-01
7.86996748e-01
-1.64860195e-01
0.00000000e+00
-1.93863641e-01
-6.53312277e-01
-4.05579591e-01
4.38738254e-01
6.23714257e-01
7.11616654e-01
2.38620889e-01
-2.02541894e+00
-1.39991873e+00
3.37230677e-01
-1.78557926e+00
0.00000000e+00
0.00000000e+00
0.00000000e+00
1.54648238e-01
6.91950277e-01
-1.28875722e+00
-1.82762799e-01
-9.85945722e-01
8.95408138e-01
3.53400767e-01
5.95812386e-01
-2.93043148e-01
0.00000000e+00
2.48431524e-02
-1.27542299e+00
-1.71999600e+00
9.75339963e-01
1.16766298e+00
1.27398309e-01
5.27167464e-01
-1.69922783e+00
-2.22943194e-01
3.68887962e-01
13 1
-9.6392e-01 3.6932e-01
8 1
1 0 4 2 5 6 9 11 
217
7.75086454e-01
-6.88434473e-01
-1.03794895e-01
-6.42427109e-01
-5.67511055e-02
-1.88356495e-01
-3.59807215e-01
8.02267243e-01
1.08132249e+00
1.68003266e-02
0.00000000e+00
0.00000000e+00
0.00000000e+00
0.00000000e+00
-3.86364765e-02
5.41675028e-03
1.51103101e+00
2.87600491e-01
-2.01453471e-03
7.41618592e-01
4.01103346e-01
2.36144517e-03
9.23272386e-02
1.25019093e-01
3.84217720e-04
3.94802084e-01
0.00000000e+00
0.00000000e+00
0.00000000e+00
0.00000000e+00
0.00000000e+00
0.00000000e+00
0.00000000e+00
2.86289376e-01
1.14818309e-01
3.73978769e-01
0.00000000e+00
1.30659884e-01
1.33176448e-01
-3.28476687e-01
-5.26469612e-01
5.27155441e-01
3.18841682e-01
0.00000000e+00
0.00000000e+00
-1.44276564e-01
5.97862882e-01
-9.00898700e-02
0.00000000e+00
-4.36161285e-01
-6.99135072e-02
-3.89991889e-01
0.00000000e+00
-6.08503478e-03
-2.53922942e-01
-1.69930181e-01
0.00000000e+00
7.37965011e-01
0.00000000e+00
8.74454010e-01
3.01606228e-01
5.27949375e-01
-3.72018819e-01
0.00000000e+00
3.99202257e-01
-1.93518666e-01
3.56198111e-01
1.13932326e+00
1.96860856e-02
1.72796155e+00
1.49503261e-01
3.19488537e-01
9.31921355e-02
2.85320181e-01
7.39257865e-04
2.07744750e-02
3.79896405e-03
0.00000000e+00
2.51107960e-01
-1.99716346e-01
5.61941199e-01
-1.38041745e-02
-3.79627057e-02
4.12333364e-01
0.00000000e+00
-2.15020563e-01
2.15639914e-02
6.84297943e-01
2.43912192e-01
3.05809074e-01
8.33692295e-01
1.38960782e-01
6.13523780e-01
-8.38474845e-03
-2.15746285e-01
-4.46401240e-01
2.38348178e-01
5.25461992e-02
-1.84573487e-01
2.00785326e-01
0.00000000e+00
5.26418289e-03
-2.94873628e-01
7.53610432e-01
-6.60644258e-01
1.93919010e-01
5.11377815e-01
0.00000000e+00
1.44881325e-01
2.75134947e-02
-7.50916966e-02
8.60432161e-03
6.00617626e-01
-5.12796333e-02
0.00000000e+00
-1.06062247e-01
-1.82042125e-01
3.31810707e-01
-2.28116803e-01
-1.39313072e-01
-1.06808715e+00
-9.47150574e-01
0.00000000e+00
0.00000000e+00
0.00000000e+00
5.86033123e-01
-1.72029311e-01
-3.21487463e-01
8.26763139e-03
-1.06474151e+00
-2.46897959e-01
5.17891951e-01
4.85083339e-01
-3.39026263e-02
0.00000000e+00
4.16680346e-01
-1.29527862e+00
-1.05252707e+00
4.61351703e-01
9.15864462e-01
5.82447129e-01
7.31928566e-01
-1.71620140e+00
-4.88455947e-01
7.38823074e-01
-3.66128264e-01
0.00000000e+00
0.00000000e+00
0.00000000e+00
3.18586733e-01
-3.67953210e-01
3.36017431e-01
2.48569578e-01
-2.82730465e-01
1.24191710e-01
-4.69729459e-01
-7.85835020e-02
3.37093043e-01
0.00000000e+00
5.37038345e-01
-8.15894205e-01
2.65135541e-01
-3.07831779e-01
1.10906922e-01
3.60055680e-01
-4.95199511e-01
-5.79511663e-01
1.81603103e-01
2.12107444e-01
-1.70105069e+00
0.00000000e+00
0.00000000e+00
0.00000000e+00
3.12774052e-02
-1.15757397e-01
-4.96562218e-01
-2.01077724e-01
4.55643866e-02
2.56841127e-01
3.88443474e-02
3.28851151e-01
7.45158221e-02
0.00000000e+00
6.52025588e-01
6.94364468e-01
-1.31380619e+00
5.19725354e-01
-4.21185186e-01
-3.40337960e-01
-1.77167676e-01
-1.66494014e+00
-2.96892155e-01
6.84666308e-01
-3.08757243e-01
0.00000000e+00
0.00000000e+00
0.00000000e+00
9.97137548e-02
1.97908772e-01
-4.51499111e-01
1.12513097e-01
-4.13589410e-01
1.05550400e-01
-1.57391838e-01
-3.58448627e-01
-2.06380314e-01
0.00000000e+00
6.49375037e-02
5.60139590e-01
-7.24190798e-01
7.50925952e-01
-4.44817648e-01
3.25915339e-01
3.82034045e-01
-8.15144187e-01
7.69853316e-01
-1.06787080e-01
136
1.10274602e+00
1.43142880e+00
-4.19121454e-02
2.46408289e-02
-1.37988721e-03
-1.47890058e-01
1.21100473e-03
-2.05433552e-01
9.24797876e-04
0.00000000e+00
0.00000000e+00
0.00000000e+00
0.00000000e+00
0.00000000e+00
0.00000000e+00
0.00000000e+00
2.65524916e-01
4.01946951e-01
4.35274155e-01
-2.03999793e-01
9.66754918e-02
3.42157462e-01
3.45108668e-01
2.09707043e-01
2.53732223e-01
4.71298863e-02
1.22350409e-02
-1.97811962e-01
1.84553111e-01
-1.54460243e-01
5.41680670e-01
0.00000000e+00
5.10142712e-01
-3.77616373e-01
2.00855833e-01
0.00000000e+00
-3.25127569e-01
-3.30476802e-01
4.33361937e-02
0.00000000e+00
8.89506412e-01
-1.93690100e-01
3.68136861e-01
0.00000000e+00
0.00000000e+00
0.00000000e+00
0.00000000e+00
-1.31033820e+00
8.21623418e-01
-7.88549746e-01
3.56129161e-02
4.72027297e-01
5.32952685e-01
6.95125735e-02
2.34123067e-01
-1.18898229e-01
0.00000000e+00
-2.69843962e-01
-1.08873578e-01
1.54602131e-01
-2.85757347e-01
-5.36406696e-01
1.32836086e-01
-1.71535684e-01
3.67606764e-01
-1.44436219e-01
4.55017106e-01
6.43401576e-01
-3.48877261e-01
1.76930795e-01
-1.17512638e-01
6.48294588e-01
4.22005760e-01
2.13780798e-02
1.41339988e-01
-4.76433804e-02
5.36405799e-01
5.81764633e-01
-4.65831769e-01
2.30895015e-01
-1.54435628e-01
8.44168374e-01
2.75159653e-01
-3.50178611e-01
1.13882602e-01
-1.30916960e-01
-3.73469002e-01
-1.43759697e+00
-1.00948306e+00
0.00000000e+00
0.00000000e+00
0.00000000e+00
7.00604574e-01
-3.19893346e-01
-1.85152919e-01
2.04080712e-01
-1.62346171e+00
2.95187185e-01
4.76813257e-01
6.17168726e-01
-1.20882461e-01
0.00000000e+00
5.01213384e-01
-8.13577236e-01
-1.02772834e+00
2.07272292e-01
8.02402017e-01
5.75948208e-01
4.16711349e-01
-1.73882827e+00
-6.24127186e-01
6.46766697e-01
-1.67503553e+00
0.00000000e+00
0.00000000e+00
0.00000000e+00
1.43654459e-01
-8.58910671e-01
-7.32509812e-01
-1.43543557e-01
-7.77258275e-01
-1.98006989e-02
4.20011947e-01
-1.12138613e-01
-1.20411064e-01
0.00000000e+00
3.41650282e-01
1.68454562e+00
-1.19964242e+00
4.74913668e-01
3.18863399e-02
-2.38740601e-01
3.08618519e-01
-1.55229861e+00
8.83299156e-02
5.86608041e-01
12 1
-1.1113e+00 3.8954e-01
8 1
1 0 4 2 5 6 9 11 
217
9.02975176e-01
-9.06088751e-01
-1.40773706e-01
-4.42272250e-01
2.29991937e-01
-5.44292311e-01
-2.19434473e-01
-1.44599161e-01
-1.04496699e-02
4.52620392e-01
9.02867383e-01
1.65504223e-01
0.00000000e+00
0.00000000e+00
7.10738404e-02
1.04604760e-02
1.11270589e+00
2.29285881e-01
4.16273967e-03
5.23918511e-01
2.71716193e-01
-1.79429587e-03
4.88074423e-01
3.30899261e-01
-1.59648581e-06
2.72802658e-01
0.00000000e+00
0.00000000e+00
0.00000000e+00
0.00000000e+00
0.00000000e+00
0.00000000e+00
0.00000000e+00
5.07043183e-01
2.65773131e-01
1.30158862e-01
0.00000000e+00
8.81154825e-02
-3.32281869e-01
-3.84019047e-01
-1.88354198e-02
9.56734024e-01
2.19388412e-01
0.00000000e+00
0.00000000e+00
-8.59921107e-01
2.45863386e-01
1.99577094e-02
0.00000000e+00
-3.53158987e-01
0.00000000e+00
2.22976448e-01
0.00000000e+00
3.61161845e-02
0.00000000e+00
2.60718379e-01
0.00000000e+00
8.13717120e-01
0.00000000e+00
7.04180652e-01
3.72762470e-01
2.22749381e-01
-1.05598214e-01
0.00000000e+00
5.83887773e-02
3.72379663e-01
7.38267747e-01
1.20585250e+00
1.06318652e-01
1.81945470e+00
2.11756792e-01
-1.66234940e-01
6.93535011e-01
4.29131328e-01
-7.26170443e-01
4.28321997e-01
6.68429781e-01
0.00000000e+00
3.21164806e-01
-6.33634962e-01
4.75406509e-01
6.19864443e-02
1.06403861e-01
1.40647209e-01
0.00000000e+00
-3.34335017e-01
-1.09930164e+00
6.92854823e-01
-4.99205430e-02
5.44455371e-01
-4.79854524e-03
-1.62552452e-02
1.14648315e+00
0.00000000e+00
-3.36695387e-03
-4.43628482e-01
-2.23885777e-01
-4.91023904e-01
1.75007326e-02
1.14446523e-01
2.22128236e-01
3.07425014e-01
-3.14489911e-01
4.63602907e-01
9.74589685e-02
2.04235454e-01
4.09379157e-01
0.00000000e+00
-6.05319397e-02
-1.69680023e-01
3.49892505e-01
-3.33866666e-01
1.05760501e+00
2.00318317e-01
0.00000000e+00
-4.71515636e-01
-2.13821915e-01
1.16567488e-01
1.23082632e-01
-6.37046472e-01
-1.50155001e+00
-1.00941678e+00
0.00000000e+00
0.00000000e+00
0.00000000e+00
4.29430893e-01
-2.70968517e-01
-4.80884757e-01
3.69364888e-01
-7.58085380e-01
2.41988162e-01
6.98814667e-02
5.05140036e-02
5.69035810e-01
0.00000000e+00
5.28709158e-01
-1.21129908e+00
-7.39400652e-01
8.78717679e-02
1.11405052e+00
4.53905339e-01
4.09333761e-01
-1.40774038e+00
-6.03924568e-01
1.38800793e-01
-1.39700700e-01
0.00000000e+00
0.00000000e+00
0.00000000e+00
3.34911922e-01
-6.52615666e-01
2.85932477e-01
-5.62044224e-02
-4.81239416e-01
-1.05895721e-02
7.16413894e-02
5.25823422e-01
-4.61572360e-01
0.00000000e+00
3.07276587e-01
-5.28207548e-02
1.87344236e-01
3.90402658e-01
-1.02585121e-01
-5.74722580e-01
1.27798848e-01
-3.10561964e-01
-1.87764431e-01
5.19844048e-01
-1.57868472e+00
0.00000000e+00
0.00000000e+00
0.00000000e+00
1.45394174e-01
5.15624860e-03
-4.85479300e-01
1.18991400e-01
-4.55427025e-01
4.17726102e-02
6.31803996e-01
4.82715842e-02
1.15472873e-01
0.00000000e+00
1.68704149e-01
1.04027560e+00
-7.74578249e-01
3.06630352e-01
-7.01738049e-01
-6.57430586e-01
-2.96147400e-01
-1.55382431e+00
4.07964004e-01
3.15503199e-01
-1.60538831e-01
0.00000000e+00
0.00000000e+00
0.00000000e+00
7.24919981e-02
-6.21256902e-01
2.35607111e-01
-2.82544352e-01
-5.11110694e-01
1.36507218e-01
-3.61310186e-01
7.44665335e-02
-1.87975741e-01
0.00000000e+00
3.44229280e-01
-1.48300156e-01
-1.18785696e-01
4.31226462e-01
-1.83685855e-01
4.91185893e-01
5.54726686e-01
-4.90447080e-01
6.87525241e-02
3.35684125e-01
136
1.01891828e+00
1.88699204e+00
-3.46965683e-02
-1.90815253e-01
1.57209076e-03
-3.78988822e-01
2.34443838e-03
-2.98269685e-01
2.51339248e-04
0.00000000e+00
0.00000000e+00
0.00000000e+00
0.00000000e+00
0.00000000e+00
0.00000000e+00
0.00000000e+00
2.76813216e-01
3.41389146e-01
4.00715914e-01
-1.24710874e-01
5.63394055e-02
2.55679471e-01
3.25100768e-01
2.05008825e-01
2.69085875e-01
2.36627727e-02
8.75203194e-03
-1.12075318e-01
1.94705935e-01
-7.14423576e-02
4.76272179e-01
0.00000000e+00
4.62708372e-01
-3.05559540e-01
1.20228207e-02
0.00000000e+00
-3.09471903e-01
-3.98498315e-01
1.11047523e-01
0.00000000e+00
7.94237637e-01
-2.10447532e-01
4.88770144e-01
0.00000000e+00
0.00000000e+00
0.00000000e+00
0.00000000e+00
-1.21137443e+00
9.05854703e-01
-6.66450053e-01
-6.00424070e-02
4.24547790e-01
4.92205564e-01
6.11626029e-02
2.33203957e-01
-1.19275740e-01
0.00000000e+00
-1.84193520e-01
-7.23806863e-02
1.80441180e-01
-3.12728617e-01
-3.90485200e-01
5.09279938e-02
-1.99763484e-01
3.33762083e-01
-1.20101019e+00
4.66452949e-01
5.58216212e-01
-4.00110237e-01
1.70571774e-01
6.54669120e-03
6.19282494e-01
3.82604929e-01
-8.01705800e-02
1.30316244e-01
-5.26520835e-02
5.27339551e-01
5.09796566e-01
-3.80208160e-01
1.67542082e-01
-1.29071866e-01
6.82571703e-01
3.42730672e-01
-2.31357511e-01
9.55904119e-02
-1.07590586e-01
-2.93044757e-01
-1.43357675e+00
-1.03021104e+00
0.00000000e+00
0.00000000e+00
0.00000000e+00
6.58340502e-01
-3.23546330e-01
-1.81402926e-01
2.04671271e-01
-1.55140837e+00
2.24716558e-01
4.74232738e-01
6.17299557e-01
-1.29850805e-01
0.00000000e+00
4.87275472e-01
-8.12881506e-01
-1.01800132e+00
1.55517083e-01
7.95235287e-01
6.19734802e-01
4.15701170e-01
-1.77128643e+00
-5.83854227e-01
6.89296448e-01
-1.70010557e+00
0.00000000e+00
0.00000000e+00
0.00000000e+00
1.27921922e-01
-9.53969018e-01
-8.41097470e-01
-1.70138997e-01
-7.76486699e-01
-3.34658169e-03
3.64009347e-01
-9.99216602e-02
-9.21575467e-02
0.00000000e+00
3.59693609e-01
1.98797999e+00
-1.18956583e+00
4.64300828e-01
-1.80428786e-02
-2.15625171e-01
3.01589361e-01
-1.57996898e+00
4.31711672e-02
5.91549046e-01
7 1
-1.3066e+00 4.4011e-01
8 1
1 0 4 2 5 6 9 11 
217
3.37118689e-01
-5.22155930e-01
1.11462275e-01
-5.61034969e-01
-4.15010726e-01
8.05309488e-01
5.22965261e-01
-2.49148593e-01
2.50105053e-01
-3.97664143e-02
-2.08513917e-02
-6.57369422e-03
0.00000000e+00
0.00000000e+00
-6.34585092e-01
2.55004650e-02
-1.32330454e-01
3.46912386e-01
-1.38734937e-03
4.74537593e-01
3.73031429e-01
-2.51981386e-03
5.51891981e-01
2.51759965e-01
2.52489517e-04
5.75965358e-01
0.00000000e+00
0.00000000e+00
0.00000000e+00
0.00000000e+00
0.00000000e+00
0.00000000e+00
0.00000000e+00
1.68812445e-01
9.79237829e-02
7.03824614e-02
0.00000000e+00
1.44267080e-01
-3.92250071e-02
-3.16100246e-01
-2.64168432e-01
6.04692309e-02
5.66044057e-01
7.78015209e-02
0.00000000e+00
-2.72643042e-01
1.30629699e-01
-1.60000238e-01
0.00000000e+00
-3.79311444e-01
1.55256525e-01
-4.98935073e-01
0.00000000e+00
-2.00525917e-01
1.22292209e-01
4.22203865e-02
0.00000000e+00
9.31609957e-01
0.00000000e+00
4.87397658e-01
4.39230607e-03
3.15674929e-01
-9.09790317e-02
0.00000000e+00
3.87306402e-01
1.78018516e-01
2.34066341e-01
1.26133941e+00
-2.84254054e-01
3.27501847e-01
6.52100735e-02
1.51738671e-01
-4.88966893e-02
-5.57477955e-02
2.13557767e-01
1.75917740e-01
4.55664303e-01
0.00000000e+00
-2.29996417e-01
-3.91928706e-01
6.23000009e-01
2.58037096e-02
-5.58849036e-02
3.26885628e-01
0.00000000e+00
-8.87184383e-01
-8.05602389e-01
6.88258416e-01
-5.93242266e-01
5.36044656e-01
8.79031406e-01
8.02007627e-02
2.78645321e-01
-9.31208364e-02
-2.45742757e-01
-6.79357736e-01
2.24015362e-01
-2.57373257e-01
-2.05680351e-01
-8.23848535e-03
-8.88780911e-01
4.43129266e-01
-7.88595518e-03
1.07908259e-01
6.11904192e-02
1.31762761e-01
1.31299835e-01
-5.00248551e-01
-2.10498035e-01
-2.29299986e-01
2.84554128e-01
9.67811571e-02
1.40825460e-01
3.02420535e-01
0.00000000e+00
-8.48053745e-02
-4.61011401e-01
-2.13219325e-02
-1.31376270e-01
5.64150664e-01
-4.08755389e-01
-5.72910775e-01
0.00000000e+00
0.00000000e+00
0.00000000e+00
3.37109449e-01
-5.06760138e-01
1.31405074e-01
5.43780851e-02
-1.17124532e+00
5.11349567e-01
6.78009117e-01
3.96206509e-01
1.30470207e-01
0.00000000e+00
5.91777089e-01
-9.87653129e-01
-1.09064583e+00
2.86940564e-01
5.02683061e-01
9.03216384e-01
3.03845336e-01
-1.49182823e+00
-8.83668978e-01
7.31500406e-01
-8.23283115e-01
0.00000000e+00
0.00000000e+00
0.00000000e+00
4.98462172e-01
6.66120163e-01
-6.33557135e-01
2.34443791e-01
-8.49312819e-01
-6.44057433e-01
-2.17502674e-01
2.84126600e-01
-2.53199979e-01
0.00000000e+00
-3.83317320e-01
-7.00593678e-01
5.30824057e-01
2.68102334e-01
-4.17054901e-02
9.63601345e-02
6.45831329e-01
-6.28286405e-01
5.51914862e-01
-2.47935625e-01
-1.17044109e+00
0.00000000e+00
0.00000000e+00
0.00000000e+00
6.98685859e-02
6.27519486e-01
-5.84661903e-01
5.41424806e-02
-3.65038703e-01
6.30644031e-01
4.66544220e-01
1.56700402e-01
-4.20749588e-01
0.00000000e+00
3.74047787e-01
1.10996110e-01
-1.11299835e+00
7.27413662e-02
-2.06126471e-01
-2.66836514e-01
2.41141125e-01
-1.49963108e+00
-2.59157508e-01
7.40413429e-01
-6.76100806e-01
0.00000000e+00
0.00000000e+00
0.00000000e+00
4.98789659e-02
-6.57273957e-01
-2.91247260e-01
-1.11509383e-01
4.50775952e-01
7.60367741e-03
-7.78697353e-02
-2.13197936e-01
5.47151938e-01
0.00000000e+00
6.36364614e-02
-7.14588772e-01
2.88932008e-01
-1.93129737e-01
4.87554931e-01
3.66614723e-01
3.00044513e-01
-1.13736960e+00
5.03790259e-01
-3.45897853e-01
136
1.13930513e+00
7.00459503e-01
-1.85400059e-02
4.88764735e-01
-6.25427680e-03
5.83179053e-02
2.09893532e-04
-1.08237011e-01
9.03097076e-04
0.00000000e+00
0.00000000e+00
0.00000000e+00
0.00000000e+00
0.00000000e+00
0.00000000e+00
0.00000000e+00
3.08881825e-01
4.46208677e-01
3.84214630e-01
-1.10460165e-01
-1.49536937e-02
2.87622866e-01
3.42122104e-01
8.23902556e-02
3.90411057e-01
7.78081007e-02
8.43646082e-02
-1.04331436e-01
1.52389924e-01
-1.23346592e-01
4.66507082e-01
0.00000000e+00
5.21919227e-01
-4.42864546e-01
2.24374473e-01
0.00000000e+00
-4.12638502e-01
-4.94207533e-01
1.50251314e-01
0.00000000e+00
1.00937744e+00
-3.14778477e-01
6.37330316e-01
0.00000000e+00
0.00000000e+00
0.00000000e+00
0.00000000e+00
-1.61020614e+00
7.66986554e-01
-7.15910193e-01
0.00000000e+00
4.64650790e-01
5.71388306e-01
1.03947518e-01
1.96510259e-01
9.73469975e-02
0.00000000e+00
-4.32644705e-01
-1.11650888e-01
5.27578962e-02
-3.31131791e-01
-5.87751654e-01
6.60338374e-02
-2.16543004e-01
3.16142153e-01
-1.03007475e+00
5.48038263e-01
5.89995625e-01
-2.61537670e-01
1.37096384e-01
-2.69876696e-03
6.78419996e-01
4.21987993e-01
2.46415750e-02
1.58869259e-01
-4.94084372e-02
5.70734222e-01
5.67728014e-01
-3.08433307e-01
1.73365602e-01
-6.74251828e-02
7.53343083e-01
3.82144122e-01
-2.97758042e-01
1.39244201e-01
-1.06279101e-01
-3.86511436e-01
-1.55592705e+00
-1.03571077e+00
0.00000000e+00
0.00000000e+00
0.00000000e+00
6.50094755e-01
-3.12216890e-01
-1.31931763e-01
2.05391106e-01
-1.63946461e+00
3.08808324e-01
4.52078183e-01
5.38863764e-01
-1.33531610e-01
0.00000000e+00
5.35957288e-01
-8.20769662e-01
-1.08362880e+00
1.73907968e-01
8.55374972e-01
5.89729992e-01
3.88073372e-01
-1.65902847e+00
-6.07103290e-01
6.53684610e-01
-1.67775875e+00
0.00000000e+00
0.00000000e+00
0.00000000e+00
1.27727986e-01
-6.36286946e-01
-6.55785459e-01
-6.55463031e-02
-9.64984847e-01
-1.09148722e-02
3.99551527e-01
-5.09154590e-02
-7.61023677e-02
0.00000000e+00
3.09118685e-01
1.39637325e+00
-1.15059232e+00
5.29968374e-01
-1.04067642e-01
-2.00647398e-01
3.16265253e-01
-1.46771015e+00
6.23501127e-02
5.64439818e-01
