0 7 -999999999 -1 -1
1 1 0 -1 -1
0.003924 0.4896
356
5.23998870e-03
5.23998870e-03
0.00000000e+00
7.41224916e-02
-4.92784218e-02
-2.41281860e-01
5.70001507e-01
0.00000000e+00
0.00000000e+00
5.32782356e-01
-5.98421905e-01
-3.55008234e-02
-7.10839453e-03
4.59733165e-02
3.75920249e-03
2.43899726e-02
0.00000000e+00
0.00000000e+00
0.00000000e+00
0.00000000e+00
0.00000000e+00
0.00000000e+00
0.00000000e+00
0.00000000e+00
0.00000000e+00
0.00000000e+00
0.00000000e+00
0.00000000e+00
0.00000000e+00
0.00000000e+00
0.00000000e+00
0.00000000e+00
0.00000000e+00
0.00000000e+00
0.00000000e+00
0.00000000e+00
0.00000000e+00
0.00000000e+00
0.00000000e+00
0.00000000e+00
0.00000000e+00
0.00000000e+00
0.00000000e+00
0.00000000e+00
0.00000000e+00
0.00000000e+00
0.00000000e+00
0.00000000e+00
0.00000000e+00
0.00000000e+00
0.00000000e+00
-7.78136219e-02
1.16311530e-01
-6.02766392e-01
0.00000000e+00
0.00000000e+00
0.00000000e+00
0.00000000e+00
-3.13129255e-01
5.53806932e-01
2.53476508e-01
2.96610383e-01
4.76294879e-01
-4.24350140e-01
2.37932625e-02
-4.36206284e-01
-4.35195406e-01
-1.30606893e-01
0.00000000e+00
0.00000000e+00
0.00000000e+00
-3.14899315e-01
3.85453112e-03
-2.65913568e-01
-3.99794727e-02
2.09833134e-03
-6.38692341e-02
3.64407637e-01
1.74901669e-05
-2.68543422e-01
0.00000000e+00
0.00000000e+00
4.59403903e-01
2.63626444e-01
-4.21355623e-02
-1.11349316e+00
-2.56481539e-01
6.94319902e-01
0.00000000e+00
0.00000000e+00
-3.86481337e-01
-8.65926731e-02
-2.95739905e-03
1.47721934e-01
2.07113903e-02
3.79183097e-02
-1.25499146e-01
5.75269658e-02
-8.26804305e-02
1.69150646e-02
2.17897074e-01
-1.66967649e-01
0.00000000e+00
0.00000000e+00
1.51029520e+00
2.50162232e+00
0.00000000e+00
0.00000000e+00
0.00000000e+00
0.00000000e+00
0.00000000e+00
0.00000000e+00
1.61342156e-01
-3.47402100e-01
-1.62211376e-01
-2.38312936e-01
-1.34053461e-01
-7.84319293e-01
0.00000000e+00
0.00000000e+00
0.00000000e+00
0.00000000e+00
0.00000000e+00
0.00000000e+00
-4.23333413e-01
-3.57066915e-01
-3.63340343e-01
-4.79038093e-01
-3.33594383e-01
-5.35609747e-01
3.04559999e+00
3.21992909e+00
3.13904462e+00
2.91697155e+00
3.38174441e+00
3.17978804e+00
-5.52409866e-02
3.51667277e-01
4.08574159e-01
4.57967122e-01
1.72671189e-01
-1.56711487e-01
1.15950048e-01
-1.51891179e-01
3.34968484e-01
2.74587127e-01
1.15357768e-01
1.12180731e-01
0.00000000e+00
0.00000000e+00
0.00000000e+00
0.00000000e+00
0.00000000e+00
0.00000000e+00
0.00000000e+00
0.00000000e+00
9.73762659e-03
5.29305982e-01
0.00000000e+00
-1.60004964e+00
-8.18049049e-01
-3.69076714e-01
-6.20967139e-01
-5.27255979e-01
-1.43901619e+00
0.00000000e+00
0.00000000e+00
0.00000000e+00
4.44820869e-01
9.14477160e-01
-2.64396142e-01
4.72664605e-01
-2.51215436e+00
7.29345083e-01
6.57073368e-01
1.38665196e+00
1.25804919e-01
0.00000000e+00
7.25522203e-01
-3.78169426e-01
-1.79963311e+00
1.40578170e-01
2.62322079e-01
9.66757428e-01
3.93362428e-01
-2.94854828e+00
-1.46925859e+00
7.13763431e-01
2.16342380e-01
0.00000000e+00
0.00000000e+00
0.00000000e+00
-1.87790001e-02
-1.56883036e-01
-1.42624545e-01
-1.08995067e-01
1.43253619e-01
-4.68239991e-02
-3.02886026e-02
-2.21648704e-01
1.59746781e-01
0.00000000e+00
-1.08853237e-01
-1.02943577e-01
1.27146692e-02
1.61047317e-01
9.15883662e-02
-9.70637636e-04
1.60579937e-01
1.05168452e-01
1.81277457e-01
1.39776187e-01
-7.27912000e-01
-3.59740405e-01
0.00000000e+00
1.44342574e-01
4.80561757e-01
4.65010496e-02
-1.04677927e-01
-3.01563528e-01
9.26155833e-02
0.00000000e+00
0.00000000e+00
0.00000000e+00
9.37416137e-02
-3.82831947e-01
4.58377466e-02
-4.35323892e-02
9.81840600e-02
1.42081237e-01
-5.94089226e-02
3.19524483e-01
-7.95800928e-02
0.00000000e+00
-1.81252337e-01
-3.61196596e-01
4.37671855e-01
-1.36183617e-01
-1.16784448e-01
-9.12024754e-02
5.54692119e-02
5.92657620e-01
-1.19149961e-02
-2.28664424e-01
-3.68171595e-01
0.00000000e+00
0.00000000e+00
-3.10710217e-02
-7.11104187e-01
-4.58308643e-01
0.00000000e+00
-4.70831583e-01
-3.13497794e-01
1.32784881e-01
-2.12937796e-01
-3.78155728e-01
-2.52795544e-01
0.00000000e+00
0.00000000e+00
0.00000000e+00
-8.96332692e-01
0.00000000e+00
0.00000000e+00
0.00000000e+00
-1.15847250e-01
1.87769677e+00
-2.28057787e-01
4.03625449e-01
-2.09889906e+00
4.97611153e-01
6.56884109e-01
-1.16242013e-02
6.34844400e-01
0.00000000e+00
7.57396834e-01
1.34794583e-01
-1.28124971e+00
1.04470693e+00
-1.32720681e+00
3.43307591e-01
-1.69305903e-01
-1.75694853e+00
-3.43120168e-01
8.50589099e-02
-5.13309791e-02
0.00000000e+00
0.00000000e+00
0.00000000e+00
7.57226434e-02
-1.63586217e-01
-1.45778645e-01
3.34889891e-03
5.71120907e-01
6.34580005e-02
1.13335408e-01
3.87589100e-02
1.23845788e-01
0.00000000e+00
-1.07805884e-01
-4.40302730e-02
1.71507890e-01
-2.94887311e-01
-1.21739592e-01
6.74584346e-02
1.95290919e-01
-7.28553898e-01
4.71649821e-02
8.40380578e-02
-4.73573081e-01
-1.90130041e-01
1.91479260e-01
3.29342614e-01
8.21010559e-01
9.64201213e-02
-5.06421890e-02
-2.35907973e-01
2.22528409e-02
0.00000000e+00
0.00000000e+00
0.00000000e+00
-8.21381193e-03
6.01211379e-01
1.65727252e-01
7.41705245e-02
-2.06609698e-02
-2.29064458e-01
-8.94101999e-02
-2.88382251e-01
7.70060635e-02
0.00000000e+00
7.28175522e-02
2.81295486e-01
-3.04076314e-01
-5.15514814e-03
1.10076143e-01
1.16637481e-01
-3.84929754e-01
-4.21400042e-03
-2.43886911e-03
-1.40143265e-01
-2.83443040e-01
7.03892094e-01
2.27752434e-02
4.51982978e-01
-4.22759612e-01
-1.78946673e-01
1.92508201e-01
6.53831201e-01
4.92131171e-01
8.29444336e-02
-4.56312382e-02
-2.16259868e-01
-2.43812939e-01
4.07451161e-01
1.77428168e-01
1.28598637e-01
247
-9.38757659e-02
-9.38757659e-02
0.00000000e+00
8.47860792e-02
-1.78661845e-01
-4.39304827e-01
-1.32901685e-01
3.95377737e-01
0.00000000e+00
0.00000000e+00
-1.58294420e-01
-5.72213730e-01
3.53163705e-01
2.13506272e-02
0.00000000e+00
0.00000000e+00
0.00000000e+00
0.00000000e+00
0.00000000e+00
0.00000000e+00
0.00000000e+00
0.00000000e+00
0.00000000e+00
0.00000000e+00
0.00000000e+00
0.00000000e+00
0.00000000e+00
0.00000000e+00
0.00000000e+00
0.00000000e+00
0.00000000e+00
0.00000000e+00
0.00000000e+00
0.00000000e+00
0.00000000e+00
0.00000000e+00
0.00000000e+00
0.00000000e+00
0.00000000e+00
0.00000000e+00
0.00000000e+00
0.00000000e+00
0.00000000e+00
-3.06092561e-01
1.97546862e-03
-1.41467644e-01
9.80086446e-03
3.53684438e-01
-2.76770125e-04
0.00000000e+00
0.00000000e+00
8.65864762e-01
1.01997741e+00
5.67315242e-01
-1.21033262e+00
-1.29824365e+00
-3.84569093e-02
0.00000000e+00
0.00000000e+00
1.47076831e+00
2.51652251e+00
0.00000000e+00
0.00000000e+00
0.00000000e+00
0.00000000e+00
0.00000000e+00
0.00000000e+00
5.61360123e-01
-7.94555445e-02
2.48482852e-02
-4.53865625e-01
-5.10728066e-01
-1.10642735e+00
0.00000000e+00
0.00000000e+00
0.00000000e+00
0.00000000e+00
0.00000000e+00
0.00000000e+00
-3.27910016e-01
-3.91411113e-01
-3.15803464e-01
-5.45427215e-01
-4.81433142e-01
-5.48413321e-01
3.98340910e+00
3.91160764e+00
3.59934369e+00
3.48168513e+00
3.89751103e+00
3.91805321e+00
8.00141371e-03
1.43210689e-01
2.23178738e-01
1.31698853e-01
2.01137017e-01
-1.47103490e-01
-1.06353616e-01
8.91679830e-02
2.00981032e-01
1.71275301e-01
-1.11848437e-01
-1.06844450e-01
0.00000000e+00
0.00000000e+00
0.00000000e+00
0.00000000e+00
-9.34998595e-02
7.53926545e-01
0.00000000e+00
-1.63857849e+00
-9.95789206e-01
-4.97832540e-01
-6.15167113e-01
-3.56652664e-01
-1.49362175e+00
0.00000000e+00
0.00000000e+00
0.00000000e+00
6.86095640e-02
8.02951659e-01
-2.26379857e-01
4.29251804e-01
-2.60167200e+00
1.00710202e+00
5.03403127e-01
8.38508553e-01
4.82164736e-01
0.00000000e+00
8.98820738e-02
-4.90251137e-02
-1.22283174e+00
5.16930200e-01
1.65853516e-01
7.12092150e-01
4.57110827e-01
-2.77122055e+00
-1.30373648e+00
6.07383768e-01
-6.75051359e-01
-2.28665652e-01
0.00000000e+00
0.00000000e+00
-6.75123040e-01
-4.98801499e-01
0.00000000e+00
0.00000000e+00
0.00000000e+00
-2.16278393e-01
3.91804304e-01
-3.11396163e-02
-5.22229082e-02
-3.15843018e-01
-1.75772644e-01
-6.89036046e-02
-1.53589648e-01
1.59864034e-01
0.00000000e+00
1.34374929e-01
9.41700189e-03
-1.24751846e-01
3.03957865e-02
-1.97227471e-01
1.83180884e-01
-2.61187644e-01
-9.04054030e-02
2.95770662e-01
-1.62869036e-02
-4.46385707e-01
0.00000000e+00
0.00000000e+00
-7.51157227e-01
-8.18570387e-01
-7.67123554e-01
0.00000000e+00
-1.08437209e+00
-1.13932664e+00
-5.14468329e-02
0.00000000e+00
0.00000000e+00
0.00000000e+00
-9.71819777e-01
0.00000000e+00
0.00000000e+00
0.00000000e+00
1.02413535e-02
1.52303063e+00
-7.64807326e-02
7.13286360e-01
-2.51134811e+00
7.67581309e-01
9.09656473e-01
-2.53781261e-01
4.87582993e-01
0.00000000e+00
4.94403918e-01
5.23660186e-01
-1.04590559e+00
8.32285142e-01
-1.65897467e+00
1.02284552e-01
2.77832550e-01
-1.99955537e+00
-1.51988931e-01
8.43694185e-02
-4.16142123e-01
-9.86658015e-02
4.84646736e-01
2.61827389e-01
3.85290279e-01
-5.66320663e-01
0.00000000e+00
0.00000000e+00
0.00000000e+00
3.46288505e-03
-8.32304957e-03
-3.65024475e-02
-2.02721317e-02
0.00000000e+00
-4.16326678e-02
1.50151586e-01
3.11218052e-01
1.26551338e-01
0.00000000e+00
-2.99464785e-02
-2.73496671e-01
3.06213828e-01
1.44188510e-03
2.33039236e-01
2.59431191e-01
7.91197941e-02
0.00000000e+00
-1.03415120e-01
1.10207428e-01
-3.17476322e-01
-9.87725432e-02
-2.17052402e-01
-1.58685877e-01
-5.55677654e-01
-5.16501311e-01
7.04747034e-01
2.00126755e-01
5.19724270e-01
-3.91763426e-02
3.60015311e-01
-3.24080466e-01
-1.22729395e-01
1 -999999999 5 0 -1
1 0 1 1 -1
-2.9772e-01 1.0605e+00
356
4.58306466e-02
0.00000000e+00
0.00000000e+00
0.00000000e+00
0.00000000e+00
0.00000000e+00
0.00000000e+00
0.00000000e+00
0.00000000e+00
0.00000000e+00
0.00000000e+00
0.00000000e+00
0.00000000e+00
0.00000000e+00
0.00000000e+00
0.00000000e+00
4.58306466e-02
0.00000000e+00
-2.54364739e-01
-1.84408577e-01
9.51040668e-02
-1.48603918e-01
0.00000000e+00
0.00000000e+00
-3.62985360e-01
-5.54651644e-01
-3.39481608e-01
-1.71946196e-01
-1.20754682e-01
-8.95473115e-02
-4.40627452e-02
4.58306466e-02
0.00000000e+00
-3.70298814e-01
-5.25565494e-02
0.00000000e+00
4.22091921e-01
2.93758222e-01
-1.22720649e-01
1.22371239e-01
-5.57847019e-02
0.00000000e+00
0.00000000e+00
0.00000000e+00
0.00000000e+00
0.00000000e+00
0.00000000e+00
0.00000000e+00
0.00000000e+00
0.00000000e+00
0.00000000e+00
-6.56849003e-02
-6.37635780e-02
-5.32191960e-01
0.00000000e+00
0.00000000e+00
0.00000000e+00
0.00000000e+00
-8.62581510e-01
1.66452267e+00
8.46770198e-01
7.76127090e-02
8.98473843e-01
-5.82708897e-01
2.41333996e-01
-7.09062065e-01
-1.07816588e+00
-3.11360041e-01
0.00000000e+00
0.00000000e+00
0.00000000e+00
-1.10835689e-02
9.24271040e-04
-1.38426006e-01
-5.55820977e-02
5.12889463e-03
-5.53850749e-01
1.12496313e-01
-1.01954970e-03
-1.13662523e-01
0.00000000e+00
0.00000000e+00
1.63992056e-01
2.00529786e-01
3.80199303e-01
-1.01813382e-01
-3.03848023e-01
-2.93229093e-01
0.00000000e+00
0.00000000e+00
6.59358448e-03
-1.92655877e-01
-1.13947341e-01
-7.08388583e-02
-1.28849519e-02
6.86366809e-02
1.44785146e-01
1.45085052e-01
-3.68928694e-02
-6.20073588e-02
7.67181215e-01
-2.35378846e-01
0.00000000e+00
0.00000000e+00
2.72930063e+00
1.58925386e+00
0.00000000e+00
0.00000000e+00
0.00000000e+00
0.00000000e+00
0.00000000e+00
0.00000000e+00
-2.95909380e-01
-7.01718193e-01
-5.15058204e-01
-1.31524588e-01
-1.35359941e-01
-9.00798124e-01
0.00000000e+00
0.00000000e+00
0.00000000e+00
0.00000000e+00
0.00000000e+00
0.00000000e+00
1.83975926e-01
-3.71700567e-02
-3.61833154e-01
-3.91894317e-01
-2.83412865e-01
-6.51267173e-01
4.02263554e+00
3.87950386e+00
3.62486904e+00
3.52846708e+00
3.91527987e+00
3.87980463e+00
-1.64338721e-01
4.10397340e-01
2.32412603e-01
-1.30022643e-01
-1.09067038e-01
-5.85594345e-01
-2.67402208e-01
-4.76677888e-01
3.48861568e-02
-1.24923558e-01
-2.56835442e-01
-1.05044382e-01
0.00000000e+00
0.00000000e+00
0.00000000e+00
0.00000000e+00
0.00000000e+00
0.00000000e+00
0.00000000e+00
0.00000000e+00
5.07537705e-02
3.99456813e-01
-1.91573509e+00
0.00000000e+00
-4.47524683e-01
-7.88405018e-01
-3.20210208e-01
-7.13274071e-01
-7.67734892e-01
0.00000000e+00
0.00000000e+00
0.00000000e+00
2.87150928e-01
1.44566950e+00
-4.71371890e-01
3.97727393e-01
-2.13875858e+00
6.12190780e-01
4.31030337e-01
1.04203511e+00
1.83340337e-01
0.00000000e+00
4.46906542e-01
-6.33026481e-01
-1.91757259e+00
5.60970527e-01
4.72406074e-01
5.84249059e-01
8.99302053e-01
-2.43292464e+00
-1.30100516e+00
7.63945810e-01
2.40467772e-01
0.00000000e+00
0.00000000e+00
0.00000000e+00
2.25272800e-02
-1.24892975e-01
1.51332252e-01
1.71602330e-01
-4.71112728e-01
-1.40884028e-02
2.46267994e-01
-4.28413805e-02
-1.26269794e-02
0.00000000e+00
2.81033216e-02
1.37531281e-01
-1.04837313e-01
8.33315891e-02
-1.06110474e-01
1.85312200e-01
-2.03620885e-01
-2.14692623e-03
2.04306636e-01
9.24309524e-02
-4.09170475e-01
-2.09260683e-01
-2.03988992e-02
2.67945275e-01
-1.71979987e-01
9.71315535e-02
4.46568552e-04
-3.06838805e-01
-2.03949895e-01
0.00000000e+00
0.00000000e+00
0.00000000e+00
-3.07753950e-01
2.46485671e-01
-2.26857303e-01
-1.49116332e-01
1.56988707e-01
-1.13484874e-01
-1.05209732e-01
1.62129938e-02
2.29543910e-01
0.00000000e+00
-1.95647633e-01
-9.37828298e-02
1.07867453e-01
9.20389592e-02
-3.38150604e-02
-2.73173531e-02
-1.01027197e-01
3.23231281e-01
-6.25272423e-02
4.02206376e-02
-1.99909791e-01
1.43625626e-01
1.42259479e-01
5.02373291e-02
-3.58564417e-01
-2.38264000e-01
-3.00639281e-02
-2.46121854e-01
-4.44563645e-01
1.44914507e-01
-1.70654493e-02
-3.66113058e-01
-1.20300417e-01
2.91616004e-01
-6.77297257e-01
-8.17903083e-01
-1.50167909e+00
0.00000000e+00
0.00000000e+00
0.00000000e+00
-1.03870679e-01
1.39991649e+00
-2.29657922e-01
1.14835111e-01
-1.89782731e+00
6.61978347e-01
1.43832216e-01
3.40921830e-01
5.87842352e-01
0.00000000e+00
5.51682846e-02
3.71221958e-01
-1.38590498e+00
7.84051218e-01
-1.35349183e+00
5.77249015e-01
4.55297688e-01
-1.78871146e+00
-3.52376721e-01
1.17847301e-01
4.38780156e-01
0.00000000e+00
0.00000000e+00
0.00000000e+00
7.90133011e-02
1.18844740e-01
2.32468910e-01
1.29259142e-01
-6.14931804e-01
-1.44168224e-02
2.47663421e-01
-1.58388015e-01
-3.57193095e-02
0.00000000e+00
1.49923277e-01
6.41411919e-03
1.63221452e-01
2.33850497e-01
-7.40066810e-02
-1.58377055e-01
1.59917469e-02
-2.85838084e-02
9.10464030e-02
5.55066419e-02
-8.16480398e-01
-4.04038432e-01
0.00000000e+00
1.06126729e+00
6.67788457e-01
1.75665906e-01
-5.45893433e-02
-5.25114995e-01
-2.22439150e-01
0.00000000e+00
0.00000000e+00
0.00000000e+00
1.31413912e-01
-2.57802302e-01
-1.59677983e-01
2.62487265e-02
8.35222827e-02
-1.73538451e-02
-3.67604206e-02
3.11926299e-02
-1.29568103e-01
0.00000000e+00
1.45600333e-01
3.19514039e-02
-9.31506795e-02
-6.65878416e-02
5.18926535e-02
3.86131677e-02
1.46311741e-01
8.40109048e-02
-5.20401470e-02
-1.80255583e-01
-4.12441966e-01
0.00000000e+00
0.00000000e+00
-1.19107516e+00
-6.85198690e-01
-3.84366586e-01
-2.27303359e-01
1.00759986e+00
6.46301731e-01
2.98607308e-01
-7.71876297e-02
-6.05786264e-01
-3.00832105e-01
1.93917070e-01
0.00000000e+00
0.00000000e+00
247
-5.96122775e-01
0.00000000e+00
0.00000000e+00
0.00000000e+00
0.00000000e+00
0.00000000e+00
0.00000000e+00
0.00000000e+00
0.00000000e+00
-1.78464424e-01
0.00000000e+00
0.00000000e+00
0.00000000e+00
0.00000000e+00
-5.96122775e-01
0.00000000e+00
-6.36619271e-01
4.04964965e-02
-2.79022992e-01
1.53114105e-01
0.00000000e+00
0.00000000e+00
0.00000000e+00
-3.81210254e-01
-4.61932599e-01
-2.69656677e-01
-2.48799706e-01
-5.96122775e-01
0.00000000e+00
-1.46944505e+00
8.73322272e-01
0.00000000e+00
6.39749184e-01
6.31569847e-01
0.00000000e+00
0.00000000e+00
0.00000000e+00
0.00000000e+00
0.00000000e+00
0.00000000e+00
0.00000000e+00
0.00000000e+00
0.00000000e+00
1.03181276e-02
4.78725916e-03
-3.64057492e-01
1.13835790e-03
-2.42383411e-01
8.37851384e-04
0.00000000e+00
0.00000000e+00
4.45486990e-01
2.12270725e-01
-3.15546371e-01
2.89959266e-01
-3.23887896e-02
-1.19590460e+00
0.00000000e+00
0.00000000e+00
1.20224728e+00
5.60658987e-01
0.00000000e+00
0.00000000e+00
0.00000000e+00
0.00000000e+00
0.00000000e+00
0.00000000e+00
3.53199871e-01
-2.36039956e-01
-1.04717147e-01
-3.27786283e-01
-3.21154395e-01
-1.16141074e+00
0.00000000e+00
0.00000000e+00
0.00000000e+00
0.00000000e+00
0.00000000e+00
0.00000000e+00
4.02678573e-01
1.77390443e-02
-1.61692188e-01
-2.66354334e-01
-3.49495291e-01
-7.98986769e-01
1.66311107e+00
2.16637711e+00
1.96718092e+00
1.91652053e+00
2.48947335e+00
1.79494897e+00
1.55921971e-02
3.53274416e-01
4.05776028e-01
7.42863182e-01
2.71346994e-01
-1.44641750e-01
1.03144657e-01
-1.34688742e-01
4.17997640e-01
5.58675850e-01
1.73726011e-01
3.33204000e-01
0.00000000e+00
0.00000000e+00
0.00000000e+00
0.00000000e+00
-5.94990566e-01
5.19742784e-01
-1.09085674e+00
0.00000000e+00
-4.32276170e-01
-2.75237145e-01
-6.04949401e-01
-5.25977043e-01
-7.07513316e-01
0.00000000e+00
0.00000000e+00
0.00000000e+00
-1.39388294e-01
1.37025916e+00
-7.79891118e-01
3.63230313e-01
-1.53790569e+00
6.12912821e-01
6.63405564e-01
4.73127431e-01
4.32755031e-01
0.00000000e+00
1.67788097e-01
-6.79110969e-01
-1.22827510e+00
3.08603883e-01
1.17211951e-01
4.13140600e-01
8.13655880e-01
-1.61608580e+00
-9.04558924e-01
4.41611852e-01
-3.91879353e-01
-1.91041852e-01
1.93702527e-02
5.10364726e-01
1.71743419e-01
-1.34778485e-01
0.00000000e+00
0.00000000e+00
0.00000000e+00
2.20652390e-01
2.71539186e-01
5.30916159e-01
1.59791426e-01
0.00000000e+00
9.44905527e-02
2.59875241e-02
2.62169868e-01
-2.38542023e-01
0.00000000e+00
1.59354373e-01
1.10296832e-01
-2.85788091e-01
1.56464544e-01
-7.20359338e-01
3.09228979e-01
-3.37832700e-01
-3.57060039e-01
2.59869302e-01
-1.06290465e-01
-2.00837501e-01
2.13092877e-01
6.10714318e-01
5.46379857e-01
-3.15633963e-01
-2.41234318e-01
1.52623126e-01
4.65731126e-02
-1.43806807e-01
-7.43996446e-02
4.20544454e-01
-1.58184928e-01
-5.79945966e-01
-1.13092644e+00
0.00000000e+00
0.00000000e+00
0.00000000e+00
-1.93251405e-01
1.81757882e+00
-4.42783062e-01
4.35158941e-01
-1.08135872e+00
8.76916817e-01
4.65560738e-01
-1.22857934e-01
5.50734366e-01
0.00000000e+00
3.02755142e-01
1.40094655e-01
-1.04226973e+00
2.70094252e-01
-1.50959802e+00
2.86335857e-01
3.67957011e-01
-1.51605980e+00
-7.73977689e-01
3.80433221e-02
-5.72376801e-01
-3.91003312e-01
0.00000000e+00
2.03621832e-02
5.72990202e-02
1.63404172e-01
0.00000000e+00
0.00000000e+00
0.00000000e+00
2.46934899e-02
5.83729966e-01
2.38824154e-01
-9.94376745e-02
-2.83279796e-01
-1.81125648e-01
-1.18057020e-01
1.47352924e-01
3.41285055e-01
0.00000000e+00
-2.51672416e-02
7.67061416e-02
-2.04681727e-01
3.19492939e-01
-2.05016565e-01
-8.93781347e-02
7.22971135e-02
-4.70503266e-01
2.95654461e-05
3.56398959e-02
-1.81373489e-01
0.00000000e+00
0.00000000e+00
-6.03304452e-01
-5.58549643e-01
-2.13946089e-01
-5.15823599e-02
1.92054368e-01
4.11508827e-01
-3.44603554e-01
0.00000000e+00
0.00000000e+00
0.00000000e+00
3 2
1.6533e-01 2.3347e-01
2 -1
0 1 
217
-6.14202359e-01
1.01371623e-01
-1.66035388e-01
-8.49421745e-01
-8.05865441e-01
3.89457918e-01
-1.56492678e-01
7.00573970e-01
5.27668476e-01
8.10753747e-02
4.09691211e-01
-5.28031263e-01
-5.89203926e-01
-2.80020728e-01
0.00000000e+00
0.00000000e+00
0.00000000e+00
-5.94910637e-02
-1.08489402e-02
1.76890145e-01
-3.51068162e-01
-2.29978104e-03
3.33495094e-02
-1.87479633e-01
1.99384570e-03
-8.24776898e-02
0.00000000e+00
0.00000000e+00
-1.30417695e+00
-1.17190281e+00
-2.63373170e-01
1.71014635e-01
8.00594795e-01
1.15364114e+00
0.00000000e+00
0.00000000e+00
-3.41928077e-01
3.54342609e-04
-2.72628625e-01
0.00000000e+00
0.00000000e+00
0.00000000e+00
0.00000000e+00
0.00000000e+00
-3.41928077e-01
2.48713134e-01
-2.48358791e-01
-2.72628625e-01
0.00000000e+00
0.00000000e+00
0.00000000e+00
0.00000000e+00
0.00000000e+00
0.00000000e+00
0.00000000e+00
0.00000000e+00
0.00000000e+00
0.00000000e+00
0.00000000e+00
0.00000000e+00
-2.72628625e-01
2.48713134e-01
-2.48358791e-01
0.00000000e+00
-5.90286868e-01
-4.99294837e-01
-5.30820734e-02
-7.11597842e-01
2.91665825e-02
9.22919800e-01
0.00000000e+00
-9.32149430e-02
-4.55935436e-01
-2.08282973e-01
2.14057975e-01
-3.12704443e-01
-2.14329755e-01
0.00000000e+00
0.00000000e+00
0.00000000e+00
0.00000000e+00
0.00000000e+00
0.00000000e+00
0.00000000e+00
0.00000000e+00
0.00000000e+00
0.00000000e+00
0.00000000e+00
0.00000000e+00
0.00000000e+00
0.00000000e+00
0.00000000e+00
0.00000000e+00
0.00000000e+00
0.00000000e+00
0.00000000e+00
0.00000000e+00
0.00000000e+00
0.00000000e+00
0.00000000e+00
0.00000000e+00
0.00000000e+00
0.00000000e+00
0.00000000e+00
0.00000000e+00
0.00000000e+00
0.00000000e+00
0.00000000e+00
0.00000000e+00
0.00000000e+00
0.00000000e+00
0.00000000e+00
0.00000000e+00
0.00000000e+00
0.00000000e+00
0.00000000e+00
0.00000000e+00
0.00000000e+00
0.00000000e+00
1.05821938e+00
1.31362295e+00
-1.55036719e-01
0.00000000e+00
0.00000000e+00
0.00000000e+00
6.51640017e-02
1.87903776e-01
-3.40701406e-01
-4.70372772e-01
-8.55078471e-01
3.94111571e-01
2.53479325e-01
6.47214726e-01
9.12967098e-02
0.00000000e+00
3.13049039e-01
-1.76774252e-01
-7.43301434e-01
4.66563228e-01
-1.18085401e-01
7.82451354e-01
9.73958226e-02
-7.08899616e-01
-3.70263564e-01
3.29810644e-01
-1.40102566e-01
0.00000000e+00
0.00000000e+00
0.00000000e+00
1.83068266e-01
3.19005160e-01
1.65973885e-02
4.92242331e-01
-9.20546676e-01
1.39968323e-01
2.20334801e-01
4.29127961e-02
9.77530213e-02
0.00000000e+00
1.49048802e-01
3.20473465e-02
-1.78445778e-01
2.01196503e-02
4.56813757e-02
4.08047770e-02
1.71498124e-01
-9.40516395e-01
-2.33426163e-01
1.61750285e-01
-4.12555678e-02
0.00000000e+00
0.00000000e+00
0.00000000e+00
-4.40892502e-01
1.82191539e+00
-6.13313527e-01
-8.70973193e-01
-5.94454137e-01
3.53603173e-01
2.40832606e-01
2.67399470e-01
4.66163045e-01
0.00000000e+00
6.99281959e-01
1.62812624e-01
-6.28006983e-01
4.62958334e-01
-1.93956237e-02
-1.17107941e-02
-2.83743669e-01
-6.88730119e-01
-2.80768080e-01
-8.42335436e-02
-1.29416936e-01
0.00000000e+00
0.00000000e+00
0.00000000e+00
2.47924436e-01
-2.42525829e-01
1.65163795e-01
6.41369261e-01
-7.74996689e-01
1.64924154e-01
2.85136306e-01
-4.58184727e-02
-1.06981660e-01
0.00000000e+00
1.07860089e-01
7.48473719e-02
-2.84477484e-01
1.12508284e-01
-1.86782402e-02
2.24075195e-01
1.62383345e-01
-1.02566779e+00
-3.87244448e-02
2.22261441e-01
136
-1.02902351e+00
-8.88982236e-03
-6.42257080e-03
1.96404862e-01
-5.33338904e-03
-6.22533316e-01
3.35559643e-03
-5.94005235e-01
1.93570801e-03
0.00000000e+00
0.00000000e+00
-2.82343980e-01
-3.29906989e-01
-4.62518935e-01
-4.83641538e-02
-3.36524692e-02
1.27763016e-01
0.00000000e+00
0.00000000e+00
1.61764701e-01
-3.66232554e-01
-8.24555659e-01
0.00000000e+00
0.00000000e+00
0.00000000e+00
0.00000000e+00
0.00000000e+00
1.61764701e-01
-2.70368442e-01
-9.58641115e-02
-8.24555659e-01
0.00000000e+00
0.00000000e+00
0.00000000e+00
0.00000000e+00
0.00000000e+00
0.00000000e+00
0.00000000e+00
0.00000000e+00
0.00000000e+00
0.00000000e+00
0.00000000e+00
0.00000000e+00
0.00000000e+00
0.00000000e+00
0.00000000e+00
0.00000000e+00
6.59005897e-02
5.41948804e-01
2.08356376e-01
-5.18935094e-01
0.00000000e+00
-1.08603741e-01
5.10706374e-01
1.18871882e-01
-6.72885896e-01
0.00000000e+00
0.00000000e+00
0.00000000e+00
0.00000000e+00
-8.24555659e-01
-2.70368442e-01
-9.58641115e-02
0.00000000e+00
0.00000000e+00
0.00000000e+00
0.00000000e+00
0.00000000e+00
0.00000000e+00
0.00000000e+00
0.00000000e+00
0.00000000e+00
0.00000000e+00
0.00000000e+00
0.00000000e+00
0.00000000e+00
0.00000000e+00
0.00000000e+00
0.00000000e+00
0.00000000e+00
0.00000000e+00
0.00000000e+00
0.00000000e+00
0.00000000e+00
0.00000000e+00
0.00000000e+00
1.11535452e+00
1.14656212e+00
-4.09035362e-01
0.00000000e+00
0.00000000e+00
0.00000000e+00
5.05721258e-01
1.22114045e+00
-3.57129938e-01
3.52051593e-01
-2.29560290e+00
2.43571695e-01
5.08591646e-01
7.15943565e-01
4.43066421e-01
0.00000000e+00
9.38674090e-01
2.14150102e-01
-1.98004662e+00
7.20380950e-01
8.29659079e-02
5.33348012e-01
6.90923120e-01
-2.69666126e+00
-8.30653601e-01
5.80530153e-01
-4.03064795e-01
0.00000000e+00
0.00000000e+00
0.00000000e+00
2.58718610e-01
1.28364204e+00
-3.03063062e-01
2.53086121e-01
-1.91592357e+00
3.42836661e-01
5.47107501e-01
4.20779253e-01
5.83907472e-01
0.00000000e+00
5.50530905e-01
3.34374110e-02
-1.32283302e+00
8.34393052e-01
-4.62529051e-01
3.89841504e-01
3.69957446e-01
-2.29819546e+00
-4.71753503e-01
5.02994889e-01
4 2
2.8151e-01 2.3168e-01
3 -1
0 1 3 
217
-4.61210160e-01
1.02449256e-01
1.01134025e-02
-8.73595469e-01
-7.61234600e-01
5.74231721e-01
6.29359200e-02
3.97544317e-01
4.99571901e-01
-1.26172153e-01
1.74546449e-01
-4.82022331e-01
-4.37029830e-01
-5.02434462e-01
0.00000000e+00
0.00000000e+00
0.00000000e+00
9.18670851e-02
-1.79328774e-03
-7.28228942e-02
2.55958878e-03
1.47836823e-03
-2.52396800e-01
-5.52607376e-01
-1.93193152e-03
2.64881733e-02
0.00000000e+00
0.00000000e+00
-5.75512589e-01
-5.30853034e-01
-3.04265431e-01
-7.72902581e-02
3.34581915e-01
6.92129238e-01
0.00000000e+00
0.00000000e+00
-3.74315515e-01
2.89490677e-01
-2.78979563e-01
-9.74057592e-02
0.00000000e+00
0.00000000e+00
0.00000000e+00
0.00000000e+00
-3.74315515e-01
-3.27614810e-01
1.04707552e-01
7.24478286e-02
5.12397935e-01
1.35348366e-01
-4.86775757e-01
-9.74057592e-02
0.00000000e+00
0.00000000e+00
0.00000000e+00
0.00000000e+00
0.00000000e+00
0.00000000e+00
0.00000000e+00
0.00000000e+00
1.10390435e-01
-3.27614810e-01
1.30329731e-01
0.00000000e+00
-2.43985784e-01
-4.71762512e-01
-1.20993259e-01
3.06966937e-01
-9.62311166e-02
2.45730330e-01
0.00000000e+00
-5.41840246e-02
-2.36654459e-01
-1.80764286e-01
-3.79778688e-01
-2.26261849e-01
3.08207437e-01
0.00000000e+00
-5.24774945e-01
-7.31225385e-01
2.25293561e-01
-7.88233056e-01
-1.61728776e-01
8.46731032e-03
0.00000000e+00
0.00000000e+00
0.00000000e+00
0.00000000e+00
0.00000000e+00
0.00000000e+00
0.00000000e+00
0.00000000e+00
0.00000000e+00
0.00000000e+00
0.00000000e+00
0.00000000e+00
0.00000000e+00
0.00000000e+00
0.00000000e+00
0.00000000e+00
0.00000000e+00
0.00000000e+00
0.00000000e+00
0.00000000e+00
0.00000000e+00
0.00000000e+00
0.00000000e+00
0.00000000e+00
0.00000000e+00
0.00000000e+00
0.00000000e+00
0.00000000e+00
0.00000000e+00
0.00000000e+00
0.00000000e+00
0.00000000e+00
0.00000000e+00
0.00000000e+00
0.00000000e+00
8.41011939e-01
1.01315729e+00
-1.06420328e-01
0.00000000e+00
0.00000000e+00
0.00000000e+00
1.71845841e-01
5.77147499e-01
-3.87471858e-01
-2.81488764e-01
-6.38017067e-01
1.33794198e-01
-1.79805071e-02
4.44460402e-01
3.64711389e-01
0.00000000e+00
4.56037456e-01
1.64573683e-01
-4.57014788e-01
3.29273615e-01
-8.38465105e-02
1.79752432e-01
-1.53223923e-01
-6.61219655e-01
-4.35964754e-01
1.88210983e-01
-1.42245493e-01
0.00000000e+00
0.00000000e+00
0.00000000e+00
1.95224424e-01
3.04294204e-01
-2.08531844e-02
3.19983560e-01
-1.08169272e+00
2.32073636e-01
3.09774618e-01
7.43991780e-02
5.71992581e-02
0.00000000e+00
4.75622565e-02
7.16773046e-02
-4.34637533e-01
1.96838063e-01
-1.17707091e-03
1.99522778e-01
2.00476883e-01
-8.18876917e-01
-1.98378906e-01
2.04344673e-01
-2.79699461e-02
0.00000000e+00
0.00000000e+00
0.00000000e+00
-6.31852105e-02
5.28757323e-01
-3.14200237e-01
-9.40085393e-02
-5.84174390e-01
-8.56297235e-02
1.75561162e-01
-1.31236252e-01
1.98243776e-02
0.00000000e+00
8.49651293e-01
-1.62624160e-01
-3.36448753e-01
4.79170852e-01
-7.00047384e-02
2.39743322e-01
-1.27007403e-02
-6.12717484e-01
-2.05441797e-02
1.66796131e-01
-1.35208885e-01
0.00000000e+00
0.00000000e+00
0.00000000e+00
1.22506770e-01
3.60313459e-01
1.71787375e-02
3.62935644e-01
-6.15592674e-01
3.37417041e-01
3.09675287e-01
1.99555551e-01
1.31001304e-04
0.00000000e+00
-6.32877090e-03
8.51032905e-02
-6.00168987e-01
2.24082975e-01
-4.06566959e-02
7.43713233e-02
4.15846769e-02
-8.49293108e-01
-1.36121601e-01
-2.19028069e-02
136
-1.36730289e+00
0.00000000e+00
0.00000000e+00
-5.02723253e-01
3.05649517e-03
-4.16390045e-01
-2.34446151e-04
-4.40288198e-01
-9.22189953e-04
0.00000000e+00
0.00000000e+00
-4.23703026e-01
-5.54686153e-01
-5.78260726e-01
-1.02271037e-01
8.03672543e-02
2.11250800e-01
0.00000000e+00
0.00000000e+00
2.36924377e-01
-1.36064071e-02
-6.63498400e-01
-9.27122458e-01
0.00000000e+00
0.00000000e+00
0.00000000e+00
0.00000000e+00
2.36924377e-01
-2.94022076e-01
1.42378768e-01
-4.16473613e-01
1.38036901e-01
-2.36480136e-03
-2.44659985e-01
-9.27122458e-01
0.00000000e+00
0.00000000e+00
0.00000000e+00
0.00000000e+00
0.00000000e+00
0.00000000e+00
0.00000000e+00
0.00000000e+00
0.00000000e+00
0.00000000e+00
0.00000000e+00
0.00000000e+00
2.72680060e-01
8.34375326e-01
2.39766183e-01
-3.64087292e-01
0.00000000e+00
7.85744008e-02
3.06060699e-01
1.97428616e-01
-4.61360335e-01
0.00000000e+00
-3.21869639e-01
-1.71579537e-01
1.90872202e-01
-7.25412231e-01
-2.94022076e-01
3.57556832e-02
0.00000000e+00
0.00000000e+00
0.00000000e+00
0.00000000e+00
0.00000000e+00
0.00000000e+00
0.00000000e+00
0.00000000e+00
0.00000000e+00
0.00000000e+00
0.00000000e+00
0.00000000e+00
0.00000000e+00
0.00000000e+00
0.00000000e+00
0.00000000e+00
0.00000000e+00
0.00000000e+00
0.00000000e+00
0.00000000e+00
0.00000000e+00
0.00000000e+00
0.00000000e+00
1.25035769e+00
1.28682948e+00
-4.03454253e-01
0.00000000e+00
0.00000000e+00
0.00000000e+00
4.21880241e-01
9.33359471e-01
-3.51302076e-01
4.58876878e-01
-2.35081455e+00
4.66529469e-01
5.74760208e-01
7.03453387e-01
4.09965123e-01
0.00000000e+00
9.72990355e-01
7.94557341e-02
-1.89478519e+00
6.88095619e-01
1.54157542e-01
6.52139980e-01
8.03678503e-01
-2.88290515e+00
-8.57937026e-01
6.14947220e-01
-4.07313108e-01
0.00000000e+00
0.00000000e+00
0.00000000e+00
2.09852047e-01
1.27655771e+00
-3.33988379e-01
2.21751758e-01
-2.21792242e+00
4.50904414e-01
6.21536604e-01
3.79548231e-01
6.12410177e-01
0.00000000e+00
6.33350762e-01
1.67898621e-01
-1.24704340e+00
7.25502894e-01
-2.68828073e-01
4.17390464e-01
4.98834563e-01
-2.47655089e+00
-6.60211928e-01
5.81693739e-01
8 2
-2.1039e-01 3.7852e-01
4 3
0 1 3 4 
217
-3.54421502e-01
3.07311412e-01
-3.28016590e-01
-1.23741473e-01
-5.35852115e-01
3.19169432e-01
8.59487200e-02
9.11059940e-02
1.99059363e-01
1.94017666e-01
3.21398151e-01
-8.36854270e-01
-4.24975620e-01
-1.39176918e-01
0.00000000e+00
0.00000000e+00
0.00000000e+00
2.31740959e-01
-6.72335334e-03
-2.55081648e-01
-3.24133835e-01
2.71516480e-03
-2.41994892e-01
-2.97192711e-01
2.07846965e-03
-1.65313724e-01
0.00000000e+00
0.00000000e+00
2.07842976e-01
-5.03399644e-01
-1.95800313e-01
-3.76605772e-01
-3.50656518e-02
5.48606903e-01
0.00000000e+00
0.00000000e+00
-3.68196242e-01
4.16744190e-01
-1.73182122e-01
-2.41207496e-01
1.14201669e-02
0.00000000e+00
0.00000000e+00
0.00000000e+00
-3.68196242e-01
4.16241927e-01
1.19361459e-01
4.55042768e-01
-1.21435826e-01
-2.09421857e-01
-1.19369657e-01
-1.87365102e-01
2.57662971e-03
-5.53986649e-01
1.12651180e-02
-3.09043537e-01
2.43288156e-01
6.46295167e-01
-3.91094025e-01
1.14201669e-02
2.70386855e-01
-1.35168092e-01
-1.21444023e-01
0.00000000e+00
-6.23604387e-01
-7.01247698e-01
2.62587732e-01
-4.90217097e-01
6.59515273e-03
7.54086792e-01
0.00000000e+00
5.53613064e-02
-2.64496453e-01
-6.12758424e-02
4.56177075e-01
-3.48506966e-01
-2.61665638e-02
0.00000000e+00
-2.26738526e-01
-9.51423991e-01
2.55254093e-02
-2.72275607e-01
-1.53208386e-01
1.32284729e-01
0.00000000e+00
-2.53088923e-02
-1.11596409e+00
1.61598144e-01
-3.73840598e-01
-5.00877117e-01
-5.63232528e-01
0.00000000e+00
0.00000000e+00
0.00000000e+00
0.00000000e+00
0.00000000e+00
0.00000000e+00
0.00000000e+00
0.00000000e+00
0.00000000e+00
0.00000000e+00
0.00000000e+00
0.00000000e+00
0.00000000e+00
0.00000000e+00
0.00000000e+00
0.00000000e+00
0.00000000e+00
0.00000000e+00
0.00000000e+00
0.00000000e+00
0.00000000e+00
0.00000000e+00
0.00000000e+00
0.00000000e+00
0.00000000e+00
0.00000000e+00
0.00000000e+00
0.00000000e+00
7.01059273e-01
1.13136195e+00
-3.51232121e-01
0.00000000e+00
0.00000000e+00
0.00000000e+00
1.23096326e-01
1.01391613e+00
-6.52037579e-01
-2.27559849e-01
-7.35969880e-01
4.67572002e-01
2.68484113e-01
3.66049370e-01
3.54551694e-01
0.00000000e+00
1.85840565e-01
3.60722552e-02
-7.13844072e-01
9.50032814e-02
-9.20017019e-02
4.46977593e-01
-5.71142753e-02
-8.16246159e-01
-4.23792262e-01
9.77032653e-03
-8.00852539e-02
0.00000000e+00
0.00000000e+00
0.00000000e+00
1.61045372e-01
-1.35668489e-01
6.76515066e-02
3.28695991e-01
-6.94983563e-01
7.75786607e-02
1.17480616e-01
6.69099789e-02
-7.14707277e-02
0.00000000e+00
2.64281360e-01
-1.38185995e-01
-3.27362253e-01
2.09110237e-01
-8.71037467e-03
1.34629933e-01
4.64894725e-01
-7.09507510e-01
-1.98396505e-01
3.11921785e-01
-8.96506171e-02
0.00000000e+00
0.00000000e+00
0.00000000e+00
-9.76806211e-02
1.61432325e+00
-5.33356775e-01
-2.76618895e-01
-7.41424980e-01
3.52299289e-01
2.76592286e-01
-9.84287902e-02
3.69545937e-01
0.00000000e+00
3.19378133e-01
7.47327625e-02
-4.55614277e-01
4.34246361e-01
-4.55085115e-01
3.01319099e-01
-2.88800351e-01
-7.51147399e-01
-2.98054399e-01
1.64123868e-01
-1.25271987e-01
0.00000000e+00
0.00000000e+00
0.00000000e+00
1.07091763e-01
-4.64224297e-02
1.95837260e-01
4.22183979e-01
-7.83407475e-01
8.30005048e-02
2.04892460e-01
9.50242739e-02
-4.26101645e-02
0.00000000e+00
2.23576314e-01
5.25477219e-02
-3.08249385e-01
1.54342810e-01
1.43425230e-01
1.48748916e-01
2.72069299e-01
-9.27736643e-01
-1.80773838e-01
6.11874154e-02
136
-9.99340780e-01
0.00000000e+00
0.00000000e+00
-3.89604771e-02
-4.95016090e-03
-6.37045356e-01
4.93270592e-03
-3.20781966e-01
1.61289755e-03
0.00000000e+00
0.00000000e+00
-8.31615360e-01
-7.01470461e-01
-3.61194250e-01
6.96607485e-02
3.17955724e-01
5.07322819e-01
0.00000000e+00
0.00000000e+00
-1.74423074e-01
3.30485713e-01
-5.90919437e-02
-5.65671438e-01
-5.30640037e-01
0.00000000e+00
0.00000000e+00
0.00000000e+00
-1.74423074e-01
-4.43955318e-03
2.54050598e-01
4.09090757e-02
1.12569677e-02
-7.89056239e-02
-1.77084376e-01
-5.49640617e-01
6.96177002e-02
-8.06816014e-01
4.22922961e-01
-2.95234452e-01
5.39882034e-01
5.29690404e-01
-2.50486773e-01
-5.30640037e-01
0.00000000e+00
0.00000000e+00
0.00000000e+00
0.00000000e+00
6.95736038e-01
5.39812833e-01
2.24422220e-01
-3.79109561e-01
0.00000000e+00
8.58628406e-02
2.55974103e-01
9.84256366e-02
-4.72312930e-01
0.00000000e+00
-4.93412758e-01
4.21164886e-02
1.07373555e-01
-8.04402943e-01
-7.42554980e-01
-5.89136300e-01
-2.39551235e-01
1.49296862e-01
-7.11556524e-01
0.00000000e+00
0.00000000e+00
0.00000000e+00
0.00000000e+00
0.00000000e+00
0.00000000e+00
0.00000000e+00
0.00000000e+00
0.00000000e+00
0.00000000e+00
0.00000000e+00
0.00000000e+00
0.00000000e+00
0.00000000e+00
0.00000000e+00
0.00000000e+00
0.00000000e+00
0.00000000e+00
0.00000000e+00
0.00000000e+00
1.09094354e+00
1.18857783e+00
-4.32774879e-01
0.00000000e+00
0.00000000e+00
0.00000000e+00
4.65586810e-01
1.24631832e+00
-3.78929466e-01
4.01226519e-01
-2.47232356e+00
3.70158132e-01
5.65116819e-01
7.27748893e-01
5.31337019e-01
0.00000000e+00
9.07481723e-01
1.75314796e-01
-1.73560100e+00
6.69970489e-01
1.98497548e-01
6.05018379e-01
3.38224524e-01
-2.76557865e+00
-9.10530737e-01
6.28188571e-01
-4.07170564e-01
0.00000000e+00
0.00000000e+00
0.00000000e+00
1.84522054e-01
1.28509312e+00
-3.59608869e-01
2.18352326e-01
-1.92502215e+00
4.97653991e-01
5.96797397e-01
3.92386553e-01
5.37143963e-01
0.00000000e+00
6.71763695e-01
3.00022897e-02
-1.36522249e+00
7.73989236e-01
-2.85825563e-01
3.31894100e-01
2.62076328e-01
-2.35997609e+00
-4.38691176e-01
5.45500724e-01
7 1
-1.1012e-01 3.8977e-01
5 1
0 1 3 4 8 
217
-4.56237753e-01
1.91348925e-01
-1.36880911e-01
-9.72632358e-02
-3.01773705e-01
3.69863568e-01
-8.09250184e-05
-6.91870856e-02
-3.04271456e-01
-5.02307830e-02
1.60485641e-01
1.64640853e-01
-1.05973075e-02
6.70256014e-03
0.00000000e+00
0.00000000e+00
0.00000000e+00
1.19852843e-02
4.18487052e-03
-1.08173101e-01
1.02710782e-02
-3.83756276e-03
8.79750459e-02
-4.78494115e-01
-1.86966204e-04
2.72431023e-01
0.00000000e+00
0.00000000e+00
-1.17342746e-01
-4.82484433e-01
-3.12180227e-01
-4.62246151e-02
3.25170178e-01
1.76824090e-01
0.00000000e+00
0.00000000e+00
2.27851778e-02
-4.37304274e-01
1.82798321e-01
8.19692261e-05
1.71308186e-03
-2.26312029e-01
0.00000000e+00
0.00000000e+00
1.42984506e-02
-2.07278170e-04
4.86844375e-01
4.49299718e-02
0.00000000e+00
-5.50604074e-02
-6.49301619e-01
-2.29785295e-01
1.59848041e-02
-6.79554433e-01
-6.32730189e-02
-1.31347661e-01
8.81178139e-02
6.92016823e-01
-3.68056629e-01
3.80267982e-01
-1.94486690e-01
-1.11480639e-01
-1.73055602e-01
0.00000000e+00
-4.77497454e-01
-4.66984826e-01
1.38183863e-01
3.66201492e-01
-1.16924162e-01
4.47753157e-01
0.00000000e+00
7.34841415e-02
1.23848146e-01
-2.45647937e-01
3.05648194e-01
-2.84073958e-01
4.36584210e-01
0.00000000e+00
-3.12324790e-01
-5.60705028e-01
-1.84581170e-01
-3.13897128e-02
4.06682070e-02
4.57303175e-02
0.00000000e+00
-3.90393433e-01
-9.04346508e-01
2.65016509e-01
-5.69353372e-01
-3.30860830e-01
-4.49864111e-02
0.00000000e+00
2.17123117e-02
3.65196363e-02
-1.45803023e-01
-5.87851154e-02
-3.32147042e-01
6.27381764e-02
0.00000000e+00
0.00000000e+00
0.00000000e+00
0.00000000e+00
0.00000000e+00
0.00000000e+00
0.00000000e+00
0.00000000e+00
0.00000000e+00
0.00000000e+00
0.00000000e+00
0.00000000e+00
0.00000000e+00
0.00000000e+00
0.00000000e+00
0.00000000e+00
0.00000000e+00
0.00000000e+00
0.00000000e+00
0.00000000e+00
0.00000000e+00
8.79566235e-01
9.92466634e-01
-1.74637196e-01
0.00000000e+00
0.00000000e+00
0.00000000e+00
2.25334219e-01
7.55094211e-01
-6.35554148e-01
3.95861739e-01
-1.40550685e+00
7.05214176e-01
3.10023292e-01
4.77027647e-01
3.80108098e-01
0.00000000e+00
7.21731927e-01
-1.16849057e-01
-1.11088596e+00
2.37352239e-01
-6.44823752e-01
5.26897842e-01
8.37191513e-01
-1.48188800e+00
-9.18182694e-01
5.67216363e-01
-2.25583275e-01
0.00000000e+00
0.00000000e+00
0.00000000e+00
1.94303211e-01
2.48799196e-01
2.47122186e-01
8.42864149e-02
-9.81791785e-01
-9.68531640e-03
2.09172690e-01
2.08120024e-01
3.03039061e-03
0.00000000e+00
7.53389959e-02
3.18081566e-01
-7.12884929e-01
2.89106838e-01
5.57756325e-01
6.00213716e-02
-6.71316568e-02
-1.06902099e+00
1.61324125e-01
-4.15319288e-02
-1.42662963e-01
0.00000000e+00
0.00000000e+00
0.00000000e+00
-3.38599189e-04
1.26436432e+00
-8.20352177e-01
4.76954154e-01
-1.14309628e+00
2.70027333e-01
5.19741875e-01
5.14458353e-02
7.23581009e-01
0.00000000e+00
5.13408719e-01
1.74174477e-03
-1.05355253e+00
7.59347257e-01
-3.26245730e-01
2.59411902e-01
2.11300656e-01
-1.41634730e+00
-3.68220333e-01
-6.58348122e-02
-2.17624676e-01
0.00000000e+00
0.00000000e+00
0.00000000e+00
1.40940560e-01
1.13473445e-01
3.46853994e-01
-8.18896899e-02
-8.03848503e-01
1.45135663e-01
3.34361133e-02
2.16680778e-01
-1.92847395e-01
0.00000000e+00
1.08763599e-01
9.26825565e-02
-3.09680299e-01
7.50211841e-02
1.72621822e-01
1.43156592e-01
1.04565367e-01
-9.11620394e-01
2.47632292e-02
3.64166704e-01
136
-6.28652237e-01
0.00000000e+00
0.00000000e+00
2.65273022e-02
2.16937615e-03
-3.02599645e-01
1.17047282e-03
-3.52579895e-01
-3.15641580e-04
0.00000000e+00
0.00000000e+00
6.26333919e-02
-5.76891026e-02
-6.34147236e-02
-1.98984702e-01
-2.40840260e-01
-1.30356841e-01
0.00000000e+00
0.00000000e+00
-3.02705056e-01
2.03248939e-01
3.65902602e-01
-1.42945028e-01
-3.21956464e-01
-4.30197231e-01
0.00000000e+00
0.00000000e+00
-1.46379163e-01
3.07265181e-01
2.00516523e-01
1.70393586e-01
5.88132237e-02
-2.78864559e-01
-4.38136566e-01
-1.85683600e-01
4.44041430e-01
-7.58250679e-01
-1.74016919e-03
-3.68699675e-01
4.34194870e-01
4.01253950e-01
-4.66332304e-01
-1.04428684e-03
0.00000000e+00
0.00000000e+00
0.00000000e+00
0.00000000e+00
8.49778447e-02
1.52075832e-01
1.63059258e-01
-5.16697474e-01
0.00000000e+00
4.62074255e-01
3.73380208e-01
6.20709123e-02
-6.17219228e-01
0.00000000e+00
-1.27354025e-01
-2.88255079e-02
1.53604751e-01
-5.24860546e-01
-9.62982961e-01
-3.44696847e-01
-1.52884584e-01
1.40858238e-01
-7.87075077e-01
0.00000000e+00
-2.67293054e-01
-1.72711673e-01
6.94526519e-03
6.55437738e-02
0.00000000e+00
0.00000000e+00
0.00000000e+00
0.00000000e+00
0.00000000e+00
0.00000000e+00
0.00000000e+00
0.00000000e+00
0.00000000e+00
0.00000000e+00
0.00000000e+00
0.00000000e+00
0.00000000e+00
0.00000000e+00
0.00000000e+00
1.07137392e+00
1.24479511e+00
-4.51914797e-01
0.00000000e+00
0.00000000e+00
0.00000000e+00
4.43566860e-01
1.11116367e+00
-4.72298937e-01
4.10845574e-01
-2.39558266e+00
3.42409101e-01
5.79548661e-01
6.08609875e-01
4.58507914e-01
0.00000000e+00
8.60747626e-01
7.26622578e-02
-1.63082641e+00
6.65652448e-01
1.23428611e-01
6.42563934e-01
6.39570939e-01
-2.57286797e+00
-9.52767160e-01
6.13150866e-01
-3.57557570e-01
0.00000000e+00
0.00000000e+00
0.00000000e+00
1.51035266e-01
1.30102828e+00
-2.80282457e-01
3.76552802e-01
-2.03338240e+00
5.40775312e-01
7.56561765e-01
3.49536453e-01
3.69069087e-01
0.00000000e+00
6.79904166e-01
6.23640859e-02
-1.23128740e+00
6.75244676e-01
-3.76861238e-01
3.31145853e-01
2.68103127e-01
-2.11408466e+00
-6.38231213e-01
4.55250921e-01
9 1
-3.4036e-01 3.9188e-01
6 0
0 1 3 4 8 7 
217
-2.23361039e-01
3.76706345e-01
-2.74972040e-01
8.11536165e-02
2.13688479e-01
-4.82857295e-01
-1.79504332e-01
-3.35406489e-01
-5.70023179e-01
4.01508459e-01
2.80568712e-01
1.31376813e-01
0.00000000e+00
0.00000000e+00
0.00000000e+00
0.00000000e+00
0.00000000e+00
-9.23180944e-02
-6.85399046e-03
-2.54155494e-02
-3.68682009e-03
3.86489787e-03
-4.82566958e-01
-1.27356125e-01
-5.64019785e-04
-1.11775551e-01
0.00000000e+00
0.00000000e+00
2.16573154e-01
1.23389362e-01
2.79571945e-01
-9.83104361e-02
-2.29244790e-01
-5.15340273e-01
0.00000000e+00
0.00000000e+00
0.00000000e+00
2.13340085e-01
3.59178815e-01
-1.80954459e-01
-2.01345952e-01
-8.11940477e-02
-8.60816445e-03
0.00000000e+00
-2.38251343e-01
-3.75824964e-02
1.53629423e-01
1.72111641e-01
0.00000000e+00
3.02245863e-02
-2.62649864e-01
-2.32548803e-01
2.53340408e-01
-5.75542063e-01
4.91710470e-02
-1.32573177e-01
1.90940484e-01
4.04062716e-01
-2.63578463e-01
2.17818517e-01
2.27534217e-01
-1.51689821e-01
2.45718799e-02
0.00000000e+00
-6.93319597e-02
-3.19581397e-01
-3.66899683e-02
4.45502154e-01
-1.17339111e-01
7.90519178e-01
0.00000000e+00
7.52586397e-02
-1.91171884e-01
-3.66664326e-02
-2.15154577e-01
-2.61953246e-01
3.08506645e-01
0.00000000e+00
-3.55696560e-01
-5.16507057e-01
1.66070492e-01
-2.25847906e-01
-3.37349711e-02
9.65254060e-02
0.00000000e+00
-3.62559347e-01
-8.01204032e-01
6.86270479e-02
-3.57422962e-01
7.50124205e-02
2.35390805e-01
0.00000000e+00
-1.38286541e-01
-2.65359010e-02
9.91865680e-03
-2.42187164e-01
-9.49931546e-02
8.45606879e-02
0.00000000e+00
3.89059391e-01
-3.08874950e-01
-2.13048570e-01
-1.63134633e-01
-3.99371860e-01
-2.74338414e-01
0.00000000e+00
0.00000000e+00
0.00000000e+00
0.00000000e+00
0.00000000e+00
0.00000000e+00
0.00000000e+00
0.00000000e+00
0.00000000e+00
0.00000000e+00
0.00000000e+00
0.00000000e+00
0.00000000e+00
0.00000000e+00
1.02311207e+00
1.10275746e+00
-1.86894946e-01
0.00000000e+00
0.00000000e+00
0.00000000e+00
2.53068425e-01
1.02040395e+00
-7.20778030e-01
4.71932699e-01
-1.48626820e+00
4.78585336e-01
5.86672624e-01
6.01347375e-01
3.73354614e-01
0.00000000e+00
4.81060400e-01
7.53463570e-02
-1.26139925e+00
3.17836811e-01
-1.79464609e-01
6.11957410e-01
6.99883081e-02
-1.55149485e+00
-7.25930437e-01
3.96886124e-01
-2.08900471e-01
0.00000000e+00
0.00000000e+00
0.00000000e+00
1.81227696e-01
-7.37933156e-02
2.05520720e-01
-1.58343133e-01
-1.06598485e+00
-2.50332233e-01
-1.74448335e-01
1.60967873e-01
-1.32598019e-01
0.00000000e+00
1.87809522e-01
-9.81801164e-02
1.74637127e-02
3.73457189e-01
1.12570073e-01
5.29997055e-02
5.15051574e-01
-2.27442184e-01
4.37350539e-02
1.21418601e-01
-1.34790647e-01
0.00000000e+00
0.00000000e+00
0.00000000e+00
2.84146161e-01
1.33437744e+00
-2.89223132e-01
2.54283906e-01
-1.41440709e+00
3.94553967e-01
7.54061113e-01
2.35272687e-01
9.26604875e-02
0.00000000e+00
3.04275011e-01
2.61194738e-01
-8.92337345e-01
3.93520938e-01
-2.92420586e-01
1.92290994e-01
-1.71921853e-01
-1.21206113e+00
-3.33662838e-01
-2.93941268e-02
-2.81519869e-01
0.00000000e+00
0.00000000e+00
0.00000000e+00
-1.67020052e-01
-8.62112505e-03
-2.04908596e-01
4.16502974e-01
-9.10112092e-01
-6.14974636e-02
-9.19329441e-02
7.77380014e-02
3.62366299e-01
0.00000000e+00
2.54376261e-01
-1.53550675e-01
-4.15966059e-01
2.34763033e-01
-8.73859342e-02
3.22073262e-01
6.05986737e-01
-5.42169443e-01
-1.92074136e-01
2.79912083e-01
136
-6.73908470e-01
0.00000000e+00
0.00000000e+00
-1.41876711e-01
-4.87453320e-03
-1.16600357e-01
-1.41065174e-03
-4.15431402e-01
1.10320631e-04
0.00000000e+00
0.00000000e+00
-1.26545850e-01
-4.01406784e-01
-3.57680118e-01
-4.27910744e-02
1.06073481e-01
1.48441875e-01
0.00000000e+00
0.00000000e+00
-1.89797512e-01
2.15392013e-01
3.56996621e-01
-2.42790786e-01
-3.18763391e-01
-2.80187661e-01
-2.14757754e-01
0.00000000e+00
-1.94963020e-01
8.12057715e-02
1.89394256e-01
1.73567207e-01
-4.39604179e-02
-8.00501691e-02
-9.65755872e-02
-3.60530149e-01
2.22643790e-01
-5.42401446e-01
3.11735345e-01
-2.72512361e-01
4.00372392e-01
2.67445628e-01
-2.68545597e-01
-4.60734111e-01
0.00000000e+00
0.00000000e+00
0.00000000e+00
0.00000000e+00
5.20101159e-01
4.69374327e-01
2.20697307e-01
-4.63886273e-01
0.00000000e+00
1.10292529e-01
2.94564362e-01
3.23567808e-02
-2.04084936e-01
0.00000000e+00
-2.68910325e-02
6.18182199e-02
1.55584694e-01
-5.48054107e-01
-9.07928185e-01
-2.91588662e-01
-1.13712532e-01
1.59804404e-01
-5.05492306e-01
0.00000000e+00
-5.14795819e-01
-1.33335600e-01
-5.06333162e-02
-5.55441016e-02
0.00000000e+00
-2.78411988e-02
-4.55538711e-01
-2.76636789e-02
-1.38129814e-01
0.00000000e+00
0.00000000e+00
0.00000000e+00
0.00000000e+00
0.00000000e+00
0.00000000e+00
0.00000000e+00
0.00000000e+00
0.00000000e+00
0.00000000e+00
1.06927661e+00
1.13693528e+00
-4.40360966e-01
0.00000000e+00
0.00000000e+00
0.00000000e+00
4.39197506e-01
1.08172637e+00
-3.96844354e-01
5.25170430e-01
-2.34812217e+00
5.26365798e-01
5.57351767e-01
6.49929621e-01
4.70456961e-01
0.00000000e+00
8.92665395e-01
2.03458984e-01
-1.91773098e+00
6.46400947e-01
1.07756579e-01
5.91802525e-01
6.17660719e-01
-2.81255403e+00
-9.08142784e-01
6.33089755e-01
-3.77881592e-01
0.00000000e+00
0.00000000e+00
0.00000000e+00
1.58708978e-01
1.26489226e+00
-2.95913788e-01
2.84575541e-01
-1.89627903e+00
4.94119402e-01
6.04847727e-01
3.69418660e-01
4.65671658e-01
0.00000000e+00
7.30248716e-01
4.91577390e-02
-1.35434340e+00
7.44794365e-01
-2.88437514e-01
3.45849886e-01
2.64737576e-01
-2.36493085e+00
-4.82577318e-01
5.27577799e-01
5 1
-5.2382e-01 4.4970e-01
7 0
0 1 3 4 8 7 9 
217
-3.83842031e-01
4.15839182e-01
-3.18856785e-01
-7.92814460e-02
4.38117251e-03
-2.77184123e-02
-1.37605647e-01
-9.94438665e-02
-3.23724357e-01
1.01268590e-02
1.95606868e-03
-7.74734241e-02
7.11507324e-02
1.36225985e-02
0.00000000e+00
0.00000000e+00
0.00000000e+00
-1.61127583e-01
-1.58707817e-03
-1.00783180e-01
-9.51198155e-02
2.14723057e-03
-4.10392080e-01
-1.27594632e-01
-4.15024817e-04
-1.64294212e-01
0.00000000e+00
0.00000000e+00
-1.19007889e-01
-1.90755461e-01
1.27663410e-02
-1.23969647e-01
-2.08848016e-02
5.80094274e-02
0.00000000e+00
0.00000000e+00
0.00000000e+00
-2.57564268e-01
2.88288514e-01
-5.33998976e-02
-1.48797938e-01
-6.40611246e-02
1.71007235e-02
-1.57322485e-01
0.00000000e+00
-9.91685254e-03
2.92239181e-03
7.80697375e-02
0.00000000e+00
4.63050822e-02
-1.72006131e-01
-1.32558553e-01
5.42983557e-03
-6.01864515e-01
8.10746339e-02
-6.93899155e-02
0.00000000e+00
2.34335898e-01
-6.54245061e-02
2.25883483e-01
-2.82801431e-02
-2.52022775e-01
-9.54535576e-02
0.00000000e+00
-1.54706396e-01
2.59950526e-01
-1.56420562e-01
6.62924762e-01
-7.27150732e-02
4.35033005e-01
0.00000000e+00
-3.32413171e-01
-1.73194127e-01
1.24758897e-01
6.33254526e-02
-1.76187757e-01
1.80366994e-01
0.00000000e+00
-5.09915491e-01
-4.49489120e-01
2.31724707e-01
-3.62147660e-01
-1.05651247e-01
1.35625899e-01
0.00000000e+00
-1.86926668e-01
-3.43355735e-01
-9.74863892e-02
-1.24587684e-01
-9.94289734e-02
-2.21654260e-03
0.00000000e+00
-7.80835002e-02
-6.27614113e-02
-5.23663722e-02
-1.53947294e-01
-2.53392158e-01
1.81626202e-01
0.00000000e+00
3.73320351e-01
-2.28975177e-01
-3.06111103e-01
-3.48299656e-01
-4.51051278e-01
-2.31109605e-01
0.00000000e+00
-4.28319799e-02
-5.48087314e-02
-2.09811408e-01
-1.31234111e-01
-1.31198643e-01
-2.93837953e-01
0.00000000e+00
0.00000000e+00
0.00000000e+00
0.00000000e+00
0.00000000e+00
0.00000000e+00
0.00000000e+00
1.41038772e+00
1.44475628e+00
-1.99541680e-01
0.00000000e+00
0.00000000e+00
0.00000000e+00
2.76314384e-01
1.30950075e+00
-3.49757796e-01
1.85335687e-01
-1.41549710e+00
4.16138729e-01
3.71569589e-01
5.03785267e-01
3.62984534e-01
0.00000000e+00
6.42560165e-01
-3.35901474e-03
-1.27974344e+00
3.68237456e-01
-1.53558596e-01
3.80946763e-01
3.51813972e-02
-1.46194783e+00
-7.33210565e-01
3.44977937e-01
-1.45854711e-01
0.00000000e+00
0.00000000e+00
0.00000000e+00
1.18415914e-01
-2.14097603e-01
-1.82281709e-02
1.23305881e-01
-8.23082047e-01
1.24267519e-01
-1.53257889e-02
1.82728909e-01
-7.37508249e-02
0.00000000e+00
2.37247124e-01
5.08370221e-03
-4.42424412e-02
1.30100484e-01
2.28045482e-01
1.63834876e-01
5.02709767e-01
-8.38498275e-01
-1.68663691e-01
2.34294473e-01
-1.25811598e-01
0.00000000e+00
0.00000000e+00
0.00000000e+00
2.82707260e-01
1.22309431e+00
-2.89704091e-01
2.05990887e-01
-1.22013951e+00
3.37266969e-01
5.86452390e-01
3.58687493e-01
2.39150949e-01
0.00000000e+00
3.50216094e-01
-7.92946016e-02
-9.16012110e-01
5.02330647e-01
-4.53994289e-01
1.18383925e-01
1.70058936e-01
-1.13584679e+00
-3.53628618e-01
-5.15314522e-02
-2.56479600e-01
0.00000000e+00
0.00000000e+00
0.00000000e+00
-1.70964119e-01
3.56764869e-02
2.31660007e-02
1.43200910e-01
-9.97622412e-01
-6.39135514e-02
7.87319897e-02
3.78368142e-02
1.63568463e-01
0.00000000e+00
2.22935237e-01
2.01878213e-03
-3.81195654e-01
3.71888688e-01
1.44618452e-01
4.48816171e-01
5.90312518e-02
-7.54884095e-01
-1.61438627e-02
3.96754849e-01
136
-5.41458880e-01
0.00000000e+00
0.00000000e+00
-1.80239778e-01
-3.09248415e-03
-1.17880564e-01
2.48005405e-04
-2.43305125e-01
2.29136654e-04
0.00000000e+00
0.00000000e+00
-1.40078678e-01
-4.41988393e-01
-3.45266567e-01
-2.81779815e-03
1.65605262e-01
2.23087294e-01
0.00000000e+00
0.00000000e+00
-2.31474611e-01
9.68965552e-02
3.59769141e-01
-8.17534652e-02
-1.93105286e-01
-2.11137879e-01
-2.12722014e-01
-6.79313214e-02
-1.22630054e-01
-2.98063204e-02
2.85461546e-01
1.50378844e-01
9.99631186e-03
-7.49935024e-02
-1.11451299e-01
-3.48698885e-01
2.21154382e-01
-7.44827033e-01
2.77030303e-01
-5.95395718e-02
3.60356501e-01
2.23563555e-01
-3.33407371e-01
-2.44046285e-01
0.00000000e+00
0.00000000e+00
0.00000000e+00
0.00000000e+00
5.86510319e-01
6.14339520e-01
1.54114658e-01
-2.97282052e-01
0.00000000e+00
-1.57186160e-01
8.06814053e-03
5.50567312e-02
-1.93044466e-01
0.00000000e+00
-6.72261601e-03
2.00742698e-02
1.38720145e-01
-4.32791835e-01
-6.74358452e-01
-1.46499405e-01
-8.26597496e-02
1.77002717e-01
-4.64069185e-01
0.00000000e+00
-2.63567691e-01
-4.84396541e-02
1.58695668e-03
-7.57525730e-02
0.00000000e+00
-1.73761185e-02
-3.68106737e-01
-2.40437468e-02
-1.21636593e-01
0.00000000e+00
-6.49228526e-01
-4.46282384e-01
2.21545751e-03
3.57166026e-02
0.00000000e+00
0.00000000e+00
0.00000000e+00
0.00000000e+00
0.00000000e+00
1.02437844e+00
1.07555080e+00
-3.79284332e-01
0.00000000e+00
0.00000000e+00
0.00000000e+00
4.02805383e-01
1.07578749e+00
-3.98963630e-01
4.90891388e-01
-2.37287054e+00
4.21626600e-01
5.62509919e-01
6.25972210e-01
4.49938406e-01
0.00000000e+00
8.04350945e-01
1.53926865e-01
-1.70800577e+00
7.95695490e-01
-8.33924216e-03
6.09478304e-01
6.79766724e-01
-2.64348169e+00
-9.18654956e-01
5.98281769e-01
-3.67335651e-01
0.00000000e+00
0.00000000e+00
0.00000000e+00
1.64540272e-01
1.34322884e+00
-3.33756304e-01
4.14385832e-01
-1.88829208e+00
5.51652392e-01
6.29124814e-01
2.61560135e-01
3.98335015e-01
0.00000000e+00
7.07765471e-01
1.17738242e-01
-1.38338430e+00
6.92098834e-01
-3.43576138e-01
3.04721323e-01
3.50608166e-01
-2.33900895e+00
-5.82263791e-01
5.67186563e-01
10 1
-5.8995e-01 4.4897e-01
8 1
0 1 3 4 8 7 9 5 
217
-4.43765011e-01
1.05892461e-01
1.11900218e-01
-1.82069747e-01
-1.77487347e-01
1.05711928e-01
-2.38661390e-01
-1.41627588e-01
-4.03617663e-01
6.97024180e-02
3.18622344e-01
3.66815481e-01
5.73790456e-02
-4.01791257e-02
0.00000000e+00
0.00000000e+00
0.00000000e+00
3.41094235e-02
-8.77051905e-03
-2.58706062e-03
1.33337977e-01
-1.23520591e-02
4.31611550e-01
-6.11212411e-01
-5.93844681e-05
7.08851226e-02
0.00000000e+00
0.00000000e+00
-5.17010987e-01
-7.61660932e-01
-3.77209412e-01
4.70468834e-02
5.47469876e-01
6.17599562e-01
0.00000000e+00
0.00000000e+00
0.00000000e+00
1.57356062e-01
1.63947714e-01
-3.56157010e-02
-2.50792012e-01
-1.04359028e-01
-5.20702663e-02
-1.34956837e-01
0.00000000e+00
-1.58306739e-01
1.59603401e-01
1.66202795e-01
0.00000000e+00
1.72596987e-01
-3.21791691e-01
-2.02238316e-01
-7.71052436e-02
-5.47281911e-01
3.51904218e-01
-1.04321273e-01
2.17761950e-01
4.45595975e-01
-4.33229605e-01
2.00862755e-01
9.42954271e-02
-2.00392488e-01
-1.50393007e-01
0.00000000e+00
-4.16875283e-01
-2.37365932e-01
1.01774623e-01
2.70522268e-01
-1.28664351e-01
3.70659922e-01
0.00000000e+00
-2.60757292e-01
-9.87872289e-02
-1.07130283e-01
1.58354478e-01
-7.58774352e-02
5.01630007e-01
0.00000000e+00
-4.98148605e-01
-2.66055499e-01
-3.38037417e-02
-1.47201798e-01
8.81873364e-02
1.11364568e-01
0.00000000e+00
-4.97951876e-01
-2.88263242e-01
1.28933599e-02
-3.47420569e-01
4.12935050e-02
3.54046154e-01
0.00000000e+00
-1.80860017e-02
1.28684926e-02
-1.11003532e-01
-2.37431702e-03
-3.14675477e-01
1.14663777e-01
0.00000000e+00
1.22582987e-01
1.06028073e-01
-3.55851864e-01
-2.34087304e-01
-2.10496133e-01
-2.57813661e-01
0.00000000e+00
-8.71843484e-02
-1.57462969e-01
-1.17953353e-01
-1.14348341e-01
-2.38627309e-01
-1.42959513e-01
0.00000000e+00
3.64146172e-01
-3.95379417e-01
-3.65251379e-01
-4.60463022e-01
-4.42659804e-01
-3.06549665e-01
9.96980431e-01
7.85834321e-01
-2.84995997e-01
0.00000000e+00
0.00000000e+00
0.00000000e+00
3.16217743e-01
8.82339361e-01
-8.03996309e-01
4.98611403e-01
-1.45814428e+00
2.45656576e-01
5.12692563e-01
6.21890140e-01
7.17916618e-01
0.00000000e+00
1.90680992e-01
-2.87861930e-01
-1.06120837e+00
-1.44607505e-01
-4.79835884e-01
4.94538412e-01
1.00594370e+00
-1.53887654e+00
-6.36194681e-01
6.39241997e-01
-1.56325501e-01
0.00000000e+00
0.00000000e+00
0.00000000e+00
2.01582528e-01
8.43199904e-02
3.61898819e-01
1.28047360e-01
-1.22063066e+00
2.30458297e-01
2.40138844e-01
1.85629554e-01
-1.73970528e-01
0.00000000e+00
4.43427828e-01
2.79643671e-01
-5.79827715e-01
5.54174757e-01
3.92208574e-01
4.37861490e-03
-5.70080259e-02
-1.04819181e+00
-1.48385579e-01
-3.42200211e-02
-3.65896382e-01
0.00000000e+00
0.00000000e+00
0.00000000e+00
-3.74785923e-02
1.29355110e+00
-8.82053708e-01
5.24582483e-01
-1.28716028e+00
9.48998269e-02
6.90842676e-01
4.00656920e-01
2.58393701e-01
0.00000000e+00
8.28042761e-01
2.25182820e-01
-1.06504481e+00
7.74656704e-01
-3.90348347e-01
2.47165821e-01
-5.16776311e-01
-1.43516104e+00
-2.17564510e-01
1.27716407e-01
-2.21606718e-01
0.00000000e+00
0.00000000e+00
0.00000000e+00
1.94751319e-01
2.29985007e-01
6.00487924e-01
-1.81038137e-01
-1.14160314e+00
3.26701120e-01
1.54757646e-02
-2.73106621e-02
1.56194684e-01
0.00000000e+00
-2.94089756e-02
-6.68840405e-02
-7.40601849e-01
3.50613301e-01
3.03916394e-01
1.57840572e-01
4.64537411e-01
-1.01104408e+00
-2.09676965e-01
3.85457642e-01
136
-3.81566394e-01
0.00000000e+00
0.00000000e+00
-1.19915823e-02
2.34845959e-03
-1.99278571e-02
-2.43474355e-03
-3.49646955e-01
-3.48947332e-04
0.00000000e+00
0.00000000e+00
-3.23890575e-03
-4.47646229e-02
-1.95089193e-02
-2.33661297e-02
-1.39807659e-01
-1.50880157e-01
0.00000000e+00
0.00000000e+00
-1.32476234e-01
-1.60156193e-02
3.08420134e-01
1.26474284e-01
-1.33464547e-01
-1.81459531e-01
-2.01116572e-01
-1.51928308e-01
-1.21140450e-01
1.29790925e-01
4.10915749e-01
1.00025563e-01
-2.56909226e-02
-6.29658510e-02
-4.73638797e-02
-3.33057346e-01
1.65752344e-01
-4.14751946e-01
1.57716383e-01
-3.34352508e-01
3.34338306e-01
3.16432342e-01
-3.91266804e-01
-2.65948299e-01
0.00000000e+00
0.00000000e+00
0.00000000e+00
0.00000000e+00
4.83260726e-01
4.97343140e-01
1.29314637e-01
-1.38497108e-01
0.00000000e+00
3.21764748e-01
2.75635389e-01
1.21525830e-01
-2.27432324e-01
0.00000000e+00
9.82202107e-02
3.09973621e-02
1.89763453e-01
-3.48654137e-01
-5.42599597e-01
-3.67108356e-01
-6.04229838e-02
8.38774080e-02
-6.55159869e-01
0.00000000e+00
-2.24169500e-01
-1.04512379e-01
1.91378843e-02
-7.96140793e-02
0.00000000e+00
-3.14657363e-03
-3.78471211e-01
-1.74766056e-02
-1.30886209e-01
0.00000000e+00
-5.73614267e-01
-2.45197611e-01
-3.16407275e-02
-2.95792559e-02
0.00000000e+00
-2.82520345e-01
-6.11925033e-01
-3.87629994e-02
-1.98063275e-01
1.07554848e+00
1.22524181e+00
-3.93427482e-01
0.00000000e+00
0.00000000e+00
0.00000000e+00
3.88867584e-01
1.06137985e+00
-3.71033815e-01
4.38767633e-01
-2.27950579e+00
4.95994570e-01
4.75990826e-01
6.36252092e-01
3.79096011e-01
0.00000000e+00
8.63272636e-01
7.35933901e-02
-1.63846349e+00
7.03823103e-01
6.08652087e-02
5.86338243e-01
6.12913914e-01
-2.60173950e+00
-8.81919353e-01
6.02079410e-01
-3.48449912e-01
0.00000000e+00
0.00000000e+00
0.00000000e+00
1.75712654e-01
1.21957177e+00
-3.19019251e-01
4.13740021e-01
-1.90532203e+00
4.74482007e-01
6.20566812e-01
3.32646706e-01
3.86050451e-01
0.00000000e+00
6.51979305e-01
3.72027754e-02
-1.27411340e+00
6.90112076e-01
-3.56863343e-01
4.10103135e-01
3.45542113e-01
-2.25736542e+00
-4.62267973e-01
4.68791673e-01
2 1
-8.8114e-01 4.9744e-01
8 1
0 1 3 4 8 7 9 5 
217
-2.48828151e-01
-4.87699437e-04
-1.45220079e-01
-1.65340406e-01
-3.61374464e-02
1.18189779e-01
9.20587734e-02
-4.53102624e-01
-5.35103591e-01
2.18115169e-02
-4.07500755e-01
-1.75692833e-01
6.37854868e-01
2.65241513e-01
0.00000000e+00
0.00000000e+00
0.00000000e+00
7.38031938e-02
-1.03497524e-02
3.73912705e-03
3.42439510e-02
4.91267776e-04
-8.45857809e-02
-3.56875296e-01
4.85566370e-04
2.08062803e-01
0.00000000e+00
0.00000000e+00
-1.71508578e-01
-4.28582080e-01
-2.67220041e-01
3.90566324e-02
1.70090284e-01
4.09335631e-01
0.00000000e+00
0.00000000e+00
-4.43389229e-01
1.61189839e-01
2.58737051e-01
4.70734711e-02
-1.20674553e-01
-1.52586259e-01
-8.84164689e-02
8.92379981e-02
-1.37816202e-01
-1.66915041e-01
7.71370578e-02
2.53074166e-01
-1.11853122e-01
-3.69028679e-02
-4.99031532e-02
-2.58111881e-01
-2.28721909e-01
-4.16767527e-01
3.45182804e-02
-1.07699679e-01
1.22954974e-02
6.23477822e-01
6.10528924e-02
2.04307516e-01
2.18325100e-01
-1.12751398e-01
8.89873759e-02
0.00000000e+00
-3.43290659e-01
-1.24225611e-01
1.42071074e-01
4.88710326e-01
-4.76085666e-02
2.35694742e-01
0.00000000e+00
-4.63203350e-01
-6.60657748e-02
1.83818196e-01
-4.19162826e-02
3.05570032e-02
1.08671841e+00
0.00000000e+00
-6.93190854e-01
-4.80032931e-01
1.10713593e-01
-2.09286367e-01
3.33649110e-01
3.35984789e-01
0.00000000e+00
-4.31291044e-01
-5.54889812e-01
3.07233119e-01
-4.29356042e-01
-1.24770227e-01
1.08653677e-01
0.00000000e+00
-6.26810724e-02
-1.28362809e-02
1.44824854e-01
-1.59581925e-01
-3.30971933e-01
-2.57361551e-01
0.00000000e+00
1.89719261e-01
-2.93199174e-01
-2.14743063e-01
-6.31203677e-01
-2.23804350e-01
-1.24658521e-01
0.00000000e+00
-1.34589500e-01
5.32708951e-02
-2.44357912e-01
-7.27301270e-02
1.30119261e-01
1.90997374e-01
0.00000000e+00
3.41659517e-01
-2.46648422e-01
-3.79074856e-01
-4.70071404e-01
-2.11412813e-01
-2.56446895e-01
9.21157734e-01
1.27355183e+00
-4.54780172e-01
0.00000000e+00
0.00000000e+00
0.00000000e+00
1.26346344e-01
3.10458840e-01
-6.18176696e-01
2.82545992e-01
-1.40381131e+00
2.99954324e-01
-2.74894269e-02
1.33634825e-01
9.22004645e-01
0.00000000e+00
8.57700167e-01
-5.47812787e-02
-1.11512962e+00
3.05136302e-01
2.56086770e-01
1.34132185e-01
7.07896681e-01
-1.38573797e+00
-5.98632537e-01
4.13081579e-01
-8.32611148e-02
0.00000000e+00
0.00000000e+00
0.00000000e+00
7.49950779e-02
4.13929819e-01
1.57828903e-01
-2.51937508e-02
-1.19209136e+00
4.60242013e-01
2.58777168e-01
4.24750210e-01
-1.38698217e-01
0.00000000e+00
-1.08949456e-01
2.18852395e-01
-7.55021030e-01
1.91013151e-01
-3.11761735e-01
2.40478453e-01
-1.66738175e-01
-9.40847980e-02
3.53355383e-02
2.33074682e-01
-1.98793835e-01
0.00000000e+00
0.00000000e+00
0.00000000e+00
-4.85869671e-01
9.52803728e-01
-7.55362581e-02
6.38560297e-01
-6.50635504e-01
2.14137377e-01
5.27118974e-01
1.80881744e-01
3.38791395e-01
0.00000000e+00
1.06710354e-01
3.51133190e-01
-8.30565725e-01
3.70219997e-01
-2.45731068e-01
-2.86493785e-01
-2.90019592e-01
-1.06930094e+00
-1.05939351e-01
1.60941007e-01
-1.31818238e-01
0.00000000e+00
0.00000000e+00
0.00000000e+00
4.39996643e-01
2.32358214e-01
-4.66749728e-01
-2.84188764e-02
-8.53579028e-01
-5.45706778e-03
2.55770401e-01
1.59389390e-01
2.32165165e-01
0.00000000e+00
2.34517945e-01
-3.18725122e-02
-4.81700248e-01
2.89539303e-01
-8.32259335e-02
4.47137466e-01
2.40960086e-01
-8.97001356e-01
-1.01866236e-01
2.86218135e-01
136
-4.08284710e-01
0.00000000e+00
0.00000000e+00
4.92581707e-02
-5.80884089e-03
1.82148998e-02
-5.47325962e-03
-4.75757780e-01
-3.54698443e-04
0.00000000e+00
0.00000000e+00
-1.11589647e-01
-1.68475031e-01
-8.65674170e-02
-2.40624289e-02
1.31115795e-02
-3.07017657e-02
0.00000000e+00
0.00000000e+00
0.00000000e+00
-1.65868067e-02
2.01703711e-01
6.25726448e-02
-9.64993955e-02
-1.81943846e-01
-1.81055663e-01
-1.96475353e-01
-8.23829882e-03
1.27614982e-01
4.29190274e-01
-5.53946717e-02
0.00000000e+00
-5.68713274e-02
1.99914807e-02
-4.79264201e-01
2.10715341e-01
-4.10431823e-01
2.67904897e-01
-3.52856075e-01
2.56238257e-01
3.34059075e-01
-3.72680772e-01
-2.85607752e-01
0.00000000e+00
0.00000000e+00
0.00000000e+00
0.00000000e+00
7.70467084e-01
5.67688249e-01
1.93138790e-01
-1.12236963e-01
0.00000000e+00
4.20432110e-01
2.86190294e-01
1.47704843e-01
-1.62121912e-01
0.00000000e+00
2.40808773e-01
5.35960576e-02
1.97847822e-01
-3.79851771e-01
-6.17594495e-01
-4.84851678e-01
-1.80633123e-01
8.04697094e-02
-4.05583287e-01
0.00000000e+00
-2.32927514e-01
-9.52762026e-02
5.23849898e-03
-9.30248618e-02
0.00000000e+00
5.87283282e-02
-3.66872384e-01
-9.74117158e-03
-2.78786062e-01
0.00000000e+00
-6.11184979e-01
-2.24019205e-01
-4.74525135e-02
-4.25744793e-02
0.00000000e+00
-3.27154084e-01
-6.05293093e-01
-5.93530570e-02
-1.75664223e-01
1.08550309e+00
1.10874272e+00
-3.89115414e-01
0.00000000e+00
0.00000000e+00
0.00000000e+00
4.45866916e-01
1.08722187e+00
-3.51090930e-01
4.63372202e-01
-2.38861568e+00
4.23425406e-01
5.55936790e-01
6.45139387e-01
3.64894259e-01
0.00000000e+00
8.39775234e-01
8.67869111e-02
-1.62473910e+00
7.44421022e-01
8.32664977e-02
5.97725425e-01
6.63576766e-01
-2.72826642e+00
-8.98998299e-01
6.01186329e-01
-4.12596835e-01
0.00000000e+00
0.00000000e+00
0.00000000e+00
1.38832029e-01
1.31185683e+00
-2.39707271e-01
3.22131229e-01
-2.14758571e+00
5.24740968e-01
5.87195339e-01
3.50409483e-01
4.43572816e-01
0.00000000e+00
7.08031416e-01
5.86085693e-02
-1.35717601e+00
8.21771132e-01
-3.28306231e-01
4.01150818e-01
3.21493487e-01
-2.31835555e+00
-5.06671562e-01
4.95411387e-01
6 1
-9.4317e-01 5.1116e-01
8 0
0 1 3 4 8 7 9 5 
217
2.02229878e-01
2.29401539e-01
-7.87846831e-01
3.84440282e-03
5.62580421e-03
3.04702662e-01
2.61244601e-01
1.36799266e-01
2.79046848e-01
-4.26536091e-01
-1.06696352e-01
2.89694325e-02
0.00000000e+00
0.00000000e+00
0.00000000e+00
0.00000000e+00
0.00000000e+00
0.00000000e+00
0.00000000e+00
0.00000000e+00
-2.03483707e-01
3.87086539e-03
7.18041956e-02
6.13488600e-01
-9.70736159e-04
-3.16705526e-01
0.00000000e+00
0.00000000e+00
-1.07007190e-01
-4.12654895e-01
4.44000061e-02
2.28996992e-01
3.03541286e-01
1.44953680e-01
0.00000000e+00
0.00000000e+00
-6.27471743e-02
-8.89962395e-02
1.66329765e-01
1.35833865e-02
-1.28017672e-02
-1.02833084e-01
8.58172530e-02
2.03877739e-01
-3.13192241e-01
-7.18093435e-02
8.10857005e-02
3.03421230e-01
0.00000000e+00
-2.18089230e-01
-1.26738858e-01
-3.43003227e-02
2.85823923e-01
-3.02537133e-01
-1.06739020e-01
-1.98171437e-01
1.53260732e-01
5.56188823e-01
-1.19847025e-01
3.26039927e-01
2.46777917e-01
1.67519031e-01
-1.49319895e-01
0.00000000e+00
-1.58512634e-01
-3.69585198e-01
7.62108022e-02
1.44903554e-01
2.84531711e-01
1.04736155e+00
0.00000000e+00
7.74796847e-02
-1.30208540e-01
1.26215949e-01
2.21736841e-01
-1.46575524e-03
-8.40780849e-02
0.00000000e+00
-3.22118322e-01
-4.75256154e-01
3.19394261e-01
-8.74645957e-02
2.04953940e-01
3.03958539e-01
0.00000000e+00
-3.91788910e-01
-5.40642244e-01
2.65397932e-01
-3.21476722e-01
3.28620857e-01
3.88849965e-01
0.00000000e+00
-1.70928561e-01
1.42906901e-02
3.07256639e-01
-4.36219447e-01
6.59018005e-02
1.42633608e-01
0.00000000e+00
3.15714207e-01
-2.28216276e-01
-6.14492476e-02
-4.16786585e-01
-5.20350813e-02
-1.39748070e-01
0.00000000e+00
3.30301936e-01
3.81208032e-01
-2.13546390e-01
6.26994418e-02
8.54743329e-02
-3.61862625e-01
0.00000000e+00
5.05101590e-01
-2.53319103e-02
-1.50404846e-01
-3.96653974e-01
-1.52466866e-01
-2.46351494e-01
1.03962244e+00
1.21208606e+00
-1.55830679e-01
0.00000000e+00
0.00000000e+00
0.00000000e+00
-3.36814352e-01
7.75952081e-01
-1.08431529e+00
4.15283289e-01
-1.15156598e+00
6.34118946e-01
6.03297699e-01
3.94418852e-01
3.27783714e-01
0.00000000e+00
5.01395516e-01
3.03083874e-03
-9.99097719e-01
7.70052880e-01
-1.57049172e-01
1.89664697e-01
4.06712975e-01
-1.29778681e+00
-5.20319996e-01
3.69407145e-01
-2.41130809e-01
0.00000000e+00
0.00000000e+00
0.00000000e+00
5.32050453e-01
1.75666051e-01
3.76443748e-01
-1.49906994e-01
-1.09223778e+00
2.98504200e-01
-8.03772896e-03
1.68546294e-01
-9.05663214e-02
0.00000000e+00
2.80226911e-01
9.48519113e-02
-3.62723814e-01
-1.24650276e-01
1.22699849e-01
3.14071816e-01
1.55777833e-01
-1.17420533e+00
2.59729315e-02
2.16385439e-01
-9.37265147e-02
0.00000000e+00
0.00000000e+00
0.00000000e+00
-4.13923155e-01
1.33292048e+00
-6.24645359e-01
1.46508152e-01
-1.18864379e+00
5.75690094e-01
9.59794627e-01
-1.28131572e-01
3.27287624e-01
0.00000000e+00
6.16186390e-01
1.38574583e-01
-7.48367668e-01
4.48108851e-01
-1.45541439e-01
-4.48900563e-02
-3.42566070e-01
-7.38756866e-01
-1.69181350e-01
-9.41499845e-02
-2.77454334e-01
0.00000000e+00
0.00000000e+00
0.00000000e+00
2.12000392e-01
3.87046609e-02
9.85363532e-02
1.31252755e-01
-9.77919579e-01
2.81579803e-01
-2.38244306e-01
2.52785011e-01
1.20703603e-01
0.00000000e+00
-1.02596795e-01
-1.76713531e-01
-6.73561797e-01
7.73729404e-02
3.81529299e-02
6.05074035e-01
1.37883439e-01
-4.91268893e-01
7.18802612e-02
3.16924383e-01
136
-7.50899593e-01
0.00000000e+00
0.00000000e+00
-4.06572235e-02
-2.31152358e-02
-1.02055718e-01
-9.14788253e-03
-6.08186651e-01
2.08907281e-05
0.00000000e+00
0.00000000e+00
-9.10916461e-02
-2.18033759e-01
-2.29039237e-01
-1.46106248e-01
-5.84683851e-02
-8.16031715e-03
0.00000000e+00
0.00000000e+00
-3.99278691e-01
3.02751628e-01
3.80372431e-01
1.58327674e-01
-7.81581312e-02
-2.36475187e-01
-3.53403575e-01
-5.25035742e-01
1.49383570e-01
1.72216471e-01
5.33125084e-01
9.67441589e-03
-6.64196429e-02
-9.61197710e-02
-5.59507801e-02
-5.34275427e-01
4.01111853e-01
-5.45582633e-01
1.02438711e-01
-4.25360111e-01
6.35753208e-01
7.00237151e-02
-5.38777965e-01
-5.62140291e-01
0.00000000e+00
0.00000000e+00
0.00000000e+00
0.00000000e+00
1.16066404e+00
6.64612443e-01
2.79924601e-01
-7.88141314e-02
0.00000000e+00
7.20366771e-01
3.78127613e-01
1.97162025e-01
-1.62989760e-01
0.00000000e+00
4.19531718e-01
1.11181012e-01
2.69225974e-01
-3.82900347e-01
-6.42594231e-01
-4.79263724e-01
-1.17419347e-01
1.20623717e-01
-4.74249240e-01
0.00000000e+00
-3.87459883e-01
-8.28358087e-02
-1.32432251e-02
-5.52518426e-02
0.00000000e+00
3.92610151e-02
-3.33129353e-01
-1.84648496e-03
-2.50141524e-01
0.00000000e+00
-1.09341860e+00
-2.94954957e-01
-1.20229801e-01
-4.84534737e-02
0.00000000e+00
-6.14871174e-01
-6.02214876e-01
-8.82268505e-02
-2.00586243e-01
1.07283581e+00
1.12897967e+00
-4.07446788e-01
0.00000000e+00
0.00000000e+00
0.00000000e+00
4.58948723e-01
1.08175850e+00
-4.05340975e-01
4.26671233e-01
-2.46660360e+00
3.76451460e-01
5.75238971e-01
6.79677553e-01
4.22036863e-01
0.00000000e+00
8.21769867e-01
2.14411804e-01
-1.64142401e+00
6.86104782e-01
5.14736542e-02
5.66347127e-01
6.70370758e-01
-2.66561561e+00
-8.52323619e-01
5.92599737e-01
-3.91110225e-01
0.00000000e+00
0.00000000e+00
0.00000000e+00
1.94549409e-01
1.26103181e+00
-2.93412367e-01
4.06991534e-01
-2.08849324e+00
4.29198267e-01
6.34162129e-01
3.68638550e-01
4.55387875e-01
0.00000000e+00
7.17790325e-01
1.29433536e-01
-1.31962732e+00
8.55331945e-01
-2.80868218e-01
3.44998914e-01
3.67955285e-01
-2.53761442e+00
-5.18571657e-01
4.82007424e-01
13 1
-1.0231e+00 5.2419e-01
8 1
0 1 3 4 8 7 9 5 
217
-2.75179340e-01
5.36294990e-03
-1.48165462e-01
1.00946131e-02
-3.89362510e-02
1.79463968e-01
1.20789583e-01
-2.53098687e-01
-4.01654895e-01
5.05046496e-01
2.39609419e-01
-8.26915991e-02
0.00000000e+00
0.00000000e+00
0.00000000e+00
0.00000000e+00
0.00000000e+00
0.00000000e+00
0.00000000e+00
0.00000000e+00
-3.27894988e-01
1.24588472e-02
-3.18531814e-01
4.68685280e-02
5.10181285e-04
-9.33175362e-02
0.00000000e+00
0.00000000e+00
-4.09805032e-01
-6.34346535e-01
-3.39605008e-01
2.85170583e-01
3.34880120e-01
4.88526532e-01
0.00000000e+00
0.00000000e+00
-1.84604599e-01
5.67584355e-03
1.23621923e-01
-1.86454707e-02
-1.35123189e-01
-6.89181138e-03
3.15228582e-02
-9.07348950e-02
-1.99129244e-01
-2.39290287e-01
2.11443868e-01
2.85285781e-02
0.00000000e+00
-6.33559497e-02
-3.25230334e-02
-5.63785242e-02
-9.81767691e-02
-4.59205850e-01
9.93863853e-02
-3.20737672e-02
1.09660141e-01
6.07560288e-01
-3.81852875e-01
2.65170816e-01
1.02115660e-01
1.13937441e-01
-3.06627843e-01
0.00000000e+00
-3.26134645e-01
-1.21596061e-01
1.52648190e-01
2.37554755e-01
-1.01692886e-01
2.73953074e-01
0.00000000e+00
-3.76880788e-01
1.53774897e-02
1.22304647e-01
-1.40136141e-02
-2.06031994e-02
7.36959257e-01
0.00000000e+00
-6.88517086e-01
-2.55192331e-01
2.24807584e-01
-3.55014906e-01
1.88530161e-01
1.01766622e-01
0.00000000e+00
-3.85647709e-01
-2.98239223e-01
4.17662600e-02
-2.59333636e-01
6.87021087e-02
3.17415671e-01
0.00000000e+00
-4.97284786e-02
4.33807053e-02
2.93231745e-01
-2.08371443e-01
-5.18682606e-01
-3.12296978e-01
0.00000000e+00
1.36770771e-01
-1.33108096e-01
-2.89650821e-01
-4.39146102e-01
-1.22299290e-01
-2.08632553e-01
0.00000000e+00
-1.64748280e-01
-8.25285655e-02
-7.35885877e-03
9.37302509e-03
-1.03072201e-01
5.56710497e-02
0.00000000e+00
2.74034418e-01
-1.95474488e-01
-2.25649211e-01
-4.75456676e-01
-3.23564547e-01
-2.19807237e-01
1.00338892e+00
1.25765951e+00
-3.83572339e-01
0.00000000e+00
0.00000000e+00
0.00000000e+00
1.80688339e-01
1.05369817e+00
-6.25869237e-01
-4.79912764e-02
-1.15493377e+00
4.82780437e-01
2.45818987e-01
4.67641159e-01
4.77034103e-01
0.00000000e+00
9.86571350e-01
-3.60482223e-01
-1.23655781e+00
2.57320696e-01
-1.52509626e-02
1.89184117e-01
6.84158470e-01
-1.47460056e+00
-9.54610571e-01
4.61828242e-01
-8.18262481e-02
0.00000000e+00
0.00000000e+00
0.00000000e+00
2.05163247e-01
-3.69482328e-02
1.71725802e-01
2.45760861e-01
-9.56050028e-01
2.84182249e-01
-2.68345514e-02
3.41168727e-01
-1.37000987e-02
0.00000000e+00
-3.00524109e-01
-1.13082666e-02
-4.72420561e-01
1.26816552e-01
-1.06207275e-01
2.35459072e-01
-7.99316222e-02
-2.45684552e-01
3.94145790e-01
1.63360749e-01
-1.62795713e-01
0.00000000e+00
0.00000000e+00
0.00000000e+00
-5.39157218e-01
1.10023408e+00
-2.54602436e-01
6.81209867e-01
-9.38167133e-01
9.81175811e-01
2.54642551e-01
-3.21551493e-01
6.58772977e-01
0.00000000e+00
5.91184353e-01
-1.32658364e-01
-8.83056430e-01
3.06841946e-01
-7.80727431e-02
3.72867986e-01
-7.30631205e-01
-1.28917976e+00
1.27055372e-01
-6.97038739e-02
-2.19140999e-01
0.00000000e+00
0.00000000e+00
0.00000000e+00
5.87975408e-01
9.81574379e-02
-2.20603286e-01
-2.61020227e-01
-7.13803438e-01
-2.73038430e-01
3.62112647e-01
5.48127470e-01
-9.37299404e-02
0.00000000e+00
1.42062401e-01
3.16709443e-01
-8.16509498e-01
3.77316607e-01
-8.18334954e-02
1.33494741e-01
5.73655965e-01
-8.39698861e-01
-4.34089576e-01
3.75573634e-01
136
-4.12450048e-01
0.00000000e+00
0.00000000e+00
5.36601611e-02
-9.82489200e-04
-6.39804230e-02
-2.97203658e-03
-4.01652070e-01
-3.73081694e-04
0.00000000e+00
0.00000000e+00
-1.37692742e-01
-1.47096363e-01
-5.78645137e-02
-3.95813380e-02
1.02245259e-02
-4.04396171e-02
0.00000000e+00
0.00000000e+00
-2.39017303e-01
8.42466579e-02
2.39617057e-01
1.16173410e-01
-9.39677219e-03
-1.20121095e-01
-2.35594966e-01
-2.48357038e-01
-7.90062184e-02
9.87224539e-02
4.69955614e-01
4.80585117e-02
-1.25556741e-02
-7.49532138e-02
-5.32691576e-02
-3.74101596e-01
2.66161975e-01
-4.08859004e-01
1.04927667e-01
-3.09381341e-01
2.62472259e-01
2.78478928e-01
-3.86431312e-01
-2.42669941e-01
0.00000000e+00
0.00000000e+00
0.00000000e+00
0.00000000e+00
5.72255154e-01
5.05744403e-01
1.44564852e-01
-1.41439636e-01
0.00000000e+00
3.30461506e-01
2.67095703e-01
1.06599678e-01
-1.64997089e-01
0.00000000e+00
1.92719613e-01
6.35773771e-02
1.85642627e-01
-3.35185321e-01
-5.09412381e-01
-3.68367244e-01
-1.36946215e-01
1.12908769e-01
-4.59345696e-01
0.00000000e+00
-2.87237887e-01
-8.11686160e-02
-6.26430120e-03
-2.70427816e-02
0.00000000e+00
7.95505308e-02
-3.31704415e-01
5.22633213e-03
-2.36829139e-01
0.00000000e+00
-6.18173019e-01
-2.30375945e-01
-4.99840295e-02
-4.52993386e-02
0.00000000e+00
-3.31099415e-01
-5.37583814e-01
-4.55939021e-02
-1.08672698e-01
1.08170185e+00
1.16815588e+00
-3.92477544e-01
0.00000000e+00
0.00000000e+00
0.00000000e+00
4.46861433e-01
1.08670217e+00
-3.90003017e-01
5.03450181e-01
-2.42039069e+00
4.05373836e-01
5.52624499e-01
6.25021227e-01
4.16862325e-01
0.00000000e+00
9.03919341e-01
1.69444600e-01
-1.64071545e+00
7.46121486e-01
2.89385009e-02
6.06812730e-01
6.49353051e-01
-2.70856585e+00
-9.40150514e-01
5.65862596e-01
-3.71845304e-01
0.00000000e+00
0.00000000e+00
0.00000000e+00
1.75120620e-01
1.27538763e+00
-3.03729189e-01
3.67077521e-01
-2.04041587e+00
5.24913469e-01
5.96573928e-01
3.53502693e-01
4.01539594e-01
0.00000000e+00
6.66039407e-01
8.74530119e-02
-1.37270114e+00
7.95069257e-01
-2.84750850e-01
3.75899492e-01
3.06947712e-01
-2.23956849e+00
-5.62431911e-01
5.06227799e-01
12 1
-1.0936e+00 5.3229e-01
8 1
0 1 3 4 8 7 9 5 
217
-1.85225639e-01
-3.47997749e-02
-1.12686433e-01
6.11502388e-03
2.51145904e-01
-3.69703121e-01
-2.44739651e-01
-2.40263859e-01
-3.62872498e-01
3.78561004e-01
-2.44063694e-01
-7.87710333e-02
4.15304300e-01
3.17987816e-01
0.00000000e+00
0.00000000e+00
0.00000000e+00
4.40788383e-01
-5.17757644e-03
5.00817188e-02
-5.84060374e-02
-5.09581824e-03
-5.23767098e-02
-5.67459502e-01
7.52869768e-04
-3.11649302e-02
0.00000000e+00
0.00000000e+00
-3.42802118e-01
-5.10298048e-01
-4.44889389e-02
-1.95323708e-01
3.76093703e-01
5.31593472e-01
0.00000000e+00
0.00000000e+00
1.39289322e-02
-2.64787582e-01
-5.37629183e-03
-9.23415304e-02
-6.35900557e-02
1.50532026e-01
6.80624866e-02
8.34637543e-03
-3.02119394e-01
-1.17307818e-01
1.60240537e-01
1.74816178e-01
0.00000000e+00
-2.27528245e-01
-2.41733704e-01
2.66634161e-02
1.54050109e-01
-4.33355970e-01
-8.02042158e-02
-2.50592769e-01
0.00000000e+00
4.16135765e-01
-1.66505806e-01
4.85000843e-01
-1.02375543e-01
2.35969866e-02
-1.20376015e-01
0.00000000e+00
-2.59057039e-01
-3.82571369e-01
9.85350300e-02
2.86404776e-01
-2.47036294e-02
3.92776492e-01
0.00000000e+00
-2.92910118e-01
-1.41161602e-01
1.59171552e-01
-1.82494224e-02
-5.14870728e-02
5.34239059e-01
0.00000000e+00
-6.94473343e-01
-1.05378353e-01
2.60738696e-01
-2.94544851e-01
2.48509008e-01
3.50029696e-01
0.00000000e+00
-3.92555523e-01
-3.66949628e-01
2.33492796e-01
-2.90613190e-01
-2.61629116e-02
1.02261578e-01
0.00000000e+00
-3.09537432e-02
2.46614738e-02
3.24320634e-01
-5.13686576e-02
-4.78592530e-01
-2.49657423e-01
0.00000000e+00
8.64057800e-02
-3.83291146e-01
-2.08869125e-01
-3.89161187e-01
-6.27622936e-02
2.41925336e-02
0.00000000e+00
-1.33670757e-01
-4.59500771e-02
-1.01876985e-02
-2.12782290e-02
-4.13671836e-02
9.77280485e-02
0.00000000e+00
2.85352253e-01
-1.85168496e-01
-2.62776370e-01
-2.58225574e-01
-2.07801522e-01
-1.69206883e-01
1.19062243e+00
1.49113124e+00
-3.17525498e-01
0.00000000e+00
0.00000000e+00
0.00000000e+00
4.64144829e-02
7.08918062e-01
-4.03088481e-01
1.70038531e-01
-1.02164052e+00
8.37498013e-01
5.09401825e-02
-1.59560552e-01
1.60221936e-01
0.00000000e+00
7.08166246e-01
-5.75097663e-02
-8.41113535e-01
1.26640686e+00
-6.54635626e-01
2.63539720e-01
1.15635016e+00
-1.37656364e+00
-1.20548165e+00
3.35740685e-02
-5.00571351e-02
0.00000000e+00
0.00000000e+00
0.00000000e+00
1.14528441e-02
2.79115394e-01
-1.42942124e-02
3.45034685e-01
-1.02565616e+00
-3.45154494e-01
2.47826551e-01
5.01019354e-01
9.22503060e-02
0.00000000e+00
1.61766863e-01
7.90157194e-02
-6.40177665e-01
-1.54969588e-01
6.60902604e-01
2.21647203e-01
-4.31346974e-01
-5.06378228e-01
2.75691001e-01
1.92197656e-01
-3.02667604e-01
0.00000000e+00
0.00000000e+00
0.00000000e+00
-1.56153421e-01
1.27674438e+00
-1.26791041e-01
4.65064378e-01
-3.14254237e-02
7.66000021e-01
2.77855952e-01
2.10232242e-01
3.86158791e-01
0.00000000e+00
1.16218109e-01
6.29811918e-02
-7.20947831e-01
3.05692280e-01
-1.07874866e-01
1.11220503e+00
-8.48901566e-02
-1.05837946e+00
-3.10924588e-01
3.31802831e-01
-3.07210946e-01
0.00000000e+00
0.00000000e+00
0.00000000e+00
2.44759503e-01
4.48045206e-01
-3.94066161e-02
1.05722776e-01
-4.06510572e-02
5.21967075e-01
5.99705422e-01
2.91178890e-01
3.99416024e-01
0.00000000e+00
7.19617110e-01
-8.98329818e-02
-5.62295628e-02
5.66813272e-01
3.29880290e-01
1.82767975e-01
2.96276595e-01
-8.43425405e-01
6.15433621e-01
1.18722400e-01
136
-3.71119799e-01
0.00000000e+00
0.00000000e+00
6.43335281e-02
-8.77957972e-03
-1.22823689e-02
-4.03949665e-03
-4.20687755e-01
-5.28454759e-04
0.00000000e+00
0.00000000e+00
-1.84767161e-01
-1.96211319e-01
-7.04342377e-02
5.98564747e-02
2.69260852e-02
-6.48964080e-03
0.00000000e+00
0.00000000e+00
-2.06185193e-01
1.09401329e-01
2.19113873e-01
1.21859515e-01
-3.36842793e-02
-1.20343545e-01
-2.55185024e-01
-2.06096473e-01
-6.34264661e-02
1.10048498e-01
4.43562126e-01
3.50529133e-02
-2.88266165e-02
-3.02994192e-02
-7.37933914e-02
-3.60884778e-01
2.61446201e-01
-4.70959828e-01
6.89483621e-02
-2.11438117e-01
2.78908848e-01
3.21275468e-01
-3.82178234e-01
-2.68555367e-01
0.00000000e+00
0.00000000e+00
0.00000000e+00
0.00000000e+00
5.04640830e-01
4.82948830e-01
1.27756057e-01
-1.02835231e-01
0.00000000e+00
3.78166686e-01
2.65580622e-01
1.10742711e-01
-1.27803027e-01
0.00000000e+00
1.75289273e-01
5.11606398e-02
1.75382192e-01
-3.49052121e-01
-5.21614227e-01
-3.83457227e-01
-1.27235033e-01
1.08659434e-01
-4.65952479e-01
0.00000000e+00
-1.97309687e-01
-4.18536538e-02
-5.80718661e-05
-4.64387198e-02
0.00000000e+00
9.06587449e-03
-3.26970918e-01
-9.28786829e-03
-2.08197166e-01
0.00000000e+00
-5.36193098e-01
-2.12131768e-01
-3.25195707e-02
-6.51501492e-02
0.00000000e+00
-3.18161231e-01
-5.09313637e-01
-4.39699165e-02
-1.65254356e-01
1.09778085e+00
1.19640838e+00
-3.99965863e-01
0.00000000e+00
0.00000000e+00
0.00000000e+00
4.31714540e-01
1.10931280e+00
-4.06666357e-01
4.63829385e-01
-2.29819271e+00
4.81506420e-01
5.62089466e-01
6.41930628e-01
4.05242848e-01
0.00000000e+00
8.39602058e-01
1.15912380e-01
-1.65981111e+00
6.38795123e-01
-7.11260884e-02
6.10461315e-01
6.48042605e-01
-2.61164897e+00
-8.87981973e-01
5.87021780e-01
-3.56549468e-01
0.00000000e+00
0.00000000e+00
0.00000000e+00
1.57324610e-01
1.31272878e+00
-3.18730083e-01
3.95382148e-01
-2.01377966e+00
4.71517997e-01
6.14423885e-01
3.64294200e-01
4.34030329e-01
0.00000000e+00
6.63659491e-01
9.84774324e-02
-1.39699694e+00
9.08784482e-01
-3.61713475e-01
3.21774784e-01
3.19353331e-01
-2.30594761e+00
-5.49367295e-01
5.28234124e-01
11 1
-1.0788e+00 5.4283e-01
8 0
0 1 3 4 8 7 9 5 
217
-5.40427575e-01
2.04251741e-02
7.61080746e-02
-1.36273237e-01
-3.96483960e-01
2.27513019e-01
-3.02983035e-01
1.96520350e-01
-1.13674602e-01
1.68417848e-01
1.32232966e-01
8.79010904e-02
0.00000000e+00
0.00000000e+00
0.00000000e+00
0.00000000e+00
0.00000000e+00
-1.82440435e-01
6.73177999e-03
1.13187752e+00
-5.03330395e-02
2.25792582e-03
-2.02396906e-01
-3.07654101e-01
-4.58131911e-05
2.06655514e-01
0.00000000e+00
0.00000000e+00
4.58417907e-03
-1.57043261e-01
-5.62676355e-02
-1.80772055e-01
-9.52933556e-02
-5.56354476e-02
0.00000000e+00
0.00000000e+00
0.00000000e+00
-8.60295305e-02
4.34944997e-02
-5.46439643e-03
-1.45042931e-02
-5.97126898e-02
-3.30287917e-01
-8.79232478e-02
0.00000000e+00
2.65117055e-02
1.21142304e-01
2.10732730e-02
0.00000000e+00
-1.59544839e-01
-4.34620133e-01
2.00505126e-01
1.34779004e-01
-4.97319723e-01
-1.15620288e-01
-1.12951853e-01
1.97723049e-01
2.68428689e-01
-2.20393525e-01
1.59083256e-01
-9.93672582e-02
-2.69842883e-01
-1.71217434e-01
0.00000000e+00
-4.46213209e-01
-4.68933563e-02
-1.40698449e-01
3.77444447e-01
4.64840828e-02
7.35548113e-01
0.00000000e+00
-1.58645736e-01
-1.14392696e-01
-4.87107318e-02
3.40157495e-01
-3.33071108e-01
-4.97387249e-02
0.00000000e+00
-5.09802640e-01
-4.54345958e-01
5.57228902e-02
-1.31559139e-01
-7.59538682e-02
3.02787042e-01
0.00000000e+00
-3.54156183e-01
-4.63223919e-01
-6.85597569e-02
-1.65833395e-01
-1.17711636e-01
1.62519862e-01
0.00000000e+00
-2.88596881e-01
7.75762594e-02
-1.21471351e-01
-1.84662774e-01
-1.19965386e-01
4.47536156e-01
0.00000000e+00
1.83446312e-01
-2.07755636e-01
-2.29042697e-01
-2.62678050e-01
-4.94831190e-01
-2.76925353e-01
0.00000000e+00
8.58884921e-02
5.70289186e-02
-2.41341613e-01
8.46424704e-03
-3.84974455e-01
-4.80137137e-01
0.00000000e+00
2.47750708e-01
-1.61740119e-01
-6.82646397e-01
2.31769491e-02
-1.05531886e-01
-2.53057947e-01
9.55987710e-01
1.15379623e+00
-3.25114257e-01
0.00000000e+00
0.00000000e+00
0.00000000e+00
2.70908373e-01
7.87367122e-01
-7.06620602e-01
3.76992387e-02
-1.03809285e+00
8.06824751e-01
2.56232012e-01
9.84133961e-01
2.19885526e-01
0.00000000e+00
4.35966731e-01
2.81730197e-01
-1.32335174e+00
5.52335963e-01
-2.07571861e-01
-1.54355361e-01
1.92348787e-01
-1.04999212e+00
-9.19256800e-01
2.48694414e-01
-1.61788870e-01
0.00000000e+00
0.00000000e+00
0.00000000e+00
1.17659851e-01
-4.53029751e-02
2.04685049e-01
2.62054350e-01
-7.43925295e-01
-1.09301630e-02
-1.03091549e-01
-3.29876866e-01
1.22022930e-01
0.00000000e+00
1.80596476e-01
-5.30596894e-02
-7.61676610e-02
-1.12818903e-01
5.19530598e-02
4.35959669e-01
3.99087347e-01
-9.59654828e-01
1.12023477e-01
3.86996852e-01
-6.33754749e-02
0.00000000e+00
0.00000000e+00
0.00000000e+00
-4.57466583e-01
1.16729702e+00
-7.54885825e-01
9.11392683e-01
-9.66121772e-01
-5.61259313e-01
8.20435448e-01
4.07084039e-02
3.22557246e-01
0.00000000e+00
7.31605093e-01
-1.79044354e-01
-9.45139862e-01
1.07350843e+00
-2.32902768e-01
5.92440658e-01
-7.32645230e-01
-8.33197044e-01
-7.73417984e-02
1.66840890e-02
-2.80510976e-01
0.00000000e+00
0.00000000e+00
0.00000000e+00
3.94296971e-01
1.32386036e-01
2.66199817e-01
-3.45680080e-01
-1.02930608e+00
6.99472775e-01
-9.53361347e-02
2.33462768e-01
-1.27709579e-01
0.00000000e+00
-2.26302500e-01
2.22089336e-01
-4.06795512e-02
-9.83548201e-02
-5.30625723e-02
-1.97255296e-01
4.65743145e-01
-6.43101046e-01
-4.54538483e-02
2.08079681e-01
136
-4.60484319e-01
0.00000000e+00
0.00000000e+00
-1.79837736e-01
-1.09780949e-03
-2.18917228e-01
4.45695886e-03
-6.17293550e-02
5.71654376e-05
0.00000000e+00
0.00000000e+00
-5.65768341e-02
-2.16159831e-01
-1.83942742e-01
-6.58373671e-02
5.87135028e-03
5.61611051e-02
0.00000000e+00
0.00000000e+00
-2.88430723e-01
1.38836228e-01
1.60870281e-01
7.04195880e-02
9.12773134e-03
-9.43989924e-02
-1.59644778e-01
-2.97263654e-01
-5.68647818e-02
8.70645294e-02
4.38554600e-01
2.41021266e-02
-1.83806014e-02
-1.12062112e-01
1.69650592e-02
-3.71040592e-01
2.78846595e-01
-4.23204709e-01
6.68049745e-02
-2.63072297e-01
2.71978687e-01
2.74971767e-01
-3.97661208e-01
-2.77486357e-01
0.00000000e+00
0.00000000e+00
0.00000000e+00
0.00000000e+00
6.00243324e-01
4.77883982e-01
1.60912727e-01
-9.50821728e-02
0.00000000e+00
3.02349375e-01
2.23756757e-01
1.09911216e-01
-1.90808319e-01
0.00000000e+00
1.54086215e-01
5.48477752e-02
1.73710260e-01
-3.36988428e-01
-5.57380577e-01
-3.84437040e-01
-9.65939537e-02
9.17952203e-02
-3.56437043e-01
0.00000000e+00
-3.41266937e-01
-5.54504690e-02
-2.30154236e-02
-5.64160033e-02
0.00000000e+00
4.33624155e-03
-2.82988062e-01
-1.74804908e-02
-1.88930843e-01
0.00000000e+00
-6.44069090e-01
-1.96214843e-01
-5.90014201e-02
-8.12360425e-03
0.00000000e+00
-5.21871839e-01
-5.52938352e-01
-8.11872473e-02
-1.18559774e-01
1.07226153e+00
1.14284864e+00
-4.05991055e-01
0.00000000e+00
0.00000000e+00
0.00000000e+00
4.10784919e-01
1.09516701e+00
-3.86538249e-01
4.35031028e-01
-2.41578421e+00
4.55088223e-01
5.57967998e-01
6.15353211e-01
4.08970028e-01
0.00000000e+00
8.53626422e-01
7.51678129e-02
-1.65178228e+00
7.11749841e-01
8.56907404e-02
5.75893680e-01
6.33535176e-01
-2.61360009e+00
-8.41454009e-01
5.89141690e-01
-3.69208195e-01
0.00000000e+00
0.00000000e+00
0.00000000e+00
1.30517909e-01
1.24141498e+00
-3.59983844e-01
3.81555602e-01
-1.98909310e+00
5.00701886e-01
6.09203478e-01
3.13833910e-01
4.82325979e-01
0.00000000e+00
7.06351699e-01
5.55985808e-02
-1.40335930e+00
8.28448769e-01
-2.64089683e-01
4.04425172e-01
3.13743046e-01
-2.26331921e+00
-5.29659838e-01
4.72175766e-01
