1 5 -999999999 -1 -1
1 1 0 -1 -1
0.1779 -0.2438
356
5.73617435e-01
3.70186402e-01
2.03431033e-01
-6.41427370e-01
-2.10617314e-02
-3.28513367e-01
-2.89442916e-01
0.00000000e+00
0.00000000e+00
1.83179801e-01
-4.20077131e-01
2.67737391e-01
-4.55306645e-01
-3.06983672e-01
-1.54042567e-01
-1.80401130e-01
0.00000000e+00
0.00000000e+00
0.00000000e+00
0.00000000e+00
0.00000000e+00
0.00000000e+00
0.00000000e+00
0.00000000e+00
0.00000000e+00
0.00000000e+00
0.00000000e+00
0.00000000e+00
0.00000000e+00
0.00000000e+00
0.00000000e+00
0.00000000e+00
0.00000000e+00
0.00000000e+00
0.00000000e+00
0.00000000e+00
0.00000000e+00
0.00000000e+00
0.00000000e+00
0.00000000e+00
0.00000000e+00
0.00000000e+00
0.00000000e+00
0.00000000e+00
0.00000000e+00
0.00000000e+00
0.00000000e+00
0.00000000e+00
0.00000000e+00
0.00000000e+00
0.00000000e+00
-2.85435408e-01
-5.65191795e-01
3.53777622e-01
0.00000000e+00
0.00000000e+00
0.00000000e+00
0.00000000e+00
-7.61752954e-01
1.54992187e+00
6.95495288e-01
1.31922391e-01
8.37166453e-01
-5.48069498e-01
2.35062932e-01
-6.72881128e-01
-4.32354284e-01
-2.80609232e-02
0.00000000e+00
0.00000000e+00
0.00000000e+00
-9.79149497e-02
-3.48072852e-03
2.23170403e-01
-3.99498146e-01
8.13264627e-03
6.45249822e-01
8.78908680e-01
-3.15993533e-02
4.96267479e-01
1.80624154e+00
1.08655016e+00
1.22651469e+00
0.00000000e+00
0.00000000e+00
0.00000000e+00
0.00000000e+00
0.00000000e+00
0.00000000e+00
0.00000000e+00
1.43142270e-01
-2.09123188e-01
-1.13823343e-01
1.27985471e-02
-3.45452643e-01
-2.14458214e-01
3.49887511e-01
3.21277947e-01
1.58594569e-01
3.43465745e-02
6.91731619e-01
6.98399601e-02
0.00000000e+00
0.00000000e+00
2.28087251e+00
2.27424458e+00
-1.99190743e-01
1.00593521e+00
7.82927900e-01
6.90659418e-01
-5.37505145e-01
-1.09994627e+00
5.95136097e-01
1.38074261e-01
2.67185615e-02
-1.99746056e+00
0.00000000e+00
-4.82740796e-01
0.00000000e+00
0.00000000e+00
0.00000000e+00
0.00000000e+00
0.00000000e+00
0.00000000e+00
-1.82385795e-01
-5.75315664e-01
-4.51185812e-01
1.77386229e-02
-1.33982466e-01
-3.75496025e-01
4.80850458e+00
4.54985987e+00
4.56493518e+00
5.13673205e+00
4.57514735e+00
4.77359593e+00
-1.33869988e-01
-5.42749022e-01
8.84542897e-02
-2.64378199e-01
-4.08300447e-02
-7.21157333e-01
-1.00796187e+00
-4.00995123e-01
-5.04092369e-01
-7.49069415e-01
-5.48728104e-01
-1.33263492e+00
6.42880371e-01
0.00000000e+00
0.00000000e+00
0.00000000e+00
0.00000000e+00
0.00000000e+00
0.00000000e+00
0.00000000e+00
-6.92629354e-02
1.35859174e+00
0.00000000e+00
0.00000000e+00
-1.12436632e+00
-8.48410709e-01
-5.82888754e-01
-8.52216431e-01
-1.70725508e+00
0.00000000e+00
0.00000000e+00
0.00000000e+00
2.55904817e-01
5.72089654e-01
-2.29757812e+00
-1.70563998e+00
6.66756819e-01
-2.68837410e+00
-1.82654107e+00
-1.49141887e-01
3.46088803e+00
0.00000000e+00
-1.06295490e+00
7.86502088e-01
2.53759799e-01
1.52372075e+00
-6.02085481e-01
-2.55706762e-01
3.23037164e-02
-4.30279812e-01
1.23899336e+00
5.20128001e-01
-1.88496913e-01
0.00000000e+00
0.00000000e+00
0.00000000e+00
1.51783920e-01
5.74981167e-01
4.42027509e-01
8.07954815e-01
0.00000000e+00
1.19224148e+00
8.80255237e-01
5.26279640e-01
-1.21833530e-02
0.00000000e+00
6.24580502e-01
1.30845142e-01
0.00000000e+00
0.00000000e+00
2.06379831e-01
1.88144909e-01
-1.42008370e-01
0.00000000e+00
0.00000000e+00
2.77961191e-01
-4.40464557e-01
-1.62239563e-01
0.00000000e+00
-6.71828602e-01
5.09589039e-01
-1.52674887e-02
-2.35000009e-02
-1.23472074e-01
-4.44130321e-01
0.00000000e+00
0.00000000e+00
0.00000000e+00
-3.59799613e-01
1.27160999e-01
4.07002477e-01
1.22792106e-01
0.00000000e+00
-2.25762009e-01
-3.29920888e-01
7.07335689e-01
1.02766382e+00
0.00000000e+00
7.96549370e-02
2.92721123e-02
0.00000000e+00
0.00000000e+00
-6.15239167e-01
4.66241218e-02
7.00894943e-02
0.00000000e+00
0.00000000e+00
1.52056363e-01
-2.78224993e-01
2.70381900e-01
-2.28502094e-01
-3.20104799e-01
-1.26679052e+00
0.00000000e+00
0.00000000e+00
0.00000000e+00
0.00000000e+00
0.00000000e+00
0.00000000e+00
0.00000000e+00
-3.04663760e-01
3.72498471e-01
0.00000000e+00
0.00000000e+00
-1.70062714e+00
0.00000000e+00
0.00000000e+00
0.00000000e+00
1.78165488e-01
1.85234268e+00
-9.59501846e-01
-6.62248136e-01
-1.79648563e+00
-1.64176435e-01
5.13576557e-01
-3.29811489e-01
-2.53902356e-01
0.00000000e+00
5.16818230e-01
2.18411018e-01
-5.06336907e-01
7.68399260e-01
-3.17216912e-01
3.89337214e-01
1.49188647e-01
-1.19127970e+00
-1.52082757e-01
4.61759340e-02
5.11066089e-01
0.00000000e+00
0.00000000e+00
0.00000000e+00
9.09598803e-02
-7.53523313e-02
-1.37278426e-01
3.37665703e-01
-4.95606524e-01
-5.55231956e-03
8.72225517e-02
2.42860452e-01
7.60667677e-02
0.00000000e+00
-2.16246902e-01
-8.45496090e-02
-2.90137886e-01
2.94780589e-01
5.92740080e-02
1.46999816e-01
5.51489966e-02
5.12373673e-02
1.30614043e-01
2.42959912e-01
-8.96444651e-01
-3.77143750e-01
0.00000000e+00
4.61865842e-01
1.67700193e-01
5.85610995e-04
-7.59369173e-02
-3.01792443e-01
-8.54937574e-01
0.00000000e+00
0.00000000e+00
0.00000000e+00
1.24089343e-01
1.24810242e-02
-7.83163781e-02
-2.31810530e-01
-2.36388689e-01
-2.62874776e-01
-1.62188112e-01
-5.29126459e-01
5.34520032e-02
0.00000000e+00
7.80830030e-01
1.88559244e-01
-2.52710080e-02
-1.67132811e-03
-3.84755044e-02
-1.22695240e-01
-8.14171604e-03
-1.07000445e-01
-1.07638888e-01
-1.02750147e-01
-5.19300901e-01
0.00000000e+00
4.90983787e-01
-1.28776671e-01
-8.04182489e-01
-4.71266959e-01
0.00000000e+00
0.00000000e+00
0.00000000e+00
-1.14309827e-01
-1.20784896e-01
-2.36172236e-01
-3.32915530e-01
0.00000000e+00
0.00000000e+00
0.00000000e+00
247
1.16503124e-01
-1.51385820e-01
2.67888944e-01
-6.17860720e-01
4.66474900e-01
0.00000000e+00
1.92025826e-02
9.79094256e-03
0.00000000e+00
0.00000000e+00
-1.72883125e-01
-1.37536071e+00
2.72437061e-01
-1.95094880e+00
0.00000000e+00
0.00000000e+00
0.00000000e+00
0.00000000e+00
0.00000000e+00
0.00000000e+00
0.00000000e+00
0.00000000e+00
0.00000000e+00
0.00000000e+00
0.00000000e+00
0.00000000e+00
0.00000000e+00
0.00000000e+00
0.00000000e+00
0.00000000e+00
0.00000000e+00
0.00000000e+00
0.00000000e+00
0.00000000e+00
0.00000000e+00
0.00000000e+00
0.00000000e+00
0.00000000e+00
0.00000000e+00
0.00000000e+00
0.00000000e+00
0.00000000e+00
0.00000000e+00
1.42203686e+00
-2.90016206e-02
-1.16493268e+00
3.84630573e-03
-1.40601057e-01
-4.38765599e-02
6.20918510e-01
3.11575971e-01
2.58944821e-01
0.00000000e+00
0.00000000e+00
0.00000000e+00
0.00000000e+00
0.00000000e+00
0.00000000e+00
0.00000000e+00
2.27102734e+00
2.06415302e+00
6.90331593e-01
9.51119877e-01
8.25590952e-01
5.95665619e-03
-1.15108539e+00
-8.70792702e-01
1.00382096e+00
8.48780299e-01
-3.62109569e-01
-1.82290385e+00
0.00000000e+00
0.00000000e+00
0.00000000e+00
0.00000000e+00
0.00000000e+00
0.00000000e+00
0.00000000e+00
0.00000000e+00
-4.04655678e-01
-8.83335483e-01
-1.70704597e-01
-3.41555487e-01
6.56281545e-02
-2.13026807e-01
5.11939330e+00
4.78777510e+00
5.17304225e+00
5.62020195e+00
4.78876113e+00
4.90739470e+00
3.09025409e-02
-4.09766378e-01
5.02284153e-01
-3.57379696e-01
6.21025505e-01
-3.47904610e-01
0.00000000e+00
-6.06798831e-01
-1.18164042e+00
-2.10928864e+00
-2.14195091e+00
-1.14438809e+00
4.51120985e-01
0.00000000e+00
0.00000000e+00
0.00000000e+00
-3.34617860e-01
1.58423042e+00
0.00000000e+00
0.00000000e+00
-1.23280871e+00
-9.21715503e-01
-1.02526359e+00
-9.22386308e-01
-2.15452422e+00
0.00000000e+00
0.00000000e+00
0.00000000e+00
8.42379366e-01
9.52341650e-01
-2.17978281e+00
-1.68344949e+00
0.00000000e+00
-1.14839954e+00
-1.91706910e+00
3.39275507e-01
2.23724285e+00
0.00000000e+00
-4.74924441e-01
6.31888768e-01
6.79887064e-02
1.80879265e+00
-3.37303696e-01
1.98156992e-01
4.59296993e-01
0.00000000e+00
4.03115109e-01
2.68374602e-01
-7.91041437e-01
-6.09770884e-01
0.00000000e+00
-5.98244217e-01
-1.15266667e-02
5.94999497e-01
0.00000000e+00
0.00000000e+00
0.00000000e+00
-1.88959336e-01
0.00000000e+00
5.96228380e-01
0.00000000e+00
0.00000000e+00
0.00000000e+00
0.00000000e+00
-1.93325798e-01
0.00000000e+00
0.00000000e+00
6.79787354e-02
3.51208871e-02
0.00000000e+00
0.00000000e+00
2.36217899e-02
-3.48634577e-01
-3.05484362e-01
0.00000000e+00
0.00000000e+00
2.04033519e-01
-1.81270553e-01
1.51146406e-01
-2.33872691e-02
-3.09029691e-01
-1.36348278e+00
0.00000000e+00
0.00000000e+00
0.00000000e+00
0.00000000e+00
-7.40444949e-01
2.99974578e-01
0.00000000e+00
0.00000000e+00
-1.94764990e+00
0.00000000e+00
0.00000000e+00
0.00000000e+00
2.99476644e-01
9.72139799e-01
-1.88033813e+00
-2.44021867e-01
-2.00356282e+00
-1.71709689e+00
5.45249474e-01
3.61492752e-01
-1.65214987e-03
0.00000000e+00
9.07087352e-01
4.15644053e-01
-1.01079831e+00
-9.58660948e-02
3.31029433e-01
1.15855109e+00
-1.46961741e-01
-9.00758654e-01
1.30803729e-01
9.31932437e-01
-1.10876796e+00
-9.49050962e-01
0.00000000e+00
-8.12299781e-01
2.46518124e-02
1.01047139e+00
0.00000000e+00
0.00000000e+00
0.00000000e+00
-1.12030212e-01
2.12199068e-01
3.02481128e-01
4.63712251e-01
-1.64877053e-01
3.30107326e-01
1.09207462e-01
-1.46506990e-02
3.68292542e-01
0.00000000e+00
-5.29640037e-01
-1.62629596e-01
1.98515263e-01
1.92841857e-01
-8.27834395e-02
-1.78555654e-01
-3.48364855e-02
-1.49334589e-01
2.31929304e-01
3.05229497e-02
-1.59716994e-01
0.00000000e+00
7.87821157e-01
-7.65992870e-01
-8.38881941e-01
-7.62126263e-02
0.00000000e+00
0.00000000e+00
0.00000000e+00
-7.62669314e-01
0.00000000e+00
0.00000000e+00
0.00000000e+00
0 -999999999 7 1 -1
1 0 1 1 -1
3.7099e-01 -3.7818e-01
356
-2.08970086e-02
0.00000000e+00
0.00000000e+00
0.00000000e+00
0.00000000e+00
0.00000000e+00
0.00000000e+00
0.00000000e+00
0.00000000e+00
0.00000000e+00
0.00000000e+00
0.00000000e+00
0.00000000e+00
0.00000000e+00
0.00000000e+00
0.00000000e+00
-2.08970086e-02
0.00000000e+00
7.18851166e-02
-9.74006279e-02
1.30100630e-02
1.51722170e-01
0.00000000e+00
0.00000000e+00
-2.04181483e-01
2.48522754e-01
5.63489043e-01
-2.74152722e-01
-8.90864816e-02
-3.68525136e-02
1.97824112e-01
-2.08970086e-02
0.00000000e+00
-1.12005588e+00
-5.89276114e-01
0.00000000e+00
-1.31281444e-01
4.65200772e-01
8.69031215e-02
6.33958095e-01
9.63778442e-01
0.00000000e+00
0.00000000e+00
0.00000000e+00
0.00000000e+00
0.00000000e+00
0.00000000e+00
0.00000000e+00
0.00000000e+00
0.00000000e+00
0.00000000e+00
-7.21364412e-01
8.95243347e-02
-1.40665293e+00
0.00000000e+00
0.00000000e+00
0.00000000e+00
0.00000000e+00
-4.07436823e-01
5.18046113e-01
3.39571191e-01
2.65104147e-01
3.29467172e-01
-2.43975790e-01
2.69137079e-01
-4.73338143e-02
0.00000000e+00
0.00000000e+00
4.26243238e-01
-9.49290068e-03
2.10849292e-01
1.56870405e-01
-5.45052265e-03
3.06791193e-01
3.98335791e-02
-8.04849399e-02
2.85815296e-01
0.00000000e+00
0.00000000e+00
0.00000000e+00
8.37689068e-01
3.28391172e-01
3.71126146e-01
0.00000000e+00
0.00000000e+00
0.00000000e+00
0.00000000e+00
0.00000000e+00
0.00000000e+00
0.00000000e+00
-1.21035204e-01
2.84019349e-01
-1.80161078e-01
-1.48529166e-01
-2.61933420e-02
3.97389520e-02
2.12358480e-02
-4.05642107e-02
-2.57288087e-01
-2.64858778e-01
4.59028431e-01
-2.74342939e-01
0.00000000e+00
0.00000000e+00
2.40823164e+00
1.74127737e+00
-6.02642541e-01
1.11093134e+00
5.05254850e-01
5.50488596e-01
-6.14323044e-01
-6.86673508e-01
7.11770517e-02
-3.75373986e-01
-1.22358566e+00
-1.18274955e+00
0.00000000e+00
1.89253488e-01
0.00000000e+00
0.00000000e+00
0.00000000e+00
0.00000000e+00
0.00000000e+00
0.00000000e+00
-7.15387962e-01
-5.43185036e-01
-1.71343424e-01
4.41726108e-01
-1.09989853e-01
-6.63994211e-01
4.13731504e+00
3.80116295e+00
3.92461926e+00
4.39738122e+00
3.85900101e+00
4.25605298e+00
-8.51360121e-01
-9.04419761e-01
-1.92689776e-01
-6.85596933e-02
-3.83012103e-02
-5.90664690e-01
4.47819539e-01
1.17715623e-01
2.90255162e-01
-2.27696786e-01
-3.90683801e-01
-1.07289318e+00
2.63035694e-01
0.00000000e+00
0.00000000e+00
0.00000000e+00
0.00000000e+00
0.00000000e+00
0.00000000e+00
0.00000000e+00
-2.83932703e-01
1.84611528e+00
-1.52305026e+00
0.00000000e+00
-4.86336801e-01
-3.03478045e-01
-4.19741595e-01
-1.45869633e+00
-9.06078396e-01
0.00000000e+00
0.00000000e+00
0.00000000e+00
-2.76405671e-01
-1.16088503e-01
-1.08899526e+00
-8.44157258e-01
2.17772159e+00
-7.42332735e-01
-2.77852753e+00
-6.95654925e-01
1.84562485e+00
0.00000000e+00
-5.49114534e-01
-5.27759185e-01
3.15496179e-01
2.16318119e+00
-6.10856364e-01
-1.38298127e-01
-4.80415572e-03
-6.45739269e-02
1.07390727e+00
-4.44412958e-02
3.14028490e-01
0.00000000e+00
0.00000000e+00
0.00000000e+00
-1.27032425e-01
0.00000000e+00
1.11782741e+00
6.49735739e-01
0.00000000e+00
1.11678369e+00
9.30083634e-01
8.03384393e-02
-1.46810208e-02
0.00000000e+00
4.68622845e-02
-1.21152600e-01
0.00000000e+00
0.00000000e+00
-1.51964065e+00
-2.16654348e-02
8.85643423e-01
0.00000000e+00
0.00000000e+00
6.15486597e-02
-2.03970440e-01
1.84967211e-01
-3.75297953e-01
5.60265164e-01
0.00000000e+00
3.52564562e-01
7.85940304e-02
-2.46191381e-01
-8.11546800e-01
0.00000000e+00
0.00000000e+00
0.00000000e+00
2.26490129e-01
0.00000000e+00
-8.03499197e-01
5.73286198e-02
0.00000000e+00
-6.16554707e-01
-4.10547757e-02
7.80220904e-01
-3.39246373e-01
0.00000000e+00
9.73161662e-02
-2.89466396e-01
0.00000000e+00
0.00000000e+00
2.08554626e+00
1.26868533e-01
-8.55085216e-01
0.00000000e+00
0.00000000e+00
2.99363097e-01
-3.88937651e-01
-4.31142176e-01
4.22045250e-02
0.00000000e+00
-7.02107956e-01
0.00000000e+00
0.00000000e+00
0.00000000e+00
0.00000000e+00
0.00000000e+00
0.00000000e+00
0.00000000e+00
-3.08039436e-02
-3.08039436e-02
0.00000000e+00
0.00000000e+00
-1.76217438e+00
0.00000000e+00
0.00000000e+00
0.00000000e+00
3.35163616e-01
1.08592636e+00
-1.70993059e+00
-5.83938239e-01
-1.57665498e+00
-1.20833486e+00
-5.06703454e-01
-2.57841930e-01
-9.24845546e-01
0.00000000e+00
1.04733974e+00
-1.61681682e-01
-1.03218741e+00
1.02576224e+00
5.58205859e-01
4.11946940e-01
4.50567560e-01
2.91467344e-01
1.89637019e-01
8.03927638e-01
1.60657102e-01
0.00000000e+00
0.00000000e+00
0.00000000e+00
2.20274264e-01
9.09436869e-02
1.20452335e-01
5.89436617e-01
-4.19081460e-02
4.42869713e-01
7.81536955e-01
2.05764120e-02
3.74672961e-01
0.00000000e+00
-4.38536710e-01
-8.46646226e-02
-2.49036175e-01
1.97316482e-01
-9.33878546e-01
1.20704176e-01
-5.59627977e-02
-4.66342931e-01
-6.09719058e-02
-4.66824667e-01
-1.03229871e+00
1.65603996e-02
0.00000000e+00
3.89985053e-01
1.23654366e-01
4.80310745e-01
1.22336547e-01
-5.86086893e-01
-2.19118516e-01
0.00000000e+00
0.00000000e+00
0.00000000e+00
-5.94405952e-01
-2.83836894e-01
-2.38637824e-01
-1.42520550e-01
6.04991237e-01
-1.76709288e-01
-1.79787389e-01
-9.84663432e-01
-2.10226810e-01
0.00000000e+00
3.14824522e-01
3.89270509e-01
1.87537278e-01
2.85112011e-01
2.63413519e-01
-3.42461796e-01
3.40684778e-01
5.92397926e-01
2.30595317e-01
-2.74695677e-01
-1.04885911e+00
0.00000000e+00
1.35191443e+00
8.85271920e-01
-7.29875670e-01
-3.20038445e-01
0.00000000e+00
0.00000000e+00
-1.28881083e+00
5.43245342e-01
-5.68492485e-02
-8.06434538e-01
-4.09837225e-01
0.00000000e+00
0.00000000e+00
-7.52556036e-01
247
-3.90604128e-01
0.00000000e+00
0.00000000e+00
0.00000000e+00
0.00000000e+00
0.00000000e+00
0.00000000e+00
0.00000000e+00
0.00000000e+00
9.40081927e-02
0.00000000e+00
0.00000000e+00
0.00000000e+00
0.00000000e+00
-3.90604128e-01
0.00000000e+00
-1.69591911e-01
-2.21012217e-01
-3.98878551e-01
-2.30551835e-01
0.00000000e+00
0.00000000e+00
0.00000000e+00
-8.68801786e-01
-4.91152637e-01
6.20414038e-01
-5.39402595e-01
-3.90604128e-01
0.00000000e+00
-1.70373364e+00
1.31312951e+00
7.77371404e-01
9.50878096e-01
3.65738579e-01
0.00000000e+00
0.00000000e+00
0.00000000e+00
0.00000000e+00
0.00000000e+00
0.00000000e+00
0.00000000e+00
-2.51274457e-01
1.11914094e-02
-1.03896781e-01
6.86753309e-03
9.86935372e-01
-5.54466834e-02
0.00000000e+00
0.00000000e+00
1.03777745e+00
4.33691498e-01
1.26142200e-01
0.00000000e+00
0.00000000e+00
0.00000000e+00
0.00000000e+00
0.00000000e+00
0.00000000e+00
0.00000000e+00
4.78176181e+00
2.03051651e+00
-1.00215516e-01
1.68620102e+00
1.90131233e+00
2.24317867e-01
-7.65089824e-01
-1.52681497e+00
3.05671368e+00
2.20074213e+00
1.39340901e+00
0.00000000e+00
0.00000000e+00
0.00000000e+00
0.00000000e+00
0.00000000e+00
0.00000000e+00
0.00000000e+00
0.00000000e+00
0.00000000e+00
-1.99223412e-01
-9.95505932e-01
-5.52821194e-01
-5.02299489e-01
3.98063888e-01
-5.69334497e-01
5.90491902e+00
5.87064743e+00
6.22508933e+00
6.59845600e+00
6.14162137e+00
6.07389201e+00
0.00000000e+00
-6.39182840e-01
-3.87693085e-01
-9.12451806e-01
1.69921522e-01
-6.01040556e-01
0.00000000e+00
-3.42325945e-02
-7.39028831e-01
-1.46120994e+00
-8.74714155e-01
-1.02544044e+00
1.41971090e+00
0.00000000e+00
0.00000000e+00
0.00000000e+00
-1.81031503e+00
-5.45032542e-01
-3.07701646e+00
0.00000000e+00
-1.11418735e+00
-9.81162123e-01
-7.24020676e-01
-1.52909909e+00
-2.09534948e+00
0.00000000e+00
0.00000000e+00
0.00000000e+00
-2.05442877e-01
7.37605295e-01
-1.18890633e+00
-4.76266263e-01
0.00000000e+00
-2.68910637e+00
-7.26479861e-01
-1.49250725e-02
1.50225762e+00
0.00000000e+00
8.23848061e-02
1.68620103e+00
9.54928582e-01
2.33497056e+00
-5.46717373e-02
3.62226023e-01
8.29788996e-01
0.00000000e+00
1.71632460e+00
9.39571114e-01
-9.03239377e-01
-5.94031075e-01
-1.05283823e-02
-5.83502692e-01
0.00000000e+00
-1.04818493e-01
0.00000000e+00
0.00000000e+00
0.00000000e+00
-5.10293020e-01
0.00000000e+00
0.00000000e+00
1.55426403e-01
0.00000000e+00
0.00000000e+00
0.00000000e+00
8.44253291e-01
0.00000000e+00
0.00000000e+00
7.74176960e-02
0.00000000e+00
0.00000000e+00
0.00000000e+00
0.00000000e+00
-7.28987999e-01
3.03288560e-01
0.00000000e+00
0.00000000e+00
-3.82980240e-01
-3.09208302e-01
-3.60157215e-01
5.09489133e-02
0.00000000e+00
-1.19211010e+00
0.00000000e+00
0.00000000e+00
0.00000000e+00
0.00000000e+00
-6.71953821e-01
-6.71953821e-01
0.00000000e+00
0.00000000e+00
-2.25311977e+00
0.00000000e+00
0.00000000e+00
0.00000000e+00
7.57207090e-01
1.02815750e+00
-1.34578882e+00
-1.41053454e-01
-1.60811801e+00
-1.05042806e+00
2.42538806e-01
-1.06795610e-01
-6.81295679e-01
0.00000000e+00
3.49949342e-01
-2.62563462e-01
-9.37775327e-01
8.87872955e-01
7.54540062e-01
9.10199532e-01
6.50397119e-01
-1.40311913e+00
-4.00889277e-01
1.03844660e-01
-1.33839876e+00
-3.55244627e-01
0.00000000e+00
5.21789101e-01
3.13890478e-01
-6.36829032e-01
0.00000000e+00
0.00000000e+00
0.00000000e+00
4.76586046e-01
1.09751887e+00
8.21117750e-01
4.79806937e-01
0.00000000e+00
6.82788543e-01
8.02596892e-01
1.11946125e+00
1.05248045e+00
0.00000000e+00
5.18819991e-01
6.12394443e-01
7.12705019e-01
6.15752111e-01
5.71581463e-01
3.20112100e-01
8.73338671e-02
1.47258877e-01
8.39850980e-01
7.54228851e-01
-9.83154132e-01
0.00000000e+00
1.00879095e+00
9.92104033e-01
-9.14721010e-01
-3.68776049e-01
0.00000000e+00
0.00000000e+00
-1.35858322e+00
-5.45944961e-01
0.00000000e+00
0.00000000e+00
-2.06832425e-01
3 -999999999 5 1 0
2 0 1 1 1
1.1695e-01 9.5880e-02
356
2.57549160e-01
0.00000000e+00
0.00000000e+00
0.00000000e+00
0.00000000e+00
0.00000000e+00
0.00000000e+00
0.00000000e+00
0.00000000e+00
0.00000000e+00
0.00000000e+00
0.00000000e+00
0.00000000e+00
0.00000000e+00
0.00000000e+00
0.00000000e+00
1.39854371e-01
1.17694789e-01
1.54477014e-01
-1.70475271e-01
8.16393891e-02
1.03673346e-01
0.00000000e+00
0.00000000e+00
-3.54905517e-01
-5.45635981e-01
-3.63420519e-01
6.00713441e-01
7.85967091e-02
2.32950479e-01
-1.57070175e-01
2.57549160e-01
0.00000000e+00
-4.04184308e-01
-2.57186328e-01
1.24546141e+00
2.25867994e-01
5.48125106e-01
-4.76144683e-01
1.13608363e-01
2.41051604e-01
4.20763631e-01
-1.63214470e-01
-9.77435259e-01
-1.02096432e+00
6.62283247e-01
7.35915643e-01
4.15256572e-01
1.44791439e+00
9.82942318e-01
7.29372754e-01
-2.80485721e-01
3.03012515e-02
-8.08954762e-01
0.00000000e+00
0.00000000e+00
0.00000000e+00
0.00000000e+00
-4.13834311e-01
2.65377293e-01
1.43989039e-01
3.38763837e-01
5.64945194e-01
-3.40346518e-01
-6.90731914e-02
-4.70450802e-01
3.15224294e-02
-4.32633125e-02
0.00000000e+00
0.00000000e+00
0.00000000e+00
8.86696727e-02
1.09105106e-02
-1.93018374e-01
1.34392233e+00
-2.39134626e-02
3.16479718e-01
-1.17504285e+00
3.21632997e-03
8.19368725e-01
2.58286509e-01
-1.82292762e-01
1.81555414e-01
0.00000000e+00
0.00000000e+00
0.00000000e+00
0.00000000e+00
0.00000000e+00
0.00000000e+00
0.00000000e+00
-1.65198350e-01
-5.02999052e-01
-3.52844342e-01
1.41370474e-02
-2.37049438e-01
-1.29555729e-01
-4.50479369e-01
-2.79210485e-03
-7.99361590e-01
-2.68420202e-01
-1.08452794e-01
-5.70559415e-02
2.30700773e-01
6.66770963e-02
2.06838512e+00
2.16394968e+00
1.27974079e+00
1.60589508e+00
1.10077018e+00
1.43845901e-01
-1.04656811e+00
-1.99368903e+00
-3.79157353e-02
2.27366567e-01
2.22929562e-02
-2.68323852e+00
0.00000000e+00
0.00000000e+00
0.00000000e+00
0.00000000e+00
0.00000000e+00
0.00000000e+00
0.00000000e+00
0.00000000e+00
-9.69702853e-01
-1.09290033e+00
-4.74491005e-01
3.63289245e-01
3.31298393e-01
-6.38939747e-02
5.38427468e+00
5.03438895e+00
5.28463677e+00
5.70415419e+00
5.08950035e+00
5.25925601e+00
-1.13179595e+00
-6.11537558e-01
-5.56130669e-01
1.98472505e-01
-2.26313384e-01
-1.02318823e+00
-8.50855481e-01
-5.00932150e-01
-6.90245211e-01
-1.25634010e+00
-1.01419269e+00
-1.51154958e+00
1.08999481e+00
0.00000000e+00
0.00000000e+00
0.00000000e+00
0.00000000e+00
0.00000000e+00
0.00000000e+00
0.00000000e+00
-8.32445654e-01
6.66670137e-01
0.00000000e+00
0.00000000e+00
-7.33556295e-01
-1.32265490e+00
-1.07727967e+00
-5.83745619e-01
-1.81083596e+00
0.00000000e+00
0.00000000e+00
0.00000000e+00
-1.09409531e-01
7.16927622e-01
-1.44283508e+00
-1.19944851e+00
0.00000000e+00
-2.57704088e+00
-1.06576370e+00
5.63234637e-02
-3.32605008e-02
0.00000000e+00
-2.81100013e+00
-5.02574850e-02
1.15460297e+00
3.07192302e+00
-8.45327327e-01
-4.92966556e-02
2.57583904e-01
2.10109966e+00
1.63835856e+00
1.96226205e-03
-5.92874981e-01
0.00000000e+00
0.00000000e+00
0.00000000e+00
3.85632962e-01
0.00000000e+00
-9.81316195e-02
1.62045867e+00
0.00000000e+00
0.00000000e+00
1.70986374e+00
6.54013299e-01
1.67706757e+00
0.00000000e+00
1.94166478e+00
0.00000000e+00
1.71416791e+00
0.00000000e+00
0.00000000e+00
1.11763124e+00
3.86040987e-01
0.00000000e+00
0.00000000e+00
1.76490820e-01
-6.66529170e-01
1.47312139e-01
0.00000000e+00
0.00000000e+00
0.00000000e+00
9.16665546e-02
1.43605802e-01
-8.79602175e-02
3.89237613e-01
0.00000000e+00
0.00000000e+00
0.00000000e+00
-7.42528289e-01
0.00000000e+00
-1.08742499e+00
-1.31045193e-01
0.00000000e+00
0.00000000e+00
5.00472348e-02
1.38695808e+00
-9.07685343e-01
0.00000000e+00
-9.50223320e-01
0.00000000e+00
-8.62400185e-01
0.00000000e+00
0.00000000e+00
-7.17989579e-01
4.29254681e-01
0.00000000e+00
0.00000000e+00
3.69986494e-01
-8.13841309e-01
0.00000000e+00
0.00000000e+00
6.48377070e-01
-1.14430679e+00
0.00000000e+00
0.00000000e+00
0.00000000e+00
0.00000000e+00
0.00000000e+00
0.00000000e+00
0.00000000e+00
-2.63438356e-01
0.00000000e+00
0.00000000e+00
0.00000000e+00
-1.90640052e+00
0.00000000e+00
0.00000000e+00
0.00000000e+00
1.24692601e+00
1.84939541e+00
-1.03064653e+00
1.48540758e-01
-2.46054967e+00
-3.49790469e-01
8.01587713e-01
-2.62326932e-01
-2.97349467e-03
0.00000000e+00
1.18405199e+00
-6.58629578e-01
-1.19074756e+00
1.14327397e+00
-3.26231306e-01
8.53708583e-01
-1.87434831e-01
-1.99203222e+00
-1.19929718e+00
5.26774811e-01
-2.44435695e-01
0.00000000e+00
0.00000000e+00
0.00000000e+00
4.85704232e-01
0.00000000e+00
6.36878742e-02
1.39435007e+00
0.00000000e+00
0.00000000e+00
1.04396712e+00
1.42118936e+00
0.00000000e+00
0.00000000e+00
1.03140692e+00
0.00000000e+00
6.29731074e-01
0.00000000e+00
0.00000000e+00
1.04192536e+00
8.99228278e-01
0.00000000e+00
0.00000000e+00
6.51542160e-01
-3.66434381e-01
1.85954095e-01
0.00000000e+00
0.00000000e+00
-1.91665673e-01
1.32480864e-01
6.80192977e-02
-1.45460667e-02
-6.16966953e-01
0.00000000e+00
0.00000000e+00
0.00000000e+00
1.24181170e+00
0.00000000e+00
2.01698317e+00
-2.15569570e-01
0.00000000e+00
0.00000000e+00
-1.62141316e-01
-1.65853437e+00
0.00000000e+00
0.00000000e+00
4.37866005e-02
0.00000000e+00
1.26669330e-01
0.00000000e+00
0.00000000e+00
4.14024930e-02
-6.68816659e-01
0.00000000e+00
0.00000000e+00
-5.48310534e-02
-5.52388476e-01
0.00000000e+00
-9.88367387e-02
-2.26600448e-01
-1.53996614e+00
0.00000000e+00
0.00000000e+00
0.00000000e+00
0.00000000e+00
0.00000000e+00
0.00000000e+00
0.00000000e+00
-3.13571426e-02
0.00000000e+00
-1.53922526e-01
4.41933051e-01
247
-8.29653874e-01
0.00000000e+00
0.00000000e+00
0.00000000e+00
0.00000000e+00
0.00000000e+00
0.00000000e+00
0.00000000e+00
0.00000000e+00
-1.04289020e-01
0.00000000e+00
0.00000000e+00
0.00000000e+00
0.00000000e+00
-4.84037224e-01
-3.45616650e-01
-4.46354599e-01
-3.76826246e-02
-1.90124648e-01
6.57221811e-02
0.00000000e+00
0.00000000e+00
0.00000000e+00
-1.64143655e-01
-4.72190242e-01
-6.04971127e-02
-1.47670115e-01
-8.29653874e-01
0.00000000e+00
1.10778607e-01
-9.40432482e-01
-4.78808896e-01
8.92703084e-02
6.40244942e-02
-1.85464443e-01
-6.44189431e-01
5.63638264e-01
-7.49102707e-01
-5.83809615e-01
1.09677904e+00
-1.24367139e-01
0.00000000e+00
0.00000000e+00
0.00000000e+00
0.00000000e+00
-1.54114781e+00
2.34648772e-02
4.69169131e-01
1.14586400e-03
3.25240289e+00
3.28604145e+00
3.31419915e+00
0.00000000e+00
0.00000000e+00
0.00000000e+00
0.00000000e+00
0.00000000e+00
0.00000000e+00
0.00000000e+00
1.08272622e+00
8.40565156e-01
-4.93402072e-01
6.55886099e-01
6.65486642e-01
6.22891599e-01
-6.28148868e-01
-7.33438912e-01
8.22929723e-02
1.56054990e-01
-3.42232118e-01
-2.02976994e+00
0.00000000e+00
1.96072559e-01
0.00000000e+00
0.00000000e+00
0.00000000e+00
0.00000000e+00
0.00000000e+00
0.00000000e+00
-2.07495338e-01
-5.32201947e-01
-4.73590159e-01
-6.07573754e-02
-1.22557075e-01
-2.73617136e-01
4.69195895e+00
4.36627662e+00
4.51320420e+00
5.00701055e+00
4.42927176e+00
4.54404959e+00
-3.86691077e-01
-8.20691495e-01
-1.22373203e-01
-5.64589823e-01
-2.21941707e-01
-5.44430084e-01
6.74095735e-02
-8.41465143e-02
-4.72748985e-02
-7.94879817e-01
-7.86719787e-01
-1.08448181e+00
8.92744885e-02
0.00000000e+00
0.00000000e+00
0.00000000e+00
-9.18928363e-01
9.76699246e-01
0.00000000e+00
0.00000000e+00
-6.64665386e-01
-1.24771471e+00
-4.48162033e-01
-1.22205700e+00
-1.91238010e+00
0.00000000e+00
0.00000000e+00
0.00000000e+00
3.30162891e-01
7.42820862e-01
-8.69576876e-01
-5.85220795e-01
9.61177454e-01
-1.77977251e+00
-2.73910851e+00
1.84341025e-01
1.82313990e+00
0.00000000e+00
-7.72846842e-01
2.33878384e-01
-1.48756741e-01
1.27004454e+00
-4.93184306e-01
-3.92923707e-01
2.89786749e-01
-6.81390298e-01
3.64928874e-01
3.50119817e-01
-6.74316157e-01
-1.31542607e-01
0.00000000e+00
0.00000000e+00
0.00000000e+00
-4.00336767e-01
0.00000000e+00
0.00000000e+00
0.00000000e+00
3.15728964e-01
2.45059778e-01
1.67563661e-01
6.63929961e-02
0.00000000e+00
1.94787370e-01
9.68089758e-01
-2.74388747e-01
2.39707084e-01
0.00000000e+00
2.84346808e-01
3.20743109e-01
0.00000000e+00
0.00000000e+00
3.58874889e-02
-1.40740363e-01
-4.05770531e-01
0.00000000e+00
0.00000000e+00
-5.16059115e-01
-5.42773551e-01
0.00000000e+00
0.00000000e+00
1.23060647e+00
-1.23806394e+00
-5.33122780e-01
0.00000000e+00
0.00000000e+00
0.00000000e+00
-7.04941160e-01
0.00000000e+00
0.00000000e+00
0.00000000e+00
-1.67021903e+00
0.00000000e+00
0.00000000e+00
0.00000000e+00
1.71307774e-01
1.16005509e+00
-1.08526401e+00
-1.84137006e-01
-2.34717598e+00
-3.92879727e-01
4.63090250e-01
1.27764209e-02
6.64252250e-02
0.00000000e+00
-3.93816834e-01
2.68175758e-01
-9.86164392e-01
9.61688109e-01
-2.75558118e-01
1.45514312e-01
3.86333199e-01
-4.07725207e-01
3.67518222e-01
3.99617878e-01
-6.38905186e-01
-4.98231475e-01
0.00000000e+00
0.00000000e+00
1.54256101e-01
-3.71775478e-01
0.00000000e+00
0.00000000e+00
0.00000000e+00
4.38455369e-02
0.00000000e+00
7.53420589e-01
3.45606339e-01
0.00000000e+00
0.00000000e+00
0.00000000e+00
6.32018146e-01
0.00000000e+00
0.00000000e+00
5.04454316e-01
0.00000000e+00
0.00000000e+00
0.00000000e+00
0.00000000e+00
4.88324674e-01
-5.78412690e-02
0.00000000e+00
0.00000000e+00
3.54690204e-01
-1.40673711e-01
0.00000000e+00
-1.26274694e+00
-3.47477402e-01
-1.03131384e+00
0.00000000e+00
0.00000000e+00
0.00000000e+00
0.00000000e+00
-1.08138329e+00
0.00000000e+00
3.97571923e-01
4.41603342e-01
2 1
3.3570e-01 -1.7127e-01
3 1
1 0 3 
217
3.09837669e-01
-2.60125251e-01
4.52150654e-02
-3.94365658e-04
-1.29504953e-01
1.30261515e+00
8.44633730e-01
-7.63976746e-01
2.20496322e-02
1.97565222e-01
1.63242335e-01
-1.31167761e-01
-5.90583075e-01
-1.25967979e-02
0.00000000e+00
0.00000000e+00
0.00000000e+00
1.31634954e+00
-1.61001833e-02
-2.81895630e-01
1.15067405e-01
-1.58871265e-02
-6.34431047e-02
-9.89684818e-01
-1.44368993e-01
1.59334016e-01
1.10433152e+00
2.50557681e-01
5.70927249e-01
0.00000000e+00
0.00000000e+00
0.00000000e+00
0.00000000e+00
0.00000000e+00
0.00000000e+00
0.00000000e+00
2.59269939e-01
-5.98613880e-01
4.42394709e-02
6.04942139e-01
0.00000000e+00
0.00000000e+00
0.00000000e+00
0.00000000e+00
2.59269939e-01
-5.15984710e-01
-1.81111846e-01
9.65021402e-02
9.84826753e-02
1.31088845e-01
-1.83351514e-01
6.04942139e-01
0.00000000e+00
0.00000000e+00
0.00000000e+00
0.00000000e+00
0.00000000e+00
0.00000000e+00
0.00000000e+00
0.00000000e+00
5.18092765e-01
-1.81111846e-01
-2.86413190e-01
0.00000000e+00
-6.71074573e-03
-2.42493137e-01
2.90795351e-01
-1.33166906e-01
2.57530632e-02
6.22546421e-01
-2.67338071e-02
-4.09443886e-04
-1.82869217e+00
2.83703162e-01
1.39355298e+00
5.32777577e-02
9.65480657e-01
0.00000000e+00
-3.41324476e-01
-9.88105612e-01
1.13224571e-01
7.70071513e-02
5.37937575e-01
9.57585508e-02
0.00000000e+00
0.00000000e+00
0.00000000e+00
0.00000000e+00
0.00000000e+00
0.00000000e+00
0.00000000e+00
0.00000000e+00
0.00000000e+00
0.00000000e+00
0.00000000e+00
0.00000000e+00
0.00000000e+00
0.00000000e+00
0.00000000e+00
0.00000000e+00
0.00000000e+00
0.00000000e+00
0.00000000e+00
0.00000000e+00
0.00000000e+00
0.00000000e+00
0.00000000e+00
0.00000000e+00
0.00000000e+00
0.00000000e+00
0.00000000e+00
0.00000000e+00
0.00000000e+00
0.00000000e+00
0.00000000e+00
0.00000000e+00
0.00000000e+00
0.00000000e+00
0.00000000e+00
3.19940414e-02
-7.53267314e-01
-6.20204606e-01
0.00000000e+00
0.00000000e+00
0.00000000e+00
5.21021415e-01
5.65538190e-01
-7.42074194e-01
6.89598171e-01
-1.92747784e-04
-1.99221258e+00
-3.03409166e+00
-8.59318867e-01
2.47221570e+00
0.00000000e+00
-1.87921337e+00
7.40637283e-01
7.01836264e-01
2.17258206e+00
-1.03468610e-01
1.11508222e-01
6.06970421e-01
-1.30365546e+00
6.15382173e-01
8.28886265e-01
4.01588102e-01
0.00000000e+00
0.00000000e+00
0.00000000e+00
-3.58831155e-01
4.33946246e-01
6.22388926e-02
-7.23947369e-01
-2.86854987e-04
9.14849520e-01
1.03508094e+00
4.43943426e-01
-3.55690936e-01
0.00000000e+00
3.13006286e-01
8.06826800e-01
-4.22855952e-01
-2.91533790e-01
-4.80397718e-01
-1.93589032e-01
-5.43059403e-01
3.73197660e-01
3.42096447e-01
-2.35042939e-01
-1.79047959e+00
0.00000000e+00
0.00000000e+00
0.00000000e+00
6.29933962e-01
1.66707993e+00
-1.31446991e+00
-3.90230464e-01
-1.48015872e+00
-4.12096451e-01
-8.83953516e-02
1.45577305e-01
2.73557872e-02
0.00000000e+00
2.61240594e-01
1.44331773e-01
-1.57342705e+00
9.75950942e-01
6.97789759e-01
-2.86139045e-02
-3.04843221e-01
-1.77043184e+00
7.24814891e-01
2.98112382e-01
2.07279916e-01
0.00000000e+00
0.00000000e+00
0.00000000e+00
-2.89718020e-01
-2.63590588e-01
8.76353114e-02
-1.03796559e-02
-2.49758905e-01
-1.99794295e-01
1.79617786e-01
1.05047794e-01
1.70234865e-01
0.00000000e+00
-2.61144766e-01
7.21062211e-02
5.75605263e-01
1.70791587e-01
-5.50248536e-01
2.47578314e-01
4.46692558e-01
4.18902117e-01
-4.74355087e-02
-3.94861626e-01
136
-4.40205798e-01
0.00000000e+00
0.00000000e+00
1.40976625e+00
-2.71650254e-02
-7.82672051e-01
-1.12524066e-02
-1.06729999e+00
-1.35399636e-01
8.86666006e-01
5.13122131e-01
3.46625420e-01
0.00000000e+00
0.00000000e+00
0.00000000e+00
0.00000000e+00
0.00000000e+00
0.00000000e+00
0.00000000e+00
0.00000000e+00
-1.61205347e-01
-1.59698418e-02
-2.17025817e-01
0.00000000e+00
0.00000000e+00
0.00000000e+00
0.00000000e+00
0.00000000e+00
-1.49226276e-01
-2.08709304e-01
5.34217476e-01
1.96730233e-01
-9.68308143e-01
4.18120825e-01
-2.17025817e-01
0.00000000e+00
0.00000000e+00
0.00000000e+00
0.00000000e+00
0.00000000e+00
0.00000000e+00
0.00000000e+00
0.00000000e+00
0.00000000e+00
0.00000000e+00
0.00000000e+00
0.00000000e+00
3.60136961e-01
1.00455707e-01
3.89683771e-01
-4.30641309e-01
-3.33866625e-01
-6.32942353e-01
1.29838570e+00
-1.32832686e-01
-1.48006452e+00
0.00000000e+00
1.30277105e-01
5.67768429e-01
2.40009073e-01
-1.15865260e+00
-2.08709304e-01
-9.20804186e-01
0.00000000e+00
0.00000000e+00
0.00000000e+00
0.00000000e+00
0.00000000e+00
0.00000000e+00
0.00000000e+00
0.00000000e+00
0.00000000e+00
0.00000000e+00
0.00000000e+00
0.00000000e+00
0.00000000e+00
0.00000000e+00
0.00000000e+00
0.00000000e+00
0.00000000e+00
0.00000000e+00
0.00000000e+00
0.00000000e+00
0.00000000e+00
0.00000000e+00
0.00000000e+00
1.12898034e+00
-4.22652555e-01
2.96185558e-01
0.00000000e+00
0.00000000e+00
0.00000000e+00
6.21504415e-02
9.00291047e-01
-8.01214115e-01
-2.36307284e-01
-1.89346214e-01
-2.14624666e+00
-8.81111761e-01
-4.29069440e-01
2.06935751e+00
0.00000000e+00
-1.26028247e+00
1.14359378e+00
-1.03295069e-01
2.05037239e+00
-1.06280000e+00
-5.71026050e-03
4.23044941e-01
-7.99599577e-01
1.36124025e+00
2.01118042e-01
-1.40494714e+00
0.00000000e+00
0.00000000e+00
0.00000000e+00
4.78542218e-01
1.51511802e+00
-1.13150077e+00
-3.47715509e-01
-2.49560931e+00
-2.08163812e-01
1.73503788e-01
-3.25513346e-01
3.95598748e-01
0.00000000e+00
2.22034439e-01
9.03590921e-02
-8.12357679e-01
7.42292965e-01
4.11648205e-01
1.99848911e-01
-6.18618044e-02
-5.55493824e-01
-1.07880190e-01
4.12202719e-01
8 2
2.3718e-01 4.7124e-02
4 3
1 0 3 2 
217
6.99002200e-02
8.26381961e-01
-1.21467683e+00
-4.05789601e-01
2.16591139e-02
6.78736616e-02
9.51470287e-02
-1.70411621e-01
-1.62572942e-01
-1.33260675e-03
2.23632471e-02
7.44449411e-01
9.33037725e-02
-4.74889206e-01
0.00000000e+00
0.00000000e+00
0.00000000e+00
0.00000000e+00
0.00000000e+00
0.00000000e+00
3.18668501e-03
8.07797290e-03
-1.98408716e-01
-2.54609734e-03
8.11765814e-03
4.12127978e-01
2.07366092e+00
1.54544567e+00
1.33285135e+00
0.00000000e+00
0.00000000e+00
0.00000000e+00
0.00000000e+00
0.00000000e+00
0.00000000e+00
0.00000000e+00
0.00000000e+00
-1.42448417e-01
-1.54217460e-01
-4.75197584e-02
6.25532608e-01
0.00000000e+00
0.00000000e+00
0.00000000e+00
0.00000000e+00
-3.25434959e-01
5.19293672e-02
-1.17501366e-01
-1.25332510e-01
1.76112822e-02
3.47116373e-01
3.12020166e-01
0.00000000e+00
-2.87309242e-01
-2.33896734e-01
2.69426335e-01
1.19762227e-01
5.17834855e-02
-6.80749745e-01
6.25532608e-01
5.21947637e-01
5.19293672e-02
-2.92530031e-01
0.00000000e+00
-4.76228090e-01
7.29497321e-02
2.21234333e-01
1.03612228e-02
3.24893977e-01
6.46723106e-01
2.35774276e-01
-7.39751060e-01
-1.74499721e+00
3.49974393e-01
1.94032175e-02
2.23902610e-01
7.41418198e-01
0.00000000e+00
-5.97843667e-01
-2.16426214e+00
4.55492243e-01
2.51042945e-01
2.12251644e-01
9.15973619e-01
0.00000000e+00
-5.10383993e-02
-1.96741301e-01
2.57705312e-01
-5.65863696e-01
-1.36766692e-01
-8.68410659e-02
0.00000000e+00
0.00000000e+00
0.00000000e+00
0.00000000e+00
0.00000000e+00
0.00000000e+00
0.00000000e+00
0.00000000e+00
0.00000000e+00
0.00000000e+00
0.00000000e+00
0.00000000e+00
0.00000000e+00
0.00000000e+00
0.00000000e+00
0.00000000e+00
0.00000000e+00
0.00000000e+00
0.00000000e+00
0.00000000e+00
0.00000000e+00
0.00000000e+00
0.00000000e+00
0.00000000e+00
0.00000000e+00
0.00000000e+00
0.00000000e+00
0.00000000e+00
-5.21758963e-01
-1.54615498e-01
-1.00538643e-01
0.00000000e+00
0.00000000e+00
0.00000000e+00
9.79731640e-01
1.71362526e-01
-6.78019610e-01
8.24243036e-02
-4.08863164e-02
-1.82024352e+00
-7.29267367e-01
4.22296029e-01
1.32283455e+00
0.00000000e+00
-1.24665597e+00
6.37149725e-01
-3.53685369e-01
7.66862701e-01
-9.24268288e-01
1.12911963e+00
9.04136031e-01
1.86914421e-04
3.86514751e-01
6.94328063e-01
-3.56264880e-01
0.00000000e+00
0.00000000e+00
0.00000000e+00
-9.18867004e-02
3.84997087e-01
-4.05036246e-02
-8.60557948e-02
-2.40133871e-02
5.74517028e-01
2.33998226e-02
1.27912629e-01
2.77123023e-01
0.00000000e+00
-3.86090246e-02
3.50917919e-01
2.36518269e-01
8.52698637e-01
3.41947933e-01
-2.57256549e-01
1.71386397e-01
-1.55583008e-02
5.81884392e-01
1.05827357e-01
-1.47281150e+00
0.00000000e+00
0.00000000e+00
0.00000000e+00
7.60325852e-01
1.57146444e+00
-3.51701848e-01
-6.13582649e-01
-4.90429705e-02
1.89638919e-01
-3.61273695e-01
-3.76741884e-01
-3.16260100e-01
0.00000000e+00
2.09676998e-01
4.47701751e-02
9.69993210e-02
7.28456856e-01
1.39162489e+00
6.78399024e-01
8.17815976e-02
-7.52040330e-02
-3.47434580e-01
-1.36508524e-01
-5.27594632e-01
0.00000000e+00
0.00000000e+00
0.00000000e+00
3.57061292e-01
5.62177999e-01
1.94972845e-01
8.10820674e-01
-8.63974978e-02
2.78186123e-01
8.73173609e-01
5.21139792e-01
9.79431355e-01
0.00000000e+00
7.33590796e-01
5.82839620e-01
1.39757674e-02
4.32722381e-01
7.04270118e-02
5.03947662e-01
5.19575723e-01
2.58639235e-01
3.05321076e-01
4.88691476e-01
136
-2.94671287e-01
0.00000000e+00
0.00000000e+00
4.45328743e-02
1.09677489e-02
-1.37721760e+00
2.73015986e-02
1.03940470e+00
3.85317862e-03
3.11727918e+00
2.37541460e+00
1.79800167e+00
0.00000000e+00
0.00000000e+00
0.00000000e+00
0.00000000e+00
0.00000000e+00
0.00000000e+00
0.00000000e+00
0.00000000e+00
-3.42898883e-01
-2.37071615e-01
6.24368790e-02
3.01739856e-01
0.00000000e+00
0.00000000e+00
0.00000000e+00
0.00000000e+00
2.48958107e-01
-6.08376621e-01
5.88764947e-01
-3.41273944e-02
-3.17467474e-01
5.72063463e-02
-2.96490662e-01
5.06470257e-02
-1.85591411e-01
-3.75648019e-01
3.54781635e-01
-4.33600490e-03
-4.73045129e-01
4.77191035e-01
3.01739856e-01
0.00000000e+00
0.00000000e+00
0.00000000e+00
0.00000000e+00
-5.16321156e-01
-5.97466843e-02
-4.84013908e-02
-3.58737159e-01
-5.53993842e-02
-7.38440420e-01
1.02808896e+00
-2.35596344e-01
-1.11555057e+00
0.00000000e+00
-5.34186053e-03
4.74077595e-01
1.64684517e-01
-9.20560252e-01
-5.34102506e-01
-1.22964667e+00
-6.21045307e-01
-1.02456998e-01
1.77730444e-01
0.00000000e+00
0.00000000e+00
0.00000000e+00
0.00000000e+00
0.00000000e+00
0.00000000e+00
0.00000000e+00
0.00000000e+00
0.00000000e+00
0.00000000e+00
0.00000000e+00
0.00000000e+00
0.00000000e+00
0.00000000e+00
0.00000000e+00
0.00000000e+00
0.00000000e+00
0.00000000e+00
0.00000000e+00
0.00000000e+00
5.57397063e-01
-5.37881978e-01
-1.83058260e-01
0.00000000e+00
0.00000000e+00
0.00000000e+00
1.14660750e-01
1.03755185e+00
-6.15575827e-01
-2.80180492e-01
-8.81025901e-01
-1.66459590e+00
-1.17202545e+00
-2.09352909e-01
2.04818449e+00
0.00000000e+00
-1.14210651e+00
1.60394799e+00
3.39105502e-03
1.84111214e+00
-7.87050981e-01
1.74362166e-01
5.15808871e-01
-1.80139576e+00
6.18548000e-01
4.12684144e-01
-1.44943306e+00
0.00000000e+00
0.00000000e+00
0.00000000e+00
3.79800676e-01
1.24208885e+00
-1.15261436e+00
-4.12482642e-01
-2.37173825e+00
-4.15878722e-01
2.72195951e-01
-1.27419806e-01
3.52082434e-01
0.00000000e+00
7.67044265e-02
1.70598683e-01
-7.82270480e-01
8.26495504e-01
1.49734131e-01
2.84578602e-01
2.50808324e-01
-5.87180697e-01
1.16870025e-01
2.78194299e-01
7 1
9.9110e-02 6.8010e-02
5 1
1 0 3 2 8 
217
-2.33267913e-01
-7.42237258e-01
1.81854245e-01
-2.12381325e-01
-7.28588134e-01
9.44731195e-01
3.06878481e-01
1.91459923e-01
2.00327864e-01
9.49323250e-02
-9.02511706e-03
3.77487896e-01
0.00000000e+00
0.00000000e+00
0.00000000e+00
0.00000000e+00
0.00000000e+00
1.80796852e+00
-2.33986706e-02
6.64914761e-01
-5.04974893e-01
-1.63363239e-02
8.82673083e-01
-1.53626154e+00
-6.95544898e-02
7.29583227e-01
1.01897520e+00
8.79788663e-01
1.29415962e+00
0.00000000e+00
0.00000000e+00
0.00000000e+00
0.00000000e+00
0.00000000e+00
0.00000000e+00
0.00000000e+00
0.00000000e+00
-7.97408014e-03
-2.93928115e-01
-2.68997323e-01
-7.41592437e-02
4.11808811e-01
0.00000000e+00
0.00000000e+00
0.00000000e+00
-1.95574407e-01
-2.49019758e-01
4.36524921e-01
-1.00468903e-01
-3.61551866e-01
1.85526139e-01
-4.27030943e-02
0.00000000e+00
-2.37357718e-01
-8.32708575e-01
3.81870366e-01
4.40030317e-01
-5.60238749e-01
-5.13174927e-02
5.59224189e-01
6.07088392e-01
-2.19691697e-01
-6.20646645e-01
0.00000000e+00
-2.13461554e-01
-1.46439518e-01
3.35113549e-01
-2.61523137e-01
-3.54919908e-01
1.02251617e+00
-3.65023311e-01
-2.55641296e-01
-6.82611019e-01
4.26988763e-01
1.08866833e+00
-3.95920684e-02
1.23295491e+00
0.00000000e+00
-3.01768453e-01
-5.56327023e-01
3.72945191e-01
4.53401408e-01
-3.04444651e-01
3.74759334e-01
0.00000000e+00
-3.27284931e-01
1.17016170e-01
-1.05426256e-01
-5.43709006e-01
1.99443274e-01
-7.60809842e-02
0.00000000e+00
-6.27448178e-02
-8.95550255e-03
-5.58330895e-02
-2.59778513e-01
-1.14690005e-01
1.54165218e-01
0.00000000e+00
0.00000000e+00
0.00000000e+00
0.00000000e+00
0.00000000e+00
0.00000000e+00
0.00000000e+00
0.00000000e+00
0.00000000e+00
0.00000000e+00
0.00000000e+00
0.00000000e+00
0.00000000e+00
0.00000000e+00
0.00000000e+00
0.00000000e+00
0.00000000e+00
0.00000000e+00
0.00000000e+00
0.00000000e+00
0.00000000e+00
7.76054079e-01
-6.82114959e-01
7.42795238e-01
0.00000000e+00
0.00000000e+00
0.00000000e+00
-9.11120735e-02
7.74488787e-01
-8.68379155e-01
-1.56065968e-01
-2.43931387e-02
-9.12876103e-01
-1.74509600e+00
-7.70815881e-01
1.99232889e+00
0.00000000e+00
-1.59422446e+00
1.30694030e+00
7.98311947e-01
2.16999233e+00
-1.32630610e+00
3.55366075e-01
3.24071360e-02
-2.56847680e-01
9.61818403e-01
9.72579425e-02
-4.41249904e-01
0.00000000e+00
0.00000000e+00
0.00000000e+00
-7.44217455e-02
1.66192815e-01
-4.86381783e-03
7.41310168e-04
-4.96649670e-01
-4.76551848e-01
4.40829159e-01
1.64434657e-01
7.85473636e-02
0.00000000e+00
3.17979540e-01
-5.48355543e-02
-8.37692243e-01
1.31699620e-01
3.88589411e-01
-1.67042164e-01
2.37272611e-01
-3.68519542e-01
2.11966277e-01
-9.89260831e-02
-1.47599012e+00
0.00000000e+00
0.00000000e+00
0.00000000e+00
4.74783773e-01
1.06535647e+00
-5.93518540e-01
-3.18262979e-01
-1.45042133e+00
-7.44791186e-01
-2.88800690e-01
5.19444507e-02
4.34264506e-01
0.00000000e+00
-5.14028128e-01
-1.37999659e-02
-3.28342875e-01
1.47948875e-01
-2.81008705e-01
2.40955355e-01
1.69613048e-01
-3.07476712e-01
3.08899892e-01
4.70694622e-01
-7.22732939e-02
0.00000000e+00
0.00000000e+00
0.00000000e+00
-1.23901997e-01
-6.77692744e-02
-4.88603761e-01
-5.36789271e-02
-1.10384742e+00
4.76233632e-01
2.24098813e-01
3.17599173e-02
-2.00496629e-01
0.00000000e+00
4.43793093e-01
2.00697876e-01
-1.37087575e-01
6.03831258e-01
5.03903625e-01
-8.86398850e-02
-8.39789412e-02
-7.22204044e-03
-5.55339366e-02
-1.45831118e-01
136
7.55981145e-02
0.00000000e+00
0.00000000e+00
2.20287885e+00
-4.04427678e-02
-1.08871654e+00
-6.74821237e-03
-1.11746554e+00
-5.96722454e-02
1.10691969e+00
5.17612329e-01
3.86137572e-01
0.00000000e+00
0.00000000e+00
0.00000000e+00
0.00000000e+00
0.00000000e+00
0.00000000e+00
0.00000000e+00
0.00000000e+00
1.80992290e-01
-2.41909068e-02
-1.74998152e-01
-8.22063961e-02
1.92855424e-01
0.00000000e+00
0.00000000e+00
0.00000000e+00
3.04371365e-01
-3.35784719e-01
2.98665338e-01
-6.11727702e-02
-2.04872764e-01
1.60812100e-01
-1.43390953e-01
5.30839074e-01
-1.94483637e-01
-1.73194383e-01
5.00516116e-02
-3.56885518e-01
-4.66550797e-01
5.77915707e-01
1.22054781e-01
0.00000000e+00
0.00000000e+00
0.00000000e+00
0.00000000e+00
3.09753169e-01
2.03576771e-01
2.13834197e-01
1.53341276e-02
-6.92494602e-02
-4.12281909e-01
1.18512365e+00
2.78886977e-02
-1.33968806e+00
0.00000000e+00
4.47688327e-01
6.24754766e-01
2.50288309e-01
-6.85454761e-01
-3.67340674e-01
-5.57727295e-01
-5.42600034e-01
1.27999881e-01
1.17443908e-01
0.00000000e+00
-1.21029873e-01
-1.03303036e-01
3.21607866e-02
-4.48722847e-01
0.00000000e+00
0.00000000e+00
0.00000000e+00
0.00000000e+00
0.00000000e+00
0.00000000e+00
0.00000000e+00
0.00000000e+00
0.00000000e+00
0.00000000e+00
0.00000000e+00
0.00000000e+00
0.00000000e+00
0.00000000e+00
0.00000000e+00
7.67349611e-01
-3.24861334e-01
1.18381557e-01
0.00000000e+00
0.00000000e+00
0.00000000e+00
-1.94798888e-02
9.94400652e-01
-7.18733308e-01
-2.77534653e-01
-4.32517031e-01
-1.22754350e+00
-1.15620305e+00
-3.95998319e-01
1.67181489e+00
0.00000000e+00
-1.34094006e+00
1.47010074e+00
-1.35245806e-02
1.94014682e+00
-9.31162447e-01
-1.12038051e-01
2.73498664e-01
-1.20256187e+00
1.26294597e+00
3.33710587e-01
-1.49263594e+00
0.00000000e+00
0.00000000e+00
0.00000000e+00
4.86781254e-01
1.45390203e+00
-1.01890924e+00
-1.96265231e-01
-2.25471521e+00
-5.92782238e-01
3.72037514e-01
-1.68532941e-01
3.67048715e-01
0.00000000e+00
2.19646866e-01
1.33434227e-01
-8.90167424e-01
7.86328690e-01
-1.49421193e-02
3.77145126e-01
2.63449669e-01
-1.01256500e+00
-6.52230025e-04
1.97121598e-01
13 1
-3.1156e-01 2.1730e-01
6 1
1 0 3 2 8 7 
217
7.20870714e-01
-5.77658303e-01
-2.85419911e-01
-1.13738976e-01
3.32066119e-01
1.74896548e-01
5.16717028e-01
-6.10272166e-01
-1.62344097e-01
-2.63856556e-01
-5.32716590e-01
5.73310607e-01
5.67148254e-01
1.44625095e-01
0.00000000e+00
0.00000000e+00
0.00000000e+00
1.15215669e+00
-1.84387410e-02
6.52807265e-01
-1.05036422e-01
-1.33852010e-02
4.08040019e-01
-3.10664834e-01
-8.91699896e-02
-1.63937740e-01
8.08257153e-01
3.07662790e-01
8.84238595e-01
0.00000000e+00
0.00000000e+00
0.00000000e+00
0.00000000e+00
0.00000000e+00
0.00000000e+00
0.00000000e+00
0.00000000e+00
-1.10016177e-01
-4.61979950e-02
-8.52199134e-02
-3.81757879e-02
3.85049745e-01
6.33914290e-01
0.00000000e+00
0.00000000e+00
7.26409577e-01
-3.31498555e-01
4.19650165e-01
1.17923457e-02
4.53441609e-01
7.10087952e-02
-1.06989945e+00
0.00000000e+00
-1.29764618e+00
-3.87530146e-01
8.46633784e-01
-2.47011765e-01
4.34400673e-03
8.17736412e-01
9.54625719e-01
2.65795309e-01
1.05493141e+00
-5.81372559e-01
0.00000000e+00
-3.16688519e-01
-2.63948499e-01
7.71807230e-01
-4.84589387e-01
2.65752003e-01
6.14884215e-01
-7.80215211e-02
-5.21834487e-01
-2.07275937e+00
6.69593226e-01
1.24741662e+00
6.51133496e-01
1.44512361e+00
0.00000000e+00
-2.75166956e-01
-5.53910357e-01
7.17166814e-01
6.55379714e-01
2.78870857e-01
8.60308315e-01
0.00000000e+00
2.61877565e-01
4.97723429e-02
3.43196755e-01
-8.51058079e-01
1.15796395e-01
2.80881021e-02
0.00000000e+00
9.12901195e-02
-3.12686605e-01
1.59446181e-01
-1.29620015e-01
4.70134414e-01
1.54022432e-01
0.00000000e+00
4.58086757e-02
-2.93330301e-01
4.81133055e-01
-2.90671294e-01
1.93928984e-01
1.67178734e-01
0.00000000e+00
0.00000000e+00
0.00000000e+00
0.00000000e+00
0.00000000e+00
0.00000000e+00
0.00000000e+00
0.00000000e+00
0.00000000e+00
0.00000000e+00
0.00000000e+00
0.00000000e+00
0.00000000e+00
0.00000000e+00
6.85996559e-01
-9.70492409e-01
-3.20964767e-01
0.00000000e+00
0.00000000e+00
0.00000000e+00
3.65889120e-01
1.23992103e+00
-4.52902440e-01
4.31589261e-01
-3.46675902e-04
-1.76589550e+00
-1.40678539e+00
6.37385001e-02
1.41583008e+00
0.00000000e+00
-7.58918757e-01
1.57747413e+00
-3.57803668e-01
1.22659852e+00
-7.36537524e-01
-1.79920607e-02
3.76278254e-01
-3.81144154e-04
7.75184373e-01
-6.49527191e-02
-5.83024262e-02
0.00000000e+00
0.00000000e+00
0.00000000e+00
8.25025752e-02
3.04160227e-01
-4.14928983e-01
2.23042867e-01
-6.59547127e-04
6.68875111e-01
4.29556368e-01
8.42225816e-02
-2.07172439e-01
0.00000000e+00
-6.58534643e-01
2.91251531e-01
2.75131304e-01
7.51745489e-01
-7.36115829e-01
1.80170527e-01
-2.67016281e-01
-5.88241673e-04
5.83886263e-01
6.08295881e-01
-2.33310781e+00
0.00000000e+00
0.00000000e+00
0.00000000e+00
6.96678829e-01
2.10630154e+00
-3.65894034e-01
7.09713063e-03
-1.01695549e-01
-3.81981460e-02
5.58594735e-01
2.24133053e-01
3.77552954e-01
0.00000000e+00
1.69469198e-01
5.36157530e-01
-2.64276099e-01
4.51416722e-01
1.27875437e-01
2.09752489e-01
8.54807603e-01
-2.21503408e+00
5.10902575e-01
-3.63047577e-01
-1.34980232e-01
0.00000000e+00
0.00000000e+00
0.00000000e+00
3.25904458e-01
-1.32311167e-01
-2.91213256e-01
3.58092783e-01
-1.32784992e-01
-4.26014013e-03
2.99568296e-01
6.12300185e-01
5.94783497e-01
0.00000000e+00
3.03153123e-01
4.18481973e-01
3.41796656e-01
8.57393132e-01
4.54980117e-01
3.32435761e-01
6.04579309e-02
9.67932584e-01
7.22032304e-01
4.32588889e-01
136
-6.99485932e-02
0.00000000e+00
0.00000000e+00
1.58187868e+00
-3.14159204e-02
-6.28805864e-01
-1.23134336e-02
-1.02001779e+00
-1.19902014e-01
7.29214162e-01
2.84993360e-01
2.60352893e-01
0.00000000e+00
0.00000000e+00
0.00000000e+00
0.00000000e+00
0.00000000e+00
0.00000000e+00
0.00000000e+00
0.00000000e+00
2.14943319e-01
-9.88596731e-02
-9.46806442e-02
-3.19943014e-02
-9.38673003e-02
3.98151854e-02
0.00000000e+00
0.00000000e+00
1.48598998e-01
-9.82145585e-02
4.08640862e-01
7.37380326e-02
-2.86302651e-01
2.36654123e-01
-2.47560515e-01
3.78745529e-01
-1.98870143e-01
-2.53213955e-01
-1.21320833e-02
-1.67649358e-01
-6.55234950e-01
2.03643723e-01
4.14293955e-01
0.00000000e+00
0.00000000e+00
0.00000000e+00
0.00000000e+00
3.58617935e-01
1.03664327e-01
2.55965116e-01
-4.25026308e-01
-2.48987297e-01
-4.73072847e-01
1.23046852e+00
1.62365798e-02
-1.01217737e+00
0.00000000e+00
3.58469048e-01
5.41964167e-01
2.14397765e-01
-8.71647868e-01
-9.27156442e-01
-4.96286276e-01
-5.05389313e-01
1.62231030e-01
-6.51262359e-03
0.00000000e+00
-2.03443291e-01
-1.02245443e-01
-1.48709291e-02
-2.83889855e-01
0.00000000e+00
1.93496758e-01
-3.64918361e-02
6.49592199e-02
-3.49823803e-01
0.00000000e+00
0.00000000e+00
0.00000000e+00
0.00000000e+00
0.00000000e+00
0.00000000e+00
0.00000000e+00
0.00000000e+00
0.00000000e+00
0.00000000e+00
9.04088577e-01
-4.69693243e-01
2.45856895e-01
0.00000000e+00
0.00000000e+00
0.00000000e+00
-3.95629772e-02
8.29986558e-01
-6.30350543e-01
-3.17440179e-01
-3.00055390e-01
-1.80392548e+00
-1.05161089e+00
-4.51952136e-01
2.20799437e+00
0.00000000e+00
-1.15837121e+00
9.94319970e-01
1.54550562e-01
1.75463521e+00
-9.82293181e-01
-7.97935158e-02
3.19928992e-01
-6.40825561e-01
1.24666731e+00
1.93954978e-01
-1.52698400e+00
0.00000000e+00
0.00000000e+00
0.00000000e+00
3.90245206e-01
1.28105986e+00
-9.71562154e-01
-2.64757033e-01
-2.31664756e+00
-2.93830696e-01
2.69677545e-01
-1.67171414e-01
2.64853133e-01
0.00000000e+00
1.82432371e-01
9.67476405e-02
-8.23794379e-01
6.97972937e-01
2.19922188e-01
2.56399648e-01
2.00106117e-01
-5.61880374e-01
-3.11811614e-01
3.25054585e-01
10 1
-3.9900e-01 2.4814e-01
7 1
1 0 3 2 8 7 13 
217
-7.64576000e-01
-6.72824647e-01
5.47949998e-01
1.78208385e-01
-1.07720977e+00
8.75764836e-01
-3.29010194e-01
4.85654466e-01
1.53339073e-01
-8.85345266e-02
5.13952909e-01
6.69173801e-02
0.00000000e+00
0.00000000e+00
0.00000000e+00
0.00000000e+00
0.00000000e+00
4.47964610e-01
-2.27503580e-03
7.82282035e-01
2.30113505e-02
-1.75970914e-02
1.07759262e+00
-1.23555196e+00
-6.59528921e-02
8.92004471e-01
1.31040985e+00
1.31214980e+00
1.90837555e+00
0.00000000e+00
0.00000000e+00
0.00000000e+00
0.00000000e+00
0.00000000e+00
0.00000000e+00
0.00000000e+00
0.00000000e+00
3.95463847e-01
-4.75287920e-01
-3.30360207e-01
-2.56071408e-01
-3.03322645e-01
-6.65354905e-01
8.71620590e-01
0.00000000e+00
-1.50914466e-01
-1.28095792e-01
9.64717403e-02
-7.14712562e-01
9.45707618e-02
1.54482159e-01
-1.09173440e-01
0.00000000e+00
-2.72101495e-01
-5.90027111e-01
4.21074179e-02
-1.33118704e-01
-2.16377428e-01
2.77172400e-02
5.60574657e-01
2.14453750e-01
-1.60396879e-01
-8.17369518e-01
0.00000000e+00
-8.09733748e-01
-3.62412858e-01
3.60205167e-01
-3.68907649e-01
-3.15047419e-01
1.20351606e+00
-5.62560045e-01
-2.56072825e-01
1.42124102e-01
3.89620050e-01
1.24802948e+00
-3.35563179e-01
5.11134446e-01
0.00000000e+00
-4.28538684e-01
-9.00816969e-01
-2.84730397e-01
5.60858854e-01
-5.13069182e-02
7.70109044e-01
0.00000000e+00
-7.69574156e-01
-1.14818572e-01
5.60947080e-02
-7.50072722e-01
-5.10965520e-02
-5.02334703e-02
0.00000000e+00
-4.15480265e-01
1.28389417e-01
-2.72098614e-01
-3.06458418e-01
-7.69971205e-02
4.58058135e-01
0.00000000e+00
-8.71474585e-02
4.55682005e-02
-3.05421406e-01
2.21485499e-01
-3.72007136e-01
3.50754355e-01
0.00000000e+00
-4.50480446e-02
-1.50256828e-01
-2.62150508e-01
3.13821246e-01
-4.57377447e-01
-2.67854929e-01
0.00000000e+00
0.00000000e+00
0.00000000e+00
0.00000000e+00
0.00000000e+00
0.00000000e+00
0.00000000e+00
7.05366134e-01
-4.82997300e-01
6.85159679e-01
0.00000000e+00
0.00000000e+00
0.00000000e+00
1.06955800e-01
2.38459273e+00
-9.49147024e-01
-7.62202337e-02
-7.86616713e-03
-4.51811965e-01
-1.90528151e+00
-7.52470784e-01
2.66595149e+00
0.00000000e+00
-1.27779306e+00
1.29903265e+00
-2.87437295e-02
2.00099634e+00
-8.41453052e-01
-1.81424667e-01
-8.36043592e-01
-2.97608543e-04
3.67134039e-01
-7.78730729e-02
-7.89770557e-01
0.00000000e+00
0.00000000e+00
0.00000000e+00
-5.15600637e-02
-4.94507841e-01
2.55062941e-01
2.22904355e-01
-7.63418394e-03
-7.00172781e-01
6.91234941e-01
4.61843130e-01
-5.78726670e-01
0.00000000e+00
6.05922211e-01
3.26219010e-02
-5.37437677e-01
1.90483492e-01
6.54340519e-01
-3.75605018e-02
2.58350847e-01
-3.36297906e-04
-2.70569372e-01
3.76284598e-01
-1.17446136e+00
0.00000000e+00
0.00000000e+00
0.00000000e+00
4.57947125e-01
1.22779462e+00
-1.10306228e+00
-5.90257890e-02
-2.00490881e+00
-1.21080581e+00
3.84463592e-01
-3.85034633e-02
6.10055925e-01
0.00000000e+00
-3.78325031e-01
1.81928172e-01
-9.63359313e-01
1.20872219e+00
6.75337414e-02
4.07962498e-01
3.13205732e-01
-4.36182970e-01
4.85018861e-01
-3.24920347e-01
-3.09864065e-01
0.00000000e+00
0.00000000e+00
0.00000000e+00
2.78290906e-02
-3.17013147e-01
-2.38590411e-01
-2.78596946e-01
-5.73626193e-02
7.65622731e-01
-5.18059769e-01
-1.47207606e-01
-4.94694484e-01
0.00000000e+00
1.55900600e-01
-1.30684830e-01
1.53358314e-01
-2.05338059e-01
2.56488428e-01
7.89823796e-03
-3.21424813e-03
-8.36901138e-03
2.10849242e-01
5.11320421e-01
136
1.51075705e-01
0.00000000e+00
0.00000000e+00
2.54304173e+00
-4.39960218e-02
-1.02649865e+00
-9.21021027e-03
-1.43700824e+00
-5.61060628e-02
1.24561573e+00
7.61135286e-01
7.13375815e-01
0.00000000e+00
0.00000000e+00
0.00000000e+00
0.00000000e+00
0.00000000e+00
0.00000000e+00
0.00000000e+00
0.00000000e+00
7.07176701e-02
-4.11255842e-02
2.99382236e-02
2.42056352e-02
7.49028752e-02
5.40954869e-02
-2.99989668e-03
0.00000000e+00
2.57068042e-01
-5.48530818e-02
2.59312501e-01
-4.45328481e-02
-3.42111787e-01
3.61037916e-01
-2.83122463e-01
6.66868465e-01
-3.61942823e-01
-2.80652350e-01
-2.76480500e-02
-3.02239127e-01
-4.36325218e-01
3.07407746e-01
4.94734209e-01
0.00000000e+00
0.00000000e+00
0.00000000e+00
0.00000000e+00
5.91111296e-01
2.03630687e-01
2.93099756e-01
-4.75574331e-01
-2.13003692e-01
-4.12137030e-01
1.21783924e+00
-6.23210020e-02
-1.36648803e+00
0.00000000e+00
3.96227278e-01
5.63749700e-01
2.07777256e-01
-6.46676198e-01
-6.88494361e-01
-5.47150027e-01
-5.61637583e-01
9.44541636e-02
2.42244614e-02
0.00000000e+00
-2.89912963e-02
-1.00062305e-01
1.30597032e-02
-2.60931964e-01
0.00000000e+00
1.33119309e-01
1.59548426e-01
1.49439460e-02
-2.72242322e-01
0.00000000e+00
-4.24157272e-01
-1.40205608e-02
-1.15732629e-01
-1.27117593e-01
0.00000000e+00
0.00000000e+00
0.00000000e+00
0.00000000e+00
0.00000000e+00
8.64309795e-01
-4.69450521e-01
1.65413503e-01
0.00000000e+00
0.00000000e+00
0.00000000e+00
-6.57343902e-02
6.88009909e-01
-6.88722884e-01
-3.22428563e-01
-4.49315835e-01
-1.19756137e+00
-1.24005140e+00
-4.75141475e-01
1.75944739e+00
0.00000000e+00
-1.31203294e+00
1.41801288e+00
2.41446775e-02
1.88837843e+00
-1.13635393e+00
9.17734245e-02
5.07546484e-01
-6.66759049e-01
1.10206484e+00
2.40137309e-01
-1.57956325e+00
0.00000000e+00
0.00000000e+00
0.00000000e+00
4.11569497e-01
1.32963563e+00
-1.08057163e+00
-2.65616477e-01
-2.60163406e+00
-3.57874710e-01
3.41634655e-01
9.33888834e-03
3.76175812e-01
0.00000000e+00
1.85520759e-01
1.76771882e-01
-6.96745332e-01
7.42030267e-01
7.79724398e-02
2.58687568e-01
1.91626358e-01
-7.66483396e-01
-1.79603269e-01
2.68001882e-01
6 1
-8.2628e-01 2.7308e-01
8 0
1 0 3 2 8 7 13 10 
217
-2.48833366e+00
-5.22287719e-01
-1.96965957e-01
6.14660093e-01
1.81925955e-01
-2.01673184e-01
4.33510385e-01
-1.88683444e+00
-1.45467451e+00
9.98358933e-01
0.00000000e+00
0.00000000e+00
0.00000000e+00
0.00000000e+00
7.04305691e+00
1.75142906e-04
1.46225649e+00
6.79909258e+00
-1.83100177e-02
1.36853703e+00
0.00000000e+00
0.00000000e+00
0.00000000e+00
0.00000000e+00
0.00000000e+00
0.00000000e+00
0.00000000e+00
2.29961054e+00
2.65894742e+00
0.00000000e+00
0.00000000e+00
0.00000000e+00
0.00000000e+00
0.00000000e+00
0.00000000e+00
0.00000000e+00
0.00000000e+00
-7.24033880e-01
-1.14567179e-01
-3.72885299e-02
-2.58500961e-01
-5.47582831e-01
-6.48211781e-01
-1.53006347e-01
0.00000000e+00
-6.70027739e-01
-5.32840207e-01
1.21812379e-01
-2.04896115e-01
5.37886049e-01
-5.14584449e-01
-2.44205251e-01
0.00000000e+00
-1.17869974e+00
-8.83554060e-01
2.47673414e-01
0.00000000e+00
-1.31313456e+00
-7.77077975e-01
1.20874467e+00
-1.05437199e+00
-3.19659480e-01
-1.10916004e+00
0.00000000e+00
-1.19838288e+00
-1.44337930e-01
-2.61907727e-02
-1.33655098e-01
-1.26376000e+00
2.38170938e+00
0.00000000e+00
-1.11430218e+00
-1.84373619e+00
-3.04932764e-01
1.19427465e+00
-1.06909871e+00
-1.29378287e-01
0.00000000e+00
-1.00266883e+00
-5.65637555e-01
-8.50717356e-01
4.43925714e-01
-6.34947472e-01
1.36427119e+00
0.00000000e+00
-1.51199748e+00
-1.23572584e-01
1.00263755e-01
-1.26522373e+00
-1.07659993e+00
3.39926897e-01
0.00000000e+00
-6.29749852e-01
3.19476178e-01
-1.28783861e+00
-2.83555487e-02
-5.70745191e-01
4.80418613e-01
0.00000000e+00
-8.02685696e-01
4.14809671e-02
-7.15282431e-01
-8.87707980e-02
-9.70365531e-01
-3.63955556e-01
0.00000000e+00
-8.73913711e-01
2.51717346e-01
-1.13041357e+00
4.92292616e-01
-4.84006372e-01
5.19003657e-01
0.00000000e+00
-9.67441939e-01
-4.69128185e-02
-5.19301230e-01
-3.78237546e-01
-1.00159049e+00
1.99969433e-01
1.86284936e+00
2.95362499e-01
4.34808821e-01
0.00000000e+00
0.00000000e+00
0.00000000e+00
-1.00855834e-01
1.89277208e+00
-1.35193432e-01
-4.79912935e-01
-3.96962803e-04
-3.13540855e-01
-4.66112817e-01
-8.31361154e-01
3.04508715e+00
0.00000000e+00
-3.23088072e-01
1.47224816e+00
-1.50243010e+00
1.70787948e+00
-1.44219836e+00
-8.43758961e-02
3.54172748e-01
-7.60191040e-01
-9.26445636e-01
-3.20079380e-02
-6.16510781e-01
0.00000000e+00
0.00000000e+00
0.00000000e+00
3.36725358e-01
8.19390586e-01
-1.01613014e+00
3.43161508e-01
-1.05558274e-03
3.68020560e-01
5.37511093e-01
1.36283130e+00
-6.80094107e-01
0.00000000e+00
5.73207003e-01
-6.20061054e-01
1.15346668e+00
2.98417723e-01
2.41149877e+00
-7.60777565e-01
-1.30398247e+00
1.74502709e+00
-8.56122943e-01
8.90853018e-01
-2.19062629e+00
0.00000000e+00
0.00000000e+00
0.00000000e+00
1.44084407e+00
2.07754156e+00
9.65084998e-01
5.96983976e-01
-4.61187442e-01
1.37312239e+00
2.34338616e+00
9.37564995e-01
2.13722196e+00
0.00000000e+00
1.26442658e+00
2.93598228e+00
1.03271200e+00
1.47415696e+00
1.70948620e+00
7.20393989e-01
1.68614743e+00
1.51775216e+00
2.02523274e+00
1.01287712e+00
-1.33311135e+00
0.00000000e+00
0.00000000e+00
0.00000000e+00
3.73782612e-01
1.34668375e+00
-1.71307493e-01
8.97376221e-01
-8.51547653e-02
9.54524995e-01
1.13399321e+00
4.01677205e-01
2.00914984e-01
0.00000000e+00
-3.50390169e-01
-8.45267001e-02
-1.13307377e+00
1.67097583e+00
9.74509761e-01
1.87454303e+00
5.40479414e-01
1.97708945e-01
6.01861368e-01
1.17033725e+00
136
-1.97981981e+00
4.72576177e+00
2.08065320e-02
5.40401302e+00
-2.42545332e-02
0.00000000e+00
0.00000000e+00
0.00000000e+00
0.00000000e+00
0.00000000e+00
4.47653163e+00
4.49740173e+00
0.00000000e+00
0.00000000e+00
0.00000000e+00
0.00000000e+00
0.00000000e+00
0.00000000e+00
0.00000000e+00
0.00000000e+00
-2.99694588e-01
-1.82706438e-01
-1.30192422e-01
-1.27783473e-01
-4.95188836e-02
-1.41571966e-01
-8.38095355e-01
0.00000000e+00
1.79448749e-01
2.62251733e-01
-2.39814873e-01
1.47541763e-01
-5.74017226e-01
5.60512427e-01
-6.82555317e-01
7.37878323e-01
-7.98809485e-01
-3.14084230e-01
-4.32655365e-01
-2.97422539e-01
-9.92741304e-01
5.61414425e-01
1.36105743e-01
0.00000000e+00
0.00000000e+00
0.00000000e+00
0.00000000e+00
1.42521927e+00
2.97744953e-01
6.94236975e-01
-6.84194861e-01
0.00000000e+00
-8.17656633e-01
1.01791204e+00
-3.87173334e-01
-1.04815244e+00
0.00000000e+00
-8.38657783e-01
3.70829853e-01
-4.78059869e-02
-8.25780462e-01
-5.79021016e-01
-2.20024305e+00
-8.42299771e-01
-2.01818342e-01
2.01883808e-01
0.00000000e+00
-1.60724865e+00
-5.20686512e-01
-2.62028015e-01
-4.15758387e-01
0.00000000e+00
-6.04862583e-01
3.24713511e-02
-1.54934231e-01
-2.13185934e-01
0.00000000e+00
-1.78569233e+00
-2.51997383e-01
-3.23686851e-01
-3.18137683e-01
0.00000000e+00
-1.42615631e+00
-7.84428501e-01
-1.85455023e-01
1.22391217e-01
1.31619126e+00
6.94595103e-02
3.02808795e-01
0.00000000e+00
0.00000000e+00
0.00000000e+00
-2.64527991e-01
1.26212454e+00
-1.07718205e+00
-4.38769711e-01
4.03776045e-01
-1.46233256e+00
-9.23758743e-01
-4.27470670e-01
1.67369722e+00
0.00000000e+00
-5.80164325e-01
5.03000803e-01
1.47072068e-01
2.23547047e+00
-9.10794959e-01
-2.27998899e-01
-7.37307292e-02
-1.02184790e+00
1.44627939e+00
3.99667973e-02
-1.25236128e+00
0.00000000e+00
0.00000000e+00
0.00000000e+00
4.06417454e-01
1.21344256e+00
-9.90712514e-01
-9.51855664e-02
-2.85526200e+00
-1.35443880e-01
6.32357387e-01
-4.97421495e-01
4.08500924e-01
0.00000000e+00
-1.02177413e-02
1.56285042e-01
-4.00277050e-01
7.04083003e-01
9.71437978e-02
3.57442253e-01
3.26334700e-01
-8.89988972e-01
-5.41532166e-02
3.74294038e-01
11 1
-5.6393e-01 3.0759e-01
8 0
1 0 3 2 8 7 13 10 
217
-2.57433337e+00
-7.82976530e-01
5.56863464e-01
8.51077485e-02
-2.56642296e-01
-5.71474626e-02
-1.72170909e-01
-1.74357646e-01
-2.37527399e-02
-1.26700164e+00
0.00000000e+00
0.00000000e+00
0.00000000e+00
0.00000000e+00
5.43350381e+00
-5.01415510e-03
5.79436534e-01
5.92931775e+00
-1.35331238e-02
3.87474754e-01
0.00000000e+00
0.00000000e+00
0.00000000e+00
0.00000000e+00
0.00000000e+00
0.00000000e+00
3.50794963e+00
3.15476156e+00
3.14961549e+00
0.00000000e+00
0.00000000e+00
0.00000000e+00
0.00000000e+00
0.00000000e+00
0.00000000e+00
0.00000000e+00
0.00000000e+00
2.75396010e-01
2.90458404e-02
-1.53452813e-01
-3.70632922e-01
-6.66650718e-01
-8.11661237e-01
-8.73394281e-01
0.00000000e+00
1.42619791e-02
-2.98313538e-01
-4.73804036e-01
-1.06494485e-01
-4.79820159e-01
-1.22585692e-01
-4.91976682e-02
8.95717159e-01
-5.08268688e-01
-6.11928757e-01
-1.55375632e-01
-2.34068739e-01
-4.77543970e-01
-4.76135689e-01
5.14991216e-01
-6.63617574e-01
-1.00873222e+00
-8.99000326e-01
0.00000000e+00
-9.59576411e-01
-4.95008820e-01
-2.69716291e-01
-1.06088987e-01
-1.34504067e+00
5.97387361e-01
0.00000000e+00
-9.01983573e-01
-5.55155110e-01
-8.19993546e-01
1.36735846e+00
-8.52356250e-01
4.08007064e-01
0.00000000e+00
-1.14347818e+00
-1.46723117e+00
-1.13374581e+00
4.81813270e-01
-2.97109377e-01
7.62740936e-01
0.00000000e+00
-1.52172027e+00
-1.45742434e-01
-2.37626443e-01
-7.04508717e-01
-8.14986657e-01
-1.29342853e-01
0.00000000e+00
-1.03530467e+00
-2.03098599e-02
-4.61491625e-01
-2.44244572e-01
-1.07753707e+00
-6.50419569e-01
0.00000000e+00
-1.05178365e+00
-4.52380932e-02
-6.30069845e-01
1.88392416e-01
-8.92479874e-01
8.20734309e-02
0.00000000e+00
-6.04432510e-01
1.06883359e-01
-9.61039691e-01
7.12213628e-02
-1.00886117e+00
-1.11612725e+00
0.00000000e+00
-1.23570758e+00
2.43382104e-01
-7.13167566e-01
7.24821934e-02
-6.25458222e-01
6.27294708e-01
7.80526237e-01
-3.99985192e-01
5.14133270e-01
0.00000000e+00
0.00000000e+00
0.00000000e+00
-2.22529501e-01
1.65972131e+00
1.93524407e-01
3.78144234e-01
-2.03609733e-02
-1.54764693e+00
-1.41541424e+00
-9.41700945e-01
3.24105922e+00
0.00000000e+00
-1.30818508e+00
2.59351640e+00
1.84712959e+00
3.11002843e+00
-1.09051212e+00
5.16559464e-03
4.52805073e-01
-2.51551522e-01
-1.62529829e-01
5.21032412e-01
-1.08434892e+00
0.00000000e+00
0.00000000e+00
0.00000000e+00
4.48463287e-01
2.90287630e-01
-1.20867281e-01
2.44249447e-01
-4.12011749e-02
8.25125917e-01
2.54004567e+00
1.23628870e+00
1.05622882e-01
0.00000000e+00
1.02845680e+00
-3.85143960e-01
-1.78318576e+00
2.17522476e-01
9.38534233e-01
1.02464662e+00
4.43939038e-01
-1.72778819e-01
-8.90573710e-02
-5.70228136e-01
-2.63949971e+00
0.00000000e+00
0.00000000e+00
0.00000000e+00
1.24086991e+00
1.94841728e+00
-3.41658780e-01
5.60451795e-01
-3.59627346e-01
2.18001707e-03
3.48887323e-01
9.71747934e-01
1.70471628e+00
0.00000000e+00
1.46132946e+00
7.00175981e-01
-2.05615776e-01
1.87383490e+00
1.54391875e+00
1.35695411e+00
1.41940488e+00
-3.47935538e-01
7.20437335e-01
9.22300340e-01
-3.85453594e-01
0.00000000e+00
0.00000000e+00
0.00000000e+00
1.34290595e+00
3.24523231e-01
2.09776899e-01
7.90124779e-01
-1.59880851e-01
1.14460415e+00
1.31418745e+00
9.90520372e-01
-1.08128779e+00
0.00000000e+00
3.87078765e-02
1.06075175e-01
7.72868291e-01
3.18810876e-01
3.52627483e-01
6.93982248e-01
1.43393845e-01
8.90672399e-01
9.09414626e-01
8.10309748e-01
136
-3.89601666e-01
3.74991464e-01
1.05134454e-02
6.07713997e-01
-1.30870886e-02
-7.09943706e-03
-3.60080313e-01
0.00000000e+00
0.00000000e+00
4.32935011e-01
5.46777713e-01
4.84900179e-01
0.00000000e+00
0.00000000e+00
0.00000000e+00
0.00000000e+00
0.00000000e+00
0.00000000e+00
0.00000000e+00
0.00000000e+00
-3.67502716e-01
-9.24926146e-02
3.50840794e-02
9.90062810e-02
2.23941959e-01
3.31286098e-01
-6.07233943e-01
0.00000000e+00
4.89072259e-01
5.21686131e-02
1.53082841e-01
-9.35902541e-02
-5.14499038e-01
1.33103148e-01
-5.35969632e-01
5.69843698e-01
-6.40355142e-01
-3.86123815e-01
-1.74536452e-01
-1.98718286e-01
-6.80745766e-01
3.57120731e-01
1.10460043e+00
0.00000000e+00
0.00000000e+00
0.00000000e+00
0.00000000e+00
4.09748838e-01
2.22512187e-01
2.76084099e-01
-4.96763675e-01
0.00000000e+00
1.30529149e+00
1.26669043e+00
1.34019387e-01
-9.07486947e-01
0.00000000e+00
3.90970050e-02
5.64771289e-01
9.91942738e-02
-6.38250899e-01
-4.21666388e-01
-1.42204378e+00
-7.34338247e-01
-3.86775533e-02
1.49516738e-01
0.00000000e+00
-3.31784390e-01
-1.96983954e-01
-4.76413985e-02
-3.33733973e-01
0.00000000e+00
-1.30051593e-01
3.31225228e-02
-7.41173188e-02
-2.46250671e-01
0.00000000e+00
-4.48991831e-01
1.76764265e-02
-1.18101769e-01
-2.09402580e-01
0.00000000e+00
-1.08030080e-02
-4.16680025e-01
7.31190125e-02
1.42455534e-01
1.21085615e+00
-3.00763082e-01
2.02879425e-01
0.00000000e+00
0.00000000e+00
0.00000000e+00
-1.05363494e-01
8.44497619e-01
-7.45871170e-01
-4.90277825e-02
-1.21344490e-01
-1.31269514e+00
-1.25709498e+00
-5.35399000e-01
1.76316673e+00
0.00000000e+00
-7.22680130e-01
1.22026313e+00
3.21951846e-02
1.98147398e+00
-1.00644878e+00
-1.73601964e-01
8.80383833e-02
-1.06159750e+00
1.35183192e+00
1.25369078e-02
-1.49170153e+00
0.00000000e+00
0.00000000e+00
0.00000000e+00
3.29408987e-01
1.16167193e+00
-1.09168492e+00
-1.96496230e-01
-2.79212994e+00
-2.46874203e-01
3.23693990e-01
-1.78653577e-01
3.09256714e-01
0.00000000e+00
-9.68031410e-02
2.95346710e-01
-5.13902471e-01
7.25170522e-01
1.49389760e-01
2.28458661e-01
3.07015976e-01
-4.49009299e-01
7.89715365e-02
1.65467459e-01
5 1
-8.7397e-01 3.5906e-01
8 0
1 0 3 2 8 7 13 10 
217
-5.58593221e-01
-4.24246447e-01
-1.72546660e-01
-2.54411701e-01
5.96301680e-03
-1.41159638e-01
-2.71329142e-01
-9.33818808e-01
-5.63160272e-01
-3.16588801e-01
4.68283325e-01
8.65848521e-01
0.00000000e+00
0.00000000e+00
9.08430423e-01
-9.46854798e-03
2.65685760e-01
6.15870183e-01
-2.59015545e-03
1.18735551e+00
1.14685949e+00
-9.36882302e-02
4.90049673e-01
0.00000000e+00
0.00000000e+00
0.00000000e+00
1.61986514e+00
1.17523447e+00
9.55246749e-01
0.00000000e+00
0.00000000e+00
0.00000000e+00
0.00000000e+00
0.00000000e+00
0.00000000e+00
0.00000000e+00
0.00000000e+00
-5.58584043e-01
-1.19952434e-01
1.45304771e-01
3.17093772e-01
4.07040419e-01
7.58922168e-01
-1.50839001e+00
0.00000000e+00
2.98167695e-01
1.25235748e-01
-4.67037968e-01
3.76398518e-01
-7.33359285e-02
-3.35748194e-01
-3.40740487e-01
0.00000000e+00
1.22446093e-01
-4.50180159e-01
-3.23454572e-01
0.00000000e+00
-3.23697843e-01
7.61612993e-01
9.08379057e-01
-1.43433095e-01
2.14995133e-02
-4.36631778e-01
0.00000000e+00
-3.59319267e-01
-5.03591746e-01
3.90277526e-01
5.32211442e-02
-5.89551480e-01
1.32483699e+00
0.00000000e+00
-4.36659639e-01
8.19867924e-01
3.94176188e-02
1.03937950e+00
-1.61351201e-01
1.17701006e+00
0.00000000e+00
-2.17291322e-01
-1.46888000e+00
1.62473446e-01
3.77202129e-01
-5.03775345e-01
7.90502784e-04
0.00000000e+00
-4.17251472e-01
3.56916043e-03
-1.65433189e-01
-7.19353415e-01
2.40914399e-02
9.13129865e-02
0.00000000e+00
3.03330335e-01
-1.49167726e-01
-1.98283751e-04
-2.19290165e-01
-8.61725272e-01
-2.01300419e-01
0.00000000e+00
-2.40608340e-01
-2.89735923e-01
1.01789985e-01
-2.71640987e-01
-4.19774866e-01
2.16834961e-01
0.00000000e+00
1.04367236e-01
-6.14923522e-02
-4.32142556e-01
4.03020991e-01
-2.30817901e-01
-2.60294258e-01
0.00000000e+00
-1.49166531e-01
-1.59873435e-02
-1.79633820e-01
-2.40068478e-01
-2.29792870e-01
-1.41755046e-02
6.89009014e-01
2.63396557e-01
1.35204041e-01
0.00000000e+00
0.00000000e+00
0.00000000e+00
-4.05079463e-01
1.05033620e+00
-5.06761315e-01
3.46405878e-01
-8.46475986e-04
-2.10344059e+00
-1.04317474e+00
-7.98301712e-01
2.19356264e+00
0.00000000e+00
-7.69019709e-01
9.79381125e-01
1.18472455e+00
1.54780255e+00
-1.03813857e+00
2.34158553e-01
2.58479918e-01
-3.74200090e-01
-1.18106526e-01
7.61412265e-01
-4.44529548e-01
0.00000000e+00
0.00000000e+00
0.00000000e+00
6.18772242e-01
5.48852116e-01
1.37060691e-01
-4.48342621e-01
-1.46916180e-03
7.31217954e-01
6.39100982e-01
6.96541773e-01
-9.18319560e-01
0.00000000e+00
1.02360498e+00
-6.12042564e-01
-1.90692123e+00
4.51615561e-01
1.24036503e+00
-2.79124870e-01
-1.04663707e+00
3.04861144e-01
-3.24732608e-02
1.83733732e-02
-1.71338190e+00
0.00000000e+00
0.00000000e+00
0.00000000e+00
1.04810832e+00
1.84949351e+00
1.79381693e-01
4.37001072e-01
-3.79556273e-01
2.54561781e-02
6.47960302e-01
7.99558887e-01
5.91306869e-01
0.00000000e+00
5.91624866e-01
8.50212684e-01
-3.52556070e-01
1.50729165e+00
5.00921517e-01
1.13553586e+00
8.85445721e-01
-1.05509082e+00
3.16341235e-01
7.14546281e-01
-7.25720279e-01
0.00000000e+00
0.00000000e+00
0.00000000e+00
5.91430434e-01
1.25670650e-02
-5.13608505e-01
4.97075867e-01
-1.50368843e-01
3.39571108e-01
1.05798253e+00
9.22764626e-02
9.41998818e-01
0.00000000e+00
2.36159614e-01
4.13563912e-01
-6.08164405e-01
3.89214054e-01
6.16437235e-01
3.63272002e-01
2.03339357e-01
-5.14038210e-01
9.76576139e-01
1.72212829e-02
136
-5.24958611e-01
1.08895436e+00
-7.46072954e-03
9.24220432e-01
-1.12578456e-02
4.69636655e-01
-1.03350623e-01
0.00000000e+00
0.00000000e+00
1.58198176e+00
1.00532975e+00
8.62140780e-01
0.00000000e+00
0.00000000e+00
0.00000000e+00
0.00000000e+00
0.00000000e+00
0.00000000e+00
0.00000000e+00
0.00000000e+00
-1.05170911e-02
-1.06013180e-01
-1.18190763e-01
-1.19639351e-01
8.15643817e-02
8.15070026e-02
-2.31425540e-01
0.00000000e+00
2.01238809e-01
-1.43356824e-01
4.08219878e-01
-2.06050685e-01
-4.66004330e-01
4.06191441e-01
-4.79766784e-02
4.59462871e-01
-4.27718428e-01
-4.27356152e-01
2.20535181e-01
-4.69482739e-01
-6.77685103e-01
1.68826665e-01
5.93634784e-01
0.00000000e+00
0.00000000e+00
0.00000000e+00
0.00000000e+00
-3.29202725e-01
-1.67695196e-01
1.58254705e-01
-4.68007737e-01
0.00000000e+00
2.41889065e+00
1.44380477e+00
2.62584918e-01
0.00000000e+00
0.00000000e+00
1.73588035e-01
4.99120980e-01
1.17227327e-01
-5.41111184e-01
-5.66812193e-01
-1.56660853e+00
-6.59688792e-01
-9.82086395e-02
-3.97881405e-02
0.00000000e+00
-2.50881852e-01
-4.46687188e-02
-3.64304193e-02
-2.84930707e-01
0.00000000e+00
4.71087311e-02
1.07558413e-01
-5.61395089e-03
-2.32847024e-01
0.00000000e+00
-7.95292469e-01
-5.27835456e-02
-1.83788959e-01
-1.44683879e-01
0.00000000e+00
-3.97217273e-02
-2.94293649e-01
5.80002397e-02
1.99556641e-01
7.42822071e-01
-5.06293614e-01
-2.06804113e-02
0.00000000e+00
0.00000000e+00
0.00000000e+00
7.31413162e-04
7.77412268e-01
-7.81113486e-01
-1.94514007e-01
1.15708734e-01
-1.50927907e+00
-1.20898415e+00
-4.09963794e-01
1.74116020e+00
0.00000000e+00
-1.23059221e+00
1.42456188e+00
4.77395989e-02
1.79717740e+00
-8.09347895e-01
1.32479626e-01
4.93829365e-01
-1.65475237e+00
1.08404402e+00
1.63022077e-01
-1.63531987e+00
0.00000000e+00
0.00000000e+00
0.00000000e+00
3.97212525e-01
1.11019917e+00
-1.16464575e+00
-3.21616429e-01
-2.60233805e+00
-2.32951396e-01
9.30038110e-02
2.54843067e-02
2.97703599e-01
0.00000000e+00
1.26413271e-01
3.72973736e-02
-6.62400286e-01
8.24337292e-01
2.01306769e-01
2.57829691e-01
1.84397310e-01
-5.51128321e-01
4.85899958e-02
2.95985246e-01
12 1
-1.0881e+00 3.8544e-01
8 1
1 0 3 2 8 7 13 10 
217
-1.79718153e+00
-1.76046777e-01
5.14357403e-01
-3.39235210e-03
1.05935386e+00
-1.59323812e+00
-6.55998907e-01
-9.29436896e-01
-1.54160407e+00
6.92038086e-01
-3.75406554e-01
5.02110402e-01
-2.83525854e-01
-1.31685207e-01
3.30122359e-01
1.30577220e-01
4.15753846e-01
3.20308705e+00
4.50663352e-03
1.12496522e+00
4.55987111e+00
-3.37628933e-02
8.98300460e-01
0.00000000e+00
0.00000000e+00
0.00000000e+00
2.61654653e+00
1.46347226e+00
1.62704263e+00
0.00000000e+00
0.00000000e+00
0.00000000e+00
0.00000000e+00
0.00000000e+00
0.00000000e+00
0.00000000e+00
0.00000000e+00
-2.85772635e-01
-4.41318849e-01
-2.45693978e-01
-1.46284720e-01
-3.86134216e-01
-1.00937225e-01
-1.85952060e-01
0.00000000e+00
-6.78253038e-01
-3.93616663e-01
5.70227343e-01
-3.33874744e-01
-3.11006359e-01
-1.05633019e-01
5.11605192e-02
0.00000000e+00
-7.47386746e-01
-8.06290851e-01
1.58076270e-01
5.28838694e-01
-6.37219288e-01
-8.75392051e-01
1.11577789e+00
-2.99210457e-01
1.35198947e-02
-1.50640312e+00
0.00000000e+00
-1.31855812e+00
-2.09752728e-01
-7.06411483e-02
-3.96174176e-01
-4.07982262e-01
1.26324487e+00
-2.35897269e-01
-1.27559369e+00
0.00000000e+00
5.77429384e-02
9.70431241e-01
-3.43433501e-01
1.44920290e+00
0.00000000e+00
-1.22983317e+00
-3.78168381e-01
2.54360521e-02
4.31153328e-02
-5.92784412e-01
1.09911541e-01
0.00000000e+00
-1.20677436e+00
2.74844689e-02
1.91856887e-01
-8.48617730e-01
-7.82264057e-01
-4.44497568e-01
0.00000000e+00
-7.92299425e-01
-2.71472788e-01
-5.47575911e-01
-6.18480519e-01
-4.57306190e-01
1.10760901e+00
0.00000000e+00
-4.66343385e-01
-1.33090731e-01
-7.08603409e-01
9.24830157e-02
-6.22234732e-01
1.46683499e-02
0.00000000e+00
-6.37357794e-01
-5.23059959e-01
-5.96412994e-01
-1.38054188e-01
-5.63410737e-01
4.57900113e-02
0.00000000e+00
-8.27542227e-01
4.98447058e-01
-3.27673458e-01
-1.24386382e+00
-6.41965841e-01
-7.55918815e-02
2.44753855e+00
-6.87589067e-01
7.19151160e-02
0.00000000e+00
0.00000000e+00
0.00000000e+00
-2.74821949e-01
1.90833702e+00
2.90677449e-01
-3.13937801e-01
-1.41562961e-03
4.24929865e-01
2.72050998e-01
-1.15635042e+00
2.55234592e+00
0.00000000e+00
-3.90091386e-01
1.60804869e+00
1.23967966e-01
1.73060824e+00
-2.13040755e-01
-7.33039400e-01
-1.36198085e+00
-2.16296389e-01
-6.20164900e-01
1.72002823e-01
-4.14842040e-02
0.00000000e+00
0.00000000e+00
0.00000000e+00
2.39650476e-01
3.33155025e-01
-9.53437456e-01
6.01946001e-01
-1.01617519e-03
-8.30233426e-01
2.33052437e-01
9.34786978e-01
-5.48443793e-01
0.00000000e+00
7.96611624e-02
-7.06249420e-02
-8.75618773e-02
6.18169515e-01
-9.93994086e-02
6.34887068e-01
1.77660414e+00
-1.46030757e-01
-3.21154163e-01
-1.41928917e-02
-1.95400492e+00
0.00000000e+00
0.00000000e+00
0.00000000e+00
6.17563952e-01
1.42230227e+00
-1.17609502e+00
2.93788959e-01
-6.39686169e-02
-2.92302988e-01
1.30763935e+00
-9.40622637e-01
4.12303353e-01
0.00000000e+00
-8.07465889e-01
9.90732582e-01
6.62145950e-01
2.01167315e-01
1.23949447e+00
-3.05476124e-01
1.21887786e+00
-3.97022678e-01
2.93875749e-01
7.83645952e-02
-4.04949119e-01
0.00000000e+00
0.00000000e+00
0.00000000e+00
7.60839851e-02
6.33183665e-03
5.98147567e-01
5.21050944e-01
-8.47968798e-02
5.40791125e-01
-1.70388911e-01
6.84585432e-01
7.39635745e-01
0.00000000e+00
1.22344547e+00
-2.26863013e-01
4.37099416e-01
8.87217506e-01
7.49647777e-02
3.96246687e-01
-8.00672525e-03
3.77975126e-01
5.06909455e-01
9.78954993e-01
136
-8.08959649e-01
7.26015236e-01
1.14668561e-01
3.75105545e+00
2.52710841e-03
3.95353386e+00
-1.20557994e-02
0.00000000e+00
0.00000000e+00
2.61810972e+00
1.89199743e+00
1.81227109e+00
0.00000000e+00
0.00000000e+00
0.00000000e+00
0.00000000e+00
0.00000000e+00
0.00000000e+00
0.00000000e+00
0.00000000e+00
-4.47217334e-02
-1.42920229e-01
-1.55357064e-01
-1.96547547e-01
-7.31756749e-02
-9.74745047e-03
-1.65900227e-01
0.00000000e+00
2.76822707e-01
-8.62553898e-02
1.21962934e-01
-8.37994343e-02
-3.81372062e-01
1.17370606e-01
-3.60896051e-01
4.52458902e-01
-2.88501881e-01
-4.57438216e-01
-8.28007613e-02
-2.41234672e-01
-5.43428466e-01
5.24407571e-01
2.57626159e-01
0.00000000e+00
0.00000000e+00
0.00000000e+00
0.00000000e+00
1.91627772e-01
1.16861873e-01
1.74395993e-01
-3.90799083e-01
-2.67673056e-01
-5.75263445e-01
8.82397802e-01
-1.64023790e-01
-9.44906212e-01
0.00000000e+00
-9.76333003e-02
4.43567439e-01
9.02291187e-02
-8.61448359e-01
-1.17514441e+00
-1.25239506e+00
-5.29591608e-01
-7.18279243e-02
2.71309507e-02
0.00000000e+00
-7.11066173e-01
-2.10469288e-01
-1.22677095e-01
-2.09983175e-01
0.00000000e+00
-2.44449178e-01
1.12866530e-01
-5.57309719e-02
-2.02092282e-01
0.00000000e+00
-1.08305983e+00
-1.20764314e-01
-2.48581035e-01
-7.77762920e-02
0.00000000e+00
-1.99146595e-01
-3.64628728e-01
3.60594432e-02
1.52881853e-01
3.48925302e-01
-4.64334308e-01
-1.92890026e-01
0.00000000e+00
0.00000000e+00
0.00000000e+00
3.80799923e-02
1.20635559e+00
-7.99824558e-01
-2.47148066e-01
-7.23723635e-01
-1.61957737e+00
-1.30084696e+00
-3.67728272e-01
1.75294749e+00
0.00000000e+00
-1.20168972e+00
1.45533599e+00
-3.34279850e-02
1.74727723e+00
-7.87818928e-01
2.03248835e-01
5.81360009e-01
-1.32005975e+00
7.83274236e-01
4.41075842e-01
-1.67924356e+00
0.00000000e+00
0.00000000e+00
0.00000000e+00
5.47096900e-01
1.16533124e+00
-1.08686260e+00
-3.19032047e-01
-2.40979549e+00
-3.98697958e-01
2.03314364e-01
8.19381598e-02
3.20317876e-01
0.00000000e+00
6.97643801e-02
1.82977718e-01
-1.05875682e+00
7.72045791e-01
1.25021959e-01
4.51011272e-01
1.24880259e-01
-6.04771618e-01
-4.70300146e-02
2.02003071e-01
9 1
-1.1336e+00 4.0302e-01
8 0
1 0 3 2 8 7 13 10 
217
-1.36385230e+00
-8.58338797e-01
3.60860728e-01
1.53561344e-01
6.47716277e-01
8.96138910e-02
7.80959264e-01
1.55669886e-01
-3.91375917e-02
9.45746874e-01
0.00000000e+00
0.00000000e+00
0.00000000e+00
0.00000000e+00
1.76157258e+00
-4.07918196e-03
2.23294243e-01
1.34098798e+00
-2.85675449e-03
8.35276905e-01
1.89488675e+00
-1.32976396e-01
9.75048766e-01
0.00000000e+00
0.00000000e+00
0.00000000e+00
2.35012942e+00
2.00847621e+00
1.95765519e+00
0.00000000e+00
0.00000000e+00
0.00000000e+00
0.00000000e+00
0.00000000e+00
0.00000000e+00
0.00000000e+00
0.00000000e+00
-3.12799161e-01
-1.93685306e-01
-1.59200599e-01
-1.54806082e-01
-2.67060631e-04
-1.09487440e-01
-4.27441473e-01
0.00000000e+00
-4.34909480e-02
1.17542013e-01
-2.25894928e-01
1.02665231e-01
-2.50948929e-01
-1.24582910e-01
-2.37488601e-01
0.00000000e+00
-5.55500819e-01
-6.75804325e-01
1.81031122e-01
-7.42954695e-01
4.00662854e-01
-3.29692506e-01
6.74695383e-01
-2.33160768e-01
-3.87033984e-01
-7.37492369e-01
0.00000000e+00
-1.30691743e+00
-7.95370585e-01
3.65585744e-01
-5.24292710e-01
-4.22520611e-01
1.41162165e+00
0.00000000e+00
-7.43657546e-01
-9.59974474e-01
-2.25053719e-01
9.61319738e-01
-3.95141033e-01
3.16432252e-01
0.00000000e+00
-8.56208124e-01
-1.00000318e+00
-3.43114747e-01
6.79374225e-01
-1.64529427e-01
2.00011466e+00
0.00000000e+00
-6.68473110e-01
2.75015383e-02
1.66043653e-02
-5.90735529e-01
-7.11983553e-01
-4.59839945e-01
0.00000000e+00
-7.55031871e-01
3.21484948e-01
-7.28926695e-01
-3.12862622e-01
1.20106268e-01
-4.05760334e-01
0.00000000e+00
-3.13716714e-01
-2.22654870e-01
-5.53007229e-01
3.13342131e-01
-4.97128354e-01
-1.68311794e-01
0.00000000e+00
-4.22556583e-01
4.08710008e-03
-7.15958631e-02
2.31424218e-02
-8.69699851e-01
-6.30597551e-01
0.00000000e+00
-4.35683566e-01
8.81445722e-02
-3.64365537e-01
-2.97721847e-01
-5.63803194e-01
-3.70859984e-01
1.49222424e+00
3.89125773e-02
1.20498374e+00
0.00000000e+00
0.00000000e+00
0.00000000e+00
5.31879387e-02
1.31873557e+00
-1.67526419e+00
-8.30948766e-02
-3.51776651e-04
-1.22682006e+00
-1.42850549e+00
1.96387426e-01
3.52143014e+00
0.00000000e+00
-1.84561798e+00
7.15430393e-01
-9.09096262e-01
2.39178793e+00
-1.78491137e+00
1.19636019e-01
-2.62064723e-01
-1.60348543e+00
-1.15508483e-02
1.92099388e-01
-8.20975481e-01
0.00000000e+00
0.00000000e+00
0.00000000e+00
-1.06427178e+00
-1.66806949e-02
1.21691036e-02
1.46091341e-01
-6.72353970e-04
-1.28787306e+00
1.56721128e+00
-1.30375112e+00
-3.47735492e+00
0.00000000e+00
1.84455589e+00
-5.49192857e-01
9.80259052e-01
3.18687105e-01
7.75629526e-01
3.79797669e-01
-4.16145434e-01
1.35296962e+00
-1.36162886e-02
-2.67888293e-01
-1.91762605e+00
0.00000000e+00
0.00000000e+00
0.00000000e+00
1.03149935e+00
1.86669295e+00
-2.37874250e-01
7.47192678e-01
-2.26221248e-01
3.12655667e-01
1.31666824e+00
4.71518534e-01
5.11563091e-01
0.00000000e+00
5.93605910e-01
8.14710728e-01
-8.40091785e-01
1.91578936e+00
1.08657383e+00
1.13942321e+00
1.51941486e+00
-5.77446324e-02
8.47404766e-01
7.77233548e-01
-1.09970217e+00
0.00000000e+00
0.00000000e+00
0.00000000e+00
7.75402739e-01
6.30841853e-01
-4.58586033e-01
6.58504214e-01
-8.15879235e-02
7.55044725e-01
1.02693811e+00
6.80563735e-01
1.37961196e+00
0.00000000e+00
7.56400479e-01
6.87983537e-01
-6.39619920e-01
8.80842845e-03
-4.75647985e-01
5.73829790e-01
-1.57223729e-01
-6.39367801e-01
6.27922783e-01
4.65868513e-01
136
-5.09074767e-01
1.09645869e+00
-5.29658250e-03
1.09043030e+00
-1.06209752e-02
5.63305824e-01
-1.12602976e-01
0.00000000e+00
0.00000000e+00
1.73856900e+00
1.21879472e+00
1.15303886e+00
0.00000000e+00
0.00000000e+00
0.00000000e+00
0.00000000e+00
0.00000000e+00
0.00000000e+00
0.00000000e+00
0.00000000e+00
-1.28479922e-01
-9.20935931e-02
-9.12998962e-02
-9.68234265e-02
7.22988650e-02
1.92360519e-01
-3.04351043e-01
0.00000000e+00
2.06890517e-01
-2.01929591e-02
2.49686518e-01
-6.55132283e-02
-5.53733519e-01
3.98649753e-01
-2.27785326e-01
2.84991782e-01
-3.21275933e-01
-1.84128082e-01
-5.55071461e-03
-3.75713094e-01
-7.92347761e-01
5.47216047e-01
4.30024495e-01
0.00000000e+00
0.00000000e+00
0.00000000e+00
0.00000000e+00
5.05016958e-01
1.80380604e-01
2.65547920e-01
-3.89021785e-01
0.00000000e+00
2.18689546e+00
1.24580743e+00
1.49782592e-01
-9.54528794e-01
0.00000000e+00
1.30127867e-01
5.04424773e-01
1.11719484e-01
-4.04047884e-01
-3.73684238e-01
-1.72859973e+00
-6.69238593e-01
-1.44508287e-01
-4.05655890e-02
0.00000000e+00
-4.80184676e-01
-1.43737885e-01
-9.87193392e-02
-3.26956901e-01
0.00000000e+00
-1.44066373e-01
8.92452974e-02
-4.75276491e-02
-1.68428110e-01
0.00000000e+00
-8.64452970e-01
-4.64202490e-02
-2.15943020e-01
-1.40811719e-01
0.00000000e+00
-1.83062482e-01
-3.42864148e-01
4.32232078e-02
1.72364865e-01
7.66648291e-01
-5.18576550e-01
2.04334635e-02
0.00000000e+00
0.00000000e+00
0.00000000e+00
-3.52144841e-02
8.71085608e-01
-5.84147380e-01
-5.89128501e-01
1.46994320e-01
-1.42481381e+00
-1.23923063e+00
-3.73934334e-01
1.89299280e+00
0.00000000e+00
-1.12283005e+00
1.50069878e+00
-3.12706453e-02
1.75773617e+00
-8.45548792e-01
5.50769755e-02
5.57780440e-01
-1.80411113e+00
1.03756324e+00
2.50734880e-01
-1.66783240e+00
0.00000000e+00
0.00000000e+00
0.00000000e+00
4.22577845e-01
1.12841962e+00
-1.17599263e+00
-3.24189455e-01
-2.56381041e+00
-4.30401713e-01
1.24144039e-01
9.06704106e-02
4.40163040e-01
0.00000000e+00
7.53251147e-02
1.50040568e-01
-6.74418765e-01
7.11219281e-01
2.30930015e-01
2.75869782e-01
2.35475349e-01
-6.16543977e-01
-2.31676382e-02
2.55857125e-01
