0 7 -999999999 -1 -1
1 1 0 -1 -1
0.3065 -0.07247
356
5.94792629e-01
5.67738778e-01
2.70538510e-02
3.04106835e-01
-1.78025260e-01
-6.08415738e-01
5.11616179e-01
0.00000000e+00
0.00000000e+00
7.66541232e-01
2.06740225e-01
-2.48738593e-01
1.38450732e-01
9.97022671e-02
7.53003966e-02
1.29104172e-01
0.00000000e+00
0.00000000e+00
0.00000000e+00
0.00000000e+00
0.00000000e+00
0.00000000e+00
0.00000000e+00
0.00000000e+00
0.00000000e+00
0.00000000e+00
0.00000000e+00
0.00000000e+00
0.00000000e+00
0.00000000e+00
0.00000000e+00
0.00000000e+00
0.00000000e+00
0.00000000e+00
0.00000000e+00
0.00000000e+00
0.00000000e+00
0.00000000e+00
0.00000000e+00
0.00000000e+00
0.00000000e+00
0.00000000e+00
0.00000000e+00
0.00000000e+00
0.00000000e+00
0.00000000e+00
0.00000000e+00
0.00000000e+00
0.00000000e+00
0.00000000e+00
0.00000000e+00
-2.82637233e-01
-3.06884192e-01
-1.44642418e+00
0.00000000e+00
0.00000000e+00
0.00000000e+00
0.00000000e+00
-2.47046197e-01
4.32496966e-01
2.52864999e-01
8.77609409e-01
1.13991521e+00
-2.49402491e-01
7.74477743e-01
-1.65972243e+00
-1.32541912e+00
-6.63802933e-01
0.00000000e+00
0.00000000e+00
0.00000000e+00
-1.93890407e-02
-6.06055260e-03
-7.07277249e-02
-4.67323528e-02
4.80643693e-03
-8.20777348e-01
7.18703628e-01
-2.04850517e-03
-7.62865055e-01
0.00000000e+00
0.00000000e+00
2.32301586e-01
4.38522012e-01
1.13078034e-02
-3.94065416e-01
-5.96885667e-02
3.66415210e-01
0.00000000e+00
0.00000000e+00
-5.56707127e-01
-4.46942857e-02
-2.31118634e-01
-2.54360112e-02
-5.29466434e-02
-9.49323963e-02
7.14553779e-03
3.41012636e-02
8.51849687e-02
9.04257427e-02
-4.14361021e-01
-3.70494117e-01
0.00000000e+00
0.00000000e+00
2.92961047e+00
2.02637055e+00
0.00000000e+00
0.00000000e+00
0.00000000e+00
0.00000000e+00
0.00000000e+00
0.00000000e+00
4.54411608e-01
-1.56714278e-01
-3.22975217e-02
-3.14642384e-01
-6.33366533e-01
-1.65213371e+00
0.00000000e+00
0.00000000e+00
0.00000000e+00
0.00000000e+00
0.00000000e+00
0.00000000e+00
3.28916141e-01
-8.86583980e-02
-1.16871834e-01
-3.58934605e-01
-3.91532980e-01
-8.03078895e-01
3.53759909e+00
3.63193637e+00
3.43488692e+00
3.45584478e+00
3.71042152e+00
3.48384890e+00
2.62998834e-01
1.86468586e-01
3.49461331e-01
3.31690894e-01
4.73843300e-01
-2.07783759e-01
4.64288838e-01
-3.21747759e-02
1.61527993e-01
2.59423866e-02
6.66208616e-03
-1.54328868e-01
0.00000000e+00
0.00000000e+00
0.00000000e+00
0.00000000e+00
0.00000000e+00
0.00000000e+00
0.00000000e+00
0.00000000e+00
5.96285004e-01
2.84702279e-01
-1.38100614e+00
0.00000000e+00
-3.88730050e-01
-5.73193012e-01
-5.65081653e-01
-8.58384906e-01
-9.53811703e-01
0.00000000e+00
0.00000000e+00
0.00000000e+00
2.72558976e-01
1.38440269e+00
-3.50595856e-01
-2.79277240e-01
-1.66112402e+00
2.66541047e-01
4.43707868e-01
9.88808917e-01
2.85146614e-01
0.00000000e+00
-4.57659890e-02
-8.97568017e-01
-1.55981664e+00
-8.33754894e-03
3.99098676e-01
9.24805168e-01
3.25540910e-01
-1.80896449e+00
-6.05799001e-01
9.72826240e-01
4.11309900e-01
0.00000000e+00
0.00000000e+00
0.00000000e+00
1.72369583e-02
-2.76950512e-01
1.05169415e-01
2.74025161e-01
2.29557394e-01
6.62359864e-02
9.65733909e-02
-1.12483678e-01
-3.41511125e-01
0.00000000e+00
-2.25180627e-02
7.50815327e-02
2.12690236e-01
1.04460688e-01
-3.13485059e-02
-2.32906099e-02
-5.33243873e-02
2.01830162e-01
4.31918920e-02
-1.53316035e-01
-5.61101477e-01
-1.31596819e-01
-1.31859636e-01
-4.24160735e-01
-2.73733152e-01
4.56301381e-01
2.72550923e-02
-6.15153292e-01
-1.07623399e-02
0.00000000e+00
0.00000000e+00
0.00000000e+00
-1.11999229e-01
1.73887506e-01
-2.26457213e-01
-2.12677019e-01
-2.05364750e-01
5.06495111e-02
-1.26893240e-01
3.03894117e-01
3.01894049e-01
0.00000000e+00
-2.38081352e-01
-2.87899488e-02
-1.77980783e-01
-2.20087325e-02
6.24912015e-02
6.27728052e-02
1.08113867e-01
8.92408888e-02
1.16460375e-01
7.00856058e-02
-4.29504657e-01
1.38308451e-01
5.87935790e-01
3.95305653e-01
-3.92710226e-01
-2.57133230e-01
-7.64302281e-01
-7.91060943e-01
-2.42173883e-01
3.47034161e-01
-6.42228597e-03
-5.97745105e-01
-1.35576995e-01
1.94923622e-02
7.60574200e-02
4.91439441e-01
-1.43157792e+00
0.00000000e+00
0.00000000e+00
0.00000000e+00
-3.29069957e-01
1.35901640e+00
-4.97508394e-01
2.67308418e-02
-1.01100968e+00
1.27857156e-01
6.19490874e-01
2.00470326e-01
2.34034064e-01
0.00000000e+00
-1.57924625e-01
-5.11120613e-01
-9.42027866e-01
4.87717460e-01
-1.37437764e+00
5.54424283e-01
3.05196691e-01
-9.82827648e-01
1.03162252e-01
3.56188150e-01
4.14555388e-01
0.00000000e+00
0.00000000e+00
0.00000000e+00
4.87204288e-02
-2.09967843e-01
2.07077980e-01
1.79591502e-01
2.14073735e-01
1.71798875e-01
8.90928261e-02
-2.18667062e-01
-7.82481820e-04
0.00000000e+00
-2.12118210e-02
1.17515247e-01
1.76752776e-01
1.53947855e-01
-3.66670721e-01
-1.16110940e-01
-9.89916992e-02
4.12589741e-02
9.69251359e-02
-4.97973791e-02
-7.43230560e-01
-2.29962112e-01
0.00000000e+00
0.00000000e+00
-2.42972263e-01
3.71670248e-01
1.05959731e-02
-6.12228333e-01
-1.95140708e-01
0.00000000e+00
0.00000000e+00
0.00000000e+00
-6.00533409e-02
9.72768061e-03
-4.74520629e-02
-2.53546110e-02
1.51719242e-01
-1.40522570e-01
4.04377375e-02
-2.55721369e-01
-4.70644052e-02
0.00000000e+00
2.61861008e-01
2.51124272e-02
6.66407906e-02
9.11969620e-02
1.55189742e-01
-4.69562398e-02
-8.23743674e-02
-1.40831664e-01
3.15284685e-03
-1.53848515e-01
-5.13268448e-01
0.00000000e+00
0.00000000e+00
-1.96377143e-02
-6.88347358e-01
-3.43230900e-01
0.00000000e+00
4.98576625e-01
-1.97655407e-01
2.39826987e-01
-9.41152277e-02
-4.88942660e-01
-3.45116458e-01
0.00000000e+00
3.70902530e-01
-1.51044856e-01
247
2.26357939e-01
2.26357939e-01
0.00000000e+00
9.41809257e-01
-7.15451318e-01
-3.61094201e-01
-8.32448671e-01
5.77832652e-01
0.00000000e+00
0.00000000e+00
-4.06083932e-01
1.04589375e-01
-1.75482162e-01
1.10053748e-01
0.00000000e+00
0.00000000e+00
0.00000000e+00
0.00000000e+00
0.00000000e+00
0.00000000e+00
0.00000000e+00
0.00000000e+00
0.00000000e+00
0.00000000e+00
0.00000000e+00
0.00000000e+00
0.00000000e+00
0.00000000e+00
0.00000000e+00
0.00000000e+00
0.00000000e+00
0.00000000e+00
0.00000000e+00
0.00000000e+00
0.00000000e+00
0.00000000e+00
0.00000000e+00
0.00000000e+00
0.00000000e+00
0.00000000e+00
0.00000000e+00
-8.83158331e-04
1.44145979e-02
-8.67283328e-02
-6.85317561e-04
1.46440169e-01
-2.52027263e-03
1.67529261e-01
-4.26223779e-03
0.00000000e+00
0.00000000e+00
3.80711624e-01
6.28551568e-02
4.35465407e-01
-7.27444166e-01
3.10929954e-01
-2.36160037e-01
0.00000000e+00
0.00000000e+00
2.83423643e+00
1.63720730e+00
0.00000000e+00
0.00000000e+00
0.00000000e+00
0.00000000e+00
0.00000000e+00
0.00000000e+00
3.89350279e-01
2.69937383e-03
-4.47391537e-02
-4.35742488e-01
-8.26311795e-01
-1.69313471e+00
0.00000000e+00
0.00000000e+00
0.00000000e+00
0.00000000e+00
0.00000000e+00
0.00000000e+00
1.43796096e-01
-2.02906291e-01
-3.07884218e-01
-2.72941727e-01
-3.40030392e-01
-4.23285128e-01
3.28684200e+00
3.18720535e+00
3.11118691e+00
3.04828891e+00
3.27855681e+00
3.11925582e+00
6.49190007e-01
1.80436609e-01
3.94073983e-01
3.18690217e-01
3.03620622e-01
-1.30223444e-01
5.21488602e-01
2.14065687e-01
4.56459270e-01
3.66470216e-01
4.79123227e-01
9.55074879e-02
0.00000000e+00
0.00000000e+00
0.00000000e+00
0.00000000e+00
2.33955641e-01
-1.18640065e-01
-1.87598668e+00
0.00000000e+00
-2.73029769e-01
-4.58862040e-01
-5.57220438e-01
-8.53628925e-01
-7.31891809e-01
0.00000000e+00
0.00000000e+00
0.00000000e+00
1.82620549e-01
1.03097443e+00
-1.80924707e-01
-4.95988322e-02
-1.48606254e+00
2.26097661e-01
3.06278082e-01
6.56938367e-01
-2.38898216e-01
0.00000000e+00
-1.18437796e-01
-8.66828718e-01
-9.87171598e-01
8.89177574e-02
5.16467384e-01
6.59831734e-01
6.10023816e-01
-1.39502698e+00
-3.11116827e-01
6.24024621e-01
-4.46287688e-01
-7.13288395e-02
0.00000000e+00
-9.85205571e-01
-1.20984998e+00
-1.63374346e-01
0.00000000e+00
0.00000000e+00
0.00000000e+00
2.75280774e-01
1.53468522e-01
1.96294215e-02
4.60141377e-02
1.54099827e-01
-3.44888964e-03
8.89814176e-02
-1.16470283e-01
-7.37294159e-02
0.00000000e+00
2.37313652e-01
4.29848576e-01
-3.73442838e-02
1.80988078e-01
-1.03496489e+00
-4.74034183e-02
-2.96487447e-01
-1.01829457e-01
-9.85384930e-02
6.12178235e-02
-3.74958848e-01
2.09216726e-01
7.15225751e-01
4.39996959e-01
-2.85604121e-01
-2.01700929e-01
-7.84426321e-01
-1.19368532e+00
-6.41616040e-01
-8.39031921e-02
-1.46715203e-01
1.18347501e-01
3.83158734e-01
-1.41084936e+00
0.00000000e+00
0.00000000e+00
0.00000000e+00
-2.42057303e-01
9.66352726e-01
-1.59410477e-01
-1.60596259e-03
-2.08676104e+00
5.74777479e-01
7.50188002e-01
-1.32806081e-01
4.08701599e-01
0.00000000e+00
9.05241080e-02
-6.16220858e-01
-8.79529275e-01
4.38250020e-01
-9.04789789e-01
4.12266030e-01
3.70317021e-01
-8.34766410e-01
6.49419191e-03
4.29226660e-01
-6.48493358e-01
-1.68233759e-01
0.00000000e+00
0.00000000e+00
-2.95469131e-01
-2.45018814e-01
0.00000000e+00
0.00000000e+00
0.00000000e+00
1.06130827e-01
9.55711113e-02
4.20830346e-02
1.15345158e-01
0.00000000e+00
2.36682613e-02
2.68410399e-01
3.40822865e-01
1.37903990e-01
0.00000000e+00
-8.42530835e-02
-9.22740164e-02
-1.76411880e-01
2.28954481e-01
1.13477259e-01
6.37409403e-02
-4.94017019e-02
-9.40814833e-02
6.21161487e-02
1.48560048e-01
-4.80259599e-01
0.00000000e+00
0.00000000e+00
5.08132128e-02
-7.62356004e-01
-3.88986679e-01
0.00000000e+00
2.11056205e-01
1.39297593e-01
-3.73369326e-01
0.00000000e+00
1.10507649e-01
7.16321832e-03
1 -999999999 5 0 -1
1 0 1 1 -1
2.6443e-01 4.8665e-01
356
4.81310342e-01
0.00000000e+00
0.00000000e+00
0.00000000e+00
0.00000000e+00
0.00000000e+00
0.00000000e+00
0.00000000e+00
0.00000000e+00
0.00000000e+00
0.00000000e+00
0.00000000e+00
0.00000000e+00
0.00000000e+00
0.00000000e+00
0.00000000e+00
4.57534654e-01
2.37756877e-02
-2.64734517e-01
-1.43317270e-01
-3.37626885e-01
-2.01817733e-01
0.00000000e+00
0.00000000e+00
2.61863251e-02
-4.67775744e-01
6.92304067e-02
1.72442575e-01
-1.73759847e-01
-1.17718899e-01
2.67442276e-02
4.61228951e-01
2.00813907e-02
-9.36363665e-01
-2.05152105e-01
-4.15198211e-02
-4.71313242e-01
8.89327137e-01
-1.01507170e+00
5.08265479e-01
4.61730311e-01
0.00000000e+00
0.00000000e+00
0.00000000e+00
0.00000000e+00
0.00000000e+00
0.00000000e+00
0.00000000e+00
0.00000000e+00
0.00000000e+00
0.00000000e+00
4.72647217e-03
-5.12772319e-01
-5.46118642e-01
0.00000000e+00
0.00000000e+00
0.00000000e+00
0.00000000e+00
-8.30195853e-01
1.80398234e+00
1.00106110e+00
2.44819965e-01
1.21331916e+00
-8.17121355e-01
4.69346073e-01
-1.67415497e+00
-1.37222014e+00
1.34475433e-02
-2.58461347e-02
1.52674650e-03
-3.17525166e-02
1.10326657e-01
-1.04909010e-02
-1.08754558e-01
-1.48465848e-02
-2.83370848e-03
-2.66548295e-01
4.11676404e-01
-1.68998374e-04
-6.75114017e-01
0.00000000e+00
0.00000000e+00
-2.01708672e-01
-2.65610112e-01
-4.92114784e-02
5.88501355e-02
4.81573998e-01
4.57416471e-01
0.00000000e+00
0.00000000e+00
3.91071141e-01
-2.53160228e-01
-3.86252262e-02
-6.73468893e-02
-1.82380262e-02
1.51616248e-01
1.17285844e-01
7.80398714e-03
1.10367927e-01
3.82783799e-02
-3.73379590e-01
-3.36555065e-01
0.00000000e+00
0.00000000e+00
1.74264198e+00
2.55088596e+00
0.00000000e+00
0.00000000e+00
0.00000000e+00
0.00000000e+00
0.00000000e+00
0.00000000e+00
3.99793078e-01
-2.17469299e-01
2.65860837e-01
9.74024120e-02
-2.47716537e-01
-1.55920213e+00
0.00000000e+00
0.00000000e+00
0.00000000e+00
0.00000000e+00
0.00000000e+00
0.00000000e+00
1.91399083e-01
-1.19210183e-01
-3.28995364e-01
-4.14711270e-01
-4.01334441e-01
-9.95813944e-01
4.23730169e+00
4.22906149e+00
4.02801280e+00
4.04295607e+00
4.24751285e+00
3.98600714e+00
1.68491785e-01
2.77229045e-01
2.38841856e-01
1.48967709e-01
9.55452608e-02
-3.37109920e-01
-5.16095264e-03
6.10016139e-03
1.37073308e-01
3.68124209e-02
1.63488018e-01
-6.10795387e-02
0.00000000e+00
0.00000000e+00
0.00000000e+00
0.00000000e+00
0.00000000e+00
0.00000000e+00
0.00000000e+00
0.00000000e+00
4.82219842e-01
5.32558465e-02
0.00000000e+00
-1.03085693e+00
-5.21848377e-01
-4.72413022e-01
-7.39483261e-01
-5.66305663e-01
-1.26133164e+00
0.00000000e+00
0.00000000e+00
0.00000000e+00
1.32852361e-01
1.50038458e+00
-7.36169808e-01
2.68482163e-01
-3.86273924e-01
-6.54784892e-02
5.77411434e-01
9.60484935e-01
-4.17917395e-01
0.00000000e+00
-1.96582868e-01
-1.44712874e+00
-1.32719093e+00
1.01045983e-01
3.75685359e-01
7.25873319e-01
1.22863344e-01
-1.63129587e+00
-5.04462340e-01
6.86085243e-01
5.24920218e-02
0.00000000e+00
0.00000000e+00
0.00000000e+00
-4.63821524e-02
9.66675009e-02
1.85603804e-01
1.39842303e-01
-1.35433740e+00
1.42284786e-01
1.42868849e-01
-1.51313390e-01
5.50346457e-02
0.00000000e+00
-2.10152765e-02
3.78116076e-01
4.26256322e-02
1.44345281e-01
-1.00321329e-02
4.36524269e-02
-3.61900303e-02
1.92500803e-01
1.39212325e-01
-3.09920284e-02
-5.47778537e-01
-2.47988498e-01
0.00000000e+00
-3.54404799e-03
5.78771052e-02
2.84077254e-02
-1.81421062e-02
-2.58254117e-01
6.54717083e-02
0.00000000e+00
0.00000000e+00
0.00000000e+00
-2.18971416e-01
8.25252854e-02
-3.08044040e-01
-1.78010979e-01
4.54921060e-01
3.71347660e-02
-2.66310736e-01
5.77837488e-01
7.71374701e-02
0.00000000e+00
-2.87457671e-01
-1.73143507e-01
-4.22015565e-02
-4.24445920e-02
-5.09285192e-02
7.08130917e-02
1.19199963e-01
6.93495007e-02
3.30043160e-02
1.11061784e-01
-2.99790039e-01
0.00000000e+00
0.00000000e+00
-1.00805682e-01
-7.13553101e-01
-2.73859879e-01
0.00000000e+00
-4.01109681e-01
5.50838149e-02
1.74578003e-01
-4.63592824e-02
-4.02078600e-01
-4.39693222e-01
0.00000000e+00
0.00000000e+00
-5.54284411e-01
-1.03871869e+00
0.00000000e+00
0.00000000e+00
0.00000000e+00
1.13825629e-01
1.62593002e+00
-2.44757821e-01
-6.22617987e-02
-1.93351665e+00
5.94554618e-01
3.97964016e-01
3.39373145e-01
2.82396286e-01
0.00000000e+00
-1.25647367e-01
-4.74521140e-01
-1.34801500e+00
6.31983774e-01
-1.19739837e+00
6.39557368e-01
4.31830086e-01
-1.43446770e+00
2.55951348e-01
4.68500869e-01
2.47925549e-01
0.00000000e+00
0.00000000e+00
0.00000000e+00
3.21881453e-03
-1.94674639e-01
2.06095707e-01
2.88911849e-01
-1.09739064e+00
1.15631286e-01
1.91409754e-01
-8.64161067e-02
5.60973467e-02
0.00000000e+00
8.99053168e-02
2.67015564e-01
3.83467685e-01
1.57537083e-01
-3.29945806e-01
-1.62446209e-02
4.98241313e-02
1.87357242e-01
1.79425579e-02
-4.18169753e-02
-4.10742098e-01
-2.00153519e-01
2.24909919e-01
-1.76983365e-01
-1.62948340e-01
1.01901868e-01
-1.10380528e-04
-3.01945007e-01
-2.23727029e-01
0.00000000e+00
0.00000000e+00
0.00000000e+00
1.47139096e-01
3.16875824e-02
1.43437200e-01
-2.29296238e-02
2.01686674e-01
-2.69613529e-02
2.64147049e-01
-7.90357447e-01
1.04133138e-02
0.00000000e+00
2.17574381e-01
-1.37959919e-01
-7.59778725e-04
6.93315647e-02
-1.02667085e-02
-1.42702217e-01
-1.18814759e-01
-2.16908513e-02
4.39035928e-02
-8.06048260e-02
-2.10588578e-01
-1.38796093e-01
-5.49247656e-01
-1.01795260e+00
-6.27976587e-01
-2.72259503e-01
-1.33013178e-01
-3.10751586e-01
-3.77795270e-01
1.93460035e-01
-1.64008676e-02
-4.49318670e-01
-3.55717084e-01
2.28844226e-01
-1.64009899e-01
-1.11711564e+00
247
-8.50917433e-01
0.00000000e+00
0.00000000e+00
0.00000000e+00
0.00000000e+00
0.00000000e+00
0.00000000e+00
0.00000000e+00
0.00000000e+00
-3.11133369e-01
0.00000000e+00
0.00000000e+00
0.00000000e+00
0.00000000e+00
-8.73981905e-01
0.00000000e+00
-8.01210207e-01
-7.27716978e-02
-5.78987205e-01
-3.92517065e-01
0.00000000e+00
0.00000000e+00
0.00000000e+00
-1.39296443e-01
-3.93765170e-01
2.03199729e-01
-1.04770617e-01
-8.50917433e-01
0.00000000e+00
-8.50917433e-01
0.00000000e+00
0.00000000e+00
1.06084500e+00
8.00102800e-01
0.00000000e+00
0.00000000e+00
0.00000000e+00
0.00000000e+00
0.00000000e+00
0.00000000e+00
0.00000000e+00
0.00000000e+00
0.00000000e+00
-5.16895069e-02
-1.31504774e-02
-5.29447821e-01
5.52702332e-03
-2.05574674e-01
1.10427162e-03
0.00000000e+00
0.00000000e+00
6.55305969e-02
-1.40746231e-01
-9.67881758e-01
2.68755820e-01
1.60618607e-01
-2.37194469e-01
0.00000000e+00
0.00000000e+00
6.31222586e-01
1.41589482e+00
0.00000000e+00
0.00000000e+00
0.00000000e+00
0.00000000e+00
0.00000000e+00
0.00000000e+00
2.95146968e-01
-1.85514343e-01
2.11468404e-01
-1.07544500e-01
-2.60070947e-01
-1.43559780e+00
0.00000000e+00
0.00000000e+00
0.00000000e+00
0.00000000e+00
0.00000000e+00
0.00000000e+00
-1.87285236e-03
-2.20608924e-01
-3.53786811e-01
-5.65359342e-01
-4.74355887e-01
-6.50340425e-01
3.65582164e+00
3.66627203e+00
3.45204785e+00
3.22380764e+00
3.30814740e+00
3.09481991e+00
3.81444512e-01
2.52547186e-01
2.91415563e-01
1.48156730e-01
3.74563382e-01
-7.06124236e-02
1.67531776e-01
-1.28389879e-01
1.21483860e-01
-5.57102027e-03
1.99179086e-01
-4.70643589e-02
0.00000000e+00
0.00000000e+00
0.00000000e+00
0.00000000e+00
-8.50401627e-01
-1.42456480e-01
0.00000000e+00
-1.25708378e+00
-7.51744456e-01
-7.30395563e-01
-4.78676283e-01
-5.31052182e-01
-1.48214002e+00
0.00000000e+00
0.00000000e+00
0.00000000e+00
2.01001986e-02
1.08558010e+00
-3.65479057e-01
9.12886279e-02
-7.44847547e-01
1.33407282e-01
4.11256755e-01
4.69029455e-01
-3.24562805e-01
0.00000000e+00
-1.56463980e-01
-1.22803658e+00
-8.73028389e-01
5.38127869e-03
6.42033019e-01
5.43239512e-01
4.32981826e-02
-1.24023556e+00
-4.75229927e-01
4.81129414e-01
-6.31792074e-01
-3.31874839e-01
0.00000000e+00
0.00000000e+00
-9.50411202e-02
-4.77215430e-02
0.00000000e+00
0.00000000e+00
0.00000000e+00
1.13679280e-01
4.20031016e-01
1.60176076e-01
1.06125724e-01
-9.40720266e-01
2.37070722e-01
2.09366745e-01
7.31365038e-02
1.02246625e-02
0.00000000e+00
1.37726050e-01
1.25334436e-01
3.11224565e-02
2.14300880e-01
-8.63392522e-01
6.42098275e-02
-2.20708501e-01
-1.76030759e-02
1.45571535e-01
-5.33730914e-02
-2.99917234e-01
0.00000000e+00
0.00000000e+00
-4.58957324e-02
-8.50347945e-01
-4.19869617e-01
0.00000000e+00
0.00000000e+00
-3.83423378e-01
-4.30478329e-01
0.00000000e+00
0.00000000e+00
-5.86748534e-01
-1.00972847e+00
0.00000000e+00
0.00000000e+00
0.00000000e+00
-2.32757022e-02
6.74092672e-01
-1.64530276e-01
5.97459922e-02
3.15443738e-02
5.39836958e-01
3.10491502e-01
-4.84836195e-02
-7.14583578e-02
0.00000000e+00
3.12390515e-01
-4.64271959e-01
-6.29027836e-01
4.78710850e-01
-1.24844235e+00
2.12411258e-01
2.39660896e-01
-1.25468557e+00
-1.32817308e-01
1.68379495e-01
-3.04890278e-01
-1.87855069e-01
1.74272676e-01
1.41743377e-01
4.15181610e-02
1.19946154e-01
0.00000000e+00
0.00000000e+00
0.00000000e+00
-9.28763537e-02
9.58466711e-02
-6.24460377e-02
8.89130340e-02
-1.51170613e-01
4.76315845e-02
-1.19944715e-02
4.11725352e-01
1.16571807e-01
0.00000000e+00
-2.03124327e-01
8.17710199e-03
-1.33301768e-01
1.03780119e-01
1.12020789e-01
2.41262173e-02
-1.51439790e-01
4.39215649e-02
-9.08625614e-02
-3.55521642e-02
-1.17035209e-01
-1.09114376e-01
-7.20313188e-01
-4.45859936e-01
-7.04838187e-01
-2.90821214e-01
6.14156480e-03
9.92238930e-02
4.90592138e-02
-4.14016973e-01
2.70011243e-01
-1.88879386e-01
-3.83917208e-01
2 1
-1.9713e-01 4.3655e-01
2 1
0 1 
217
-3.91082373e-02
-3.74946242e-01
1.57001832e-01
-4.56391306e-01
-2.28661447e-01
9.18738298e-01
6.43317621e-01
-9.19826540e-01
-4.99195361e-01
-2.46087430e-01
-3.51877438e-01
9.24842562e-02
3.97308388e-01
4.39811170e-01
0.00000000e+00
0.00000000e+00
0.00000000e+00
3.00155183e-02
1.28878694e-02
-6.91439027e-02
1.78724652e-01
1.15841785e-03
-4.38225443e-02
-2.74263444e-01
9.59278913e-04
5.59149459e-01
0.00000000e+00
0.00000000e+00
2.67605851e-01
-2.46320438e-01
-6.98535119e-01
1.31997168e-01
-1.13652810e-02
5.17509581e-01
0.00000000e+00
0.00000000e+00
0.00000000e+00
-1.56443026e-01
1.17334789e-01
0.00000000e+00
0.00000000e+00
0.00000000e+00
0.00000000e+00
0.00000000e+00
0.00000000e+00
-4.21318102e-02
-1.14311216e-01
1.17334789e-01
0.00000000e+00
0.00000000e+00
0.00000000e+00
0.00000000e+00
0.00000000e+00
0.00000000e+00
0.00000000e+00
0.00000000e+00
0.00000000e+00
0.00000000e+00
0.00000000e+00
0.00000000e+00
1.17334789e-01
-4.21318102e-02
-1.14311216e-01
0.00000000e+00
-6.40328300e-02
-8.71468433e-01
3.64273055e-01
8.25302094e-02
-2.89070076e-01
7.35261172e-01
0.00000000e+00
-3.71693916e-02
-9.22434548e-01
4.04452810e-01
-3.33704192e-01
-4.01429237e-01
5.41152021e-01
0.00000000e+00
0.00000000e+00
0.00000000e+00
0.00000000e+00
0.00000000e+00
0.00000000e+00
0.00000000e+00
0.00000000e+00
0.00000000e+00
0.00000000e+00
0.00000000e+00
0.00000000e+00
0.00000000e+00
0.00000000e+00
0.00000000e+00
0.00000000e+00
0.00000000e+00
0.00000000e+00
0.00000000e+00
0.00000000e+00
0.00000000e+00
0.00000000e+00
0.00000000e+00
0.00000000e+00
0.00000000e+00
0.00000000e+00
0.00000000e+00
0.00000000e+00
0.00000000e+00
0.00000000e+00
0.00000000e+00
0.00000000e+00
0.00000000e+00
0.00000000e+00
0.00000000e+00
0.00000000e+00
0.00000000e+00
0.00000000e+00
0.00000000e+00
0.00000000e+00
0.00000000e+00
0.00000000e+00
-9.27596729e-01
-2.49743839e-01
-1.17935506e+00
0.00000000e+00
0.00000000e+00
0.00000000e+00
7.29536379e-01
1.15155437e-01
-6.05150905e-01
-1.06261544e-01
-1.28518008e+00
-3.80269281e-02
7.21475276e-01
2.38148508e-01
-5.74140900e-01
0.00000000e+00
3.05146795e-01
-4.11641394e-01
-1.19556337e+00
3.09796378e-01
4.85185206e-01
8.74804655e-01
2.60085100e-01
-1.22547119e+00
-4.00186164e-01
6.22933671e-01
-1.19965452e-01
0.00000000e+00
0.00000000e+00
0.00000000e+00
7.26457221e-04
9.87294648e-02
1.61661368e-01
1.46226753e-01
-8.12820989e-01
3.79182825e-01
3.50155304e-02
4.15876463e-01
2.45035869e-01
0.00000000e+00
2.17817455e-01
-3.14918252e-01
-2.57975467e-01
1.43352540e-01
-3.54620593e-01
-1.41554717e-01
2.03306077e-01
-6.07337172e-01
6.50314114e-02
2.57299524e-01
-1.00049259e+00
0.00000000e+00
0.00000000e+00
0.00000000e+00
1.60087481e-01
2.57388548e-01
-6.30879579e-01
9.93014043e-02
-7.77281199e-01
9.53138002e-02
7.98793532e-01
1.03771814e-01
2.66735919e-01
0.00000000e+00
1.65785442e-01
-5.34341306e-01
-1.14994221e+00
4.28920265e-01
-3.35609927e-01
4.73164638e-01
-1.87817834e-03
-8.05730292e-01
6.30442065e-02
3.22863057e-01
-1.65692412e-02
0.00000000e+00
0.00000000e+00
0.00000000e+00
9.36043622e-03
-2.24105010e-01
1.59667939e-01
1.58937582e-01
-7.24476971e-01
2.74091523e-01
-4.27571483e-02
3.86629001e-01
-2.01315527e-01
0.00000000e+00
-6.39994842e-02
-3.48215300e-02
-2.10504881e-01
1.44987261e-01
1.29011238e-01
1.96026742e-01
2.65505511e-01
-1.23275505e-01
-3.18747943e-02
-8.36556233e-02
136
-9.03341989e-01
-1.95821787e-02
-3.77727592e-02
1.04145452e-02
-2.80993474e-03
-2.30553784e-01
-3.68937437e-03
-6.63620571e-01
1.87719693e-03
0.00000000e+00
0.00000000e+00
4.54184572e-02
-4.74147596e-01
-8.37098566e-01
2.59024471e-02
3.75363402e-02
2.99046929e-01
0.00000000e+00
0.00000000e+00
0.00000000e+00
-9.16362942e-02
-8.11705694e-01
0.00000000e+00
0.00000000e+00
0.00000000e+00
0.00000000e+00
0.00000000e+00
0.00000000e+00
-9.95270892e-02
7.89079500e-03
-8.11705694e-01
0.00000000e+00
0.00000000e+00
0.00000000e+00
0.00000000e+00
0.00000000e+00
0.00000000e+00
0.00000000e+00
0.00000000e+00
0.00000000e+00
0.00000000e+00
0.00000000e+00
0.00000000e+00
0.00000000e+00
0.00000000e+00
0.00000000e+00
6.22399275e-03
1.66680225e-03
5.74966740e-01
5.05762934e-01
-7.60666186e-01
0.00000000e+00
-8.57364288e-02
2.81747036e-01
4.49757662e-01
-8.11430263e-01
0.00000000e+00
0.00000000e+00
0.00000000e+00
0.00000000e+00
-8.11705694e-01
-9.95270892e-02
7.89079500e-03
0.00000000e+00
0.00000000e+00
0.00000000e+00
0.00000000e+00
0.00000000e+00
0.00000000e+00
0.00000000e+00
0.00000000e+00
0.00000000e+00
0.00000000e+00
0.00000000e+00
0.00000000e+00
0.00000000e+00
0.00000000e+00
0.00000000e+00
0.00000000e+00
0.00000000e+00
0.00000000e+00
0.00000000e+00
0.00000000e+00
0.00000000e+00
0.00000000e+00
0.00000000e+00
-8.86801700e-02
-2.49167694e-01
-8.39970839e-01
0.00000000e+00
0.00000000e+00
0.00000000e+00
7.87398366e-01
-9.45688086e-03
-8.16992908e-02
2.83341755e-01
-1.85797968e+00
4.11943511e-01
6.22795324e-01
7.64763126e-01
-4.27121679e-01
0.00000000e+00
5.69049123e-01
-5.19872384e-01
-1.36208699e+00
2.61890720e-01
3.58899287e-01
8.79728065e-01
4.11810622e-01
-2.07608416e+00
-5.32210154e-01
6.74920477e-01
-1.02705197e+00
0.00000000e+00
0.00000000e+00
0.00000000e+00
2.99376403e-01
4.29506255e-01
-2.32274979e-01
2.08433526e-01
-1.50391134e+00
5.10495139e-01
7.80688301e-01
2.06500060e-01
-1.44977083e-01
0.00000000e+00
5.15560539e-01
-5.43860508e-01
-1.20160494e+00
5.57146711e-01
-6.87433784e-02
4.93906378e-01
1.81942145e-01
-1.80319111e+00
-2.30779563e-01
5.18735472e-01
5 1
-3.3073e-01 4.5260e-01
3 0
0 1 2 
217
1.50007453e-01
-1.47443194e-01
1.06522139e-02
-1.84768810e-01
1.04811545e-01
3.21105263e-01
4.08364424e-01
-5.79460852e-01
-1.40295962e-01
-3.88879112e-01
-4.96595568e-01
6.76236346e-02
2.73723013e-01
5.99226749e-01
0.00000000e+00
0.00000000e+00
0.00000000e+00
-1.27955632e-02
2.02990029e-03
-1.05291887e-02
5.89755311e-03
1.34996764e-04
-1.38630375e-01
1.52729585e-01
-2.72143161e-04
-1.29865163e-01
0.00000000e+00
0.00000000e+00
-2.64632140e-01
-2.84430345e-01
1.07573155e-01
2.67172153e-01
1.60980822e-01
1.63343808e-01
0.00000000e+00
0.00000000e+00
0.00000000e+00
-9.46839616e-02
-3.89749637e-02
2.83666378e-01
0.00000000e+00
0.00000000e+00
0.00000000e+00
0.00000000e+00
0.00000000e+00
-1.08477338e-01
1.37933763e-02
-1.82910541e-01
0.00000000e+00
4.22612437e-02
1.01674334e-01
2.83666378e-01
0.00000000e+00
0.00000000e+00
0.00000000e+00
0.00000000e+00
0.00000000e+00
0.00000000e+00
0.00000000e+00
0.00000000e+00
1.43017081e-01
-1.08477338e-01
1.15467710e-01
0.00000000e+00
1.15467710e-01
3.58447935e-01
3.25104075e-01
6.28955650e-01
-2.90564332e-01
-1.76185050e-01
0.00000000e+00
-4.55998585e-02
-6.93399931e-01
4.38005717e-01
-4.11268303e-01
-2.21782170e-01
3.40837220e-01
0.00000000e+00
-2.69410228e-01
-5.30698760e-01
3.57424316e-01
-3.83777834e-01
7.01776395e-02
3.81083841e-02
0.00000000e+00
0.00000000e+00
0.00000000e+00
0.00000000e+00
0.00000000e+00
0.00000000e+00
0.00000000e+00
0.00000000e+00
0.00000000e+00
0.00000000e+00
0.00000000e+00
0.00000000e+00
0.00000000e+00
0.00000000e+00
0.00000000e+00
0.00000000e+00
0.00000000e+00
0.00000000e+00
0.00000000e+00
0.00000000e+00
0.00000000e+00
0.00000000e+00
0.00000000e+00
0.00000000e+00
0.00000000e+00
0.00000000e+00
0.00000000e+00
0.00000000e+00
0.00000000e+00
0.00000000e+00
0.00000000e+00
0.00000000e+00
0.00000000e+00
0.00000000e+00
0.00000000e+00
-4.21645217e-02
-2.67759704e-01
-6.04478555e-01
0.00000000e+00
0.00000000e+00
0.00000000e+00
5.85568397e-01
5.72388845e-02
-3.79249836e-01
1.57693573e-01
-1.26880818e+00
2.64380344e-01
5.81411743e-01
5.82413139e-01
-2.93664358e-01
0.00000000e+00
3.32959282e-01
-4.76217235e-01
-1.20688330e+00
1.66848714e-01
4.49593948e-01
7.91787014e-01
3.68770102e-01
-1.63599999e+00
-4.71005712e-01
7.88684918e-01
-2.42630287e-01
0.00000000e+00
0.00000000e+00
0.00000000e+00
1.12940968e-01
-7.87478330e-03
1.65818954e-01
7.82149060e-02
-6.74910139e-01
1.64875050e-01
9.12257846e-03
1.34881310e-01
1.79795878e-02
0.00000000e+00
2.04890565e-01
2.65097139e-02
-8.59909777e-02
8.95237411e-02
-1.10234421e-01
6.45299340e-02
-7.65110753e-02
-2.71810153e-01
1.45630757e-02
-9.91491199e-02
-8.98244820e-01
0.00000000e+00
0.00000000e+00
0.00000000e+00
-4.74606634e-02
7.12815171e-01
-2.61659316e-01
3.06088543e-01
-1.48009037e+00
2.08351071e-01
4.88966513e-01
4.05642800e-01
-2.95391845e-02
0.00000000e+00
9.79700751e-02
-5.15285746e-01
-1.09352616e+00
4.21509354e-01
-3.06231110e-01
8.37256633e-01
5.35316725e-01
-1.18849218e+00
-2.34583832e-01
2.44706865e-01
-2.49431261e-01
0.00000000e+00
0.00000000e+00
0.00000000e+00
2.48760241e-01
-2.09531227e-01
2.23125116e-02
-1.17358236e-02
-7.00352870e-01
1.75315048e-01
1.30167778e-01
2.03902921e-01
-9.22245879e-02
0.00000000e+00
1.43165349e-01
-8.97300713e-02
-1.06028815e-01
1.21198362e-01
2.25592673e-01
9.80212497e-04
-1.27800824e-01
-3.98023623e-01
-8.08603599e-03
2.22687522e-01
136
-5.93279978e-01
-5.82589265e-03
2.31432748e-02
-2.04777221e-02
-3.77512920e-03
-1.61595161e-01
-3.73057629e-03
-4.05381202e-01
-6.53678890e-06
0.00000000e+00
0.00000000e+00
-5.46622363e-02
-1.94397009e-01
-3.35684483e-01
1.24900632e-01
6.27842029e-02
-1.96221084e-01
0.00000000e+00
0.00000000e+00
0.00000000e+00
1.16876103e-01
-4.52998167e-01
-2.57157914e-01
0.00000000e+00
0.00000000e+00
0.00000000e+00
0.00000000e+00
0.00000000e+00
-1.22414381e-01
2.39290484e-01
-3.90784355e-01
0.00000000e+00
-2.17803990e-01
1.55590178e-01
-2.57157914e-01
0.00000000e+00
0.00000000e+00
0.00000000e+00
0.00000000e+00
0.00000000e+00
0.00000000e+00
0.00000000e+00
0.00000000e+00
0.00000000e+00
0.00000000e+00
0.00000000e+00
0.00000000e+00
3.94880662e-01
7.78006742e-01
4.13906204e-01
-8.03262669e-01
-3.23758237e-03
-3.36980788e-01
1.01401255e-01
1.84097547e-01
-7.04846749e-01
-1.84978412e-03
-2.72058468e-01
-2.57050817e-01
2.44040236e-01
-3.47670695e-01
-1.22414381e-01
3.94880662e-01
0.00000000e+00
0.00000000e+00
0.00000000e+00
0.00000000e+00
0.00000000e+00
0.00000000e+00
0.00000000e+00
0.00000000e+00
0.00000000e+00
0.00000000e+00
0.00000000e+00
0.00000000e+00
0.00000000e+00
0.00000000e+00
0.00000000e+00
0.00000000e+00
0.00000000e+00
0.00000000e+00
0.00000000e+00
0.00000000e+00
0.00000000e+00
0.00000000e+00
0.00000000e+00
-8.73527419e-02
-1.38915226e-01
-8.36304400e-01
0.00000000e+00
0.00000000e+00
0.00000000e+00
7.50417784e-01
-8.74420583e-04
-9.86494579e-02
3.53859484e-01
-1.87289128e+00
3.76717244e-01
6.07608049e-01
7.22143770e-01
-3.92700963e-01
0.00000000e+00
5.20437355e-01
-6.23797084e-01
-1.34738074e+00
3.57936865e-01
3.40199053e-01
7.86276357e-01
4.78733048e-01
-2.01654465e+00
-4.86361582e-01
7.08566767e-01
-9.35997139e-01
0.00000000e+00
0.00000000e+00
0.00000000e+00
2.96755048e-01
3.15155835e-01
-3.17150663e-01
1.88147113e-01
-1.34096050e+00
6.22535585e-01
6.91867349e-01
1.49336227e-01
-8.19855896e-02
0.00000000e+00
4.88672051e-01
-5.22996669e-01
-1.25478103e+00
5.32110731e-01
-3.98077227e-02
3.66956344e-01
2.00877569e-01
-1.63410083e+00
-1.34389751e-01
5.37761758e-01
7 1
-3.5781e-01 4.2518e-01
4 1
0 1 2 5 
217
-4.14630448e-01
5.96719394e-02
1.84160437e-01
-3.59473512e-01
-6.05165223e-01
7.60070838e-01
2.58407582e-01
2.99873026e-01
5.39288148e-01
-3.55954511e-01
-1.70269644e-01
-3.73832086e-01
-4.36891312e-01
6.94429061e-01
0.00000000e+00
0.00000000e+00
0.00000000e+00
9.80090893e-03
1.99342769e-03
-5.13835024e-02
-1.40997832e-01
4.02953015e-04
-8.25072618e-03
-3.02595853e-01
2.73543333e-03
1.22087412e-01
0.00000000e+00
0.00000000e+00
2.50572892e-01
-3.90522682e-01
-7.94259013e-01
1.19059297e-01
4.77105678e-02
3.52808490e-01
0.00000000e+00
0.00000000e+00
0.00000000e+00
-1.96603432e-01
-2.83608929e-01
-8.93543699e-02
1.54936282e-01
0.00000000e+00
0.00000000e+00
0.00000000e+00
0.00000000e+00
-2.21877793e-02
-1.74415653e-01
-1.05083930e-02
0.00000000e+00
-2.57800933e-02
-5.41490059e-02
5.15706703e-01
0.00000000e+00
-4.08069785e-02
-1.52364458e-01
-1.85768597e-01
0.00000000e+00
5.25853691e-02
-4.71877845e-01
1.54936282e-01
-1.23071032e-01
-6.29947578e-02
-2.28564659e-01
0.00000000e+00
-8.50319204e-01
-2.84712025e-01
4.62100918e-01
-2.35501859e-01
-2.39244052e-02
1.04775152e+00
0.00000000e+00
-3.61894820e-02
-1.30221663e-02
-2.95425976e-02
4.03698435e-01
-3.48898369e-01
4.44824120e-02
0.00000000e+00
-5.86051859e-01
-2.84540816e-01
2.97527190e-01
-6.18633518e-01
-1.26105780e-01
2.19318147e-02
0.00000000e+00
2.34654510e-01
-2.48595979e-01
-1.05706890e-01
-7.08403766e-01
-5.37589337e-01
-5.40750450e-01
0.00000000e+00
0.00000000e+00
0.00000000e+00
0.00000000e+00
0.00000000e+00
0.00000000e+00
0.00000000e+00
0.00000000e+00
0.00000000e+00
0.00000000e+00
0.00000000e+00
0.00000000e+00
0.00000000e+00
0.00000000e+00
0.00000000e+00
0.00000000e+00
0.00000000e+00
0.00000000e+00
0.00000000e+00
0.00000000e+00
0.00000000e+00
0.00000000e+00
0.00000000e+00
0.00000000e+00
0.00000000e+00
0.00000000e+00
0.00000000e+00
0.00000000e+00
-1.00118596e-01
-3.32285496e-01
-6.33858070e-01
0.00000000e+00
0.00000000e+00
0.00000000e+00
5.65350075e-01
1.31859762e-02
-2.43947006e-01
1.02503370e-01
-1.12115065e+00
2.40578355e-01
5.22439593e-01
5.31726872e-01
-4.28866533e-01
0.00000000e+00
4.71991529e-01
-3.64591622e-01
-1.07120531e+00
2.85050357e-01
3.97053831e-01
4.97426068e-01
2.87289987e-01
-1.59861924e+00
-4.94823288e-01
7.74749560e-01
-1.82791404e-01
0.00000000e+00
0.00000000e+00
0.00000000e+00
1.60495715e-01
-1.28458961e-02
1.03672813e-01
2.10524059e-01
-7.18517256e-01
8.68136092e-02
8.16886479e-02
1.45827332e-01
-5.43522831e-02
0.00000000e+00
-2.15848145e-03
-1.49940317e-01
-1.54648733e-01
1.37894207e-01
-1.28687397e-01
1.46055193e-01
7.64602377e-02
-3.89637761e-02
6.97372167e-02
-1.41846295e-01
-8.64214615e-01
0.00000000e+00
0.00000000e+00
0.00000000e+00
1.43939193e-01
2.89088399e-01
-5.18877443e-01
6.02306654e-02
-7.32384651e-01
3.55356648e-01
2.05626023e-01
4.45123781e-01
-8.20972840e-02
0.00000000e+00
1.69583731e-01
-3.80970982e-01
-1.11105666e+00
4.24716114e-01
-2.94773629e-01
5.39774823e-01
4.12186754e-01
-1.00076730e+00
-2.28876159e-01
4.39963360e-01
-1.49592511e-01
0.00000000e+00
0.00000000e+00
0.00000000e+00
9.36134342e-02
-1.70395688e-01
1.95199352e-01
2.55101458e-01
-7.60720139e-01
1.87719840e-01
3.40693969e-01
-2.73409341e-02
-1.91099273e-01
0.00000000e+00
2.57880817e-01
9.55088126e-03
4.91166305e-02
3.14852690e-02
1.82788936e-01
-5.62885118e-02
-2.56364681e-02
-5.08715646e-01
-3.56254110e-02
2.30789718e-02
136
-8.22467194e-02
1.03504349e-03
-3.87429019e-02
5.54807619e-02
-1.73354977e-03
2.81963749e-02
-3.43549609e-03
-1.66958900e-01
5.37710178e-04
0.00000000e+00
0.00000000e+00
-1.53835974e-01
-2.03121557e-01
-1.99098077e-01
2.65518879e-02
3.20734518e-01
1.26522482e-01
0.00000000e+00
0.00000000e+00
0.00000000e+00
7.33571027e-02
-1.73823513e-01
-1.15468710e-01
1.33688401e-01
0.00000000e+00
0.00000000e+00
0.00000000e+00
0.00000000e+00
6.96411844e-02
3.71591831e-03
-2.28850539e-01
0.00000000e+00
-1.14967583e-01
-5.83982986e-02
2.89786639e-01
0.00000000e+00
-2.31271944e-02
2.51520101e-01
-7.17505434e-02
0.00000000e+00
3.76670555e-02
-3.71171861e-01
1.33688401e-01
0.00000000e+00
0.00000000e+00
0.00000000e+00
4.61560635e-03
-1.78949746e-01
4.12853898e-01
8.60265431e-02
-3.32613893e-01
0.00000000e+00
-3.07865372e-02
2.56356465e-01
1.58354015e-01
-2.10183324e-01
0.00000000e+00
1.14892760e-03
-2.34150791e-01
2.36500151e-01
-2.37283096e-01
5.77959731e-02
-1.05037041e-01
-7.96451130e-01
4.64925390e-02
-4.04965453e-01
0.00000000e+00
0.00000000e+00
0.00000000e+00
0.00000000e+00
0.00000000e+00
0.00000000e+00
0.00000000e+00
0.00000000e+00
0.00000000e+00
0.00000000e+00
0.00000000e+00
0.00000000e+00
0.00000000e+00
0.00000000e+00
0.00000000e+00
0.00000000e+00
0.00000000e+00
0.00000000e+00
0.00000000e+00
0.00000000e+00
7.96078342e-02
2.71405169e-02
-7.72832483e-01
0.00000000e+00
0.00000000e+00
0.00000000e+00
6.88234429e-01
2.95229867e-02
-1.21050522e-01
2.98928057e-01
-1.75012383e+00
4.33077036e-01
5.82226570e-01
7.00084328e-01
-2.94652679e-01
0.00000000e+00
5.43243453e-01
-5.57720008e-01
-1.35646670e+00
2.82818558e-01
3.88572194e-01
7.86789811e-01
4.22406709e-01
-2.12469369e+00
-4.65581727e-01
7.41552540e-01
-8.73578718e-01
0.00000000e+00
0.00000000e+00
0.00000000e+00
2.57803448e-01
4.89618472e-01
-2.81319644e-01
1.49020644e-01
-1.36758709e+00
4.57653358e-01
6.84128850e-01
2.38059942e-01
-4.06298287e-03
0.00000000e+00
3.76227955e-01
-6.57620102e-01
-1.30087987e+00
5.64874135e-01
-8.09934898e-02
4.98236048e-01
2.02036085e-01
-1.51493217e+00
-1.00970361e-01
5.17128060e-01
6 1
-5.9942e-01 4.4149e-01
5 0
0 1 2 5 7 
217
1.87994544e-02
-1.77137139e-01
1.56504252e-01
-3.59014808e-01
-8.81484500e-02
4.80786252e-01
2.52868037e-01
-5.39085896e-01
-3.13741143e-01
-1.06608177e-01
-3.98819709e-02
7.56646549e-02
2.07702982e-01
4.52184358e-02
0.00000000e+00
0.00000000e+00
0.00000000e+00
-4.31181866e-02
7.65601740e-03
-1.59245496e-01
6.06264663e-02
1.95977203e-05
4.07116528e-02
-6.06803691e-03
-6.25757821e-04
4.11089714e-01
0.00000000e+00
0.00000000e+00
-7.35102445e-02
6.03700633e-02
-1.38040890e-01
2.59757608e-01
2.11961404e-01
-3.01738486e-01
0.00000000e+00
0.00000000e+00
0.00000000e+00
-8.26842087e-02
-2.69943278e-01
6.08620570e-02
2.48387345e-01
6.21775388e-02
0.00000000e+00
0.00000000e+00
0.00000000e+00
2.80698608e-02
-1.51831175e-01
-1.17415505e-01
0.00000000e+00
5.69903881e-02
2.48653625e-02
3.82106065e-01
0.00000000e+00
-2.30613522e-01
-4.99669701e-02
-1.90044050e-01
0.00000000e+00
3.35625403e-02
-4.64011392e-01
6.97087852e-01
2.18410968e-01
-7.26457018e-02
-1.26965812e-01
0.00000000e+00
-6.40944174e-01
-6.06004333e-01
5.74485054e-01
1.87453300e-01
8.52585745e-02
5.50401724e-01
0.00000000e+00
-1.30995400e-01
-3.39111922e-01
2.15772532e-01
-7.28793931e-02
-8.49823446e-02
5.01469056e-01
0.00000000e+00
-7.30900508e-01
-5.35692638e-01
4.13034190e-01
-6.26358909e-01
3.17566626e-01
4.63674071e-01
0.00000000e+00
2.22784997e-01
-3.30507032e-01
-1.88333648e-01
-1.02409513e+00
-1.56518941e-02
-4.87988326e-02
0.00000000e+00
4.52491396e-01
-4.86586311e-01
-9.26453438e-02
-3.97140551e-01
-3.60051264e-01
-3.03414625e-01
0.00000000e+00
0.00000000e+00
0.00000000e+00
0.00000000e+00
0.00000000e+00
0.00000000e+00
0.00000000e+00
0.00000000e+00
0.00000000e+00
0.00000000e+00
0.00000000e+00
0.00000000e+00
0.00000000e+00
0.00000000e+00
0.00000000e+00
0.00000000e+00
0.00000000e+00
0.00000000e+00
0.00000000e+00
0.00000000e+00
0.00000000e+00
-8.94421348e-01
-4.84688528e-01
-1.24556039e+00
0.00000000e+00
0.00000000e+00
0.00000000e+00
4.53836706e-01
2.41367123e-01
-2.91337804e-01
-4.84835871e-02
-1.52131299e+00
2.86843236e-01
6.38682269e-01
4.07725827e-01
2.22098682e-01
0.00000000e+00
3.50527786e-01
-2.17562247e-01
-1.19032769e+00
2.55593474e-01
2.30642999e-01
2.02330150e-01
-2.74684453e-01
-1.34156715e+00
-2.99652750e-01
6.49720033e-01
-7.28370341e-02
0.00000000e+00
0.00000000e+00
0.00000000e+00
2.63183444e-01
-1.41618089e-01
-8.71639847e-03
2.67146821e-01
-1.10315603e+00
3.50943440e-01
2.07513715e-01
1.85664543e-01
-8.25741359e-02
0.00000000e+00
2.40714388e-01
-3.12779683e-01
-1.96025472e-01
1.84935908e-01
7.28250838e-02
1.48019413e-01
2.62254980e-01
-4.03533513e-01
-1.55907212e-02
7.95527630e-03
-9.53042420e-01
0.00000000e+00
0.00000000e+00
0.00000000e+00
1.43087107e-01
1.52008786e-01
-3.78921231e-01
3.82810998e-01
-8.15554998e-01
-1.11438617e-01
6.43328976e-01
3.22335009e-01
-9.01300794e-02
0.00000000e+00
1.16012538e-01
-6.59351774e-01
-1.10148436e+00
4.63085905e-01
-2.47265121e-01
5.01726443e-01
3.56967390e-01
-8.79978513e-01
-2.64397472e-01
5.14116591e-01
-7.71414068e-02
0.00000000e+00
0.00000000e+00
0.00000000e+00
-8.58698609e-02
-9.26351411e-02
1.31202067e-01
1.34689894e-02
-4.90219675e-01
1.97544198e-01
4.00985615e-02
2.34625915e-01
-1.27193655e-01
0.00000000e+00
1.46594293e-01
-1.62243951e-02
-2.65310230e-01
2.10563293e-01
1.98341841e-01
-2.45076831e-02
-7.08396687e-02
-1.77184117e-01
1.42953391e-01
-4.25495290e-02
136
-2.20114258e-01
-3.01668600e-03
-1.41826250e-02
-1.91688327e-02
-5.45363447e-04
-6.28361491e-02
-2.31239778e-03
-1.35092590e-01
-5.82782176e-05
0.00000000e+00
0.00000000e+00
-1.40779879e-01
-1.67241132e-01
-5.60916651e-02
1.27632861e-01
1.01069613e-01
-8.47040565e-02
0.00000000e+00
0.00000000e+00
0.00000000e+00
2.46532508e-01
-1.17862756e-01
-6.21822369e-02
-5.04118068e-02
-2.36189967e-01
0.00000000e+00
0.00000000e+00
0.00000000e+00
2.50592273e-01
-1.00451266e-01
-4.51259905e-01
0.00000000e+00
-2.11823653e-01
2.09312857e-01
4.47578768e-02
0.00000000e+00
2.54965704e-01
1.81889893e-01
-3.02321182e-01
0.00000000e+00
-8.68230176e-02
-1.39891355e-01
1.30937517e-01
0.00000000e+00
0.00000000e+00
0.00000000e+00
0.00000000e+00
1.50860129e-01
4.87198788e-01
1.83062901e-01
-2.72181420e-01
1.43589614e-02
1.92552345e-01
2.50845496e-01
1.92378933e-01
-2.97287243e-01
1.46452423e-02
-1.81229726e-01
-2.51047365e-01
1.25705943e-01
-2.24684825e-01
-5.47375923e-01
-1.50010226e-01
-6.95196550e-01
2.43448451e-02
-2.99618511e-01
1.39252230e-02
5.11525126e-01
-3.68413668e-01
6.13648348e-02
-3.82295281e-01
0.00000000e+00
0.00000000e+00
0.00000000e+00
0.00000000e+00
0.00000000e+00
0.00000000e+00
0.00000000e+00
0.00000000e+00
0.00000000e+00
0.00000000e+00
0.00000000e+00
0.00000000e+00
0.00000000e+00
0.00000000e+00
0.00000000e+00
9.09320326e-02
-7.21630053e-02
-7.58906882e-01
0.00000000e+00
0.00000000e+00
0.00000000e+00
6.94415404e-01
-4.31840233e-02
-8.11505981e-02
3.26209732e-01
-1.73407636e+00
3.87856854e-01
5.38328805e-01
7.11350808e-01
-4.61638711e-01
0.00000000e+00
5.53133294e-01
-5.37021631e-01
-1.32068512e+00
3.14612622e-01
3.90834832e-01
8.29453988e-01
4.83700843e-01
-2.05610004e+00
-4.42591680e-01
6.87644100e-01
-9.27968207e-01
0.00000000e+00
0.00000000e+00
0.00000000e+00
2.59646010e-01
3.68399254e-01
-2.90186898e-01
2.28508652e-01
-1.40323089e+00
5.58630825e-01
6.75603347e-01
1.89933683e-01
-1.02668660e-01
0.00000000e+00
4.28821514e-01
-5.42919732e-01
-1.14786560e+00
5.12564895e-01
-1.01894350e-01
4.79419826e-01
2.93998529e-01
-1.69954867e+00
-1.82277636e-01
5.47097690e-01
10 1
-7.6941e-01 4.9256e-01
6 1
0 1 2 5 7 6 
217
-1.20147530e-01
2.22369091e-01
1.47962072e-01
2.31071465e-02
1.63938353e-01
-3.72455092e-01
-1.83694182e-01
-1.51408967e-01
-3.15514382e-01
9.14362131e-02
-1.01551850e-01
3.26217785e-01
3.16674531e-01
3.26267864e-01
0.00000000e+00
0.00000000e+00
0.00000000e+00
8.63807114e-03
-2.74376530e-04
3.01178132e-02
-1.50513682e-01
3.39909918e-03
7.88211619e-02
5.37229214e-03
1.94279373e-03
1.66643820e-01
0.00000000e+00
0.00000000e+00
-3.73926635e-03
-3.87668787e-01
-6.31038151e-01
4.52869944e-01
8.69695885e-02
3.62459142e-01
0.00000000e+00
0.00000000e+00
0.00000000e+00
-2.79780871e-02
-2.58060979e-01
-8.90671895e-02
-7.81872685e-02
-1.36817396e-01
4.69963390e-01
0.00000000e+00
0.00000000e+00
4.53222646e-02
-3.36892354e-01
6.49832550e-02
0.00000000e+00
1.54688234e-02
-3.87460475e-01
5.84469437e-01
0.00000000e+00
-1.97262035e-01
2.14173487e-01
-1.93564733e-01
0.00000000e+00
7.10325756e-03
-1.76284841e-01
2.39796383e-01
-3.07472138e-01
-1.91546867e-01
3.78871475e-01
0.00000000e+00
-6.83925921e-01
-3.82455696e-01
4.17184050e-01
-6.76015688e-02
1.49132603e-01
2.31949624e-01
0.00000000e+00
-1.29367689e-01
-2.80743949e-01
1.79973149e-01
9.26840288e-02
-1.70752990e-01
1.86506136e-01
0.00000000e+00
-4.03240115e-01
-1.93598775e-01
2.79644973e-01
-2.29066508e-01
3.44761217e-03
1.43676906e-01
0.00000000e+00
-1.13980351e-02
-1.85914574e-01
1.01462476e-01
-4.74409717e-01
-2.07500957e-01
-2.52587289e-01
0.00000000e+00
3.26130039e-01
9.63289089e-02
-2.51706216e-01
-2.49941046e-01
-1.94571353e-01
-1.25305901e-01
0.00000000e+00
-8.23749734e-01
-4.67570324e-01
4.75677566e-01
-2.39402397e-01
2.29651760e-01
1.68316796e-01
0.00000000e+00
0.00000000e+00
0.00000000e+00
0.00000000e+00
0.00000000e+00
0.00000000e+00
0.00000000e+00
0.00000000e+00
0.00000000e+00
0.00000000e+00
0.00000000e+00
0.00000000e+00
0.00000000e+00
0.00000000e+00
-2.19624183e-01
-2.80778446e-01
-7.12462780e-01
0.00000000e+00
0.00000000e+00
0.00000000e+00
5.87787026e-01
1.78899865e-01
-1.60527490e-01
3.42473071e-01
-1.42761404e+00
3.72839696e-01
7.08132116e-01
7.10563526e-01
-3.32814196e-01
0.00000000e+00
3.43252657e-01
-6.69883940e-01
-1.09599549e+00
3.31002210e-01
2.58304451e-01
7.11511580e-01
3.58640202e-01
-1.99876342e+00
-4.94852592e-01
5.64581991e-01
-2.19368741e-01
0.00000000e+00
0.00000000e+00
0.00000000e+00
1.70676973e-01
-1.11385223e-01
7.33177796e-02
1.38448902e-01
-9.00717173e-01
-2.38898107e-02
-7.28869941e-02
6.18825375e-02
-1.30895250e-01
0.00000000e+00
8.10644485e-02
9.89793862e-02
-2.37234783e-01
1.69225528e-02
-5.97289170e-02
1.52022728e-01
-3.37133094e-02
4.36418763e-01
1.79233840e-01
-5.78851908e-02
-8.25093226e-01
0.00000000e+00
0.00000000e+00
0.00000000e+00
1.69225594e-01
3.17249360e-01
-4.84614254e-01
3.52879559e-01
-9.11178148e-01
3.66555570e-01
3.62560249e-01
2.92052273e-02
-2.38173327e-01
0.00000000e+00
3.00317622e-01
-6.22367620e-01
-1.22545479e+00
8.28772468e-01
1.76256417e-01
4.37355324e-01
2.76595832e-01
-1.23845630e+00
3.25096684e-02
2.45668330e-01
-1.97494479e-01
0.00000000e+00
0.00000000e+00
0.00000000e+00
1.56654584e-01
-7.82085267e-02
6.10669819e-02
-1.45376426e-01
-2.43402572e-01
1.46524872e-01
2.12914788e-01
1.78032712e-01
-7.95497336e-02
0.00000000e+00
5.30755633e-02
1.39763098e-01
-4.61197406e-02
-1.91449746e-01
-2.98348599e-02
-2.11796303e-02
4.24100420e-02
-2.99760894e-01
-2.06438618e-01
1.53383627e-01
136
-2.98036347e-01
-1.01296766e-02
-1.64137688e-02
6.88303278e-02
-2.57718905e-03
-5.55049562e-02
-4.27423685e-03
-3.01232042e-01
9.19720830e-04
0.00000000e+00
0.00000000e+00
-5.87595811e-02
-1.45248538e-01
-3.02117658e-01
-6.62360879e-02
1.87489857e-01
8.68356609e-02
0.00000000e+00
0.00000000e+00
0.00000000e+00
2.89868819e-01
-1.93326363e-01
-2.44411755e-01
-1.76962432e-01
-1.77410955e-01
2.04206339e-01
0.00000000e+00
0.00000000e+00
1.80429156e-01
-2.96395966e-01
-2.98798446e-01
0.00000000e+00
-2.22283977e-01
-7.89211493e-02
2.57949009e-01
0.00000000e+00
1.67338143e-01
2.59071313e-01
-2.25151955e-01
0.00000000e+00
-4.44478091e-02
-8.89081712e-02
9.20835041e-02
0.00000000e+00
0.00000000e+00
0.00000000e+00
2.18598355e-02
-2.27013809e-01
6.00052874e-01
9.04351677e-02
-2.68868399e-01
0.00000000e+00
8.10355136e-02
1.54220061e-01
1.83245827e-01
-3.50837129e-01
0.00000000e+00
-2.13507754e-01
-2.24702973e-01
1.41010532e-01
-2.69453876e-01
-6.42807505e-01
2.14949112e-01
-6.32959124e-01
1.24839400e-01
-3.30705918e-01
0.00000000e+00
4.17884860e-01
-2.34546767e-01
4.31054644e-02
-3.77824109e-01
4.04333016e-02
-2.51203018e-01
-1.37978500e-01
1.80088166e-01
-3.52258692e-01
0.00000000e+00
0.00000000e+00
0.00000000e+00
0.00000000e+00
0.00000000e+00
0.00000000e+00
0.00000000e+00
0.00000000e+00
0.00000000e+00
0.00000000e+00
1.18030913e-01
-2.07629568e-02
-7.53871142e-01
0.00000000e+00
0.00000000e+00
0.00000000e+00
7.00538429e-01
-2.89607134e-02
-1.21986839e-01
2.81902622e-01
-1.75952829e+00
4.41586160e-01
5.73500689e-01
6.54007348e-01
-3.27301975e-01
0.00000000e+00
5.95782650e-01
-5.72606735e-01
-1.28517259e+00
3.15012106e-01
4.47972457e-01
7.32285511e-01
4.40219780e-01
-2.13651094e+00
-4.31272797e-01
7.26661993e-01
-8.81604087e-01
0.00000000e+00
0.00000000e+00
0.00000000e+00
2.32198929e-01
3.67707395e-01
-2.83235524e-01
2.64630507e-01
-1.45168060e+00
5.57073549e-01
6.41624968e-01
2.68572621e-01
-3.75373931e-02
0.00000000e+00
4.22163577e-01
-6.00185969e-01
-1.13520440e+00
5.22486248e-01
-1.06506211e-01
4.81285414e-01
2.40803233e-01
-1.62706203e+00
-1.41185450e-01
5.02447054e-01
9 1
-7.8290e-01 4.8761e-01
7 0
0 1 2 5 7 6 10 
217
-1.10426783e-01
7.82735509e-02
2.17871744e-01
-5.15717227e-02
2.22984224e-01
-3.69695892e-01
-3.16153705e-01
-1.59026682e-01
-4.02326659e-01
-7.91832183e-02
-9.60431997e-02
2.82870714e-01
4.81112556e-01
3.64682377e-01
0.00000000e+00
0.00000000e+00
0.00000000e+00
2.74094453e-02
1.15987545e-02
8.59684348e-02
2.30029056e-02
-1.52917728e-03
8.73679892e-02
-1.76291813e-01
-4.38313530e-04
2.96126909e-01
0.00000000e+00
0.00000000e+00
-4.52759017e-01
-2.49654216e-01
2.28287174e-01
1.80481174e-01
1.73003018e-01
1.02150839e-02
0.00000000e+00
0.00000000e+00
0.00000000e+00
1.26227884e-02
-1.85679618e-01
-7.87053938e-02
2.70780162e-02
-9.51893690e-02
-8.72175505e-02
2.96664343e-01
0.00000000e+00
6.17780738e-02
-6.97898333e-02
-1.53385348e-01
0.00000000e+00
-7.63423500e-02
-1.70764443e-01
4.73812271e-01
0.00000000e+00
-3.20399303e-01
4.49543273e-02
-6.50602685e-02
0.00000000e+00
-7.37958769e-02
-2.32934636e-01
4.71500603e-01
-8.04142814e-02
-2.97249270e-01
2.67236768e-01
0.00000000e+00
-4.28534585e-01
-2.11012418e-01
3.85184428e-01
3.78433704e-01
-6.70766270e-02
2.63963852e-01
0.00000000e+00
-4.04995003e-01
-2.34983523e-01
3.37143211e-01
-4.07695480e-01
-3.88105379e-02
3.99528126e-01
0.00000000e+00
-5.00052403e-01
-4.20945691e-01
3.45717913e-01
-2.69458115e-01
4.57576551e-02
1.67639834e-01
0.00000000e+00
6.53083706e-02
1.53619971e-02
-1.10740329e-01
-7.02440691e-01
-6.49948245e-02
-3.00926739e-01
0.00000000e+00
2.76483876e-01
-1.68779492e-01
-1.06194470e-01
-2.80895137e-01
-2.76951736e-01
-2.91738586e-01
0.00000000e+00
-5.73951295e-01
-5.15310856e-01
4.08905044e-01
-3.36633067e-01
3.91667888e-02
-2.13088353e-01
0.00000000e+00
1.99586493e-01
-2.01007355e-01
-2.85055149e-02
-3.04219098e-01
-2.77743309e-01
-2.83119357e-01
0.00000000e+00
0.00000000e+00
0.00000000e+00
0.00000000e+00
0.00000000e+00
0.00000000e+00
0.00000000e+00
-2.06566723e-01
-3.00352209e-02
-6.44752634e-01
0.00000000e+00
0.00000000e+00
0.00000000e+00
4.47629202e-01
-4.37531136e-02
-8.42367886e-02
3.35893276e-01
-1.36450589e+00
4.55658908e-01
4.94413433e-01
5.85811300e-01
-3.03804397e-01
0.00000000e+00
1.58620746e-01
-5.04391560e-01
-1.37533658e+00
3.71400421e-01
3.78937063e-01
7.19278730e-01
3.41737184e-01
-1.58273527e+00
-3.19331446e-01
6.43962142e-01
-2.79222970e-01
0.00000000e+00
0.00000000e+00
0.00000000e+00
9.69477071e-02
1.04712346e-01
8.13431313e-02
-7.70234087e-02
-4.79080377e-01
-8.85531299e-04
-3.63504130e-02
5.04660181e-02
-1.80713682e-02
0.00000000e+00
2.74109603e-01
2.68234059e-02
1.78182037e-02
-2.83856694e-02
9.80881139e-03
1.46010869e-01
2.01340615e-02
-2.55353018e-01
-1.72297297e-01
-3.99500437e-02
-6.50397614e-01
0.00000000e+00
0.00000000e+00
0.00000000e+00
1.60318982e-01
4.09311464e-01
-1.88144361e-01
4.27765101e-01
-1.54200576e+00
3.41705635e-01
8.55655141e-01
3.43150591e-02
-1.63583114e-02
0.00000000e+00
3.42587173e-01
-5.96728058e-01
-1.04938740e+00
5.68314262e-01
-2.26248312e-02
5.25157950e-01
3.25246152e-01
-1.28216307e+00
-1.75353544e-01
2.31990802e-01
-2.67118796e-01
0.00000000e+00
0.00000000e+00
0.00000000e+00
1.13700290e-01
-9.32669988e-02
-7.36282790e-02
-1.67707092e-01
-4.56268643e-01
1.16101045e-01
-3.40277580e-02
1.90957858e-01
-2.27899549e-01
0.00000000e+00
-9.24231717e-02
-1.01885411e-02
-5.42220574e-02
9.51795009e-02
4.28129415e-02
4.91186307e-02
-8.32303077e-02
4.74862260e-02
1.86219702e-01
1.84167407e-01
136
-3.77253606e-01
1.79802839e-02
-6.24631447e-03
-3.35226219e-02
-2.61590297e-03
-7.51875165e-02
-2.59389761e-03
-2.86523752e-01
4.90006534e-04
0.00000000e+00
0.00000000e+00
-1.13323460e-02
-6.60485087e-02
-1.92194996e-01
-4.04891334e-02
7.32772567e-02
-1.40465879e-01
0.00000000e+00
0.00000000e+00
0.00000000e+00
3.47772980e-01
-1.17450224e-01
-2.15369476e-01
-2.23016819e-01
-1.87253751e-01
-1.51942863e-01
1.70006547e-01
0.00000000e+00
1.11698592e-01
-2.25410478e-01
-3.58382241e-01
0.00000000e+00
-2.29801163e-01
-8.52359298e-02
1.93929094e-01
0.00000000e+00
2.21889174e-01
2.99249439e-01
-2.87966906e-01
0.00000000e+00
-4.04719135e-02
1.18574835e-02
1.13912429e-02
0.00000000e+00
0.00000000e+00
0.00000000e+00
0.00000000e+00
4.60514732e-04
5.38941681e-01
2.10127857e-01
-2.68806495e-01
2.63449665e-02
3.69697224e-02
2.61440910e-01
1.45599555e-01
-3.80338015e-01
2.89482066e-02
-2.67870626e-01
-2.30175554e-01
1.27084153e-01
-3.04618513e-01
-6.32677407e-01
2.64318257e-01
-5.88421615e-01
1.45463874e-01
-2.11237349e-01
2.37242846e-02
6.59030082e-01
-1.12062804e-01
8.20130883e-02
-1.48361106e-01
1.75058740e-02
-2.69891268e-01
-1.04145719e-01
1.81116320e-01
-3.21304208e-01
2.67036389e-02
-2.46315237e-01
-5.12572998e-01
-2.11666710e-02
-1.34641949e-01
0.00000000e+00
0.00000000e+00
0.00000000e+00
0.00000000e+00
0.00000000e+00
8.31732748e-02
-4.69851955e-02
-7.72919769e-01
0.00000000e+00
0.00000000e+00
0.00000000e+00
7.03799494e-01
-4.35505078e-03
-1.26887028e-01
3.33002234e-01
-1.78342653e+00
4.01638795e-01
5.83166428e-01
6.44880604e-01
-4.05181623e-01
0.00000000e+00
5.58991067e-01
-6.05925715e-01
-1.31190370e+00
3.53958860e-01
3.87736589e-01
7.52506864e-01
4.50223940e-01
-2.00016429e+00
-4.12004792e-01
7.07024079e-01
-9.11170620e-01
0.00000000e+00
0.00000000e+00
0.00000000e+00
2.51441642e-01
3.68792850e-01
-2.97085939e-01
2.22781869e-01
-1.31506141e+00
5.21559059e-01
6.09009449e-01
2.75526752e-01
-1.01821995e-01
0.00000000e+00
4.47107980e-01
-5.48150461e-01
-1.20285709e+00
5.25103411e-01
-1.06032116e-01
4.64884013e-01
2.84447511e-01
-1.65003842e+00
-1.79144392e-01
5.18366662e-01
11 1
-1.1103e+00 5.2782e-01
8 0
0 1 2 5 7 6 10 9 
217
8.35426005e-02
-1.36712059e-01
-2.12264715e-02
4.89963417e-02
4.07289208e-01
-7.31389310e-01
-4.19414355e-01
1.52321526e-02
-2.73887833e-01
1.70452883e-02
-1.29407606e-01
2.14092067e-01
4.98963185e-01
3.11642293e-02
0.00000000e+00
0.00000000e+00
0.00000000e+00
-1.87361709e-02
5.60521065e-03
-8.49813831e-02
-9.86750263e-02
9.68989465e-04
2.10259293e-01
2.10605060e-01
3.60021310e-04
9.29531779e-02
0.00000000e+00
0.00000000e+00
-2.10646443e-01
-2.37590862e-01
4.88489690e-02
1.19793480e-01
2.76774248e-01
8.63632076e-02
0.00000000e+00
0.00000000e+00
0.00000000e+00
6.48449359e-02
-2.08817058e-01
-6.20975633e-02
-2.13664221e-02
1.01685147e-02
6.98778283e-02
2.30932365e-01
0.00000000e+00
2.05657184e-01
-1.91968076e-01
-1.92739324e-01
0.00000000e+00
-2.43959667e-01
-1.05167796e-01
5.99952945e-01
0.00000000e+00
-1.32582105e-01
5.51540380e-03
-4.54672251e-02
0.00000000e+00
-9.53733420e-02
-2.08079115e-01
4.87753718e-01
3.54661478e-02
-3.87948556e-01
4.36025009e-01
0.00000000e+00
-4.99699583e-01
-5.46808481e-01
3.95595459e-01
4.38810195e-01
1.87646724e-01
5.26382452e-01
0.00000000e+00
-2.54706761e-01
-2.66737660e-01
3.88421855e-01
-1.68225145e-01
-3.86213243e-02
2.25612620e-01
0.00000000e+00
-3.67766063e-01
-1.86229944e-01
2.01622330e-01
-2.14847932e-01
2.33504414e-01
2.79253234e-01
0.00000000e+00
7.17752653e-02
-1.62100676e-01
-5.59961812e-02
-6.67994287e-01
6.77635164e-02
3.45312309e-02
0.00000000e+00
4.43072082e-01
-2.47653942e-01
-4.04622204e-02
-1.83495092e-01
-3.07516091e-01
-3.82140521e-01
0.00000000e+00
-5.31632214e-01
-2.91307711e-01
6.47956481e-01
-2.14546358e-01
-2.67118007e-02
-3.16734213e-01
0.00000000e+00
2.83446599e-01
-3.56357850e-01
-2.00566870e-01
-3.31827619e-01
-2.60024530e-03
-1.12726286e-01
0.00000000e+00
3.70231476e-02
-1.71550915e-01
-2.49245195e-01
-2.13339663e-01
2.95764648e-01
7.08526087e-02
-3.21465169e-01
-9.36154854e-02
-9.19061427e-01
0.00000000e+00
0.00000000e+00
0.00000000e+00
2.79597931e-01
-3.40831192e-02
-2.20544777e-01
3.24875228e-01
-1.22637149e+00
3.05146685e-01
5.83541214e-01
2.70641035e-01
-3.80921517e-01
0.00000000e+00
5.76581837e-01
-4.24379769e-01
-9.52336104e-01
1.75018146e-01
4.51339622e-01
2.30611143e-01
3.25977758e-01
-1.52744038e+00
-3.21610129e-01
6.45295266e-01
-1.54826895e-01
0.00000000e+00
0.00000000e+00
0.00000000e+00
2.91521724e-01
3.32555826e-02
-4.11773810e-02
-5.50868460e-02
-6.70881317e-01
1.13761657e-01
-7.69048249e-02
3.78491918e-01
9.10570294e-02
0.00000000e+00
1.26881626e-01
-1.66762898e-01
-2.40460067e-01
4.68549654e-02
5.42429491e-03
4.43196431e-01
2.58828992e-02
-4.37447627e-01
-1.17303339e-01
9.48692771e-02
-7.98245411e-01
0.00000000e+00
0.00000000e+00
0.00000000e+00
8.55551047e-04
-1.72198845e-01
-4.62252422e-01
8.53420007e-02
-6.09563736e-01
2.02901474e-01
6.60845912e-01
5.11513642e-01
-9.93469353e-02
0.00000000e+00
5.52394199e-02
-4.73726378e-01
-1.11843893e+00
6.37801493e-01
-2.09402941e-01
6.08805659e-01
2.90267713e-01
-9.29421198e-01
-5.23328452e-02
2.74865952e-01
-1.06992761e-01
0.00000000e+00
0.00000000e+00
0.00000000e+00
1.36957850e-01
3.15937401e-01
1.10342619e-01
7.53578211e-02
-3.30979625e-01
3.09178638e-01
1.07509544e-01
-1.52938480e-01
-3.34497388e-02
0.00000000e+00
8.72507848e-02
-2.16008104e-01
-2.06465190e-01
-1.45505203e-01
5.49417823e-02
-1.49525300e-02
-2.33944945e-02
-4.83587537e-02
-2.07491591e-01
7.50745098e-02
136
-1.98752146e-01
4.07913848e-03
-3.19800992e-02
9.16142997e-03
-1.58048840e-03
-5.62978465e-02
-1.19189245e-03
-1.55694868e-01
2.45044524e-04
0.00000000e+00
0.00000000e+00
-3.29219752e-02
-2.45795924e-02
-8.04334547e-02
1.20899646e-02
4.98684609e-02
-1.22775549e-01
0.00000000e+00
0.00000000e+00
0.00000000e+00
3.29881981e-01
-6.27221700e-02
-1.45284192e-01
-1.98785002e-01
-1.57526371e-01
-7.23511428e-02
1.08034752e-01
0.00000000e+00
1.38894474e-01
-2.19746864e-02
-4.35266277e-01
0.00000000e+00
-1.85349071e-01
-4.78537981e-02
1.34198675e-01
0.00000000e+00
2.14945439e-01
2.46043260e-01
-2.77498632e-01
0.00000000e+00
-2.17368832e-02
-5.37943694e-02
1.10639722e-01
0.00000000e+00
0.00000000e+00
0.00000000e+00
0.00000000e+00
1.22420406e-01
5.20079795e-01
2.23063760e-01
-3.19086444e-01
2.63980419e-02
1.20355918e-01
2.64766751e-01
1.89823882e-01
-3.26037371e-01
1.60300470e-02
-1.50886468e-01
-2.97522249e-01
1.82868542e-01
-3.23029103e-01
-6.32914446e-01
-9.37105316e-02
-5.10150747e-01
2.68936600e-02
-1.85193084e-01
2.27443729e-02
6.37317107e-01
-1.20816847e-01
8.43350990e-02
-8.44116999e-02
0.00000000e+00
-8.99857180e-02
-9.21657088e-02
1.79853800e-01
-2.98499911e-01
2.80929685e-02
-1.15686758e-01
-4.23599894e-01
-2.92410890e-03
-1.09776259e-01
0.00000000e+00
-3.27755237e-01
-3.19165609e-01
-3.87573029e-02
-1.87006279e-01
4.80531871e-02
-7.27200251e-02
-7.88411031e-01
0.00000000e+00
0.00000000e+00
0.00000000e+00
6.54652624e-01
9.94044237e-03
-1.08229501e-01
3.39406306e-01
-1.74757891e+00
4.08982276e-01
5.66833592e-01
6.19315884e-01
-3.58737070e-01
0.00000000e+00
5.32240582e-01
-5.32178010e-01
-1.31227318e+00
3.39808136e-01
3.74522104e-01
7.14597477e-01
4.44434001e-01
-1.99851716e+00
-4.05990064e-01
6.70359440e-01
-9.36934471e-01
0.00000000e+00
0.00000000e+00
0.00000000e+00
2.51882841e-01
3.60913104e-01
-3.09946545e-01
2.38655574e-01
-1.44512237e+00
5.35654934e-01
6.08874617e-01
2.56574386e-01
-9.68652913e-02
0.00000000e+00
4.58894321e-01
-5.20092481e-01
-1.16165066e+00
5.42608295e-01
-5.69246054e-02
4.52586110e-01
2.76636160e-01
-1.73120809e+00
-1.34940154e-01
5.36535389e-01
