0 -999999999 -999999999 -1 -1
1 0 0 -1 -1
0.1938 0.04304
356
6.62517218e-01
0.00000000e+00
0.00000000e+00
0.00000000e+00
0.00000000e+00
0.00000000e+00
0.00000000e+00
0.00000000e+00
0.00000000e+00
0.00000000e+00
0.00000000e+00
0.00000000e+00
0.00000000e+00
0.00000000e+00
0.00000000e+00
0.00000000e+00
0.00000000e+00
0.00000000e+00
0.00000000e+00
0.00000000e+00
0.00000000e+00
0.00000000e+00
0.00000000e+00
0.00000000e+00
0.00000000e+00
0.00000000e+00
0.00000000e+00
0.00000000e+00
0.00000000e+00
0.00000000e+00
0.00000000e+00
0.00000000e+00
0.00000000e+00
0.00000000e+00
0.00000000e+00
0.00000000e+00
0.00000000e+00
0.00000000e+00
0.00000000e+00
0.00000000e+00
0.00000000e+00
0.00000000e+00
0.00000000e+00
0.00000000e+00
0.00000000e+00
0.00000000e+00
0.00000000e+00
0.00000000e+00
0.00000000e+00
0.00000000e+00
0.00000000e+00
-4.58226363e-01
-1.01898013e-01
-2.82051546e+00
0.00000000e+00
0.00000000e+00
0.00000000e+00
0.00000000e+00
-3.26887684e-01
6.49713065e-01
4.58713384e-01
6.83576775e-01
1.21451829e+00
-5.71300514e-01
-3.04925568e-02
-7.41127510e-01
-6.53334212e-01
-7.17264397e-01
-3.03281653e-01
-5.17840860e-04
-9.05295758e-03
-4.69510591e-01
8.42318949e-03
1.08850418e-01
6.68633516e-01
4.02942741e-03
-2.39735115e-01
7.66675945e-01
-3.01714134e-03
-3.73529488e-01
-3.30653268e-02
-2.11480572e-01
9.07063116e-01
0.00000000e+00
0.00000000e+00
0.00000000e+00
0.00000000e+00
0.00000000e+00
0.00000000e+00
0.00000000e+00
-3.08688904e-01
2.20515826e-01
-1.20208964e-01
2.30607034e-03
-1.82819335e-01
4.51279903e-02
4.32566752e-03
-2.61815577e-02
9.94832931e-02
-3.85457948e-02
3.04830538e-01
-3.27670486e-02
0.00000000e+00
0.00000000e+00
2.83646407e+00
2.08241193e+00
2.89030744e-01
4.30736185e-01
1.91004252e-01
9.20082552e-01
-5.80256575e-01
-5.85530072e-01
3.80838448e-01
-1.84074753e-02
4.33981290e-02
-3.58239079e-01
-8.30979955e-01
-2.05562401e+00
0.00000000e+00
0.00000000e+00
0.00000000e+00
0.00000000e+00
0.00000000e+00
0.00000000e+00
-1.54205324e-01
-1.98047236e-01
-2.13426753e-01
-1.12291167e-01
-2.85014921e-01
-4.56909310e-01
3.78881558e+00
3.75770347e+00
3.85759108e+00
3.69536909e+00
3.74117969e+00
3.82117732e+00
1.04384681e+00
-1.04745353e-02
3.16214873e-01
2.15025106e-02
-1.57686168e-01
-2.92887849e-01
3.70058928e-01
-2.44153193e-02
2.69806493e-01
1.44477016e-01
2.62102842e-02
-9.77309253e-02
6.65067085e-01
0.00000000e+00
0.00000000e+00
0.00000000e+00
0.00000000e+00
0.00000000e+00
0.00000000e+00
0.00000000e+00
-2.54986760e-03
2.11111252e-01
-1.23181297e+00
0.00000000e+00
-1.07961596e-01
-2.92626222e-01
-8.34172292e-01
-1.12726849e+00
-9.42133888e-01
0.00000000e+00
0.00000000e+00
0.00000000e+00
1.64246248e-01
4.91749523e-01
-8.47300563e-01
-2.79159806e-01
1.95772054e-02
-2.26202048e-01
-8.48643344e-01
4.75748538e-01
9.12268667e-02
0.00000000e+00
-3.06590280e-01
-1.50392634e-01
-6.92535357e-01
8.78523620e-01
6.30418809e-01
4.95271700e-01
1.93302897e-01
-9.36043533e-01
-3.79957171e-02
-5.73360134e-02
1.71446076e-01
0.00000000e+00
0.00000000e+00
0.00000000e+00
-1.12177601e-01
4.96141418e-01
2.44950770e-01
2.76900876e-01
-8.21483517e-01
5.60717361e-01
6.49097663e-01
-5.77483757e-02
2.01456495e-01
0.00000000e+00
-5.32503426e-02
-2.92477151e-01
-1.57819850e-01
-2.70250671e-01
-1.03958981e-01
1.23542057e-02
6.80619067e-02
-4.77344071e-01
-2.89224948e-01
2.97500891e-01
-5.50826465e-01
-7.14896281e-02
2.54071177e-01
-1.54407311e-01
3.51141414e-02
2.74602086e-01
6.08529949e-02
-4.06944709e-01
-3.56416877e-01
0.00000000e+00
0.00000000e+00
0.00000000e+00
1.16584649e-01
2.97798065e-01
-2.16957924e-01
-3.59785049e-01
-2.24884314e-01
-7.05213603e-01
-4.37942140e-01
6.74847941e-01
1.39205707e-01
0.00000000e+00
-4.54159644e-01
6.45332558e-01
3.16332623e-01
2.28356171e-01
-4.85485407e-01
6.71303135e-02
-2.22147209e-02
1.45354428e-01
1.60578483e-01
-2.41295013e-01
-4.79336837e-01
1.25819879e+00
5.53558537e-01
5.20044439e-01
-3.91307423e-01
-3.64719680e-02
-7.21046547e-01
-3.30744884e-01
-3.27197486e-01
3.75922734e-01
7.96926257e-02
-4.92087328e-01
-3.54835455e-01
-2.22550587e-01
6.88896676e-01
-3.84528261e-01
-1.41989471e+00
0.00000000e+00
0.00000000e+00
0.00000000e+00
-4.87378760e-01
3.25906248e-01
-8.45200646e-01
2.84916172e-02
-2.73038951e-01
3.14779433e-01
5.74703681e-01
-8.19165954e-02
2.11691451e-01
0.00000000e+00
2.39314435e-01
-2.05274296e-01
-1.21838505e+00
1.13055777e+00
-6.86974942e-01
-1.34673350e-01
2.06478552e-01
-9.74826377e-01
3.09252423e-01
1.46598644e-01
-1.42440910e-01
0.00000000e+00
0.00000000e+00
0.00000000e+00
3.53031122e-01
2.29251950e-01
4.01601791e-01
1.82708860e-01
-1.62591976e-01
2.85610324e-01
-2.93735202e-02
-8.50779371e-02
2.58392165e-01
0.00000000e+00
-1.61470649e-01
4.98374319e-02
2.29511857e-02
-1.76546735e-01
-6.38760929e-01
2.67450694e-01
-2.44121012e-02
-4.26721265e-01
-4.36778821e-01
-5.15425011e-02
-6.10430013e-01
2.29135788e-02
0.00000000e+00
-7.81924630e-03
-5.49414182e-03
2.72595962e-01
1.16841564e-01
-3.66523947e-01
3.38907559e-02
0.00000000e+00
0.00000000e+00
0.00000000e+00
-2.63358374e-01
-2.45388755e-01
-1.71325210e-01
1.33525246e-01
5.51220419e-01
1.83408284e-01
-2.40130788e-02
-6.80873320e-01
5.95487554e-03
0.00000000e+00
2.71703558e-01
-1.81629567e-01
-2.89584472e-02
2.21064085e-01
-4.07920201e-03
-1.25604437e-01
1.53066345e-01
2.36934237e-01
1.19033051e-01
-1.16788954e-01
-6.33343592e-01
0.00000000e+00
3.80201160e-02
4.51783286e-01
-8.09464697e-01
-3.15539800e-01
0.00000000e+00
-6.17670070e-01
-1.97444073e-01
2.05847141e-01
-6.17206130e-02
-4.59666328e-01
-4.93924897e-01
0.00000000e+00
0.00000000e+00
-4.37868692e-01
247
7.95802548e-02
0.00000000e+00
0.00000000e+00
0.00000000e+00
0.00000000e+00
0.00000000e+00
0.00000000e+00
0.00000000e+00
0.00000000e+00
0.00000000e+00
0.00000000e+00
0.00000000e+00
0.00000000e+00
0.00000000e+00
0.00000000e+00
0.00000000e+00
0.00000000e+00
0.00000000e+00
0.00000000e+00
0.00000000e+00
0.00000000e+00
0.00000000e+00
0.00000000e+00
0.00000000e+00
0.00000000e+00
0.00000000e+00
0.00000000e+00
0.00000000e+00
0.00000000e+00
0.00000000e+00
0.00000000e+00
0.00000000e+00
0.00000000e+00
0.00000000e+00
0.00000000e+00
0.00000000e+00
0.00000000e+00
0.00000000e+00
0.00000000e+00
0.00000000e+00
0.00000000e+00
-6.80255135e-01
3.50150060e-02
5.83585638e-01
-6.37466414e-03
1.80211154e-01
2.67858790e-03
-3.96140250e-03
-4.55283427e-03
-1.76245381e-01
-3.53092082e-01
6.08917718e-01
0.00000000e+00
0.00000000e+00
0.00000000e+00
0.00000000e+00
0.00000000e+00
0.00000000e+00
0.00000000e+00
3.48733543e+00
2.18932517e+00
2.34654187e+00
1.49758035e+00
7.49217368e-01
1.03060425e+00
0.00000000e+00
-2.05871059e+00
1.02867072e-01
-2.34461104e-01
-4.55570798e-02
2.17398438e-02
-7.23725438e-01
-2.15712363e+00
0.00000000e+00
0.00000000e+00
0.00000000e+00
0.00000000e+00
0.00000000e+00
0.00000000e+00
2.06539223e-02
-2.91425333e-02
-3.19086084e-01
-2.03072901e-01
-7.63598927e-01
-8.15498392e-01
4.17194541e+00
4.67814397e+00
4.99601174e+00
5.08498620e+00
4.89177918e+00
4.64620902e+00
1.50536151e+00
3.09712839e-02
-3.87385214e-01
-1.78298093e-01
-1.45238361e-01
-6.20869478e-01
0.00000000e+00
-6.82964715e-01
2.78440837e-01
-4.40201455e-01
-1.27847652e-01
2.29847829e-01
-3.71494837e-01
0.00000000e+00
0.00000000e+00
0.00000000e+00
4.51075092e-01
5.42497208e-01
-1.98326934e+00
0.00000000e+00
-9.45464607e-01
-4.79021230e-01
-1.27333394e+00
-8.36410978e-01
-1.42448584e+00
0.00000000e+00
0.00000000e+00
0.00000000e+00
7.19466247e-01
1.33001903e+00
1.19529358e-01
1.63063209e-01
-9.54611411e-01
-2.80894671e-01
9.15807311e-01
1.28987567e+00
6.43269641e-01
0.00000000e+00
7.53853545e-01
-6.28764534e-01
-1.27664130e+00
8.65012659e-01
8.54199779e-01
8.85180431e-01
8.85857170e-01
0.00000000e+00
4.09385934e-01
1.03779436e+00
-9.62131897e-01
-5.93079690e-01
-8.13912280e-01
-2.99674962e-01
9.63652987e-03
-2.62858574e-02
0.00000000e+00
0.00000000e+00
0.00000000e+00
1.72211434e-01
5.88608061e-01
-9.70844207e-02
4.13856536e-01
0.00000000e+00
6.72334232e-01
2.63954946e-01
-1.73101426e-01
-5.04702477e-01
0.00000000e+00
6.67798269e-01
1.37542583e-01
0.00000000e+00
7.14692408e-01
-6.67818150e-01
5.07629832e-01
2.29134419e-01
0.00000000e+00
-2.00087108e-01
-2.79681120e-01
-3.69052206e-01
-6.84246749e-02
-1.47613584e-01
-1.02151602e-01
-4.62353940e-01
-3.52384917e-01
-1.50606989e+00
-6.38308456e-01
-2.22981030e-01
-1.09969023e-01
-9.66640413e-01
-5.05725104e-01
-4.02017413e-01
-2.10974492e+00
0.00000000e+00
0.00000000e+00
0.00000000e+00
4.52862636e-01
1.45271876e+00
-8.43895340e-02
5.22717867e-01
0.00000000e+00
2.27963165e-01
8.62695557e-01
6.95004638e-02
1.12982009e+00
0.00000000e+00
3.96498599e-01
3.69424347e-01
-1.31703725e+00
1.22905889e+00
-6.52347669e-01
5.96393602e-02
1.77672028e-01
-7.08931429e-01
5.87435330e-01
1.41004284e-01
-1.06168365e+00
-4.41673129e-01
0.00000000e+00
4.23683628e-01
3.20052676e-01
-3.07463147e-01
0.00000000e+00
0.00000000e+00
0.00000000e+00
3.52271796e-01
4.85449163e-01
2.45293662e-01
8.13288369e-02
0.00000000e+00
3.09993347e-01
1.95759922e-01
5.93353329e-01
1.44721100e-01
0.00000000e+00
-5.16796468e-02
-2.31086705e-01
6.91893044e-01
3.99039608e-01
3.80209563e-01
5.78660321e-01
2.57655535e-01
0.00000000e+00
-3.82175356e-01
1.87863618e-01
-6.20010521e-01
0.00000000e+00
-6.83689625e-01
8.02044969e-01
-1.04806127e+00
-8.31660809e-01
0.00000000e+00
0.00000000e+00
4.24654765e-02
-2.16400456e-01
0.00000000e+00
0.00000000e+00
0.00000000e+00
8 -999999999 -999999999 0 -1
2 0 0 1 -1
-1.7323e-01 1.0237e+00
356
3.17162578e-01
0.00000000e+00
0.00000000e+00
0.00000000e+00
0.00000000e+00
0.00000000e+00
0.00000000e+00
0.00000000e+00
0.00000000e+00
0.00000000e+00
0.00000000e+00
0.00000000e+00
0.00000000e+00
0.00000000e+00
0.00000000e+00
0.00000000e+00
0.00000000e+00
0.00000000e+00
0.00000000e+00
0.00000000e+00
0.00000000e+00
0.00000000e+00
0.00000000e+00
0.00000000e+00
0.00000000e+00
0.00000000e+00
0.00000000e+00
0.00000000e+00
0.00000000e+00
0.00000000e+00
0.00000000e+00
4.21460945e-01
-1.04298367e-01
-1.19524013e+00
-1.89977496e+00
-1.02730189e-01
-6.79861580e-02
7.89683111e-01
-1.37207321e+00
8.27017968e-01
2.56626625e-01
0.00000000e+00
0.00000000e+00
0.00000000e+00
0.00000000e+00
0.00000000e+00
0.00000000e+00
0.00000000e+00
0.00000000e+00
0.00000000e+00
0.00000000e+00
-1.05645219e-01
-2.68279116e-01
-2.40839002e-01
0.00000000e+00
0.00000000e+00
0.00000000e+00
0.00000000e+00
-5.21605815e-01
1.20073544e+00
5.35959654e-01
1.70016992e-01
7.26983683e-01
-2.87556119e-01
3.27970815e-01
-1.23646597e+00
-7.52145758e-01
-1.61237477e-01
-4.05427150e-01
2.90140362e-03
1.01536657e-01
-7.48526244e-02
-7.04380172e-03
-6.14874844e-02
3.39398592e-01
-5.63890796e-03
-6.20901946e-02
4.58043761e-01
-9.57515567e-04
-3.27209679e-01
3.86379823e-02
2.21833272e-02
2.56341269e-01
0.00000000e+00
0.00000000e+00
0.00000000e+00
0.00000000e+00
0.00000000e+00
0.00000000e+00
0.00000000e+00
-1.41685871e-02
-4.51665453e-01
-1.53834392e-01
-2.01241121e-01
2.43602949e-02
-7.94930714e-02
1.69218435e-01
2.38451760e-01
-6.03619488e-02
-9.16712930e-02
-2.19125043e-01
-1.16326441e-01
0.00000000e+00
0.00000000e+00
2.92979798e+00
1.98357692e+00
1.03512777e+00
2.72552934e-01
-3.24796466e-02
7.55452682e-01
-5.64378362e-01
-1.04292104e+00
-2.46988578e-01
-4.13578539e-01
-2.00799053e-01
-1.06028442e-01
-4.34238142e-01
-1.63435699e+00
0.00000000e+00
0.00000000e+00
0.00000000e+00
0.00000000e+00
0.00000000e+00
0.00000000e+00
-1.46736290e-01
-8.52659849e-02
-1.65263511e-01
-1.92195571e-01
-2.75706236e-01
-8.01246747e-01
4.41655874e+00
4.51068316e+00
4.50013723e+00
4.51477946e+00
4.24579355e+00
4.39551911e+00
1.74242967e+00
2.50069916e-01
6.26898903e-01
2.52243722e-01
2.60904218e-01
-3.25240453e-01
9.67986018e-02
-2.11127633e-01
1.10495982e-01
2.11704503e-01
2.11681313e-01
-1.87020837e-01
4.23354342e-01
0.00000000e+00
0.00000000e+00
0.00000000e+00
0.00000000e+00
0.00000000e+00
0.00000000e+00
0.00000000e+00
-1.06191764e-01
7.95496523e-01
-1.67499551e+00
0.00000000e+00
-5.37454243e-01
-9.68041098e-01
-4.00185652e-01
-6.98373242e-01
-9.37639896e-01
0.00000000e+00
0.00000000e+00
0.00000000e+00
2.03302519e-01
6.84114336e-01
-5.96940468e-01
5.13013099e-03
-6.90467687e-01
4.95567352e-02
1.09502804e-01
4.66175540e-01
4.97541831e-01
0.00000000e+00
-5.91029593e-01
-5.74556263e-01
-1.10443178e+00
9.61250861e-01
-4.30866476e-02
8.35646202e-01
2.67127339e-01
-1.46175305e+00
-1.67052637e-01
2.12329926e-01
1.29873150e-01
0.00000000e+00
0.00000000e+00
0.00000000e+00
1.15320271e-01
3.51208286e-01
2.17366823e-01
3.30817507e-01
0.00000000e+00
3.64144191e-01
4.40118392e-01
1.60888149e-01
1.57880926e-01
0.00000000e+00
4.51605246e-01
-3.07864541e-01
-2.31119960e-02
1.19707086e-01
5.37452479e-01
4.77060326e-02
1.49717330e-01
1.16753082e-01
-3.12144066e-02
9.91834783e-02
-1.90382225e-01
-1.09833651e-01
-5.88851144e-01
-8.19095146e-01
-1.52474354e-02
-5.70893954e-02
-1.43912702e-01
9.11684467e-02
-3.83106335e-01
0.00000000e+00
0.00000000e+00
0.00000000e+00
2.67719997e-02
3.61503716e-02
-3.99170615e-02
-4.95230209e-01
0.00000000e+00
-1.20469112e-01
-1.11029115e-01
9.52208758e-01
7.01433050e-01
0.00000000e+00
-6.61025983e-01
-1.73470652e-01
-1.09971689e-01
3.28366473e-01
-7.49816090e-01
6.68225931e-01
-6.44775915e-01
-1.43034227e-01
2.37140952e-01
-4.98735527e-02
-8.05485740e-02
-3.23175850e-01
-4.11634245e-01
6.50929280e-02
-7.47257671e-01
-4.27620593e-01
3.15051824e-03
-5.91671939e-01
-1.91640377e-01
-2.14751309e-01
-3.21534571e-01
1.08665287e-01
-3.19637078e-01
-4.83307815e-01
-2.69642830e-01
-2.02462680e-01
-1.66641434e+00
0.00000000e+00
0.00000000e+00
0.00000000e+00
4.42222921e-01
1.10536188e+00
-3.67905306e-01
2.89676553e-01
-1.32349417e+00
6.99496489e-01
3.41263889e-01
-9.45668147e-02
5.75931668e-01
0.00000000e+00
2.92574165e-01
-2.38827355e-01
-1.24511121e+00
7.87064905e-01
-1.80063036e+00
4.30457719e-01
3.63445111e-01
-1.76612850e+00
-1.41890754e-01
-1.53551628e-02
5.17729983e-01
0.00000000e+00
0.00000000e+00
0.00000000e+00
-5.86489959e-02
7.23798114e-02
1.44438954e-02
-2.66643339e-02
1.74746066e-01
-1.28879084e-01
7.42800667e-02
3.68127445e-02
1.56719064e-01
0.00000000e+00
-1.95469234e-01
2.28240410e-01
-7.57461007e-02
2.68273891e-01
4.92631124e-02
-5.47815637e-02
-1.28859337e-02
8.96094607e-02
-6.31180028e-02
-3.08452896e-02
-6.14678344e-01
-3.37833491e-01
0.00000000e+00
-5.27414003e-01
9.29722805e-02
-3.89373985e-02
-2.57621166e-01
-4.12749272e-02
-4.32279307e-01
0.00000000e+00
0.00000000e+00
0.00000000e+00
1.26373050e-01
-3.30741297e-01
1.53594298e-01
1.26450661e-01
0.00000000e+00
2.68477648e-01
-2.89658917e-01
-7.89193167e-01
-1.03240744e-02
0.00000000e+00
4.95217637e-01
1.56942829e-01
1.39879857e-04
-5.11897864e-01
9.22926979e-02
-1.09803707e-01
3.89125378e-01
2.57798559e-01
-5.53676761e-01
-5.52484473e-03
-2.76844852e-01
0.00000000e+00
-2.53688441e-01
3.19031662e-01
-1.05173600e+00
-6.30207606e-01
0.00000000e+00
-1.86954834e-01
-8.07094974e-02
-3.74404838e-01
-4.45118202e-01
1.89315434e-01
-4.21528389e-01
0.00000000e+00
7.55286757e-02
1.01734082e+00
247
-6.79949795e-01
0.00000000e+00
0.00000000e+00
0.00000000e+00
0.00000000e+00
0.00000000e+00
0.00000000e+00
0.00000000e+00
0.00000000e+00
0.00000000e+00
0.00000000e+00
0.00000000e+00
0.00000000e+00
0.00000000e+00
0.00000000e+00
0.00000000e+00
0.00000000e+00
0.00000000e+00
0.00000000e+00
0.00000000e+00
0.00000000e+00
0.00000000e+00
0.00000000e+00
0.00000000e+00
0.00000000e+00
0.00000000e+00
0.00000000e+00
-6.79949795e-01
0.00000000e+00
-1.43892275e+00
7.58972958e-01
0.00000000e+00
7.45847394e-01
6.31547189e-01
0.00000000e+00
0.00000000e+00
0.00000000e+00
0.00000000e+00
0.00000000e+00
0.00000000e+00
0.00000000e+00
-7.83465901e-02
-4.76023210e-03
-6.88185815e-01
8.61160499e-03
1.34394511e-01
-1.61772894e-03
-4.78119003e-02
-9.33350559e-04
-4.08908019e-01
2.10702083e-02
-2.92111984e-01
0.00000000e+00
0.00000000e+00
0.00000000e+00
0.00000000e+00
0.00000000e+00
0.00000000e+00
0.00000000e+00
1.86206891e+00
9.05695596e-01
-1.19356228e-01
1.63369080e-01
7.32849062e-02
9.20779797e-01
-4.84956438e-01
-5.65968140e-01
1.49432676e-03
-9.23342166e-02
1.39305441e-01
-2.83734380e-01
-4.98520447e-01
-1.79538240e+00
0.00000000e+00
0.00000000e+00
0.00000000e+00
0.00000000e+00
0.00000000e+00
0.00000000e+00
-1.02635799e-01
-1.74143954e-01
-3.27920977e-01
-2.52926759e-01
-2.85868205e-01
-4.42149696e-01
3.93062187e+00
3.72449692e+00
3.76922768e+00
3.59872704e+00
3.59979747e+00
3.66464332e+00
9.71467066e-01
-1.01820585e-03
3.37690350e-01
5.35966474e-02
-2.59771485e-01
-2.62200560e-01
6.40442305e-02
-7.26527380e-02
1.71050044e-01
6.97062773e-02
2.08298326e-01
-6.42480388e-02
-1.28470213e-02
0.00000000e+00
0.00000000e+00
0.00000000e+00
-6.67102773e-01
5.19273457e-01
-1.64355680e+00
0.00000000e+00
-3.34800625e-01
-5.63661279e-01
-6.39039614e-01
-9.34806723e-01
-8.98461904e-01
0.00000000e+00
0.00000000e+00
0.00000000e+00
1.16287628e-01
5.89041065e-01
-7.42258243e-01
-8.04566682e-02
-5.73102825e-01
1.66716086e-01
-2.25255015e-01
3.42252949e-01
3.42086173e-01
0.00000000e+00
-3.83054291e-01
-2.51036494e-01
-3.60485123e-01
3.27870066e-01
4.43166403e-01
3.52880785e-01
3.27574063e-02
-1.06357532e+00
-1.00422950e-01
1.68126459e-01
-4.31336223e-01
-3.48636747e-01
-9.74541317e-02
-5.05219899e-01
-1.22820493e-01
7.95495868e-02
0.00000000e+00
0.00000000e+00
0.00000000e+00
6.61173642e-02
7.36283262e-01
2.01687861e-01
5.61606946e-01
0.00000000e+00
4.68264777e-01
5.09858526e-01
2.50701729e-02
3.87309682e-01
0.00000000e+00
5.02414770e-01
-3.28457258e-01
-1.48281085e-01
2.29212128e-01
-1.14936038e+00
1.22894202e-01
1.00138321e-01
-3.23398573e-01
-3.98220993e-02
6.53918016e-02
-8.26994756e-02
4.50299140e-01
-8.56469811e-02
-6.60651518e-02
-4.67125681e-01
1.38361216e-02
-3.89503461e-01
-1.24402547e-01
2.02237091e-01
-4.80961803e-01
-2.53389784e-01
-1.74240912e-01
-3.47529020e-02
-1.57384634e+00
0.00000000e+00
0.00000000e+00
0.00000000e+00
-2.10740487e-02
2.85715228e-01
-3.08814644e-01
3.34461410e-03
-9.34287703e-02
5.50563756e-01
2.79024285e-01
-3.64596427e-02
2.64356599e-01
0.00000000e+00
-1.93602466e-05
-1.61406433e-01
-9.53004847e-01
7.39559574e-01
-1.05246634e+00
1.36685470e-01
2.27274276e-01
-1.45141430e+00
-1.35939061e-01
1.53657312e-01
-4.83117269e-01
-1.16478585e-01
-1.27097223e-01
-1.17571905e-01
1.85137566e-01
-6.03331783e-02
0.00000000e+00
0.00000000e+00
0.00000000e+00
-1.35502228e-02
9.64268434e-02
-1.93036015e-02
6.45604266e-02
-5.44354810e-01
5.43443728e-02
7.83020666e-02
4.15853473e-01
2.76101685e-01
0.00000000e+00
-1.51409037e-01
8.16515898e-02
-7.77269830e-02
1.46997533e-01
-3.71695278e-02
1.30688303e-01
1.81313544e-03
-4.18462612e-01
-4.87351844e-02
-9.63606300e-02
-3.66638684e-01
0.00000000e+00
1.08469491e-02
1.36848880e-01
-1.09072907e+00
-5.22561029e-01
0.00000000e+00
-2.29425515e-01
-1.34834967e-01
-5.68168039e-01
0.00000000e+00
9.35867305e-02
1.02377840e-01
3 2
-1.2533e-01 4.5014e-01
2 8
0 8 
217
3.30330227e-03
1.07170690e-01
-1.19181177e-01
-3.03544852e-01
-4.52558779e-01
1.02750978e-01
-4.51243342e-02
6.47225897e-01
7.67276839e-01
-4.70617610e-01
1.04463250e-02
-9.21354685e-02
0.00000000e+00
0.00000000e+00
4.59062255e-02
-8.04226505e-03
3.65906152e-01
-1.39106084e-01
-3.62175283e-03
-1.70127996e-02
-1.35019721e-01
-5.69315129e-03
2.72461164e-01
2.31522882e-01
-1.42802072e-03
-5.98421200e-02
1.33488725e-02
-1.68753864e-01
1.58708294e-01
0.00000000e+00
0.00000000e+00
0.00000000e+00
0.00000000e+00
0.00000000e+00
0.00000000e+00
0.00000000e+00
2.00589384e-02
-3.97872363e-02
2.30316002e-02
0.00000000e+00
0.00000000e+00
0.00000000e+00
0.00000000e+00
0.00000000e+00
2.00589384e-02
2.10404751e-01
-2.50191988e-01
2.30316002e-02
0.00000000e+00
0.00000000e+00
0.00000000e+00
0.00000000e+00
0.00000000e+00
0.00000000e+00
0.00000000e+00
0.00000000e+00
0.00000000e+00
0.00000000e+00
0.00000000e+00
0.00000000e+00
2.30316002e-02
2.10404751e-01
-2.50191988e-01
3.72787757e-02
-2.67411825e-01
-6.42415997e-01
1.48087036e-01
-8.14144202e-01
8.53493155e-02
3.09309485e-01
0.00000000e+00
1.54913543e-01
1.43350706e-01
-3.46652406e-02
4.34298747e-01
-1.92495147e-01
-1.88850178e-01
0.00000000e+00
0.00000000e+00
0.00000000e+00
0.00000000e+00
0.00000000e+00
0.00000000e+00
0.00000000e+00
0.00000000e+00
0.00000000e+00
0.00000000e+00
0.00000000e+00
0.00000000e+00
0.00000000e+00
0.00000000e+00
0.00000000e+00
0.00000000e+00
0.00000000e+00
0.00000000e+00
0.00000000e+00
0.00000000e+00
0.00000000e+00
0.00000000e+00
0.00000000e+00
0.00000000e+00
0.00000000e+00
0.00000000e+00
0.00000000e+00
0.00000000e+00
0.00000000e+00
0.00000000e+00
0.00000000e+00
0.00000000e+00
0.00000000e+00
0.00000000e+00
0.00000000e+00
0.00000000e+00
0.00000000e+00
0.00000000e+00
0.00000000e+00
0.00000000e+00
0.00000000e+00
0.00000000e+00
1.02375412e-02
3.49546529e-01
-4.50487283e-01
0.00000000e+00
0.00000000e+00
0.00000000e+00
-9.38296099e-02
-1.80735772e-01
-1.71633059e-01
7.68697667e-02
-3.73225750e-01
-6.28521386e-02
2.75020601e-01
1.37072914e-02
1.16048051e-01
0.00000000e+00
-1.27078573e-01
-3.18672526e-02
-4.23791330e-01
7.92590492e-01
2.36915089e-02
1.04074618e-01
9.54376323e-02
-5.76254158e-01
4.88421885e-02
4.44982094e-02
-2.62372907e-01
0.00000000e+00
0.00000000e+00
0.00000000e+00
2.96675272e-01
2.41012732e-01
2.43373166e-03
1.58906195e-02
-7.14246827e-01
5.90973497e-02
6.50286929e-02
2.61178617e-01
2.51247754e-01
0.00000000e+00
-2.26512670e-02
1.99585425e-01
-2.78865959e-01
5.97439116e-02
-5.16278322e-02
2.18543976e-01
3.06787921e-01
-1.02726837e+00
-1.59517932e-01
1.45792754e-02
-4.78631337e-01
0.00000000e+00
0.00000000e+00
0.00000000e+00
4.46320015e-02
-1.00595894e-01
-2.21707676e-01
3.45227871e-01
-4.35034353e-01
2.24326336e-01
3.65349462e-01
8.42616272e-02
2.40803577e-01
0.00000000e+00
5.88262561e-02
-1.59632334e-01
-4.63513399e-01
3.18370496e-01
-1.01211568e-01
2.24938904e-01
-2.75580971e-02
-6.84982061e-01
-8.49904418e-02
-1.06142044e-01
-2.86347973e-01
0.00000000e+00
0.00000000e+00
0.00000000e+00
3.55100048e-02
2.83768998e-01
-2.39634016e-02
-5.15722329e-03
-4.40018835e-01
2.17751172e-01
1.86414718e-01
3.18455854e-02
8.15669622e-02
0.00000000e+00
6.06261699e-02
-4.73924536e-03
-5.61377436e-01
3.63301791e-01
3.27800657e-01
-2.39569716e-02
1.32195303e-01
-1.01832967e+00
-3.79243359e-02
1.08337780e-01
136
-4.08835974e-01
-3.80975813e-01
1.30844149e-02
-1.60399791e-01
1.01114516e-03
8.60864699e-02
-1.24772857e-03
4.64531595e-02
-1.02173491e-03
-1.17264277e-02
-1.08490410e-01
-2.88619137e-01
0.00000000e+00
0.00000000e+00
0.00000000e+00
0.00000000e+00
0.00000000e+00
0.00000000e+00
0.00000000e+00
3.43822242e-01
-2.27852974e-01
-5.24805242e-01
0.00000000e+00
0.00000000e+00
0.00000000e+00
0.00000000e+00
0.00000000e+00
3.43822242e-01
-7.26171032e-01
4.98318058e-01
-5.24805242e-01
0.00000000e+00
0.00000000e+00
0.00000000e+00
0.00000000e+00
0.00000000e+00
0.00000000e+00
0.00000000e+00
0.00000000e+00
0.00000000e+00
0.00000000e+00
0.00000000e+00
0.00000000e+00
0.00000000e+00
0.00000000e+00
0.00000000e+00
7.60834240e-01
8.13060600e-02
7.91599974e-01
5.99757773e-01
-2.35282912e+00
-2.41769003e-01
-1.40579787e-01
2.23220077e-01
1.49929953e-02
-8.18910711e-01
0.00000000e+00
0.00000000e+00
0.00000000e+00
0.00000000e+00
-5.24805242e-01
-7.26171032e-01
4.98318058e-01
0.00000000e+00
0.00000000e+00
0.00000000e+00
0.00000000e+00
0.00000000e+00
0.00000000e+00
0.00000000e+00
0.00000000e+00
0.00000000e+00
0.00000000e+00
0.00000000e+00
0.00000000e+00
0.00000000e+00
0.00000000e+00
0.00000000e+00
0.00000000e+00
0.00000000e+00
0.00000000e+00
0.00000000e+00
0.00000000e+00
0.00000000e+00
0.00000000e+00
0.00000000e+00
-8.21790271e-02
4.84664006e-02
-8.30244266e-01
0.00000000e+00
0.00000000e+00
0.00000000e+00
6.12031967e-01
-7.54726728e-02
-3.76472954e-01
2.09662249e-01
-1.32086804e+00
3.92539658e-02
9.10257577e-02
3.25428511e-01
8.79254057e-02
0.00000000e+00
2.38711640e-01
2.51077755e-01
-1.13153423e+00
8.39412012e-01
3.50442955e-01
5.98157635e-01
5.87955406e-01
-2.05824232e+00
-4.43862785e-01
3.45123479e-01
-1.08772529e+00
0.00000000e+00
0.00000000e+00
0.00000000e+00
6.36862166e-02
3.47387044e-01
-5.30266728e-01
1.34762064e-01
-8.95061851e-01
4.65126372e-01
5.21588790e-01
2.49028614e-01
4.22420403e-01
0.00000000e+00
2.33321217e-01
-2.16148903e-01
-1.23102751e+00
7.53530757e-01
-7.66063379e-04
1.95942632e-01
2.60054374e-01
-1.90748662e+00
-2.31927522e-01
2.78111427e-01
6 1
-4.8347e-01 5.1199e-01
3 0
0 8 3 
217
5.18381891e-01
-4.06505956e-01
-3.94381187e-01
-8.03259758e-01
9.26803391e-02
1.45411162e-01
2.38047954e-01
-5.38965134e-02
-2.76680052e-01
3.76622566e-01
-3.31219692e-01
1.82412627e-01
7.95553343e-01
2.21376775e-01
-1.58783494e-01
9.42324965e-03
8.82139633e-01
1.26181972e-01
-2.01212088e-03
5.93519476e-01
9.71973412e-02
1.25796549e-03
6.89461073e-01
4.53786072e-01
-4.50079423e-04
5.80048578e-01
1.13953962e-01
-2.24505003e-02
4.26878429e-01
0.00000000e+00
0.00000000e+00
0.00000000e+00
0.00000000e+00
0.00000000e+00
0.00000000e+00
0.00000000e+00
0.00000000e+00
9.89641012e-02
2.39174738e-01
-2.13358509e-02
0.00000000e+00
0.00000000e+00
0.00000000e+00
0.00000000e+00
0.00000000e+00
2.30233051e-01
-4.85705029e-02
1.30929475e-01
-8.26984466e-02
2.97271686e-01
-1.89026422e-01
-2.13358509e-02
0.00000000e+00
0.00000000e+00
0.00000000e+00
0.00000000e+00
0.00000000e+00
0.00000000e+00
0.00000000e+00
0.00000000e+00
4.06865309e-01
2.30233051e-01
-3.20295372e-01
0.00000000e+00
-1.18716469e-01
-1.21457703e+00
6.24875454e-01
3.37839646e-01
1.22229055e-02
5.90243446e-01
4.61242540e-01
1.85142652e-01
1.89979086e-01
5.76804799e-01
6.18653729e-02
-7.04808101e-01
-5.11385827e-01
3.94520443e-01
1.19650482e-01
-6.15422559e-01
4.92061300e-01
-5.09571195e-01
-4.87850334e-01
1.39012825e-01
0.00000000e+00
0.00000000e+00
0.00000000e+00
0.00000000e+00
0.00000000e+00
0.00000000e+00
0.00000000e+00
0.00000000e+00
0.00000000e+00
0.00000000e+00
0.00000000e+00
0.00000000e+00
0.00000000e+00
0.00000000e+00
0.00000000e+00
0.00000000e+00
0.00000000e+00
0.00000000e+00
0.00000000e+00
0.00000000e+00
0.00000000e+00
0.00000000e+00
0.00000000e+00
0.00000000e+00
0.00000000e+00
0.00000000e+00
0.00000000e+00
0.00000000e+00
0.00000000e+00
0.00000000e+00
0.00000000e+00
0.00000000e+00
0.00000000e+00
0.00000000e+00
0.00000000e+00
-3.42759650e-01
-4.44275550e-01
-5.69088015e-01
0.00000000e+00
0.00000000e+00
0.00000000e+00
-3.23819681e-01
-4.72915030e-01
-2.35528970e-01
1.81016752e-01
-1.23827523e+00
7.32742321e-01
5.58988696e-01
2.31836792e-01
9.09706826e-01
0.00000000e+00
-6.30621051e-02
5.12286167e-01
-4.16733232e-01
1.02235503e+00
1.13402989e-01
-2.48658932e-01
-1.21760365e-01
-1.46303869e+00
1.97284116e-02
-2.67359758e-01
-5.93050189e-01
0.00000000e+00
0.00000000e+00
0.00000000e+00
6.24054175e-01
4.94959580e-01
1.00311795e-01
-1.49301753e-01
-5.06381562e-01
3.27797307e-01
3.00503046e-01
3.92073531e-01
-2.59721738e-01
0.00000000e+00
1.22282252e-01
-3.02373420e-01
-3.45730665e-01
-4.36300415e-01
3.16834158e-02
4.21516916e-01
-9.34722583e-02
-1.30100750e+00
-5.46769824e-01
5.32826923e-01
-7.28853967e-01
0.00000000e+00
0.00000000e+00
0.00000000e+00
-2.34407367e-01
-1.64060583e-01
-6.39716301e-01
2.95294991e-01
-2.15117279e-02
6.48735938e-01
8.49256586e-01
2.54229263e-02
2.41333558e-01
0.00000000e+00
1.37475395e-01
2.02100549e-01
-1.15449541e+00
8.87220703e-01
-2.90507508e-01
2.89105154e-01
-1.08085428e-01
-1.40182570e+00
-1.87454457e-01
-1.02735281e-01
-5.37814319e-01
0.00000000e+00
0.00000000e+00
0.00000000e+00
2.39563834e-01
1.00836509e-01
-1.67440904e-01
-1.97941381e-01
-4.93885756e-01
-6.39256016e-02
-2.76321641e-01
4.59365629e-01
4.11058060e-01
0.00000000e+00
2.23713019e-02
2.92324935e-02
-7.96925098e-01
1.23862284e-01
1.19050843e-01
-1.63060418e-01
4.69056631e-01
-8.29813722e-01
1.93808453e-01
2.83294165e-01
136
-8.71844328e-01
-7.63619796e-01
2.99816827e-02
-1.87018980e-02
3.70487387e-05
-2.15248089e-02
-2.29594958e-03
-6.79978254e-02
-1.29837849e-03
-4.23777330e-01
-3.38418153e-01
-1.09648845e-01
0.00000000e+00
0.00000000e+00
0.00000000e+00
0.00000000e+00
0.00000000e+00
0.00000000e+00
0.00000000e+00
5.01902687e-01
-2.45330906e-01
-4.94704141e-01
-6.33711968e-01
0.00000000e+00
0.00000000e+00
0.00000000e+00
0.00000000e+00
5.01902687e-01
-6.23975486e-01
2.52549910e-01
-3.73520392e-01
1.26094670e-01
-4.99770032e-01
3.78586283e-01
-6.33711968e-01
0.00000000e+00
0.00000000e+00
0.00000000e+00
0.00000000e+00
0.00000000e+00
0.00000000e+00
0.00000000e+00
0.00000000e+00
0.00000000e+00
0.00000000e+00
0.00000000e+00
0.00000000e+00
1.29298236e+00
7.82630308e-01
7.95498139e-01
-1.78012787e+00
-1.41780474e-01
-3.53967687e-01
6.97875831e-02
-4.15538060e-02
-8.23743955e-02
-1.63434563e-02
-2.26699825e-01
-2.43230995e-01
4.29383252e-02
-4.07656379e-01
-6.23975486e-01
7.57230863e-01
0.00000000e+00
0.00000000e+00
0.00000000e+00
0.00000000e+00
0.00000000e+00
0.00000000e+00
0.00000000e+00
0.00000000e+00
0.00000000e+00
0.00000000e+00
0.00000000e+00
0.00000000e+00
0.00000000e+00
0.00000000e+00
0.00000000e+00
0.00000000e+00
0.00000000e+00
0.00000000e+00
0.00000000e+00
0.00000000e+00
0.00000000e+00
0.00000000e+00
0.00000000e+00
2.43995070e-01
1.84363079e-01
-7.16541793e-01
0.00000000e+00
0.00000000e+00
0.00000000e+00
5.13304636e-01
-2.08653735e-02
-3.12851694e-01
2.65641475e-01
-1.36658073e+00
8.95128187e-02
2.56113833e-01
5.40338810e-01
1.09423262e-01
0.00000000e+00
3.52285637e-01
-1.22456744e-01
-1.23459678e+00
7.14676672e-01
3.15765041e-01
6.01191976e-01
6.83142857e-01
-2.07688402e+00
-3.69865234e-01
3.46161759e-01
-1.05667562e+00
0.00000000e+00
0.00000000e+00
0.00000000e+00
1.67722149e-01
4.82721596e-01
-3.46496732e-01
1.90692676e-01
-1.23139365e+00
5.13458572e-01
6.66292450e-01
2.42257202e-01
3.23767328e-01
0.00000000e+00
2.04884673e-01
-1.81513667e-01
-1.35178058e+00
7.74206694e-01
7.93362933e-02
2.47478911e-01
2.70827720e-01
-2.09297350e+00
-2.51586220e-01
2.35422462e-01
5 1
-1.2255e+00 5.8850e-01
4 0
0 8 3 6 
217
2.17691272e-01
-5.36382172e-02
-1.71497076e-01
-4.37857798e-01
7.49230451e-02
-9.44206277e-03
2.89007013e-03
2.76015177e-02
-1.90226145e-01
1.12146434e-01
5.49846590e-02
-9.96823106e-03
2.75119643e-01
4.04564608e-01
-1.06383369e-01
1.27184583e-02
3.42936000e-01
3.91364725e-01
-3.26920810e-03
9.21693829e-01
-1.15426673e-01
6.89106471e-03
7.57206543e-02
4.81365877e-02
6.97972280e-04
7.24221099e-02
-9.36435762e-02
1.33691222e-01
1.77643626e-01
0.00000000e+00
0.00000000e+00
0.00000000e+00
0.00000000e+00
0.00000000e+00
0.00000000e+00
0.00000000e+00
0.00000000e+00
-1.11377959e-01
-1.93817783e-01
2.04568326e-01
1.33616645e-01
0.00000000e+00
0.00000000e+00
0.00000000e+00
0.00000000e+00
-6.15502146e-02
-3.22558157e-01
-7.04629099e-02
2.08394085e-01
-2.46644349e-02
1.78413701e-01
-4.21433252e-01
0.00000000e+00
-9.30631799e-02
-1.65006667e-01
5.20592924e-01
0.00000000e+00
1.57598055e-01
0.00000000e+00
1.33616645e-01
5.90166670e-02
-9.02770669e-02
6.42496289e-02
0.00000000e+00
7.70576384e-02
5.81901544e-01
4.04547112e-01
3.50213380e-01
-2.63913478e-01
5.75034293e-01
1.22938487e-01
2.93779901e-01
-8.12565096e-02
-1.50255732e-01
5.60146110e-01
-4.87713841e-02
6.37094144e-03
1.95828988e-01
-1.38838821e-01
-2.61062514e-01
1.15441990e-01
-3.63697584e-01
4.52591144e-02
8.74851258e-02
-2.34546253e-01
-9.46128869e-02
-7.24137420e-01
1.55023953e-01
-2.68085248e-01
3.91826458e-01
2.39099589e-01
0.00000000e+00
0.00000000e+00
0.00000000e+00
0.00000000e+00
0.00000000e+00
0.00000000e+00
0.00000000e+00
0.00000000e+00
0.00000000e+00
0.00000000e+00
0.00000000e+00
0.00000000e+00
0.00000000e+00
0.00000000e+00
0.00000000e+00
0.00000000e+00
0.00000000e+00
0.00000000e+00
0.00000000e+00
0.00000000e+00
0.00000000e+00
0.00000000e+00
0.00000000e+00
0.00000000e+00
0.00000000e+00
0.00000000e+00
0.00000000e+00
0.00000000e+00
2.86437225e-01
4.99676955e-02
-2.34178323e-01
0.00000000e+00
0.00000000e+00
0.00000000e+00
2.76702910e-01
3.39016175e-02
-4.43043994e-01
5.45237391e-01
-6.82347029e-01
-1.03031785e-02
1.28710691e-01
5.27565062e-01
3.73820050e-01
0.00000000e+00
1.64043136e-01
-2.09957791e-01
-1.09010071e+00
7.84939281e-01
-2.80943602e-01
1.62418481e-01
5.09299159e-01
-8.77257020e-01
-3.50200169e-01
2.03337392e-01
-5.72443826e-01
0.00000000e+00
0.00000000e+00
0.00000000e+00
2.34990802e-01
1.04337515e-01
4.19384185e-01
-4.49629683e-01
-1.12600372e+00
-1.82301561e-01
-8.14169062e-02
7.83030727e-02
-4.28698169e-01
0.00000000e+00
4.21832943e-01
6.49006208e-01
5.61838342e-01
-1.28566738e-01
6.41777440e-01
3.54836530e-01
7.71602842e-02
-1.21716588e+00
-6.78814416e-01
1.76685919e-01
-8.05916663e-01
0.00000000e+00
0.00000000e+00
0.00000000e+00
8.94933957e-02
-1.66427111e-01
-8.90598938e-01
2.92417232e-01
-3.88092415e-01
3.60916680e-01
7.58908228e-01
7.99567530e-01
1.72130993e-01
0.00000000e+00
1.62877431e-01
-3.33845359e-01
-1.93435520e-01
1.39529749e+00
-2.70656242e-01
3.61998982e-01
6.78971974e-01
-1.16366959e-01
3.57460608e-01
-1.29578212e-01
-6.90774622e-01
0.00000000e+00
0.00000000e+00
0.00000000e+00
2.12350712e-01
5.80254823e-01
5.76944510e-01
2.95605119e-01
2.21614449e-01
3.07793580e-01
3.22274311e-01
-2.93068077e-02
-1.82691510e-01
0.00000000e+00
4.85543947e-01
1.16383006e-02
-8.72174848e-01
3.65089743e-01
3.90361702e-01
1.65741657e-01
-3.91013874e-02
-6.85029373e-02
-4.01345546e-01
5.80982288e-01
136
-2.99340857e-01
3.16665207e-01
-1.64201817e-03
-3.19787344e-01
2.49394604e-03
-1.09883412e-01
-1.62297844e-03
-1.86335307e-01
-8.00917447e-04
-1.73776811e-01
-4.46426981e-02
-8.09213474e-02
0.00000000e+00
0.00000000e+00
0.00000000e+00
0.00000000e+00
0.00000000e+00
0.00000000e+00
0.00000000e+00
2.75491907e-01
-8.18388179e-02
-2.84934904e-01
-1.84572220e-01
-2.34868215e-02
0.00000000e+00
0.00000000e+00
0.00000000e+00
2.75491907e-01
-4.67991831e-01
2.05108643e-01
2.17630374e-02
1.80491220e-01
-5.93990938e-02
1.14573665e-01
-7.11864256e-01
0.00000000e+00
-3.65948426e-01
-2.75276374e-02
3.62787091e-01
3.16035510e-02
2.48855703e-01
-8.43507586e-02
-2.34868215e-02
0.00000000e+00
0.00000000e+00
0.00000000e+00
0.00000000e+00
1.44407835e+00
6.33700722e-01
5.45878637e-01
-4.23766631e-01
1.12056137e-01
-2.68399957e-01
2.11157618e-01
-2.57876805e-02
-4.13827720e-02
3.11437828e-02
-2.69078481e-02
-1.52840748e-01
7.13758561e-02
-3.96127935e-01
-4.02675497e-01
-3.72364792e-01
-1.81986275e-01
6.97429630e-02
-4.82113008e-01
0.00000000e+00
0.00000000e+00
0.00000000e+00
0.00000000e+00
0.00000000e+00
0.00000000e+00
0.00000000e+00
0.00000000e+00
0.00000000e+00
0.00000000e+00
0.00000000e+00
0.00000000e+00
0.00000000e+00
0.00000000e+00
0.00000000e+00
0.00000000e+00
0.00000000e+00
0.00000000e+00
0.00000000e+00
0.00000000e+00
2.83314584e-02
1.23899391e-01
-7.79155463e-01
0.00000000e+00
0.00000000e+00
0.00000000e+00
4.56907366e-01
6.09218153e-02
-3.12396749e-01
2.74615756e-01
-1.27048466e+00
3.61602667e-02
7.47438967e-02
2.84698145e-01
2.00451379e-01
0.00000000e+00
1.81933254e-01
2.12390433e-01
-1.14149250e+00
8.03619358e-01
2.91176281e-01
5.59535760e-01
5.51375288e-01
-2.04390424e+00
-3.18602068e-01
3.19195759e-01
-1.03387167e+00
0.00000000e+00
0.00000000e+00
0.00000000e+00
5.62716838e-02
3.96992022e-01
-4.15708507e-01
1.24164487e-01
-1.05352999e+00
6.09753698e-01
5.11254835e-01
1.47171100e-01
4.13548529e-01
0.00000000e+00
2.23572310e-01
-1.14357729e-01
-1.36023539e+00
7.06546041e-01
1.07217645e-01
2.13079910e-01
2.09803563e-01
-1.92698002e+00
-1.73147296e-01
2.90711437e-01
