0 7 -999999999 -1 -1
1 1 0 -1 -1
-0.2247 0.4255
356
2.53047002e-01
-1.69539642e-01
4.22586644e-01
2.71183452e-01
2.71427455e-02
-4.83824361e-01
4.31843616e-01
0.00000000e+00
0.00000000e+00
3.96750767e-01
-2.92701250e-01
-1.97364712e-01
-5.11378608e-02
1.05084673e-01
4.37585498e-02
1.22340229e-01
0.00000000e+00
0.00000000e+00
0.00000000e+00
0.00000000e+00
0.00000000e+00
0.00000000e+00
0.00000000e+00
0.00000000e+00
0.00000000e+00
0.00000000e+00
0.00000000e+00
0.00000000e+00
0.00000000e+00
0.00000000e+00
0.00000000e+00
0.00000000e+00
0.00000000e+00
0.00000000e+00
0.00000000e+00
0.00000000e+00
0.00000000e+00
0.00000000e+00
0.00000000e+00
0.00000000e+00
0.00000000e+00
0.00000000e+00
0.00000000e+00
0.00000000e+00
0.00000000e+00
0.00000000e+00
0.00000000e+00
0.00000000e+00
0.00000000e+00
0.00000000e+00
0.00000000e+00
-2.74248559e-01
1.34554250e-01
-5.51374293e-01
0.00000000e+00
0.00000000e+00
0.00000000e+00
0.00000000e+00
-2.08892139e-01
6.46072227e-01
4.99965567e-01
4.04207078e-01
7.97603935e-01
-6.58778153e-01
5.72407892e-02
-9.69493623e-01
-8.92871150e-01
2.36870340e-01
-1.77905684e-03
8.11413978e-03
-3.15363938e-01
5.51542377e-01
1.66174000e-03
-5.77350478e-01
7.34359059e-01
-5.31263680e-03
-5.97766937e-01
-1.03107538e+00
2.15219314e-03
-1.55229573e-01
0.00000000e+00
0.00000000e+00
1.09847039e+00
-8.00889406e-02
-3.76319836e-01
-5.79377584e-01
-1.68093691e-01
3.58456664e-01
0.00000000e+00
0.00000000e+00
-1.03208040e-01
5.29137809e-02
6.23986955e-03
-8.20894796e-03
3.32971497e-03
4.47474091e-02
8.35113188e-02
9.49332310e-02
5.27273106e-02
1.35998613e-01
2.81643475e-01
5.83258659e-02
0.00000000e+00
0.00000000e+00
1.84005208e+00
3.16897586e+00
0.00000000e+00
0.00000000e+00
0.00000000e+00
0.00000000e+00
0.00000000e+00
0.00000000e+00
1.83875610e-02
-1.42916935e-01
9.72538135e-02
-2.06196409e-03
-3.19504640e-01
-1.23816291e+00
0.00000000e+00
0.00000000e+00
0.00000000e+00
0.00000000e+00
0.00000000e+00
0.00000000e+00
-8.68898028e-03
-3.00801063e-01
-4.59326074e-01
-6.27342612e-01
-5.95775373e-01
-9.23994755e-01
3.94369820e+00
4.13896323e+00
4.09748130e+00
4.19879782e+00
4.22010812e+00
4.18926857e+00
4.33817630e-01
2.85779393e-01
1.11531441e-01
4.81340250e-02
5.21444199e-02
-3.29173263e-01
2.95425661e-01
-5.05054254e-02
-1.30755237e-01
6.76827364e-02
-2.19770831e-01
-2.18672132e-01
0.00000000e+00
0.00000000e+00
0.00000000e+00
0.00000000e+00
0.00000000e+00
0.00000000e+00
0.00000000e+00
0.00000000e+00
2.53047002e-01
9.32428198e-02
0.00000000e+00
-1.83843322e+00
-6.27161246e-01
-4.05157290e-01
-9.56141680e-01
-6.72338347e-01
-1.58330293e+00
0.00000000e+00
0.00000000e+00
0.00000000e+00
8.03528344e-01
7.89338994e-01
-5.48703512e-02
2.21055197e-01
-2.02337385e+00
3.72039527e-01
6.15460356e-01
8.48485426e-01
-3.47296240e-01
0.00000000e+00
5.85752043e-01
-6.96096174e-01
-2.00310408e+00
-8.67647918e-02
2.71170508e-01
5.68190259e-01
4.67532810e-01
-1.84187708e+00
-8.50988801e-01
7.78514981e-01
-7.35170905e-02
0.00000000e+00
0.00000000e+00
0.00000000e+00
-3.79003646e-02
-1.74752616e-02
-1.36014093e-01
-6.24383201e-02
3.30443326e-01
-6.28291088e-02
-6.99827273e-02
3.22059366e-04
-8.96210220e-02
0.00000000e+00
-1.74947088e-01
5.72329190e-02
3.16775469e-01
6.89384549e-02
-1.90836201e-02
7.69830454e-02
-1.64366335e-01
-2.44998967e-02
6.74649403e-02
-1.32519466e-01
-8.67992284e-01
-2.47287535e-01
0.00000000e+00
5.39121471e-02
9.11679578e-02
1.68961296e-01
-4.91074999e-02
-3.67141331e-01
1.41966080e-01
0.00000000e+00
0.00000000e+00
0.00000000e+00
-8.36395999e-02
-4.96238835e-02
-1.65320515e-01
-4.81301019e-02
-2.33087937e-01
-1.50936163e-02
6.72596333e-02
1.07580789e-01
1.87106365e-01
0.00000000e+00
9.85984604e-02
7.44399435e-02
-4.44319680e-02
4.04249722e-02
-5.35863755e-02
-2.00559904e-01
2.61740688e-01
1.07220350e-01
8.16282792e-02
9.44050002e-03
-6.20704750e-01
0.00000000e+00
-6.65116097e-01
-7.88073367e-01
-7.15310642e-01
-3.79873711e-01
0.00000000e+00
-2.03212298e-01
-8.88190506e-02
1.39604666e-01
-1.06348128e-01
-4.13130249e-01
-3.35436930e-01
0.00000000e+00
0.00000000e+00
-1.11593815e+00
-1.07749564e+00
0.00000000e+00
0.00000000e+00
0.00000000e+00
-1.30716284e-01
1.25839100e+00
-2.04185801e-02
3.45442964e-01
-1.33361900e+00
7.18297334e-01
7.63663449e-01
-4.97976180e-02
2.23690105e-01
0.00000000e+00
-6.16688228e-02
-2.34404313e-01
-1.21799103e+00
7.77844558e-01
-1.40487311e+00
1.25491076e-01
3.61155844e-01
-1.33415760e+00
4.02101675e-02
9.59642273e-02
9.54150907e-03
0.00000000e+00
0.00000000e+00
0.00000000e+00
3.60761682e-02
-9.06547242e-02
4.12049936e-02
-1.47097794e-02
3.00696043e-02
-8.61094260e-02
1.28539089e-02
-2.22210370e-02
-2.11091013e-02
0.00000000e+00
-6.95814557e-02
2.46465488e-01
2.85693457e-01
-5.82617392e-02
-2.30118280e-01
5.37176499e-02
2.64948623e-03
-1.32808511e-01
2.37868924e-02
2.59791364e-03
-5.97003842e-01
-1.62830815e-01
3.19127462e-01
6.98558346e-01
5.63228178e-01
1.34996923e-01
-2.54753263e-03
-2.95280206e-01
-3.46496651e-02
0.00000000e+00
0.00000000e+00
0.00000000e+00
-1.11810830e-02
2.04086441e-01
7.37898993e-02
2.21900579e-02
1.98757903e-01
7.08147922e-02
-1.01500066e-01
-8.41298087e-02
-1.28387071e-01
0.00000000e+00
-3.84594863e-02
-2.12859617e-01
-1.79652755e-01
1.32326446e-01
1.76411603e-01
7.79836063e-02
-1.74444704e-01
1.60030048e-01
-3.52597896e-03
-2.16899893e-01
-4.34173027e-01
1.96090119e-01
1.36078334e-01
-1.53549858e-01
-4.80491795e-01
-2.42326475e-01
8.15040431e-01
6.94920640e-01
3.54962687e-01
1.14263523e-01
-9.00319865e-02
-2.66558011e-01
-2.38165320e-01
4.86598152e-01
2.27544146e-01
-5.05464810e-01
247
-1.98031023e-01
1.83895464e-01
-3.81926486e-01
2.73460769e-01
-8.95653056e-02
-2.18937046e-01
-4.39387333e-01
2.65769348e-01
0.00000000e+00
0.00000000e+00
-2.54395333e-01
-4.73897681e-01
2.62381672e-01
2.73556308e-02
0.00000000e+00
0.00000000e+00
0.00000000e+00
0.00000000e+00
0.00000000e+00
0.00000000e+00
0.00000000e+00
0.00000000e+00
0.00000000e+00
0.00000000e+00
0.00000000e+00
0.00000000e+00
0.00000000e+00
0.00000000e+00
0.00000000e+00
0.00000000e+00
0.00000000e+00
0.00000000e+00
0.00000000e+00
0.00000000e+00
0.00000000e+00
0.00000000e+00
0.00000000e+00
0.00000000e+00
0.00000000e+00
0.00000000e+00
0.00000000e+00
1.61102461e-01
1.75641705e-03
1.18261097e-01
4.28848742e-03
3.41838266e-01
-1.51743054e-03
-8.19232846e-01
3.04604338e-03
0.00000000e+00
0.00000000e+00
1.07786296e+00
6.30254483e-01
-3.75996200e-02
-1.46605725e+00
-8.23625770e-01
4.21134180e-01
0.00000000e+00
0.00000000e+00
1.32343167e+00
2.55174955e+00
0.00000000e+00
0.00000000e+00
0.00000000e+00
0.00000000e+00
0.00000000e+00
0.00000000e+00
3.35155566e-01
-1.51690517e-01
-6.07970375e-02
-1.09634694e-01
-3.86552720e-01
-1.14794329e+00
0.00000000e+00
0.00000000e+00
0.00000000e+00
0.00000000e+00
0.00000000e+00
0.00000000e+00
-8.20151016e-02
-1.43124774e-01
-4.88785694e-01
-4.91892522e-01
-5.93718599e-01
-9.50243880e-01
3.16748874e+00
3.33283804e+00
3.21918206e+00
3.31838869e+00
3.46463335e+00
3.21794437e+00
2.52450508e-01
6.01644373e-01
2.14509838e-01
1.94702895e-01
4.81998116e-01
-1.92495019e-01
3.88538795e-01
1.94412095e-01
1.54936153e-01
2.70315127e-01
2.75485534e-01
1.72636666e-01
0.00000000e+00
0.00000000e+00
0.00000000e+00
0.00000000e+00
-1.98031023e-01
6.96174016e-02
0.00000000e+00
-1.78599278e+00
-1.07492098e+00
-4.46541720e-01
-7.54420962e-01
-2.09366832e-01
-1.52146269e+00
0.00000000e+00
0.00000000e+00
0.00000000e+00
2.88040798e-01
8.29461994e-01
1.01753987e-02
2.86888657e-01
-1.69458235e+00
9.74421968e-02
4.37606741e-01
7.01445770e-01
-2.46748191e-01
0.00000000e+00
1.22223923e-01
-7.59844593e-01
-1.60848249e+00
1.48901330e-01
4.60347555e-01
7.17320612e-01
5.17853367e-01
-1.69422192e+00
-7.21497086e-01
5.86205596e-01
-6.76447460e-01
-3.87785098e-01
0.00000000e+00
3.06830215e-01
4.73039120e-01
-3.18577444e-01
0.00000000e+00
0.00000000e+00
0.00000000e+00
1.87467171e-02
3.24657053e-02
4.95922496e-02
1.50239573e-01
-2.71698833e-02
2.31875710e-01
-7.09428100e-02
-3.75051364e-02
-2.21899018e-01
0.00000000e+00
4.51185110e-02
1.51378769e-01
1.31493363e-01
-1.90338336e-01
-3.64968791e-01
5.89447533e-02
7.69780148e-02
-2.48451288e-01
3.82349344e-03
-1.07959040e-01
-2.88662362e-01
0.00000000e+00
-6.43558099e-01
-1.22902291e+00
-8.45015235e-01
-6.87135877e-01
0.00000000e+00
0.00000000e+00
5.00213687e-02
-1.57879358e-01
0.00000000e+00
0.00000000e+00
-5.69957167e-01
-9.63787794e-01
0.00000000e+00
0.00000000e+00
0.00000000e+00
-2.87885470e-01
1.35598437e+00
1.17954322e-01
3.25207838e-01
-1.65118804e+00
3.12222376e-01
5.10841893e-01
-3.13220142e-01
3.58387614e-01
0.00000000e+00
-7.42149211e-02
4.34727799e-01
-1.04235032e+00
7.28037323e-01
-1.37438236e+00
-3.98467437e-02
5.15009684e-01
-8.45570522e-01
1.73018071e-01
-1.66520571e-01
-4.76084255e-01
-3.64822741e-01
3.95369736e-01
5.00247551e-01
6.51367349e-01
-2.00757505e-01
0.00000000e+00
0.00000000e+00
0.00000000e+00
8.18950682e-02
-7.19842109e-02
1.67885530e-01
9.81907822e-02
-4.83272834e-01
2.19487521e-01
2.59552483e-01
1.31613634e-01
-7.90400217e-02
0.00000000e+00
5.18111168e-02
-2.67521434e-01
-4.12846062e-02
-6.58510171e-02
-1.63918222e-01
8.76741842e-06
6.04760086e-02
-2.05049226e-01
5.72769684e-02
4.89661876e-02
-1.11261514e-01
-5.22470102e-01
-8.10748147e-01
-7.77493679e-01
-4.87703539e-01
-3.89598221e-01
4.95313448e-01
5.65207768e-01
3.55478884e-01
-9.81053179e-02
-1.47946358e-01
-4.62327302e-01
-9.06091430e-01
1 -999999999 5 0 -1
1 0 1 1 -1
-4.9863e-01 1.0335e+00
356
-1.45113806e-01
0.00000000e+00
0.00000000e+00
0.00000000e+00
0.00000000e+00
0.00000000e+00
0.00000000e+00
0.00000000e+00
0.00000000e+00
0.00000000e+00
0.00000000e+00
0.00000000e+00
0.00000000e+00
0.00000000e+00
0.00000000e+00
0.00000000e+00
-1.54319700e-01
9.20589371e-03
-2.34274281e-01
4.55097045e-02
-4.58900199e-01
-1.03072930e-02
0.00000000e+00
0.00000000e+00
-2.57655580e-01
-3.29646065e-01
2.98049072e-02
-1.78528804e-01
-5.87281438e-02
-8.20276199e-02
-9.35185175e-02
-1.82057084e-02
-1.26908098e-01
-7.91556252e-01
-3.08871438e-02
-4.82088559e-01
-4.35641126e-01
4.31238195e-01
-6.40950679e-01
3.42112349e-01
3.61826708e-02
0.00000000e+00
0.00000000e+00
0.00000000e+00
0.00000000e+00
0.00000000e+00
0.00000000e+00
0.00000000e+00
0.00000000e+00
0.00000000e+00
0.00000000e+00
-3.69162594e-02
3.42078736e-01
-3.89090804e-01
0.00000000e+00
0.00000000e+00
0.00000000e+00
0.00000000e+00
-5.92152777e-01
1.17139121e+00
6.13512417e-01
1.89496984e-01
7.99417122e-01
-6.57036115e-01
-1.57459912e-01
-4.46882513e-01
-8.08430655e-01
-2.90460172e-01
-2.14494286e-02
1.50756567e-03
-4.45824196e-01
2.80435672e-01
-5.47364248e-04
-6.34762684e-01
-3.76757203e-02
2.16173296e-03
-4.82319645e-01
-3.66424330e-01
-5.56863087e-04
3.56602218e-02
0.00000000e+00
0.00000000e+00
-4.39354871e-01
3.50277040e-02
-1.06204389e-01
-3.28789783e-01
-1.12184062e-01
8.06391594e-01
0.00000000e+00
0.00000000e+00
2.95724506e-01
-4.73745546e-02
8.39315735e-02
-1.51605800e-02
-8.10778620e-03
2.94378564e-02
1.26280560e-01
-3.81115085e-03
8.62448787e-03
-4.10379496e-02
7.70793610e-01
1.03197779e-01
0.00000000e+00
0.00000000e+00
2.40463880e+00
1.28497631e+00
0.00000000e+00
0.00000000e+00
0.00000000e+00
0.00000000e+00
0.00000000e+00
0.00000000e+00
1.25506226e-01
-2.56880654e-01
-1.09073287e-01
-2.05261708e-01
-5.64333770e-01
-1.53970941e+00
0.00000000e+00
0.00000000e+00
0.00000000e+00
0.00000000e+00
0.00000000e+00
0.00000000e+00
2.87019603e-01
-2.01988063e-02
-1.39436358e-01
-3.55543887e-01
-4.45003081e-01
-7.56927589e-01
2.88871971e+00
3.09298656e+00
2.97118884e+00
3.07349191e+00
3.20281745e+00
3.11569765e+00
3.18818284e-01
6.10528061e-01
4.56544015e-01
4.12964606e-01
5.26983698e-01
-1.55167936e-01
1.06221478e-01
3.63327327e-01
3.05055932e-01
4.50457785e-01
3.12976250e-01
1.43747999e-01
0.00000000e+00
0.00000000e+00
0.00000000e+00
0.00000000e+00
0.00000000e+00
0.00000000e+00
0.00000000e+00
0.00000000e+00
-1.45113806e-01
2.59441411e-01
-1.81107847e+00
0.00000000e+00
-3.39810994e-01
-6.35285653e-01
-3.98863141e-01
-7.94804466e-01
-7.38674135e-01
0.00000000e+00
0.00000000e+00
0.00000000e+00
1.82572782e-01
1.48386531e+00
-4.02111815e-01
1.62421485e-01
-1.52286016e+00
8.92074492e-02
4.50946255e-01
7.31283641e-01
4.06380180e-02
0.00000000e+00
-7.42319047e-02
-5.93504261e-01
-1.32517790e+00
9.61544351e-02
-1.63488441e-01
5.01533664e-01
4.80674146e-01
-1.08334028e+00
-4.15032963e-01
6.21776408e-01
-4.44507771e-02
0.00000000e+00
0.00000000e+00
0.00000000e+00
2.17792849e-01
-2.64333343e-01
2.06323999e-01
1.43621606e-01
-8.35378026e-01
2.39557729e-01
1.89442170e-01
-8.92777928e-02
-1.81400605e-01
0.00000000e+00
1.28899502e-01
-2.16508657e-02
-1.50389812e-01
1.32851206e-01
3.53100414e-01
1.55387629e-01
-2.60574032e-02
-1.06349890e-01
-1.24739400e-01
-1.18507460e-02
-4.51666089e-01
-1.32797321e-01
-5.97511625e-02
4.99073367e-02
-2.90122529e-02
1.45016148e-01
1.83755606e-02
-2.96189029e-01
1.49782216e-01
0.00000000e+00
0.00000000e+00
0.00000000e+00
-1.33410078e-01
4.05805803e-01
-1.82912189e-01
-1.52373613e-01
2.19816757e-01
-1.16533676e-01
-9.65498081e-02
1.99013867e-01
1.31075003e-01
0.00000000e+00
-2.07398269e-01
1.79977767e-01
7.91990053e-02
-1.89699268e-02
-2.80554210e-01
-2.53339470e-01
-1.05239736e-02
2.95232919e-01
2.19342162e-01
-1.27115855e-01
-3.18868769e-01
3.45441000e-01
2.91509771e-01
7.62371709e-02
-2.87008046e-01
-2.07013673e-01
5.17828915e-02
-1.03245852e-02
-3.19759575e-02
1.22380471e-01
-5.34759113e-02
-2.75918233e-01
-7.99943726e-02
-2.53893767e-02
-9.27140510e-02
-2.05068769e-01
-1.43009012e+00
0.00000000e+00
0.00000000e+00
0.00000000e+00
-1.43773358e-01
9.68575249e-01
-2.60199141e-01
9.54074085e-02
-1.53990161e+00
6.87607013e-01
7.07190241e-01
1.49972167e-01
1.96231170e-01
0.00000000e+00
-8.22591903e-02
1.46966430e-01
-9.24190875e-01
3.26960934e-01
-1.30777498e+00
9.87808118e-02
4.01134832e-01
-8.94360899e-01
-7.51016432e-02
1.86453267e-02
4.75235249e-02
0.00000000e+00
0.00000000e+00
0.00000000e+00
5.06308979e-02
8.75984706e-02
1.93770889e-01
1.20797461e-01
-1.10451288e+00
-4.37865741e-02
5.65043603e-03
-1.83261364e-01
-8.67751107e-02
0.00000000e+00
1.19381675e-01
5.35570128e-02
7.05460885e-02
2.38657654e-01
-5.07886848e-02
1.68653930e-01
-5.84004817e-02
1.96088488e-01
2.03710943e-01
6.60046786e-02
-6.90081525e-01
-2.07423704e-01
0.00000000e+00
6.39987750e-02
2.55898968e-02
2.16191679e-01
-2.50631690e-03
-4.21109066e-01
5.81934656e-03
0.00000000e+00
0.00000000e+00
0.00000000e+00
-5.95548431e-02
-1.18702035e-01
-1.02534667e-01
-5.05040021e-03
6.05158198e-02
9.86913932e-02
1.24890858e-01
-1.78693730e-01
7.62658052e-03
0.00000000e+00
9.56190192e-02
3.71482348e-02
4.83313921e-02
-1.20366752e-01
1.77322484e-01
4.76348138e-03
1.53907792e-01
-3.15439234e-02
-1.21755229e-01
-6.47961290e-02
-4.82657821e-01
0.00000000e+00
3.48938362e-01
3.64064218e-02
-7.40008594e-01
-4.27861948e-01
0.00000000e+00
-1.29314575e-02
1.77366506e-01
8.01228014e-02
-7.17798484e-02
-4.36204901e-01
-3.12146646e-01
0.00000000e+00
0.00000000e+00
-2.11916477e-01
247
-4.50997699e-01
0.00000000e+00
0.00000000e+00
0.00000000e+00
0.00000000e+00
0.00000000e+00
0.00000000e+00
0.00000000e+00
0.00000000e+00
-3.40778713e-01
0.00000000e+00
0.00000000e+00
0.00000000e+00
0.00000000e+00
-5.40263479e-01
8.92657804e-02
-6.32929874e-01
9.26663948e-02
-1.16867140e-01
-3.03433504e-01
0.00000000e+00
0.00000000e+00
0.00000000e+00
-1.18686870e-01
-1.20382904e-01
-1.35686402e-01
-2.18641934e-01
-5.40263479e-01
8.92657804e-02
-1.90394541e+00
1.36368194e+00
1.31611797e-01
4.83745011e-01
6.82175004e-01
0.00000000e+00
0.00000000e+00
0.00000000e+00
0.00000000e+00
0.00000000e+00
0.00000000e+00
0.00000000e+00
-2.59190751e-01
-1.65651045e-03
2.47267250e-04
-4.98527132e-03
-3.36776537e-01
2.66443780e-03
1.44722322e-01
1.33085923e-03
0.00000000e+00
0.00000000e+00
8.76238859e-01
4.45848328e-01
-2.28386383e-01
-3.18139762e-01
-3.89462268e-01
-8.37096473e-01
0.00000000e+00
0.00000000e+00
2.27625078e+00
1.13408357e+00
0.00000000e+00
0.00000000e+00
0.00000000e+00
0.00000000e+00
0.00000000e+00
0.00000000e+00
-6.09569948e-02
-9.37229902e-02
-3.77678008e-02
-1.97868408e-01
-6.02141057e-01
-1.73479123e+00
0.00000000e+00
0.00000000e+00
0.00000000e+00
0.00000000e+00
0.00000000e+00
0.00000000e+00
7.10803004e-02
-1.02365030e-01
-2.90618136e-01
-3.18674884e-01
-4.05854088e-01
-5.38649436e-01
4.06714821e+00
3.87159473e+00
3.66443828e+00
3.82071014e+00
4.07132832e+00
3.70333038e+00
5.27464010e-01
2.71239483e-01
1.98421901e-01
-3.62520419e-02
2.09540285e-02
-3.98028875e-01
4.97777453e-01
1.55922577e-01
1.58993855e-01
7.96957736e-02
1.37607871e-01
6.82384225e-02
0.00000000e+00
0.00000000e+00
0.00000000e+00
0.00000000e+00
-4.50997699e-01
1.13475829e-01
-1.77967130e+00
0.00000000e+00
-5.75797344e-01
-3.71779836e-01
-8.38131783e-01
-7.46949490e-01
-9.47577180e-01
0.00000000e+00
0.00000000e+00
0.00000000e+00
3.06971747e-01
1.12948721e+00
-2.56140859e-01
9.96524516e-03
-1.33740103e+00
2.74460212e-01
4.57806966e-01
3.04542599e-01
-3.12399840e-02
0.00000000e+00
-8.93295145e-02
-5.20222797e-01
-8.68563549e-01
2.33440821e-01
-2.21955547e-03
3.33594532e-01
3.42470468e-01
-1.14230606e+00
-3.27904591e-01
2.35010963e-01
-6.17417673e-01
-2.15325186e-01
4.92679708e-01
4.16289755e-01
2.65673580e-01
-2.75064338e-01
0.00000000e+00
0.00000000e+00
0.00000000e+00
3.75456769e-02
1.59519325e-01
4.96613914e-02
7.44338137e-02
-5.02423158e-01
2.10601299e-01
2.58658952e-01
7.34381342e-02
-5.16699044e-02
0.00000000e+00
1.34898273e-01
1.58479703e-01
-2.40676798e-01
9.98302990e-02
-4.96710100e-01
6.83994508e-02
-3.16841943e-03
-1.14620436e-01
-1.19975915e-01
-7.12859258e-02
-4.02092487e-01
7.79634732e-01
6.80699444e-01
3.17524844e-01
-3.30159507e-01
-3.60472158e-01
2.86977758e-01
-1.33486646e-01
-8.17214619e-02
3.03126511e-02
2.43707008e-01
-9.07935539e-03
-2.01798383e-01
-1.58508127e+00
0.00000000e+00
0.00000000e+00
0.00000000e+00
-5.68297218e-02
9.20445066e-01
-2.71425975e-02
2.51510041e-01
-9.94743011e-01
4.77058008e-01
5.15349570e-01
-1.39165334e-01
3.86709439e-02
0.00000000e+00
-5.25549040e-02
1.80659955e-01
-7.74173998e-01
4.79466211e-01
-1.58320384e+00
8.48372141e-02
4.40736862e-01
-1.26106477e+00
-1.48821661e-01
6.38846886e-02
-7.09751950e-01
-2.38915271e-01
0.00000000e+00
2.64231369e-01
1.91467902e-01
-1.70568980e-01
0.00000000e+00
0.00000000e+00
0.00000000e+00
3.20560162e-02
2.50601323e-01
2.20257186e-02
7.60087784e-02
-1.44126088e-01
-1.29341782e-01
3.02721944e-02
2.21428247e-01
3.80342491e-02
0.00000000e+00
-6.67748379e-02
-1.01504335e-01
-1.39575734e-01
-1.27595797e-01
5.26253702e-02
8.21497152e-02
3.84703867e-02
-3.57190708e-01
-9.85393496e-02
1.50407652e-01
-4.70836679e-01
0.00000000e+00
4.49794002e-01
2.00468265e-01
-8.75329323e-01
-5.99216512e-01
0.00000000e+00
3.75673022e-02
4.45809662e-02
-2.76112811e-01
0.00000000e+00
0.00000000e+00
-3.00316509e-01
3 2
-2.7323e-01 3.5722e-01
2 -1
0 1 
217
-1.88629511e-01
3.16649005e-01
-1.44289777e-01
-7.26083550e-01
-5.67593658e-01
6.21180892e-01
2.45060324e-01
7.15825644e-01
9.38740686e-01
-1.97603482e-01
1.02266037e-01
-8.35452618e-01
-9.07102900e-01
-2.46943934e-01
0.00000000e+00
0.00000000e+00
0.00000000e+00
1.39700985e-02
-3.88075894e-03
-6.95851089e-02
-1.74309251e-01
3.86087829e-03
-5.55615947e-01
-2.93134796e-02
-3.11147359e-05
-5.18948004e-01
0.00000000e+00
0.00000000e+00
-6.87602663e-02
-2.20007203e-01
2.37160040e-01
3.76441264e-01
-3.88355971e-01
-1.25107376e-01
0.00000000e+00
0.00000000e+00
-8.49151014e-02
7.74067230e-02
-1.81121133e-01
0.00000000e+00
0.00000000e+00
0.00000000e+00
0.00000000e+00
0.00000000e+00
-8.49151014e-02
2.54920278e-01
-1.77513555e-01
-1.81121133e-01
0.00000000e+00
0.00000000e+00
0.00000000e+00
0.00000000e+00
0.00000000e+00
0.00000000e+00
0.00000000e+00
0.00000000e+00
0.00000000e+00
0.00000000e+00
0.00000000e+00
0.00000000e+00
-1.81121133e-01
2.54920278e-01
-1.77513555e-01
4.64109385e-01
-7.26538041e-01
-3.62432766e-01
1.62118741e-01
-1.13192704e+00
-8.83195963e-02
6.60941235e-01
-9.53676327e-02
2.65372809e-01
-3.45849728e-01
-6.39146429e-02
-2.17346854e-01
-2.94720045e-01
-4.51248130e-01
0.00000000e+00
0.00000000e+00
0.00000000e+00
0.00000000e+00
0.00000000e+00
0.00000000e+00
0.00000000e+00
0.00000000e+00
0.00000000e+00
0.00000000e+00
0.00000000e+00
0.00000000e+00
0.00000000e+00
0.00000000e+00
0.00000000e+00
0.00000000e+00
0.00000000e+00
0.00000000e+00
0.00000000e+00
0.00000000e+00
0.00000000e+00
0.00000000e+00
0.00000000e+00
0.00000000e+00
0.00000000e+00
0.00000000e+00
0.00000000e+00
0.00000000e+00
0.00000000e+00
0.00000000e+00
0.00000000e+00
0.00000000e+00
0.00000000e+00
0.00000000e+00
0.00000000e+00
0.00000000e+00
0.00000000e+00
0.00000000e+00
0.00000000e+00
0.00000000e+00
0.00000000e+00
0.00000000e+00
8.08707350e-01
1.20831017e+00
-6.46005485e-01
0.00000000e+00
0.00000000e+00
0.00000000e+00
3.95094054e-01
-2.01598374e-01
-2.50238129e-01
9.34813176e-02
-6.74010569e-01
6.49569559e-02
4.11336048e-01
3.39687165e-01
-3.21603055e-01
0.00000000e+00
2.90594142e-01
-2.93402563e-01
-7.82081108e-01
1.74425817e-01
2.47796891e-01
5.03904866e-01
2.91951229e-01
-8.45871443e-01
-3.85516193e-01
2.95087462e-01
1.13775131e-02
0.00000000e+00
0.00000000e+00
0.00000000e+00
6.33326105e-02
5.46291867e-02
2.60271449e-02
1.33204692e-01
-3.86455866e-01
9.63190498e-02
1.01913018e-01
2.32733197e-01
1.46330446e-01
0.00000000e+00
2.93586180e-02
3.01267922e-02
-2.56081488e-01
5.81634983e-02
-1.39667694e-01
4.28004970e-02
1.51220477e-01
-5.45084664e-01
4.69754405e-02
1.25532556e-01
-5.95989680e-01
0.00000000e+00
0.00000000e+00
0.00000000e+00
1.67329292e-01
2.35543379e-01
-2.47732389e-01
-1.22357196e-01
-8.33411392e-01
3.36230135e-01
5.40659595e-01
5.96055846e-02
-1.70059818e-01
0.00000000e+00
1.04068436e-01
-1.32807994e-02
-5.53086926e-01
1.67672386e-01
-3.71854799e-01
2.81283455e-01
3.33484290e-01
-4.72394443e-01
-2.27008186e-01
1.89319716e-01
1.84759760e-02
0.00000000e+00
0.00000000e+00
0.00000000e+00
7.39559238e-02
1.35320069e-01
1.70980210e-01
3.02850813e-01
-1.12571509e+00
4.27213749e-02
1.21764340e-01
8.02291994e-02
9.16077511e-02
0.00000000e+00
1.06586270e-01
1.03023151e-01
-3.51180038e-01
1.37622046e-01
1.52919690e-01
4.12108191e-02
1.02424123e-01
-3.13330975e-01
1.11758417e-01
3.37278771e-02
136
-6.48758770e-01
-1.53281880e-02
1.04072796e-02
3.35866033e-02
3.96457042e-03
-2.84117393e-01
1.90148825e-03
-3.82899792e-01
-1.70036957e-03
0.00000000e+00
0.00000000e+00
5.55448457e-01
-7.59064770e-02
-3.90858285e-01
-3.06184219e-01
-3.46068320e-01
-8.51899251e-02
0.00000000e+00
0.00000000e+00
4.41049919e-01
-2.60024182e-01
-8.29784507e-01
0.00000000e+00
0.00000000e+00
0.00000000e+00
0.00000000e+00
0.00000000e+00
4.41049919e-01
-2.12275258e-01
-4.77489236e-02
-8.29784507e-01
0.00000000e+00
0.00000000e+00
0.00000000e+00
0.00000000e+00
0.00000000e+00
0.00000000e+00
0.00000000e+00
0.00000000e+00
0.00000000e+00
0.00000000e+00
0.00000000e+00
0.00000000e+00
0.00000000e+00
0.00000000e+00
0.00000000e+00
5.39022944e-01
-1.45721948e-01
2.23938340e-01
3.62969493e-01
-2.40359777e-01
3.63323164e-01
-1.34548503e-01
2.94613434e-02
3.21409622e-01
-4.22849281e-01
0.00000000e+00
0.00000000e+00
0.00000000e+00
0.00000000e+00
-8.29784507e-01
-2.12275258e-01
-4.77489236e-02
0.00000000e+00
0.00000000e+00
0.00000000e+00
0.00000000e+00
0.00000000e+00
0.00000000e+00
0.00000000e+00
0.00000000e+00
0.00000000e+00
0.00000000e+00
0.00000000e+00
0.00000000e+00
0.00000000e+00
0.00000000e+00
0.00000000e+00
0.00000000e+00
0.00000000e+00
0.00000000e+00
0.00000000e+00
0.00000000e+00
0.00000000e+00
0.00000000e+00
0.00000000e+00
1.46215693e+00
1.22363375e+00
-3.64667949e-01
0.00000000e+00
0.00000000e+00
0.00000000e+00
8.78455992e-01
1.61411000e-01
1.36163694e-02
2.71700234e-01
-1.81915978e+00
5.91761623e-01
6.94887647e-01
6.95571685e-01
-2.83306141e-01
0.00000000e+00
6.00340749e-01
-2.05844313e-01
-1.53458403e+00
3.05153560e-01
2.29931434e-01
7.39917111e-01
4.75730633e-01
-2.22735554e+00
-7.25947825e-01
7.73051633e-01
-5.86862913e-01
0.00000000e+00
0.00000000e+00
0.00000000e+00
1.60575544e-01
4.75590108e-01
-1.33539245e-01
2.24862296e-01
-1.53440262e+00
4.89916300e-01
8.91725775e-01
1.39243698e-01
-2.75048764e-01
0.00000000e+00
5.56197628e-01
-5.25058231e-01
-1.18463128e+00
5.47337088e-01
-1.10992822e-01
2.82164849e-01
3.78948057e-01
-1.32461923e+00
-1.37115773e-01
4.91983702e-01
4 2
-5.0050e-01 4.2569e-01
3 -1
0 1 3 
217
-2.56420871e-01
3.14746813e-01
1.54116016e-03
-6.58085015e-01
-3.74427610e-01
4.12396027e-01
-1.33796598e-02
4.99904841e-01
4.77649007e-01
-5.45133040e-02
1.92276721e-01
-8.45477116e-01
-5.38539329e-01
-1.11281194e-01
0.00000000e+00
0.00000000e+00
0.00000000e+00
-8.91269908e-03
-3.49528155e-03
6.64745242e-02
-3.37676030e-01
6.09751044e-03
-4.67542427e-01
8.34499632e-02
-2.33140150e-03
-3.35360717e-01
0.00000000e+00
0.00000000e+00
-4.56500136e-01
-7.17903391e-01
-5.65624246e-01
3.26662500e-01
3.23098892e-01
8.33845510e-01
0.00000000e+00
0.00000000e+00
-1.98113159e-01
7.45403983e-02
-2.67071688e-02
-1.06140941e-01
0.00000000e+00
0.00000000e+00
0.00000000e+00
0.00000000e+00
-1.98113159e-01
-1.93586013e-01
2.23493349e-01
6.47126901e-02
4.46330627e-02
-3.75760428e-02
-5.38438162e-02
-1.06140941e-01
0.00000000e+00
0.00000000e+00
0.00000000e+00
0.00000000e+00
0.00000000e+00
0.00000000e+00
0.00000000e+00
0.00000000e+00
-7.90042940e-02
-1.93586013e-01
2.14282596e-01
4.78262627e-01
-4.62093190e-01
-2.06077651e-01
-1.09367039e-01
-1.22807293e-02
-1.63223268e-01
-1.58812513e-01
-1.59066275e-01
-2.25575878e-01
-1.96186380e-01
-3.12403076e-02
-1.13145159e+00
1.59461589e-01
4.77870563e-01
8.06474804e-03
-1.11557882e-01
-1.79419885e-02
1.19563127e-01
-1.81885195e-01
-2.72490864e-01
3.03442536e-02
0.00000000e+00
0.00000000e+00
0.00000000e+00
0.00000000e+00
0.00000000e+00
0.00000000e+00
0.00000000e+00
0.00000000e+00
0.00000000e+00
0.00000000e+00
0.00000000e+00
0.00000000e+00
0.00000000e+00
0.00000000e+00
0.00000000e+00
0.00000000e+00
0.00000000e+00
0.00000000e+00
0.00000000e+00
0.00000000e+00
0.00000000e+00
0.00000000e+00
0.00000000e+00
0.00000000e+00
0.00000000e+00
0.00000000e+00
0.00000000e+00
0.00000000e+00
0.00000000e+00
0.00000000e+00
0.00000000e+00
0.00000000e+00
0.00000000e+00
0.00000000e+00
0.00000000e+00
1.18383290e+00
9.64013133e-01
-4.00291481e-01
0.00000000e+00
0.00000000e+00
0.00000000e+00
5.14959830e-01
-1.21378539e-01
-3.51374941e-01
-9.86307061e-02
-7.72991345e-01
5.23038590e-01
3.78677273e-01
3.71926591e-01
1.69148746e-01
0.00000000e+00
3.94325732e-01
1.12940520e-02
-8.30524469e-01
-5.70166647e-02
-1.36487132e-01
3.09116748e-01
2.49340055e-01
-9.81632357e-01
-4.86267455e-01
5.14184511e-01
-4.06514002e-02
0.00000000e+00
0.00000000e+00
0.00000000e+00
1.63495497e-01
2.91951351e-01
1.34977970e-01
1.65717955e-01
-1.01607738e+00
3.81691914e-02
1.95775374e-01
2.22673511e-01
-1.52772019e-01
0.00000000e+00
-3.17478252e-03
-1.12662641e-02
-3.94263993e-01
2.28100600e-01
1.97279239e-01
2.16580777e-01
1.05665442e-01
-4.48026302e-01
-4.11324848e-02
6.56749160e-02
-6.66381211e-01
0.00000000e+00
0.00000000e+00
0.00000000e+00
1.71350306e-01
-7.74905977e-02
-2.65544434e-01
1.39589212e-01
-6.17905633e-01
1.38381458e-01
6.71049244e-01
3.46124276e-01
-1.54373496e-01
0.00000000e+00
2.06964736e-01
-2.46134464e-01
-7.01135866e-01
2.28489999e-01
-4.97256857e-01
2.10106875e-01
2.81149347e-01
-4.61989021e-01
-1.71782892e-01
1.34026598e-01
1.83182482e-02
0.00000000e+00
0.00000000e+00
0.00000000e+00
-7.19746470e-02
1.73822972e-01
1.11688335e-01
1.47788845e-01
-5.55273351e-01
1.83672495e-01
1.17722095e-01
-2.56271680e-01
-1.51452657e-01
0.00000000e+00
1.34827403e-01
6.17080033e-03
-2.65635562e-01
2.36572687e-01
3.66709848e-01
4.06807416e-02
-6.81622493e-02
-3.31105526e-01
1.00206850e-01
9.83308495e-02
136
-5.76444918e-01
2.33785726e-03
-4.51334242e-03
-1.14084974e-01
1.46891495e-03
-3.85056954e-01
3.43714139e-03
-7.96408469e-02
-1.10233919e-03
0.00000000e+00
0.00000000e+00
-2.51482739e-02
-4.15692891e-01
-3.46943851e-01
-1.66174198e-01
-9.79954492e-02
4.75509745e-01
0.00000000e+00
0.00000000e+00
2.24470366e-01
2.94839831e-02
-4.25363252e-01
-4.05036015e-01
0.00000000e+00
0.00000000e+00
0.00000000e+00
0.00000000e+00
2.24470366e-01
-4.03748087e-01
3.25451982e-01
-1.51940410e-01
1.07780088e-01
-3.63924381e-02
-2.37030404e-01
-4.05036015e-01
0.00000000e+00
0.00000000e+00
0.00000000e+00
0.00000000e+00
0.00000000e+00
0.00000000e+00
0.00000000e+00
0.00000000e+00
0.00000000e+00
0.00000000e+00
0.00000000e+00
6.03687662e-01
-1.83015631e-01
2.25668991e-01
3.23123246e-01
-2.60273290e-01
-1.14010838e-01
6.12076716e-03
-1.91806724e-01
9.18019675e-02
-3.13337458e-01
2.13738953e-02
-2.71400447e-02
-1.56878736e-02
2.32223307e-01
-7.93218791e-01
-4.03748087e-01
1.96201666e-01
0.00000000e+00
0.00000000e+00
0.00000000e+00
0.00000000e+00
0.00000000e+00
0.00000000e+00
0.00000000e+00
0.00000000e+00
0.00000000e+00
0.00000000e+00
0.00000000e+00
0.00000000e+00
0.00000000e+00
0.00000000e+00
0.00000000e+00
0.00000000e+00
0.00000000e+00
0.00000000e+00
0.00000000e+00
0.00000000e+00
0.00000000e+00
0.00000000e+00
0.00000000e+00
1.11713337e+00
1.24433023e+00
-5.27039344e-01
0.00000000e+00
0.00000000e+00
0.00000000e+00
8.03115166e-01
-1.22857250e-01
-4.68636932e-02
3.46364807e-01
-1.65665050e+00
4.24076960e-01
6.48393065e-01
7.27401284e-01
-2.03690068e-01
0.00000000e+00
6.10983583e-01
-3.50741730e-01
-1.44810849e+00
3.76946586e-01
1.95442714e-01
6.72765647e-01
5.97831766e-01
-2.20308839e+00
-5.92772708e-01
6.94411907e-01
-5.80135689e-01
0.00000000e+00
0.00000000e+00
0.00000000e+00
2.40066539e-01
5.60958895e-01
-1.30669838e-01
2.34065931e-01
-1.74506174e+00
4.22920084e-01
7.61331437e-01
2.41283496e-01
-1.38217691e-01
0.00000000e+00
4.37580640e-01
-2.38547312e-01
-1.21562134e+00
4.69174577e-01
-2.72389066e-01
3.05580846e-01
4.28771885e-01
-1.26525517e+00
-1.69035207e-01
4.92927343e-01
7 1
-5.5861e-01 4.5107e-01
4 1
0 1 3 4 
217
-4.50391900e-01
3.47134240e-01
-2.41953071e-01
-1.00036241e-01
-2.15985692e-01
2.66350441e-01
1.10946425e-01
-8.48444054e-02
1.66978977e-02
-2.96134042e-01
-3.11941085e-01
-1.16353216e-02
-5.01094467e-02
1.67025021e-02
-8.99386603e-02
-4.46547840e-04
-1.91294275e-01
9.18604886e-02
5.28962322e-04
-4.99803658e-01
-3.35342791e-01
6.87693708e-03
-2.80501822e-01
-1.16970938e-01
-1.98836158e-04
-1.29879892e-01
0.00000000e+00
0.00000000e+00
-1.17834532e-01
-3.52709031e-01
-3.92307022e-01
2.00620834e-01
8.51458133e-02
1.26692037e-01
0.00000000e+00
0.00000000e+00
-2.43743893e-02
-4.07292097e-02
-1.51970834e-01
-2.88452252e-02
-2.04472242e-01
0.00000000e+00
0.00000000e+00
0.00000000e+00
-2.43743893e-02
-1.21521768e-01
7.05341077e-02
-1.17515724e-01
0.00000000e+00
4.01390223e-01
-3.02824233e-01
-3.96332276e-02
0.00000000e+00
-7.89937801e-02
-5.52405507e-02
3.05750375e-01
0.00000000e+00
-1.13350292e-01
-1.81612081e-01
-2.04472242e-01
-3.47028828e-03
-2.00440535e-01
-2.22106688e-01
1.55106110e-02
-4.97556076e-01
-2.14526105e-01
2.34922288e-01
-1.96765592e-01
-2.03268723e-01
2.07560415e-01
-3.60310444e-02
1.10652720e-01
1.47833817e-01
-2.61684103e-01
3.55850485e-02
-2.63329473e-01
7.31499378e-02
0.00000000e+00
-1.58499994e-02
-2.99930569e-01
1.41292474e-02
4.59611759e-02
-4.43234432e-01
-3.33678785e-01
0.00000000e+00
-1.29799768e-01
-4.69653127e-01
-5.52408990e-02
-4.16779570e-01
-2.71389428e-01
4.43384555e-02
0.00000000e+00
0.00000000e+00
0.00000000e+00
0.00000000e+00
0.00000000e+00
0.00000000e+00
0.00000000e+00
0.00000000e+00
0.00000000e+00
0.00000000e+00
0.00000000e+00
0.00000000e+00
0.00000000e+00
0.00000000e+00
0.00000000e+00
0.00000000e+00
0.00000000e+00
0.00000000e+00
0.00000000e+00
0.00000000e+00
0.00000000e+00
0.00000000e+00
0.00000000e+00
0.00000000e+00
0.00000000e+00
0.00000000e+00
0.00000000e+00
0.00000000e+00
1.33382109e+00
1.29750867e+00
-3.12034342e-02
0.00000000e+00
0.00000000e+00
0.00000000e+00
3.92550244e-01
-4.58333096e-02
-2.32459803e-01
8.63300164e-02
-9.38160100e-01
3.43480367e-01
6.44111764e-01
5.85998103e-01
1.27529812e-01
0.00000000e+00
4.06918592e-01
-1.37658278e-01
-8.90456608e-01
2.31331250e-01
-2.43977440e-02
3.02850513e-01
3.68944338e-01
-1.19782726e+00
-5.09956831e-01
4.55501493e-01
-2.86327654e-01
0.00000000e+00
0.00000000e+00
0.00000000e+00
3.17013572e-01
1.11428036e-01
1.49553395e-01
1.57860276e-01
-7.29534472e-01
-6.97514666e-02
-6.06258673e-02
1.25817610e-01
-8.78165855e-02
0.00000000e+00
-3.52138194e-03
-1.04614614e-01
-3.84519650e-01
1.61749903e-01
2.35672173e-01
2.48304661e-01
7.18232952e-02
-5.28953610e-01
-3.24777092e-02
1.36264781e-01
-1.87568985e-01
0.00000000e+00
0.00000000e+00
0.00000000e+00
1.07014684e-01
4.80338594e-01
-3.02828130e-01
3.54109901e-01
-8.56364141e-01
2.37211966e-01
4.41323233e-01
1.67564433e-01
-1.23802915e-01
0.00000000e+00
2.40640306e-01
-1.18097692e-01
-7.26727006e-01
3.38026765e-01
-2.62007191e-01
4.53700402e-02
2.69605409e-01
-6.77718289e-01
-4.62552465e-02
2.45026294e-01
-2.18204666e-01
0.00000000e+00
0.00000000e+00
0.00000000e+00
3.89085512e-02
-6.41852354e-02
8.85867161e-02
9.14544975e-03
-6.71491606e-01
1.72395225e-01
1.84452391e-01
-1.52334646e-02
-5.61171690e-02
0.00000000e+00
1.99885350e-01
-1.53064712e-01
-3.27851363e-01
1.03599539e-01
2.27517032e-01
1.72004878e-01
1.06053877e-01
-2.13174728e-01
-1.11319470e-01
9.16840724e-02
136
-5.71565398e-01
-2.50000499e-01
1.24117726e-03
7.99598623e-03
-1.95577113e-03
-2.89421210e-01
1.94099951e-03
-4.01396751e-02
-1.42894378e-04
0.00000000e+00
0.00000000e+00
2.07498295e-01
-1.91828447e-01
-2.98133415e-01
-3.50120307e-01
-2.33356219e-01
2.94374695e-01
0.00000000e+00
0.00000000e+00
-3.09050961e-03
1.26105993e-01
-4.74367277e-02
-2.58378984e-01
-3.88765170e-01
0.00000000e+00
0.00000000e+00
0.00000000e+00
-3.09050961e-03
1.46505857e-02
-3.98097711e-02
-3.48958291e-01
1.25223509e-01
4.17329884e-01
-2.39539069e-01
-1.31542148e-01
2.60416691e-02
-4.32794843e-01
5.35293385e-01
2.16892771e-01
2.12322067e-02
-4.58694674e-02
-2.97860140e-01
-3.88765170e-01
0.00000000e+00
0.00000000e+00
0.00000000e+00
3.71755623e-01
-2.44264344e-01
-1.84394707e-03
1.40918238e-01
-3.47124329e-01
-6.55714126e-02
1.88294448e-01
4.58508045e-02
1.82916023e-01
-2.27544158e-01
2.58928537e-02
-5.76678574e-02
-4.17115475e-02
1.47977681e-01
-4.92873461e-01
-3.93778333e-01
-3.58185397e-01
-1.06484789e-01
-1.24457147e-02
-6.85049672e-01
0.00000000e+00
0.00000000e+00
0.00000000e+00
0.00000000e+00
0.00000000e+00
0.00000000e+00
0.00000000e+00
0.00000000e+00
0.00000000e+00
0.00000000e+00
0.00000000e+00
0.00000000e+00
0.00000000e+00
0.00000000e+00
0.00000000e+00
0.00000000e+00
0.00000000e+00
0.00000000e+00
0.00000000e+00
0.00000000e+00
1.39765497e+00
1.22168930e+00
-3.97915899e-01
0.00000000e+00
0.00000000e+00
0.00000000e+00
6.99312397e-01
1.08393900e-01
-1.04497654e-02
2.71720087e-01
-1.70913313e+00
5.22199498e-01
7.35632313e-01
6.22538444e-01
-2.01932804e-01
0.00000000e+00
6.93997926e-01
-1.63279138e-01
-1.50153749e+00
3.17466902e-01
1.46944532e-01
6.72752506e-01
5.42379329e-01
-2.22600090e+00
-6.37392452e-01
7.18471949e-01
-5.68435880e-01
0.00000000e+00
0.00000000e+00
0.00000000e+00
1.98054511e-01
5.13847313e-01
-9.29689543e-02
2.88784511e-01
-1.76440496e+00
4.79035241e-01
8.49638043e-01
9.81624677e-02
-2.24784754e-01
0.00000000e+00
4.60296761e-01
-1.88720092e-01
-1.18726455e+00
5.80373755e-01
-1.76271677e-01
2.64637332e-01
3.67317068e-01
-1.33263333e+00
-1.15282795e-01
4.13748232e-01
8 2
-6.4157e-01 4.2951e-01
5 3
0 1 3 4 7 
217
-3.34536464e-01
4.83100897e-01
-1.32457532e-01
8.74599960e-03
-5.15363677e-01
5.12359917e-01
1.50416040e-01
4.04965535e-01
5.77800123e-01
-4.44658585e-01
-2.28567392e-01
-2.28189330e-01
-3.18821558e-01
-3.74373784e-02
0.00000000e+00
0.00000000e+00
0.00000000e+00
5.31794117e-03
1.56824573e-03
6.68968484e-02
-1.33372044e-01
-8.25671721e-04
-6.79339222e-02
-2.06398523e-01
-1.64563006e-04
-4.48577005e-01
0.00000000e+00
0.00000000e+00
8.53943198e-02
-1.64475165e-01
3.09028004e-01
4.11583547e-02
-3.39518877e-01
-2.66123101e-01
0.00000000e+00
0.00000000e+00
-3.24558688e-01
2.60381752e-01
6.96284809e-02
3.12019271e-02
-4.81244583e-02
-3.23065478e-01
0.00000000e+00
0.00000000e+00
-3.43513207e-01
4.47533996e-01
-4.88172297e-02
-6.66446855e-02
6.54822033e-02
1.74138274e-01
-1.31038796e-01
-5.55186324e-02
-1.72629201e-01
-1.00828590e-01
7.65351255e-02
-4.34826662e-02
1.46730666e-02
-1.38228123e-01
5.57149897e-02
-6.79129890e-02
1.21555128e-01
1.79543703e-03
-1.33328342e-01
1.15057160e-01
-5.98650209e-01
-5.01405466e-01
3.04837537e-01
-5.70588827e-01
-1.55780953e-01
3.08785898e-01
7.60323224e-02
-1.29403903e-01
-3.23552431e-02
-9.04831696e-02
1.13933827e-04
-1.90681714e-01
-6.12590332e-02
0.00000000e+00
-2.51846457e-01
-2.49307290e-01
-1.04408162e-01
-4.82956911e-01
2.17181549e-02
-2.65538810e-01
1.69187089e-02
2.47032146e-02
-1.09551516e-01
-2.32242929e-03
-1.14133482e-01
-3.73835958e-01
-2.78144535e-01
1.03863942e-01
2.85223630e-01
-1.40555717e-01
-4.25463030e-01
-3.10144572e-01
-2.98161006e-01
-2.36098544e-01
0.00000000e+00
0.00000000e+00
0.00000000e+00
0.00000000e+00
0.00000000e+00
0.00000000e+00
0.00000000e+00
0.00000000e+00
0.00000000e+00
0.00000000e+00
0.00000000e+00
0.00000000e+00
0.00000000e+00
0.00000000e+00
0.00000000e+00
0.00000000e+00
0.00000000e+00
0.00000000e+00
0.00000000e+00
0.00000000e+00
0.00000000e+00
6.57205739e-01
1.22295901e+00
-5.71933505e-01
0.00000000e+00
0.00000000e+00
0.00000000e+00
3.80030620e-01
-8.79082837e-02
-1.27821438e-01
-1.15539790e-01
-6.90488982e-01
9.71341966e-02
5.32957324e-01
4.85483806e-01
-2.00521935e-01
0.00000000e+00
1.70197378e-01
-1.09182043e-01
-7.63711691e-01
1.76483388e-01
1.30459104e-01
3.71876206e-01
1.61578960e-01
-8.61647858e-01
-3.84293420e-01
2.62980953e-01
-1.02295504e-01
0.00000000e+00
0.00000000e+00
0.00000000e+00
1.36195075e-01
2.21917714e-02
-3.09559607e-03
2.87885517e-01
-5.60211879e-01
1.62625662e-01
5.51256061e-02
2.20179052e-01
3.34026033e-02
0.00000000e+00
1.57525544e-01
-3.22169411e-03
-4.12533092e-01
9.37060999e-02
-4.55121127e-02
1.13374977e-01
1.96814318e-01
-8.62643954e-01
5.64256841e-02
2.49470913e-01
-3.84350169e-01
0.00000000e+00
0.00000000e+00
0.00000000e+00
3.27226002e-02
1.29069198e-01
-2.57826514e-01
2.75184180e-01
-7.81665753e-01
1.55963652e-01
5.26531659e-01
4.11829902e-02
-8.95257954e-02
0.00000000e+00
1.33572051e-01
-5.04707255e-02
-5.29281613e-01
2.50968528e-01
-2.32945764e-01
1.68152869e-01
2.14202592e-01
-3.86969424e-01
-1.66222932e-01
1.83008031e-01
-1.02126850e-01
0.00000000e+00
0.00000000e+00
0.00000000e+00
1.09983618e-01
1.93853076e-01
2.15129677e-01
1.30314589e-01
-9.24547499e-01
7.94610685e-02
1.23502633e-01
5.16485173e-02
6.39172077e-02
0.00000000e+00
6.05804804e-02
1.75725899e-01
-4.26244822e-01
1.49158795e-01
8.95335913e-02
3.31926957e-02
1.32809386e-01
-4.71946770e-01
6.34233072e-02
4.83777012e-02
136
-3.23011653e-01
2.89016570e-04
1.02537087e-02
-1.16485800e-02
4.21918939e-03
-1.36642064e-01
6.20276934e-05
-1.75010026e-01
-1.64439939e-03
0.00000000e+00
0.00000000e+00
5.67993841e-01
3.72023830e-02
-2.37111878e-01
-2.46962273e-01
-3.00511034e-01
-1.43622692e-01
0.00000000e+00
0.00000000e+00
0.00000000e+00
3.49519913e-01
5.35276441e-02
-2.83482410e-01
-2.77270519e-01
-1.65306281e-01
0.00000000e+00
0.00000000e+00
0.00000000e+00
1.32517897e-01
-1.75848661e-01
-3.37652245e-01
0.00000000e+00
4.34958579e-01
6.72132386e-02
-1.32816950e-01
0.00000000e+00
-1.92345331e-01
5.78545703e-01
-3.81413598e-02
0.00000000e+00
-1.25706698e-01
-5.40204930e-02
-4.79715333e-01
0.00000000e+00
0.00000000e+00
0.00000000e+00
4.54264317e-01
-3.83745298e-02
2.04271456e-01
2.30109492e-01
-2.28007035e-01
1.46490456e-01
1.02933991e-01
1.61846293e-02
1.46580756e-01
-9.44649438e-02
0.00000000e+00
-3.26439674e-02
1.33462207e-01
7.21867156e-02
-5.30464114e-01
-9.26483875e-01
-1.24047695e-01
-2.00361090e-02
8.12225195e-02
-5.58276559e-01
1.84071326e-01
-9.04061788e-02
-5.43507514e-01
-2.15067553e-02
-1.59392637e-01
0.00000000e+00
0.00000000e+00
0.00000000e+00
0.00000000e+00
0.00000000e+00
0.00000000e+00
0.00000000e+00
0.00000000e+00
0.00000000e+00
0.00000000e+00
0.00000000e+00
0.00000000e+00
0.00000000e+00
0.00000000e+00
0.00000000e+00
1.35240366e+00
1.12634751e+00
-4.01826740e-01
0.00000000e+00
0.00000000e+00
0.00000000e+00
8.01587711e-01
7.52132998e-02
-5.35386223e-02
2.66019359e-01
-1.71743645e+00
4.78768083e-01
6.47362579e-01
6.84449707e-01
-2.09598671e-01
0.00000000e+00
6.14966013e-01
-2.90738241e-01
-1.41204164e+00
3.49799462e-01
2.55618692e-01
6.76053115e-01
5.24966838e-01
-2.17254313e+00
-6.51147260e-01
7.30412411e-01
-6.22996442e-01
0.00000000e+00
0.00000000e+00
0.00000000e+00
1.70337210e-01
4.54028282e-01
-1.51579725e-01
2.57395860e-01
-1.62237337e+00
4.57341043e-01
8.26184781e-01
1.61268402e-01
-2.51453986e-01
0.00000000e+00
5.08919022e-01
-4.68388162e-01
-1.19458624e+00
5.04494662e-01
-9.15509368e-02
3.00966773e-01
4.18292312e-01
-1.29600698e+00
-9.86627066e-02
4.92377314e-01
5 1
-8.2149e-01 4.8135e-01
6 0
0 1 3 4 7 8 
217
-5.35538542e-01
2.87637122e-01
-1.85889737e-01
-3.83186160e-02
-6.20043088e-02
1.80195323e-01
6.99478118e-02
-2.45267343e-01
-2.45927718e-01
3.95037198e-02
-2.07491028e-01
1.68871872e-02
-9.00632992e-02
1.22340616e-01
-2.28373395e-01
2.74601619e-03
-3.03182704e-01
-4.86481770e-02
-2.34713180e-03
-3.42123839e-01
-2.30260887e-01
6.62232807e-04
-3.27754715e-01
-2.82560823e-02
-8.49312014e-05
-3.17913143e-01
0.00000000e+00
0.00000000e+00
-3.74230786e-01
-1.99955896e-01
-6.97640534e-02
-1.41453274e-01
3.25460133e-03
2.46610866e-01
0.00000000e+00
0.00000000e+00
0.00000000e+00
-1.77564782e-01
1.29122732e-01
-1.24795452e-01
-6.08393678e-02
-5.72315003e-02
-2.44230170e-01
0.00000000e+00
-3.78728898e-02
8.96752386e-02
-2.30876570e-01
-1.68453903e-01
3.23387625e-02
1.04521901e-01
8.93969211e-03
1.59657708e-01
0.00000000e+00
-4.25851364e-01
2.06235183e-01
2.05884112e-01
0.00000000e+00
-2.46806137e-01
-9.97426082e-02
-1.27330547e-01
-7.57682859e-02
-2.32299250e-01
-2.27471005e-01
-1.15492973e-02
-1.15286252e-01
2.20647337e-01
-2.04100127e-01
3.21336965e-01
-2.04602865e-01
1.00571977e-01
-1.73837021e-01
-3.16014586e-01
-2.46807685e-02
2.16100917e-01
-2.15861700e-01
-2.61787852e-01
-7.33525856e-02
0.00000000e+00
-3.71544281e-01
-8.26366965e-02
8.46789623e-02
-3.71227716e-01
-2.53634987e-01
-1.49248687e-01
0.00000000e+00
-5.72008010e-02
-1.95689169e-01
-2.34671648e-01
9.84256463e-02
-2.58796832e-01
-6.02564181e-02
-1.47344355e-01
1.64421791e-01
-1.57624141e-01
-2.53058141e-01
-4.24311058e-01
-2.99557836e-01
-1.09673976e-01
0.00000000e+00
7.86709564e-02
5.44180501e-02
-2.40618983e-01
-3.25008049e-02
-3.78552279e-01
-3.15089242e-01
0.00000000e+00
0.00000000e+00
0.00000000e+00
0.00000000e+00
0.00000000e+00
0.00000000e+00
0.00000000e+00
0.00000000e+00
0.00000000e+00
0.00000000e+00
0.00000000e+00
0.00000000e+00
0.00000000e+00
0.00000000e+00
1.65357712e+00
1.62423281e+00
-9.98078018e-02
0.00000000e+00
0.00000000e+00
0.00000000e+00
6.34526921e-01
2.38380139e-01
-1.04949355e-01
1.48403222e-01
-1.06717440e+00
3.41841599e-01
6.84903920e-01
5.26877508e-01
-2.04331403e-01
0.00000000e+00
3.73839749e-01
-4.21099538e-01
-1.08355608e+00
2.15970453e-01
-5.36869231e-02
5.61034717e-01
2.59501097e-01
-1.18036917e+00
-5.03897622e-01
5.33977365e-01
-2.07928978e-01
0.00000000e+00
0.00000000e+00
0.00000000e+00
1.64611871e-01
-6.27104190e-02
3.46098466e-03
5.75887342e-02
-5.41867465e-01
-7.77291483e-03
-7.51214651e-02
2.06975397e-01
-1.09066059e-01
0.00000000e+00
1.50145687e-01
3.38654606e-01
-2.37582852e-01
1.64981268e-02
1.83918052e-01
5.20499466e-02
2.65183468e-01
-7.52021718e-01
1.00614036e-02
1.29065639e-01
-1.23141219e-01
0.00000000e+00
0.00000000e+00
0.00000000e+00
7.77524332e-02
4.24627948e-01
-1.33916113e-02
1.98832976e-01
-9.92037853e-01
2.46772736e-01
8.14318030e-01
1.41745354e-01
-1.45787906e-01
0.00000000e+00
1.10192740e-01
-2.80135487e-01
-9.05542827e-01
3.36779768e-01
-4.50462644e-02
2.38464912e-01
4.49846341e-01
-6.98842947e-01
-2.13216028e-01
1.31526466e-01
-2.59441463e-01
0.00000000e+00
0.00000000e+00
0.00000000e+00
6.90431481e-02
1.52480257e-02
-3.38330570e-02
1.71263909e-01
-7.83511613e-01
1.93958219e-01
2.34622073e-02
2.06030092e-02
-3.27165168e-02
0.00000000e+00
2.42912944e-01
1.05207033e-01
-3.51542777e-02
5.63174405e-02
-3.09998218e-02
1.30166585e-01
3.22273100e-04
-5.33774751e-01
3.20660032e-02
1.29977777e-01
136
-4.77462295e-01
-1.99162615e-01
1.53570032e-03
-1.96167522e-01
3.29831660e-04
-1.74098701e-01
1.83786465e-03
9.19665432e-02
6.83100708e-04
0.00000000e+00
0.00000000e+00
1.06557720e-01
-4.65591603e-01
-5.71057362e-01
-8.44950710e-02
1.36511336e-01
4.00612685e-01
0.00000000e+00
0.00000000e+00
0.00000000e+00
1.67584207e-01
5.40096933e-02
-2.86177430e-01
-2.07586821e-01
-7.59298222e-02
-1.29362122e-01
0.00000000e+00
-1.19889807e-01
7.96693247e-02
-1.42262704e-01
-1.85733676e-01
1.26718274e-01
2.49490073e-01
-5.90136227e-02
-9.56650190e-02
-8.43792776e-03
-2.29837082e-01
5.10382429e-01
1.05350884e-01
2.28672227e-02
-2.66546843e-01
-1.47144600e-02
-4.49839361e-01
0.00000000e+00
0.00000000e+00
0.00000000e+00
7.89286954e-03
3.07756534e-01
3.65162505e-01
2.05678690e-01
-2.51610103e-01
-1.13410330e-01
-3.25564366e-02
-9.30554428e-02
1.02583882e-01
-1.07293177e-01
0.00000000e+00
1.04052973e-02
5.28250876e-02
9.85750528e-02
-6.19570715e-01
-9.64417055e-01
-3.41553335e-01
-1.41091380e-02
9.79833877e-03
-2.61719712e-01
1.68970065e-03
-2.15771621e-01
-4.31897864e-01
-6.16625182e-02
-9.95782008e-02
0.00000000e+00
-1.12667093e-01
-2.45940385e-01
5.90690376e-02
-2.63031183e-02
0.00000000e+00
0.00000000e+00
0.00000000e+00
0.00000000e+00
0.00000000e+00
0.00000000e+00
0.00000000e+00
0.00000000e+00
0.00000000e+00
0.00000000e+00
1.12573449e+00
1.20360765e+00
-4.68727813e-01
0.00000000e+00
0.00000000e+00
0.00000000e+00
7.27466810e-01
6.95421703e-02
-5.32060750e-02
3.52517281e-01
-1.60690389e+00
4.21050691e-01
6.55254990e-01
6.68722869e-01
-1.30576122e-01
0.00000000e+00
5.60147992e-01
-2.89358142e-01
-1.49999703e+00
3.92788652e-01
2.43919368e-01
6.44234680e-01
4.79556112e-01
-2.19650785e+00
-5.64021807e-01
6.56641490e-01
-5.46490766e-01
0.00000000e+00
0.00000000e+00
0.00000000e+00
1.98483858e-01
5.44885647e-01
-7.99165904e-02
2.89688246e-01
-1.74669470e+00
4.39495595e-01
7.96643242e-01
1.68534740e-01
-1.25604463e-01
0.00000000e+00
4.40569539e-01
-2.57521330e-01
-1.29197458e+00
5.29477542e-01
-1.74330210e-01
2.25026377e-01
4.19036084e-01
-1.25233254e+00
-1.43073806e-01
4.73116581e-01
9 1
-9.8000e-01 4.7726e-01
7 0
0 1 3 4 7 8 5 
217
-5.19487254e-01
4.16638279e-01
-1.38718102e-01
3.51258040e-03
-5.25511255e-02
-2.08611062e-01
-2.26702773e-01
-3.84962063e-01
-3.33968629e-01
1.85758569e-01
7.31316434e-02
7.37145397e-02
2.06036298e-02
6.99158843e-03
-2.17828293e-01
-4.09342539e-05
-1.05399476e-01
-2.07063915e-01
-1.69969132e-03
-1.99126762e-01
-1.04971502e-01
-1.51460873e-03
-2.76073775e-01
1.03764546e-02
8.81947118e-05
-3.39338996e-01
0.00000000e+00
0.00000000e+00
7.40464560e-02
7.53352169e-02
1.37767066e-01
-4.02555535e-01
-3.78948675e-01
-2.51317836e-02
0.00000000e+00
0.00000000e+00
0.00000000e+00
6.11947860e-03
8.29626985e-02
-1.30719737e-01
-1.57537540e-01
-9.59431518e-02
-8.24870894e-02
-1.41881913e-01
-8.60470155e-02
1.46247039e-02
-1.80768817e-01
-1.76358249e-01
3.30082682e-02
3.28762277e-01
-1.38529627e-01
9.28332906e-02
0.00000000e+00
-5.45321687e-01
3.81089796e-01
2.53371948e-01
0.00000000e+00
-1.40021365e-01
-1.78735958e-01
-1.60384126e-01
1.27711573e-01
-3.12540857e-01
-3.34657970e-01
-1.96330758e-02
-1.67360971e-01
5.88442971e-02
-1.36801390e-01
2.97490238e-01
-1.95691818e-01
2.45820087e-01
-2.34716322e-01
-1.77289191e-01
-1.26414178e-01
7.44439841e-02
-3.00105169e-01
-1.81925726e-01
2.38219031e-02
0.00000000e+00
-3.70029009e-01
-7.72320609e-02
-2.04122682e-02
-2.95998128e-01
-1.35161864e-01
3.59516302e-02
0.00000000e+00
-1.19033640e-01
-1.38291849e-01
-2.07178393e-01
2.46987939e-02
-1.99833693e-01
-5.37083219e-02
-2.23614368e-01
2.02280603e-01
-1.14145326e-01
-2.24073644e-01
-2.45723329e-01
-2.74079846e-01
-1.09600051e-01
0.00000000e+00
-1.04058824e-02
7.10494825e-02
-2.58156314e-01
-1.43747628e-01
-2.57040944e-01
-1.44606228e-01
-2.07554257e-02
3.03432441e-01
3.49009628e-02
-4.73707150e-01
-6.38893663e-01
-3.28457120e-01
-5.51396206e-01
0.00000000e+00
0.00000000e+00
0.00000000e+00
0.00000000e+00
0.00000000e+00
0.00000000e+00
0.00000000e+00
1.30621596e+00
1.56701572e+00
-5.82884137e-02
0.00000000e+00
0.00000000e+00
0.00000000e+00
4.07714434e-01
1.12116400e-01
-1.07937231e-01
1.22335664e-01
-8.22001921e-01
1.86354716e-01
4.60981609e-01
5.03660112e-01
2.41917096e-02
0.00000000e+00
2.55973436e-01
-1.00290589e-01
-1.01608107e+00
2.75747409e-01
1.21630858e-01
3.99751670e-01
1.10731987e-01
-9.70656387e-01
-3.96947878e-01
3.74436656e-01
-2.80929726e-01
0.00000000e+00
0.00000000e+00
0.00000000e+00
1.93231944e-01
-6.42643824e-02
-7.25436992e-03
8.58345734e-02
-5.49365037e-01
3.73444059e-02
7.23823610e-02
2.07676757e-01
-2.75339206e-01
0.00000000e+00
1.78916494e-01
3.88325674e-02
-4.35267047e-01
-7.33910625e-03
1.20145364e-01
2.06403364e-01
4.88209237e-01
-7.07525627e-01
-9.92491055e-02
2.35697088e-01
-4.60543468e-02
0.00000000e+00
0.00000000e+00
0.00000000e+00
-3.02700483e-02
4.82579520e-01
-1.28087980e-01
1.36500937e-01
-8.55715049e-01
2.03921702e-01
6.93312856e-01
6.38841878e-02
-6.45435684e-02
0.00000000e+00
2.10014815e-01
4.79500737e-02
-8.68270121e-01
3.61049407e-01
-7.56686339e-02
1.06124232e-01
2.34717419e-01
-5.28192556e-01
-7.38895081e-02
3.85279683e-02
-2.63628209e-01
0.00000000e+00
0.00000000e+00
0.00000000e+00
1.29460045e-01
4.34784990e-02
2.04978416e-02
2.36966497e-01
-7.11522402e-01
2.66331786e-01
4.40398910e-02
9.17376926e-02
-1.43915417e-01
0.00000000e+00
1.86227849e-01
-6.84626894e-02
-1.12213696e-01
3.20635876e-02
-8.80951471e-02
1.46829248e-01
1.76514431e-01
-5.11606633e-01
-1.35343586e-01
1.33383994e-01
136
-2.18427380e-01
-1.82414967e-01
5.59457855e-04
-8.20541559e-02
3.96656111e-05
-8.75346597e-02
1.15765633e-03
1.33576403e-01
3.55447663e-04
0.00000000e+00
0.00000000e+00
1.38375267e-01
-3.45667417e-01
-4.01593362e-01
-1.34465444e-01
1.09409179e-01
4.15514397e-01
0.00000000e+00
0.00000000e+00
0.00000000e+00
2.09357299e-01
1.77933400e-01
-1.42906241e-01
-2.81475363e-01
-2.09972824e-01
-4.79382686e-02
7.65746182e-02
5.06595933e-03
-2.05334911e-02
-1.55642590e-02
-2.17755149e-01
7.19104633e-02
2.03880541e-01
9.95017570e-02
-8.05171477e-02
-6.91110080e-03
-7.11365201e-02
1.97328581e-01
1.44473283e-01
5.34952526e-03
-1.27019851e-01
-1.22532785e-01
-2.83967186e-01
0.00000000e+00
0.00000000e+00
0.00000000e+00
1.74115240e-02
2.16736617e-01
2.55614206e-01
1.27799872e-01
1.94902368e-02
3.06670112e-02
2.99385149e-02
6.70756244e-02
8.92915983e-02
-1.45911057e-01
5.98043737e-03
8.98686604e-03
-1.13676365e-03
1.11661561e-01
-3.37486368e-01
-5.74892767e-01
-7.13989033e-01
-8.24998844e-02
-8.94766853e-02
-2.51750723e-01
6.53471201e-02
-1.20870579e-01
-3.95200713e-01
-2.21473105e-02
-1.15149513e-01
5.98043737e-03
-3.10474979e-02
-1.75764956e-01
6.76733340e-02
-2.64639027e-02
1.22767043e-02
-2.55200062e-02
-7.01176024e-01
2.81478790e-02
-4.15170973e-03
0.00000000e+00
0.00000000e+00
0.00000000e+00
0.00000000e+00
0.00000000e+00
1.24611977e+00
1.28489308e+00
-4.21971160e-01
0.00000000e+00
0.00000000e+00
0.00000000e+00
7.60787568e-01
7.48143881e-02
-4.83859347e-02
3.67257175e-01
-1.61410988e+00
4.00000126e-01
6.49675514e-01
6.81600859e-01
-1.44785048e-01
0.00000000e+00
5.58190808e-01
-2.98302190e-01
-1.44568359e+00
3.66385188e-01
1.84325590e-01
6.27898421e-01
4.55756489e-01
-2.12354878e+00
-5.56477276e-01
6.82629415e-01
-5.11330216e-01
0.00000000e+00
0.00000000e+00
0.00000000e+00
2.05175355e-01
4.48833709e-01
-8.98844053e-02
2.63405574e-01
-1.57185374e+00
4.05811138e-01
7.98159803e-01
1.63906483e-01
-1.84265340e-01
0.00000000e+00
4.43514869e-01
-3.48003345e-01
-1.24794082e+00
5.50285858e-01
-1.72527802e-01
2.69951753e-01
4.27239570e-01
-1.22926681e+00
-1.12759212e-01
4.68887147e-01
2 1
-8.5803e-01 4.5500e-01
8 1
0 1 3 4 7 8 5 9 
217
-4.88080379e-01
3.27645301e-02
1.44449652e-01
-1.87516215e-01
-1.27960375e-01
-2.46820991e-03
-2.07478891e-01
-2.05859388e-01
-3.34818459e-01
2.23629605e-02
-1.46842922e-01
-1.27992454e-02
3.29020269e-01
1.88394834e-01
-1.11121067e-01
-5.05113917e-03
-1.49049277e-01
-1.82262128e-01
-4.75105463e-03
1.69062140e-01
-7.56703044e-02
-5.23726475e-04
-1.11136004e-01
-1.19026880e-01
-4.12150800e-06
7.91905908e-02
0.00000000e+00
0.00000000e+00
-1.89174826e-01
-1.37198223e-01
-1.00912365e-01
-2.34548293e-01
-2.94388880e-01
4.68142207e-01
0.00000000e+00
0.00000000e+00
0.00000000e+00
1.21412505e-01
1.09186974e-01
-1.64459371e-01
-2.23947551e-01
-2.35829258e-01
-2.65958130e-01
1.71514452e-01
-4.11953968e-01
-2.72300124e-02
-1.50494395e-01
-1.65329684e-01
1.61686072e-01
2.56490106e-01
1.30930956e-02
-2.05652501e-03
0.00000000e+00
-1.87110149e-01
2.35925928e-01
2.72597903e-01
0.00000000e+00
-1.71377483e-01
-2.65932146e-01
-6.88394967e-02
1.71564581e-01
-3.59952382e-01
-2.99692577e-01
2.03076998e-02
-4.15532738e-01
-1.02979255e-01
1.25034113e-01
1.47499572e-01
-2.17889454e-01
2.28765805e-01
0.00000000e+00
-3.57045059e-01
9.51686531e-03
4.09459492e-02
-2.56347787e-01
-1.71981269e-01
2.37747437e-01
0.00000000e+00
-4.16671306e-01
-3.03447081e-01
2.36395023e-01
-1.82500803e-01
-3.07360315e-01
-1.88432989e-01
0.00000000e+00
-3.24168664e-01
-4.40280398e-01
7.24999851e-02
-1.39876846e-01
-2.34785052e-01
-6.59076357e-02
0.00000000e+00
2.10327997e-01
-1.31669692e-01
-4.63734840e-01
-4.99212877e-01
-2.34673535e-01
-2.60897719e-01
0.00000000e+00
-2.70905934e-01
4.38471739e-02
-1.88430678e-02
-2.75546299e-01
-1.97887596e-01
4.39751147e-02
1.69409180e-01
2.95171652e-02
-7.19787941e-02
-4.12982257e-01
-6.07485551e-01
-2.74024467e-01
-1.07116534e-01
2.60916363e-01
-1.55866629e-01
-2.39973797e-01
-5.77469851e-01
-6.16496581e-02
-1.56602606e-02
1.62031299e-01
1.14678175e+00
1.41428879e+00
-4.79197565e-01
0.00000000e+00
0.00000000e+00
0.00000000e+00
8.21294296e-01
-2.71029470e-02
-1.31912609e-01
3.51627732e-01
-1.11983715e+00
1.09026783e-01
6.84314471e-01
2.79122019e-01
8.33815951e-02
0.00000000e+00
1.73391988e-01
-1.82690058e-01
-1.15268244e+00
3.35676524e-01
-1.72224927e-01
3.93574463e-01
2.20938688e-01
-1.11587506e+00
-5.52922650e-01
5.23701713e-01
-8.78189805e-02
0.00000000e+00
0.00000000e+00
0.00000000e+00
-7.46532760e-03
5.57909245e-02
-4.55114613e-02
-9.97843409e-02
-9.28293279e-01
4.86341521e-02
1.21368685e-01
1.84284590e-01
4.73515152e-02
0.00000000e+00
3.16738465e-01
-2.33687271e-02
-8.96437971e-02
2.66615790e-02
8.86623795e-02
1.83305255e-01
2.46074311e-01
-4.45621627e-01
-1.08780639e-01
3.41778363e-01
-3.92780331e-01
0.00000000e+00
0.00000000e+00
0.00000000e+00
-3.98991056e-02
8.19349161e-02
-3.01072258e-01
2.19290241e-01
-8.81648205e-01
2.96795279e-01
5.58336645e-01
4.27811087e-01
4.10836730e-01
0.00000000e+00
1.35139000e-01
-5.00346645e-02
-1.00333352e+00
4.27589019e-01
-4.84489044e-01
2.06742181e-01
3.40329594e-01
-8.08287716e-01
-9.97928996e-02
1.70972387e-01
-6.87033706e-02
0.00000000e+00
0.00000000e+00
0.00000000e+00
7.93307042e-02
1.83390191e-01
3.48004916e-02
2.20635912e-01
-8.84255315e-01
6.89668419e-02
2.33823944e-01
1.04424567e-01
-4.08402831e-01
0.00000000e+00
1.59541802e-01
-3.50065820e-02
-7.50373433e-02
3.31815987e-01
2.09402572e-01
1.11413674e-02
1.73539316e-03
-2.89442057e-01
-3.95895753e-02
2.40205594e-02
136
-2.70389321e-01
-2.16000490e-02
-7.97759235e-03
7.17607432e-02
-4.21357794e-03
-2.77793650e-01
2.75567792e-03
-4.27563657e-02
2.41811133e-04
0.00000000e+00
0.00000000e+00
2.38092548e-01
-1.32037534e-01
-2.30987956e-01
-2.67432113e-01
-1.52814572e-01
2.74790306e-01
0.00000000e+00
0.00000000e+00
0.00000000e+00
3.79328687e-01
1.78448819e-01
-1.46935312e-01
-3.00928854e-01
-3.46798882e-01
-2.77053744e-01
2.43549964e-01
6.95118260e-03
-4.69690528e-02
1.13918774e-01
-3.05065307e-01
8.95640951e-02
2.34732818e-01
1.11909453e-01
-2.02245230e-01
-5.95888549e-03
-8.40416921e-03
1.58866183e-01
1.14757774e-01
7.87281419e-03
-9.46114497e-02
-1.60921500e-01
-2.84786820e-01
0.00000000e+00
0.00000000e+00
0.00000000e+00
4.12195223e-02
2.80982594e-01
3.46526226e-01
1.32689464e-01
-1.95940148e-02
0.00000000e+00
1.83177352e-01
3.46057650e-02
1.45330491e-01
-2.76551937e-02
1.84274119e-02
9.66908648e-03
9.25265305e-02
9.13720159e-02
-1.15761489e-01
-5.81071688e-01
-5.89493025e-01
-1.31101766e-01
-3.31505536e-02
-3.45277732e-01
0.00000000e+00
-1.54331143e-02
-3.77233564e-01
-4.84660999e-04
-7.13762430e-02
1.84274119e-02
-6.00280255e-02
-1.71655445e-01
4.28318940e-02
-2.65459843e-02
7.66883654e-02
-2.09572970e-01
-5.27869952e-01
-3.92587330e-02
-7.26447509e-02
6.93400067e-02
-3.09150460e-01
-3.13002235e-01
-3.08220156e-02
-1.05683795e-01
1.43957637e+00
1.25920638e+00
-3.28585231e-01
0.00000000e+00
0.00000000e+00
0.00000000e+00
7.38718376e-01
7.75155404e-02
-2.17428601e-02
3.33635171e-01
-1.59443841e+00
4.69642344e-01
6.21129261e-01
6.92385610e-01
-1.79550433e-01
0.00000000e+00
5.69492780e-01
-3.24589587e-01
-1.44660918e+00
3.47278495e-01
1.93500138e-01
6.81420842e-01
5.75626515e-01
-2.16368900e+00
-5.90869405e-01
6.92558565e-01
-4.87939654e-01
0.00000000e+00
0.00000000e+00
0.00000000e+00
1.58057635e-01
4.94690613e-01
-1.34421948e-01
2.43203019e-01
-1.70151645e+00
4.96937104e-01
8.08228154e-01
5.85807778e-02
-2.02510917e-01
0.00000000e+00
5.04763049e-01
-2.27648275e-01
-1.15839263e+00
4.90564368e-01
-1.15109735e-01
2.29843344e-01
4.03981745e-01
-1.12550956e+00
-1.30106878e-01
4.18426926e-01
6 1
-9.3878e-01 4.8433e-01
8 0
0 1 3 4 7 8 5 9 
217
-2.84539791e-01
-1.11010732e-01
-6.72940304e-02
-1.49955745e-01
-4.25549617e-02
9.36737369e-02
-2.74899256e-03
-7.12586766e-03
-2.21387543e-01
3.85737216e-02
-3.14224250e-01
2.13652907e-03
2.96375957e-01
2.27691235e-01
2.12357443e-01
-5.84243021e-03
-6.30579796e-02
-3.52848067e-01
4.44137505e-03
1.67095820e-02
-1.35262086e-01
-6.04370693e-04
6.54071261e-02
-8.78708116e-03
8.61510455e-04
1.33197623e-01
0.00000000e+00
0.00000000e+00
5.13686766e-01
-3.60040596e-01
-4.79236270e-01
-2.20370747e-01
2.62250009e-02
2.35196055e-01
0.00000000e+00
0.00000000e+00
0.00000000e+00
1.12321766e-01
4.43692467e-02
-1.41835928e-01
-1.00010668e-01
4.34576650e-03
1.08478223e-01
-3.12208197e-01
-1.65520743e-01
-2.03282197e-02
-2.37664792e-01
-8.56328403e-02
1.46813445e-01
2.51656011e-01
-8.40860717e-02
3.61264212e-02
0.00000000e+00
-1.76478405e-01
3.01180261e-01
1.59295795e-01
0.00000000e+00
-1.93469537e-01
-3.41085413e-01
1.80804293e-01
1.76957114e-01
-1.77903271e-01
-2.83593634e-01
5.82844707e-02
-4.94797780e-01
-1.45331346e-01
2.40882155e-01
7.44715495e-03
-8.89086366e-02
4.96468256e-01
1.91256721e-01
-4.04734165e-01
-1.71679524e-01
1.43564725e-01
-2.30801848e-01
-2.14627071e-01
3.41638746e-02
0.00000000e+00
-2.86811998e-01
-5.23923052e-01
1.53628944e-01
-1.41196436e-01
-1.54856862e-01
-3.12159232e-01
0.00000000e+00
-1.62783294e-01
-2.43812079e-01
-1.38459365e-02
3.57668902e-02
-1.12057065e-01
1.68593607e-01
1.57039760e-01
5.38609339e-02
-2.68955695e-01
-1.33003211e-01
-4.37836279e-01
-3.62437274e-01
-1.33941602e-01
0.00000000e+00
-7.90272076e-02
5.33561950e-02
-3.61922189e-02
-2.59224917e-01
-1.72820489e-01
-7.95676810e-02
2.47012368e-01
2.34360373e-01
-6.75775670e-02
-5.22505617e-01
-6.51912661e-01
-2.43406915e-01
-1.07639505e-01
1.74376332e-01
1.66452610e-01
-1.77955594e-02
-6.37070412e-01
-8.26139189e-02
1.17016794e-02
-9.78259969e-02
8.57663794e-01
1.02842844e+00
-5.94237494e-01
0.00000000e+00
0.00000000e+00
0.00000000e+00
4.04549459e-01
-1.07304661e-01
-2.28961393e-01
2.79160037e-01
-1.20263115e+00
1.91835895e-01
8.19397937e-01
2.29970822e-01
3.02745935e-01
0.00000000e+00
2.56856540e-01
-6.01043506e-02
-8.61380840e-01
2.22801602e-01
5.56310923e-02
1.99066944e-01
3.26657330e-02
-1.25157026e+00
-3.92413561e-01
5.15446719e-01
-1.03490091e-01
0.00000000e+00
0.00000000e+00
0.00000000e+00
2.20030830e-01
1.30242391e-01
8.65995118e-02
-4.00137630e-02
-8.26724443e-01
1.33828405e-01
9.02381654e-02
2.21002417e-01
-8.44775564e-02
0.00000000e+00
2.45662041e-01
-1.52513846e-01
-5.28560572e-01
2.93652189e-01
-9.83562938e-02
2.36459294e-01
6.87537256e-02
-3.04392501e-01
-4.34289321e-02
2.48508846e-01
-4.88857210e-01
0.00000000e+00
0.00000000e+00
0.00000000e+00
-5.01283116e-02
2.69834861e-01
-1.71386145e-01
4.96563069e-01
-9.31949403e-01
2.06991064e-01
4.68985605e-01
7.44665466e-02
-1.04369239e-01
0.00000000e+00
1.91342253e-01
-2.94026347e-02
-8.99010252e-01
3.68529251e-01
-2.00878771e-01
1.32709931e-01
-1.41565181e-01
-7.02890355e-01
1.07549906e-01
4.25750594e-01
-1.77949411e-01
0.00000000e+00
0.00000000e+00
0.00000000e+00
1.00240727e-01
-9.18495932e-02
2.34158090e-02
-4.74488643e-02
-9.76078338e-01
1.74109886e-01
1.88239850e-01
1.69122500e-01
-4.59106872e-02
0.00000000e+00
1.50224975e-01
-4.65682533e-02
-1.79467177e-01
3.34442462e-01
3.74293145e-02
1.22208850e-01
4.90287676e-01
-4.65463043e-01
-1.49394023e-01
3.45085192e-02
136
-2.01114778e-01
1.82274048e-01
-5.72082928e-03
-3.45318254e-01
3.88394357e-03
-1.45429369e-01
1.24023917e-03
1.07358797e-01
3.75732380e-04
0.00000000e+00
0.00000000e+00
9.03815576e-02
-2.36949663e-01
-2.69130921e-01
-1.38482767e-01
2.84231892e-02
3.24643826e-01
0.00000000e+00
0.00000000e+00
0.00000000e+00
3.70455122e-01
1.79122696e-01
-9.46666204e-02
-2.91721673e-01
-3.28754095e-01
-2.27051478e-01
1.91501270e-01
-1.70042156e-02
1.69368230e-02
8.52826061e-02
-2.27014211e-01
9.61856050e-02
1.91287368e-01
7.68702570e-02
-1.20222347e-01
2.17536534e-02
-9.46502175e-02
2.19155312e-01
7.68263507e-02
2.57643310e-02
-8.49322687e-02
-1.29599916e-01
-3.37753909e-01
0.00000000e+00
0.00000000e+00
0.00000000e+00
9.60975413e-02
2.82310091e-01
2.60370072e-01
1.35690127e-01
3.33286268e-02
2.31527854e-02
1.32188293e-01
9.18423511e-02
1.15812096e-01
-7.80004782e-02
-1.25890442e-03
8.25450049e-02
5.23260796e-02
1.24679378e-01
-2.48594006e-01
-4.83898993e-01
-7.44995081e-01
-7.09893571e-02
-9.14619483e-02
-2.03635490e-01
6.92137204e-02
-1.11971181e-01
-3.05986461e-01
-2.14673721e-02
-7.25878986e-02
-1.25890442e-03
1.00652868e-02
-1.44178337e-01
7.69506296e-02
-1.23570415e-02
1.33171146e-01
-1.95394985e-01
-5.06223068e-01
-3.05636501e-02
-2.53217528e-03
1.49670331e-01
-3.11449195e-01
-2.90907771e-01
-3.38054116e-02
-6.49353512e-02
1.29379098e+00
1.30915880e+00
-3.84780803e-01
0.00000000e+00
0.00000000e+00
0.00000000e+00
7.38993974e-01
5.23084663e-02
-6.31653590e-02
3.26449574e-01
-1.59997266e+00
4.37756538e-01
5.91557885e-01
6.97766451e-01
-2.19797588e-01
0.00000000e+00
5.49664264e-01
-2.84463580e-01
-1.45630537e+00
3.24561547e-01
2.39233626e-01
6.38492525e-01
6.24257884e-01
-2.15441930e+00
-5.27344233e-01
6.99644561e-01
-4.70263354e-01
0.00000000e+00
0.00000000e+00
0.00000000e+00
1.91766750e-01
5.17914310e-01
-9.19343191e-02
3.03935868e-01
-1.67031205e+00
4.65536871e-01
8.13636398e-01
1.38825438e-01
-1.92641367e-01
0.00000000e+00
4.52049969e-01
-2.76679095e-01
-1.20889770e+00
5.15308856e-01
-1.44782005e-01
2.41221555e-01
4.14562965e-01
-1.23047433e+00
-1.54918500e-01
4.45617036e-01
10 1
-9.4138e-01 4.9185e-01
8 1
0 1 3 4 7 8 5 9 
217
-4.47364466e-01
3.67141339e-01
-2.81688496e-01
-4.24780839e-02
3.11973551e-02
-2.66276720e-01
-2.86991209e-01
-3.46748702e-02
-2.81955465e-01
4.53817821e-01
1.87692641e-01
-1.15388229e-01
-9.73077879e-02
9.16094983e-02
-8.18830682e-02
-5.26174242e-03
-1.04574172e-02
-8.05135657e-02
-2.51680352e-03
-2.67765669e-01
-3.39359822e-01
7.46326221e-03
-1.15793110e-01
5.43919900e-02
6.60697075e-05
-1.53951672e-01
0.00000000e+00
0.00000000e+00
-3.07127175e-01
-4.94832625e-01
-4.29248865e-01
3.35018552e-01
2.14055358e-01
2.34770289e-01
0.00000000e+00
0.00000000e+00
0.00000000e+00
1.70565791e-01
-1.35348287e-02
-1.90465706e-01
-1.47838165e-01
-1.39360571e-01
-9.92583249e-02
-2.74726620e-02
-2.07900642e-02
-1.88241220e-01
5.72258130e-04
-4.34632205e-03
4.06982504e-02
2.11832334e-01
-3.04556398e-01
1.45174905e-01
0.00000000e+00
-1.55583964e-01
-9.36558685e-02
2.08627181e-01
0.00000000e+00
-6.08014126e-02
-1.61971153e-01
-6.96604534e-02
9.02206265e-02
-3.04116561e-01
-2.33468532e-01
-1.09095422e-01
-4.25270092e-01
-1.39726489e-01
2.19460087e-01
-1.64868978e-01
-1.32459038e-01
3.19373562e-01
-5.82682549e-02
-1.09280360e-01
6.58075510e-03
-9.87330815e-02
-8.58510918e-02
-1.81082770e-01
2.02253108e-01
0.00000000e+00
-2.54140267e-01
-2.65663464e-02
-3.99730272e-02
3.11884583e-03
-1.59310902e-01
-2.48454195e-02
0.00000000e+00
-1.19088574e-01
6.07600084e-03
-1.35118219e-01
-1.13959205e-01
-1.92589989e-01
-4.46502539e-02
2.17723957e-03
1.94957686e-01
1.60899102e-01
-3.64680477e-01
-1.49598215e-01
-2.79818915e-01
-1.71704941e-01
0.00000000e+00
-1.81645939e-01
2.57665567e-02
3.71015094e-02
-1.85976592e-01
-3.08879767e-01
-1.08895987e-01
-1.13917750e-01
1.51505529e-01
-1.58032971e-01
-2.94475898e-01
-2.24817220e-01
-1.90476346e-01
-1.69892121e-01
-1.23646699e-01
5.08530503e-02
-1.10968256e-01
-1.08731056e-01
-1.59782672e-01
-2.65839762e-01
-1.24030539e-01
1.52737998e+00
1.63912123e+00
-3.37625811e-02
0.00000000e+00
0.00000000e+00
0.00000000e+00
3.50226535e-01
2.69373556e-02
-3.97821039e-01
1.55928997e-01
-1.07936575e+00
4.09172040e-01
6.87632230e-01
5.79032999e-01
3.31250605e-01
0.00000000e+00
1.12909141e-01
-1.37456171e-02
-8.56760311e-01
1.86830455e-01
-1.35365462e-01
4.37702294e-01
2.69107951e-01
-1.23684042e+00
-4.27099594e-01
5.66505002e-01
-2.54113061e-01
0.00000000e+00
0.00000000e+00
0.00000000e+00
3.34338464e-01
1.10814652e-01
1.81728762e-01
1.55980619e-01
-8.90134685e-01
-1.00168027e-01
-1.03974732e-01
2.07188583e-01
-2.79252693e-01
0.00000000e+00
1.09239015e-01
-2.83498551e-01
-1.06981914e-01
2.91233566e-01
3.22770956e-01
2.13906504e-01
1.50858814e-01
-4.61219924e-01
-8.96295512e-02
-1.73129207e-02
-3.65282558e-02
0.00000000e+00
0.00000000e+00
0.00000000e+00
4.77236708e-02
4.25915263e-01
-3.61976524e-01
3.12069804e-01
-7.95398821e-01
4.67994273e-01
6.26873385e-01
1.06740275e-01
-5.07233541e-01
0.00000000e+00
1.60751681e-01
-1.26865800e-01
-7.19537381e-01
3.80769427e-01
9.32108213e-02
3.59225147e-02
4.06743917e-01
-6.51806687e-01
-5.78434091e-02
1.19418875e-01
-2.04476161e-01
0.00000000e+00
0.00000000e+00
0.00000000e+00
5.01008653e-02
1.48019833e-01
1.36778530e-01
-1.14765715e-01
-6.33357542e-01
-7.45782362e-02
5.21908193e-02
-1.04397853e-02
8.89183839e-02
0.00000000e+00
1.47651468e-01
-2.10492548e-01
-3.70230428e-01
8.23791466e-03
8.45087864e-02
1.29512693e-01
1.69030163e-04
9.37742029e-02
1.33056156e-02
2.56219951e-01
136
-3.39267185e-01
-9.75995037e-02
-1.45635729e-03
5.23044938e-02
-2.12566098e-03
-2.86983186e-01
2.07827838e-03
-6.98898895e-03
1.00543579e-04
0.00000000e+00
0.00000000e+00
2.36713027e-01
-7.37402061e-02
-1.98876828e-01
-2.93913277e-01
-2.29960459e-01
2.20510559e-01
0.00000000e+00
0.00000000e+00
0.00000000e+00
3.27343324e-01
1.00428116e-01
-1.22512549e-01
-2.26128478e-01
-2.44690416e-01
-2.52338099e-01
7.86309175e-02
3.77687866e-02
-4.04213391e-02
1.53036955e-01
-3.06990445e-01
1.08681218e-01
2.12947293e-01
6.45002009e-02
-2.22800136e-01
-3.34468336e-03
-1.06545313e-01
2.13366989e-01
1.22229612e-01
2.95110825e-02
2.07284573e-02
-2.87098701e-01
-3.34837162e-01
0.00000000e+00
0.00000000e+00
0.00000000e+00
1.76023639e-02
2.98819484e-01
3.59781360e-01
1.19665910e-01
-4.56825681e-02
-7.46983825e-02
3.34023885e-01
5.36186391e-02
1.89054147e-01
-5.57913854e-02
2.96872553e-02
3.94133065e-02
1.43793043e-01
8.45628603e-02
-2.38639936e-01
-4.89968236e-01
-6.17677087e-01
-6.17760826e-02
-6.16008065e-02
-4.49946829e-01
-5.95099468e-02
2.62705732e-03
-3.44323715e-01
2.12855222e-02
-1.32621796e-01
2.96872553e-02
-5.09672643e-02
-1.71393726e-01
5.80773662e-02
-1.17968924e-02
9.08173763e-02
-2.91819864e-01
-5.23067557e-01
-3.47692011e-02
-9.63789684e-02
1.35733745e-01
-4.45285161e-01
-3.10289525e-01
-4.31736922e-02
-8.07307910e-02
1.41310165e+00
1.23567892e+00
-3.58286480e-01
0.00000000e+00
0.00000000e+00
0.00000000e+00
7.37690203e-01
4.21376010e-02
-3.29315151e-02
2.85122956e-01
-1.58549779e+00
4.71083137e-01
6.81452467e-01
6.25381576e-01
-1.99547582e-01
0.00000000e+00
6.37549007e-01
-2.30448032e-01
-1.46537474e+00
3.05510830e-01
1.41641866e-01
6.46177143e-01
5.91785408e-01
-2.13785427e+00
-5.94683275e-01
7.22518536e-01
-5.38867176e-01
0.00000000e+00
0.00000000e+00
0.00000000e+00
2.01223122e-01
4.70381497e-01
-1.36266455e-01
3.10430707e-01
-1.82801040e+00
5.27569587e-01
8.57866412e-01
1.23005903e-01
-1.69301222e-01
0.00000000e+00
5.01695977e-01
-1.90139079e-01
-1.11639295e+00
5.82380016e-01
-2.09590607e-01
2.54957181e-01
3.82390136e-01
-1.37270558e+00
-1.33318535e-01
4.04957112e-01
11 1
-1.1319e+00 5.2377e-01
8 0
0 1 3 4 7 8 5 9 
217
-3.28379994e-01
-1.29354039e-01
-3.57689854e-02
-8.42249161e-02
1.55723138e-01
-3.06549691e-01
-2.57800528e-01
7.64501872e-02
-3.29556415e-01
1.92495893e-01
3.90075540e-02
6.61736602e-02
6.42462564e-02
2.01049928e-01
-1.47071836e-01
-2.70623734e-03
-2.59333208e-02
-1.84289835e-01
1.99585201e-03
-1.51895276e-02
2.93577267e-02
2.96754495e-03
-2.30326606e-01
-2.63760497e-02
8.71258132e-04
-4.18362387e-02
0.00000000e+00
0.00000000e+00
-9.25111414e-02
-2.28349183e-01
-1.88860816e-02
-6.13654129e-02
2.63282715e-02
4.64035536e-02
0.00000000e+00
0.00000000e+00
0.00000000e+00
2.76147125e-02
3.14842776e-02
-7.20409648e-02
-3.83909308e-02
-7.14731500e-02
-8.93573572e-02
-1.16216582e-01
-1.27266615e-01
-2.43811290e-02
-4.46527180e-02
-1.03326781e-01
3.48794573e-03
1.93770750e-01
-1.70755271e-01
5.01411346e-02
0.00000000e+00
-3.51028126e-01
2.02878226e-01
1.93045363e-01
0.00000000e+00
-1.05776102e-04
-8.44432126e-02
-3.70544650e-02
4.72177305e-03
-1.44845437e-01
-1.88256330e-01
6.82995735e-02
-3.17740538e-01
-1.08045466e-02
1.48171245e-01
-1.42930483e-02
-2.27110275e-01
2.98410833e-01
-4.59167952e-02
-2.88295475e-01
5.97941022e-02
1.30174251e-01
-9.84501800e-02
-1.24341975e-01
1.82384553e-01
0.00000000e+00
-2.77211484e-01
-1.67556982e-01
9.96149282e-03
7.58192812e-03
-5.62412586e-02
-1.76878847e-02
0.00000000e+00
-2.49694422e-01
-2.67388644e-01
4.45881285e-02
-6.85816551e-02
-1.49985439e-01
8.30840034e-02
-3.62241789e-02
2.79048161e-02
-1.37852451e-01
-1.21370796e-01
-4.56885419e-01
-1.98689835e-01
2.45101286e-02
0.00000000e+00
-1.11155355e-01
-1.51894273e-01
1.83348804e-01
-2.91456645e-01
-3.95684699e-01
-3.53515242e-01
2.09162861e-01
5.63540332e-02
-7.38191232e-02
-4.21731967e-01
-3.51478374e-01
-1.72164921e-01
-1.42452967e-02
2.19106265e-01
-1.36809854e-02
-1.12354643e-01
-4.82889335e-01
-1.25565789e-02
-5.09159394e-02
-9.89535465e-02
1.38716637e+00
1.46004209e+00
-2.37222681e-01
0.00000000e+00
0.00000000e+00
0.00000000e+00
4.73337072e-01
-4.23577765e-02
-2.20627216e-01
1.06829694e-02
-9.59830741e-01
1.02106202e-01
2.09897926e-01
5.24621743e-01
1.10556136e-01
0.00000000e+00
3.20203474e-01
3.44693850e-02
-9.39986916e-01
1.28970085e-01
-1.46443245e-02
3.25741087e-01
3.59942493e-01
-7.60496286e-01
-6.18595739e-01
7.18787745e-01
-1.82304629e-01
0.00000000e+00
0.00000000e+00
0.00000000e+00
3.19152251e-01
1.12744093e-01
9.09764107e-02
2.04745195e-01
-9.25738004e-01
1.55358166e-01
3.68891839e-01
9.75474934e-02
-3.48326352e-01
0.00000000e+00
1.93933311e-01
-2.53518491e-01
-6.95566493e-01
5.59236965e-02
5.64613825e-02
2.87286448e-01
2.64676884e-01
-3.56441676e-01
-3.38378422e-02
2.23427058e-01
-2.89606264e-01
0.00000000e+00
0.00000000e+00
0.00000000e+00
3.62314896e-02
2.28939425e-01
-2.24706870e-02
5.66511595e-01
-9.28707377e-01
1.94006742e-01
6.06305138e-01
-6.03721836e-02
-1.62420410e-01
0.00000000e+00
7.22423814e-02
1.01812620e-01
-6.97969246e-01
3.95742349e-01
-1.20829232e-01
6.63477022e-02
8.87286185e-02
-6.90237803e-01
-1.03108791e-01
1.39641404e-01
-2.14585252e-01
0.00000000e+00
0.00000000e+00
0.00000000e+00
1.68688119e-01
5.49830107e-02
-6.26931938e-03
-1.86852732e-01
-9.18842355e-01
1.79303624e-01
8.72233555e-02
3.50994525e-01
5.11957636e-01
0.00000000e+00
1.19423752e-01
-1.58746580e-01
-3.73905637e-01
1.58219192e-01
2.16990366e-02
2.03145760e-01
2.22376597e-01
-5.71627144e-01
-1.65243187e-01
8.88870936e-02
136
-2.00018310e-01
-4.63331923e-02
-3.94291933e-03
-1.43202520e-01
4.52483033e-04
-1.59148810e-01
1.91012682e-03
1.48666212e-01
3.45958082e-04
0.00000000e+00
0.00000000e+00
1.30766649e-01
-2.52289416e-01
-3.13978833e-01
-1.36070638e-01
5.48682688e-02
3.16685659e-01
0.00000000e+00
0.00000000e+00
0.00000000e+00
3.57622442e-01
1.45661858e-01
-6.51424649e-02
-2.31065752e-01
-3.15068301e-01
-2.51844614e-01
1.59818521e-01
7.48917395e-02
1.40250365e-02
9.41273346e-02
-2.52877674e-01
7.36729752e-02
1.58603918e-01
7.19824365e-02
-1.16682885e-01
-1.32163399e-02
-9.82654700e-02
2.03224466e-01
5.97826303e-02
9.73381730e-03
-6.74737904e-02
-7.80643998e-02
-3.33482106e-01
0.00000000e+00
0.00000000e+00
0.00000000e+00
8.37604352e-02
3.52591595e-01
2.46256790e-01
1.61327966e-01
1.61895422e-02
5.58515245e-02
9.61203617e-02
1.04333146e-01
1.08600969e-01
-1.09722118e-01
-5.13188475e-04
8.22049123e-02
7.68660354e-02
1.15809709e-01
-3.41047347e-01
-5.43515608e-01
-7.54808243e-01
-8.13508325e-02
-8.72720446e-02
-1.70862512e-01
1.05720117e-01
-1.26227835e-01
-3.16841435e-01
-1.42583335e-02
-2.37399278e-01
-5.13188475e-04
1.96525062e-02
-1.14632556e-01
7.06483789e-02
-7.29984632e-03
1.27257993e-01
-1.96981737e-01
-4.50050726e-01
-3.03394696e-02
7.05966567e-03
1.55010383e-01
-3.09855164e-01
-2.69143170e-01
-3.09712563e-02
-3.04507997e-02
1.21069898e+00
1.30157946e+00
-4.23955827e-01
0.00000000e+00
0.00000000e+00
0.00000000e+00
7.18014975e-01
7.28625882e-02
-4.69984610e-02
3.38992332e-01
-1.63657597e+00
3.88001578e-01
6.39146841e-01
6.92934506e-01
-1.87416381e-01
0.00000000e+00
5.61386037e-01
-2.24789404e-01
-1.47054235e+00
3.94126363e-01
2.74347089e-01
5.90299381e-01
5.72769060e-01
-2.24013853e+00
-5.42255305e-01
6.81879820e-01
-4.90580824e-01
0.00000000e+00
0.00000000e+00
0.00000000e+00
1.92703188e-01
4.99368049e-01
-8.57401907e-02
3.33905739e-01
-1.69476874e+00
4.23430453e-01
7.87944774e-01
1.51839768e-01
-2.73815732e-01
0.00000000e+00
4.47094563e-01
-2.89772406e-01
-1.21907467e+00
5.06800441e-01
-1.51447161e-01
2.55406300e-01
4.49871450e-01
-1.18159645e+00
-1.08427868e-01
4.65697670e-01
