0 7 -999999999 -1 -1
1 1 0 -1 -1
0.2663 0.08744
356
9.16075770e-01
9.16075770e-01
0.00000000e+00
2.09876066e-01
-3.67622135e-02
-7.22167931e-02
6.03387052e-01
0.00000000e+00
0.00000000e+00
4.65026664e-01
-2.25232563e-01
3.99977405e-01
1.47010557e-01
-4.16770042e-02
-6.72867715e-02
3.18839842e-01
0.00000000e+00
0.00000000e+00
0.00000000e+00
0.00000000e+00
0.00000000e+00
0.00000000e+00
0.00000000e+00
0.00000000e+00
0.00000000e+00
0.00000000e+00
0.00000000e+00
0.00000000e+00
0.00000000e+00
0.00000000e+00
0.00000000e+00
0.00000000e+00
0.00000000e+00
0.00000000e+00
0.00000000e+00
0.00000000e+00
0.00000000e+00
0.00000000e+00
0.00000000e+00
0.00000000e+00
0.00000000e+00
0.00000000e+00
0.00000000e+00
0.00000000e+00
0.00000000e+00
0.00000000e+00
0.00000000e+00
0.00000000e+00
0.00000000e+00
0.00000000e+00
0.00000000e+00
-1.55983358e-01
-8.05758912e-01
-5.52705607e-01
0.00000000e+00
0.00000000e+00
0.00000000e+00
0.00000000e+00
3.39703309e-01
-8.10248828e-02
5.42853031e-01
2.13401040e-01
5.75272821e-01
-1.00720086e+00
-3.63460174e-01
1.36903798e-01
0.00000000e+00
0.00000000e+00
-1.48257758e-01
-2.84706294e-03
2.26913134e-01
4.16385287e-01
-1.74967376e-04
-2.26043133e-01
4.77274326e-01
-7.77016540e-03
-3.69451895e-01
1.70673914e-01
-3.24331377e-02
-5.16482396e-01
5.23454154e-01
2.32318858e-01
1.60302758e-01
0.00000000e+00
0.00000000e+00
0.00000000e+00
0.00000000e+00
0.00000000e+00
0.00000000e+00
0.00000000e+00
-1.65520213e-01
5.09571633e-01
5.54096622e-02
-1.88091978e-01
-7.64324582e-02
-2.22001352e-01
-4.25117425e-02
-2.55313009e-01
1.58948048e-02
-9.20292182e-02
-7.21293523e-02
-2.39528427e-01
0.00000000e+00
0.00000000e+00
3.83362940e+00
2.60616199e+00
5.27405432e-01
2.15427077e-01
-2.62903648e-02
2.48672338e-01
4.71437422e-02
-2.42046614e-01
3.52054971e-01
-3.07157793e-01
-7.47803593e-01
-6.36353783e-01
-1.37611764e+00
-9.72487394e-01
0.00000000e+00
0.00000000e+00
0.00000000e+00
0.00000000e+00
0.00000000e+00
0.00000000e+00
-4.57718261e-01
-3.22114197e-01
-1.07356274e-01
1.41616894e-01
-7.22488369e-02
-8.72265548e-01
4.71423675e+00
4.68885163e+00
4.88629644e+00
4.99218043e+00
4.93472503e+00
4.83222888e+00
1.75691213e-01
3.00505312e-01
-1.66377141e-01
2.60771494e-02
4.00654352e-01
-7.25484306e-02
-4.49959883e-02
-1.89236449e-01
1.65694083e-01
-1.03332925e-01
-4.65670360e-01
-6.64885444e-01
7.70311611e-01
0.00000000e+00
0.00000000e+00
0.00000000e+00
0.00000000e+00
0.00000000e+00
0.00000000e+00
0.00000000e+00
1.45764159e-01
7.35179175e-01
-1.90624722e+00
0.00000000e+00
-7.13119791e-01
-7.87820086e-01
-2.98186617e-01
-9.02266137e-01
-1.01130641e+00
0.00000000e+00
0.00000000e+00
0.00000000e+00
-4.36657470e-01
3.03736022e-01
-1.08557870e+00
-1.18942521e+00
-4.25483905e-01
1.14121853e-01
-1.37612487e+00
-1.25365497e-01
1.36504116e+00
0.00000000e+00
-1.01114403e-01
5.10958426e-01
-4.45450432e-01
8.51306888e-01
2.32534402e-01
-4.28621211e-02
5.48666700e-01
-1.02193673e+00
4.61792498e-01
8.50534975e-01
1.12986033e+00
0.00000000e+00
0.00000000e+00
0.00000000e+00
-1.46532605e-01
-4.14083642e-01
3.65769307e-01
7.71376829e-01
1.27992883e+00
6.78355264e-02
6.97823350e-01
5.24353225e-04
-1.01681725e+00
0.00000000e+00
-8.31416091e-02
-3.62064301e-01
-3.78170046e-01
5.00648978e-01
-7.16814175e-01
3.41079965e-01
-2.64974996e-01
6.04420608e-01
2.86479345e-01
-4.03428142e-01
-4.75385061e-01
-2.57336633e-01
-1.99989109e-02
-3.59830482e-01
1.22492761e-01
1.74223421e-01
-8.70205170e-02
-3.44539537e-01
-7.94764951e-01
0.00000000e+00
0.00000000e+00
0.00000000e+00
-7.81032949e-02
2.16177975e-01
-3.82951850e-01
-3.76807172e-01
-1.50054557e+00
3.23886592e-01
-1.05348868e-01
6.58897518e-01
9.55805946e-01
0.00000000e+00
-1.98600448e-01
-4.09111171e-01
2.72815563e-02
-2.13035964e-01
1.58867045e-01
-4.24919617e-01
5.46554190e-01
-5.29491533e-01
1.97430130e-01
3.39249588e-01
-2.18048428e-01
-4.00483744e-02
7.74234177e-02
-2.55423471e-01
-5.35921347e-01
-4.55783158e-01
-3.47522459e-01
-9.75045569e-02
0.00000000e+00
2.59913878e-01
-4.45468950e-01
-2.70228086e-01
-8.01381888e-02
-8.13963151e-01
7.33824962e-01
0.00000000e+00
-1.69008622e+00
0.00000000e+00
0.00000000e+00
0.00000000e+00
3.60486605e-02
9.60086137e-01
-8.15269566e-01
-1.82986723e-01
-1.85931715e+00
-1.45227444e-01
8.74490456e-01
-2.24871591e-02
4.68322282e-02
0.00000000e+00
7.47335303e-01
-5.97007241e-01
-1.48353785e+00
1.23193884e+00
-3.28635130e-01
4.08149278e-01
6.58962425e-03
-1.29232464e+00
3.04087257e-01
4.21148897e-01
5.63013732e-01
0.00000000e+00
0.00000000e+00
0.00000000e+00
1.72772773e-01
-1.08306550e-02
1.92300557e-01
3.42832470e-01
7.66630659e-01
2.69309627e-01
-4.95977524e-02
-1.40236277e-01
2.00044006e-01
0.00000000e+00
2.17295528e-02
1.00524425e-01
-2.77318154e-02
1.45713969e-01
-8.84373507e-01
-3.16936471e-02
2.32257967e-02
-4.56443583e-01
-1.33656981e-01
6.24941150e-02
-7.61674291e-01
-4.58950219e-01
0.00000000e+00
-1.70988833e-01
4.52313051e-02
2.09122805e-01
-9.08378179e-02
-5.77235206e-01
-4.23727988e-01
0.00000000e+00
0.00000000e+00
0.00000000e+00
-5.00027565e-02
8.98447583e-02
-3.19538725e-02
-9.21157627e-02
3.71268316e-01
-3.26664946e-01
-4.32008034e-01
-4.89621565e-01
-2.33945892e-01
0.00000000e+00
2.80840068e-01
9.49970928e-03
-2.82318933e-02
3.86421938e-01
1.38140233e-01
4.04498603e-02
-4.30254987e-01
2.70467605e-01
4.93208245e-01
-3.89069013e-01
-3.02724072e-01
0.00000000e+00
-3.62120019e-01
4.75857695e-02
-9.28411933e-01
-3.28869867e-01
0.00000000e+00
-8.29953863e-01
-2.72883376e-03
1.67736656e-01
-4.17639287e-02
-4.54842595e-01
-5.99542065e-01
0.00000000e+00
0.00000000e+00
-1.87000119e-02
247
-1.60376576e-02
-1.60376576e-02
0.00000000e+00
6.75140081e-01
-6.91177739e-01
-9.31017612e-02
-9.25669597e-01
8.97129685e-01
0.00000000e+00
0.00000000e+00
-4.19073107e-01
-1.25504953e+00
7.48715430e-01
-1.95047236e-02
0.00000000e+00
0.00000000e+00
0.00000000e+00
0.00000000e+00
0.00000000e+00
0.00000000e+00
0.00000000e+00
0.00000000e+00
0.00000000e+00
0.00000000e+00
0.00000000e+00
0.00000000e+00
0.00000000e+00
0.00000000e+00
0.00000000e+00
0.00000000e+00
0.00000000e+00
0.00000000e+00
0.00000000e+00
0.00000000e+00
0.00000000e+00
0.00000000e+00
0.00000000e+00
0.00000000e+00
0.00000000e+00
0.00000000e+00
0.00000000e+00
-1.64791640e-01
2.75008566e-02
8.88790334e-01
-6.75402848e-03
6.83089214e-02
-1.00482132e-02
-8.08345273e-01
-4.18558656e-02
-2.32320605e-02
-3.64313694e-03
1.08375399e-02
0.00000000e+00
0.00000000e+00
0.00000000e+00
0.00000000e+00
0.00000000e+00
0.00000000e+00
0.00000000e+00
4.61277368e+00
2.81631893e+00
1.01888034e+00
1.07753803e+00
7.03310562e-01
2.88966089e-01
-1.12662022e+00
-1.65624584e+00
5.99440026e-01
-4.55830532e-02
-8.32339899e-01
-9.01009073e-01
-2.94059872e+00
-8.14549575e-01
0.00000000e+00
0.00000000e+00
0.00000000e+00
0.00000000e+00
0.00000000e+00
0.00000000e+00
8.37387881e-03
-2.85642072e-01
-5.47056235e-01
-5.73640899e-01
-5.70790017e-01
-8.63601248e-01
6.90691099e+00
6.50613467e+00
6.64349331e+00
6.62973537e+00
6.84991792e+00
6.63781941e+00
-5.63098170e-01
-2.97588370e-01
-2.01265731e-01
-4.00544323e-01
-1.57707987e-01
-2.04456887e-01
1.28065065e-01
1.98264178e-01
5.57981422e-01
-2.33530057e-01
-2.31264914e-02
2.89023788e-01
3.05828958e-01
0.00000000e+00
0.00000000e+00
0.00000000e+00
-3.21866615e-01
-5.67229127e-01
-3.21774914e+00
0.00000000e+00
-8.60610794e-01
-5.50451405e-01
-1.23820031e+00
-9.98006175e-01
-1.41106220e+00
0.00000000e+00
0.00000000e+00
0.00000000e+00
-3.44376760e-01
-1.41378712e-01
-9.60863378e-01
-9.00408547e-01
-1.91671200e-01
-8.12846956e-01
-4.18574020e-01
-1.44006005e-01
-9.91813145e-01
0.00000000e+00
-5.10752740e-01
6.30563848e-01
-7.14131867e-01
1.24314670e+00
-2.45729720e-01
4.94190060e-01
7.20441080e-01
7.64968352e-02
1.16485521e+00
6.35797116e-01
-5.59958395e-01
-3.92660239e-01
-6.93356259e-01
-9.51303725e-02
3.95826393e-01
-3.33637598e-01
0.00000000e+00
0.00000000e+00
0.00000000e+00
-3.57212738e-01
3.54376029e-01
9.56688227e-01
4.47858565e-01
0.00000000e+00
1.22766019e+00
-5.30201813e-01
5.54487042e-01
0.00000000e+00
0.00000000e+00
3.36261504e-01
3.65124958e-01
0.00000000e+00
2.21136231e-01
-1.71258477e-01
-7.26550229e-02
-3.92420522e-01
0.00000000e+00
-2.28704150e-01
-1.89538153e-01
-1.67298156e-01
-3.81040213e-01
-1.46073817e-03
2.15202795e-01
-8.51103804e-01
-4.67950555e-01
-2.86553029e-01
0.00000000e+00
0.00000000e+00
-3.83153249e-01
-4.24712585e-01
4.21512589e-02
0.00000000e+00
-2.23620648e+00
0.00000000e+00
0.00000000e+00
0.00000000e+00
1.19316958e-02
1.01672989e+00
-2.42447057e-01
-1.32685228e-01
-3.05846725e+00
4.58975570e-01
1.16114986e+00
-3.81003450e-01
3.16776068e-01
0.00000000e+00
3.77742649e-01
-8.23682426e-01
-9.42860533e-01
8.85147960e-01
-1.22609702e+00
4.14765353e-01
4.95448764e-01
-1.59041266e+00
4.41026644e-01
5.81754694e-01
-9.70736248e-01
-6.26944982e-01
0.00000000e+00
-3.60750325e-01
6.61627983e-03
-1.31906125e-01
0.00000000e+00
0.00000000e+00
0.00000000e+00
-3.14708938e-01
3.75568598e-01
-8.89180804e-02
-3.43193725e-01
0.00000000e+00
3.85556777e-01
-8.79993297e-02
5.34965463e-02
6.13592413e-01
0.00000000e+00
-4.51366838e-01
7.47598774e-01
-9.97104576e-02
-9.88297841e-02
6.85314717e-01
-8.14952088e-01
-4.06518114e-01
-4.56377573e-01
-2.17235441e-01
-3.02195656e-01
-3.43791267e-01
0.00000000e+00
-6.66478008e-01
-2.24700428e-01
-1.26547023e+00
-6.11255324e-01
0.00000000e+00
0.00000000e+00
-1.42138610e-01
-6.54214908e-01
0.00000000e+00
0.00000000e+00
-2.26687858e-01
1 -999999999 5 0 -1
1 0 1 1 -1
2.2919e-01 5.1755e-01
356
7.75139495e-01
0.00000000e+00
0.00000000e+00
0.00000000e+00
0.00000000e+00
0.00000000e+00
0.00000000e+00
0.00000000e+00
0.00000000e+00
0.00000000e+00
0.00000000e+00
0.00000000e+00
0.00000000e+00
0.00000000e+00
0.00000000e+00
0.00000000e+00
3.50153941e-01
4.24985554e-01
3.76139710e-02
6.38834004e-02
3.79621491e-02
1.02672423e-01
0.00000000e+00
0.00000000e+00
-1.14436667e-01
-5.06349102e-01
-2.45852057e-01
9.36351158e-02
1.90134863e-02
-3.01488843e-03
2.16153731e-02
6.17383305e-01
1.57756190e-01
-2.13287675e-01
-4.98923239e-01
-1.33726527e-02
1.33527369e-01
5.45112643e-01
7.09446486e-01
2.85558337e-01
4.94658695e-01
0.00000000e+00
0.00000000e+00
0.00000000e+00
0.00000000e+00
0.00000000e+00
0.00000000e+00
0.00000000e+00
0.00000000e+00
0.00000000e+00
0.00000000e+00
-1.47995802e-01
-6.68842225e-01
-1.38373074e-01
0.00000000e+00
0.00000000e+00
0.00000000e+00
0.00000000e+00
-9.00588210e-01
2.35930784e+00
1.48326192e+00
2.07602336e-01
1.52739767e+00
-9.50808993e-01
4.90944405e-01
5.64883855e-02
-1.82587628e+00
-3.63189539e-01
0.00000000e+00
0.00000000e+00
0.00000000e+00
6.78035006e-01
-1.14057006e-02
2.65361762e-01
2.02464901e-01
7.17240630e-05
-8.36240003e-02
-1.05360411e-01
5.58280545e-03
-1.64952396e-01
-4.95124244e-02
4.67678216e-01
3.56973704e-01
0.00000000e+00
0.00000000e+00
0.00000000e+00
0.00000000e+00
0.00000000e+00
0.00000000e+00
0.00000000e+00
2.35864697e-01
-5.24809900e-01
1.64710176e-02
-2.43632581e-01
-3.24853152e-01
-2.24663139e-01
3.69275076e-01
1.16573950e-01
7.39802932e-02
-5.90327955e-02
1.10874506e+00
5.08017843e-01
0.00000000e+00
0.00000000e+00
2.42266873e+00
2.70011828e+00
8.89561311e-02
6.79409784e-01
9.72552356e-02
4.29687292e-01
-2.79270671e-01
-4.43111953e-01
4.46199261e-01
-6.39443047e-02
-1.06180770e-01
-6.12554543e-01
-1.01513372e+00
-8.68840977e-01
0.00000000e+00
0.00000000e+00
0.00000000e+00
0.00000000e+00
0.00000000e+00
0.00000000e+00
-5.65743130e-01
-3.45114020e-01
-1.86802294e-01
-5.20955013e-02
-1.00700970e-01
-6.74522870e-01
6.16796046e+00
5.93818125e+00
6.04520905e+00
6.22086125e+00
6.09788483e+00
6.22558472e+00
1.52994505e-01
4.09394228e-01
1.05892549e-02
2.17836612e-01
1.12538039e-01
-4.06904933e-01
-2.36828191e-01
-5.60299246e-01
-3.31751580e-01
-2.70729373e-01
-8.80862887e-01
-1.07903812e+00
5.72925818e-01
0.00000000e+00
0.00000000e+00
0.00000000e+00
0.00000000e+00
0.00000000e+00
0.00000000e+00
0.00000000e+00
2.02213677e-01
7.32593606e-01
0.00000000e+00
0.00000000e+00
-7.09379409e-01
-8.75974551e-01
-9.38149828e-01
-1.04900423e+00
-1.64752924e+00
0.00000000e+00
0.00000000e+00
0.00000000e+00
-8.50048861e-01
2.44556021e-01
-9.73212311e-01
-5.24074799e-01
-2.46386280e-01
-7.10474839e-01
-4.02515075e-01
-5.17484752e-01
1.35234585e+00
0.00000000e+00
-7.48177419e-01
4.88037584e-01
-2.16083970e-01
1.00953656e+00
-5.86622865e-01
6.43833217e-02
1.63996144e-01
-4.07980676e-01
1.05354243e+00
1.59134695e-01
-1.40622710e-01
0.00000000e+00
0.00000000e+00
0.00000000e+00
2.13114745e-01
-1.78203956e-02
1.38853342e-01
3.64391985e-01
0.00000000e+00
4.64302563e-01
3.75540004e-01
3.47885875e-01
-6.58137429e-02
0.00000000e+00
1.58589743e-01
-2.92290995e-01
-3.49367675e-01
1.12856872e-01
1.90171727e-01
2.66514695e-01
-1.36631271e-01
1.82390356e-01
4.79085070e-01
-6.23732288e-02
-7.82173701e-01
-2.01622282e-01
0.00000000e+00
-6.66467979e-01
6.54492836e-02
-1.82187311e-01
-6.35267040e-02
4.40917328e-02
-1.88394202e-01
0.00000000e+00
0.00000000e+00
0.00000000e+00
-5.48731800e-01
4.88174846e-01
-2.52466675e-01
-3.53058384e-01
0.00000000e+00
5.55278468e-02
-4.61832392e-02
4.02110539e-01
3.52804571e-01
0.00000000e+00
-4.73705832e-01
2.41610511e-01
-1.76585115e-02
8.63978899e-02
-4.99794269e-01
-3.64880270e-01
3.34427841e-01
-1.36001168e-01
3.05520687e-01
1.36639263e-02
-5.80551419e-01
5.78264253e-01
2.83257334e-01
-8.74085879e-02
-8.65355537e-01
-5.07757127e-01
0.00000000e+00
-1.93875576e-01
7.00796400e-02
-2.82043338e-01
-1.54770517e-01
-7.09432727e-02
-3.57598410e-01
-5.33843463e-03
1.99081226e-01
-5.10014696e-01
-1.92497879e+00
0.00000000e+00
0.00000000e+00
0.00000000e+00
5.02566751e-01
9.54617611e-01
-6.54641764e-01
-5.63452090e-01
-2.25263909e+00
2.20001194e-01
6.60261962e-01
-9.63289157e-03
2.67640341e-01
0.00000000e+00
8.80870510e-01
-2.31962977e-01
-1.71044718e+00
1.05469930e+00
-5.44940618e-01
4.36457066e-01
2.14566901e-02
-1.73990457e+00
1.10277207e-01
6.73793762e-01
2.37239514e-01
0.00000000e+00
0.00000000e+00
0.00000000e+00
9.69148961e-02
1.11614391e-01
3.30820993e-02
3.63507049e-01
-8.58123217e-01
6.50730772e-02
1.56980166e-01
1.71944590e-01
1.93336544e-01
0.00000000e+00
-2.15457320e-01
-1.31589366e-01
2.24332557e-01
7.77562184e-02
-3.24939789e-01
1.25221910e-01
8.01468177e-02
-6.90551501e-02
1.21899069e-01
1.45949707e-02
-9.95956372e-01
-3.69469895e-01
0.00000000e+00
0.00000000e+00
5.20949342e-01
-1.58124475e-01
-1.16108619e-01
-9.52368009e-02
-4.59003001e-01
0.00000000e+00
0.00000000e+00
0.00000000e+00
3.16957347e-01
-2.18323775e-01
1.44678100e-02
3.00282623e-02
-2.02982428e-01
7.45738671e-02
-1.01143101e-01
-6.40249969e-01
-2.94643974e-01
0.00000000e+00
5.96287776e-01
1.93163818e-01
-9.97525564e-02
7.45391393e-03
-2.23645617e-01
4.18070963e-02
-1.10084641e-01
2.04368430e-01
1.18252450e-01
-1.65537710e-01
-6.26486477e-01
0.00000000e+00
0.00000000e+00
5.50960239e-01
-9.29022413e-01
-5.06504656e-01
0.00000000e+00
0.00000000e+00
0.00000000e+00
-4.09699044e-02
-2.13754496e-01
-2.51780255e-01
-4.22517758e-01
0.00000000e+00
0.00000000e+00
0.00000000e+00
247
5.46261514e-01
0.00000000e+00
0.00000000e+00
0.00000000e+00
0.00000000e+00
0.00000000e+00
0.00000000e+00
0.00000000e+00
0.00000000e+00
-3.29772547e-01
0.00000000e+00
0.00000000e+00
0.00000000e+00
0.00000000e+00
2.55356968e-01
2.90904546e-01
2.11524252e-01
4.38327162e-02
-3.46011479e-01
-1.72119437e-01
0.00000000e+00
0.00000000e+00
0.00000000e+00
-3.89212674e-01
-4.74806772e-01
3.96104925e-01
-3.87377534e-02
3.17283669e-01
2.28977846e-01
7.28517877e-01
-4.11234209e-01
1.51708798e+00
1.14365360e+00
-5.66255622e-01
0.00000000e+00
0.00000000e+00
0.00000000e+00
0.00000000e+00
0.00000000e+00
0.00000000e+00
0.00000000e+00
0.00000000e+00
0.00000000e+00
2.67616229e+00
-3.64635111e-02
-8.09753641e-01
-1.30756515e-03
-1.32014714e+00
1.79626652e-03
-1.45757970e-01
3.05452271e-01
3.86567213e-01
0.00000000e+00
0.00000000e+00
0.00000000e+00
0.00000000e+00
0.00000000e+00
0.00000000e+00
0.00000000e+00
2.38661138e+00
2.60757793e+00
1.03786955e+00
6.33515179e-01
1.86204253e-01
1.92228060e-01
-6.42817478e-01
-1.05817950e+00
6.37835176e-01
1.44718810e-01
-2.88483408e-01
-7.00170193e-01
-9.41100879e-01
-1.04196943e+00
0.00000000e+00
0.00000000e+00
0.00000000e+00
0.00000000e+00
0.00000000e+00
0.00000000e+00
-6.86105416e-01
-5.76554037e-01
-3.87000317e-01
-2.59315210e-02
-3.18547716e-02
-3.53870347e-01
6.55928697e+00
6.42576408e+00
6.44723691e+00
6.65914983e+00
6.56539482e+00
6.55781138e+00
2.26196804e-01
2.08627943e-01
-1.42254731e-01
6.12744299e-02
4.66786726e-02
-4.91446783e-01
-4.00262950e-01
-1.23261838e-01
-6.37785545e-02
-3.72792109e-01
-7.93093195e-01
-8.48086381e-01
3.48820058e-01
0.00000000e+00
0.00000000e+00
0.00000000e+00
1.97441456e-01
7.26882450e-01
0.00000000e+00
0.00000000e+00
-9.62131761e-01
-8.78218105e-01
-1.01613748e+00
-1.04517893e+00
-1.84034987e+00
0.00000000e+00
0.00000000e+00
0.00000000e+00
-6.56108725e-01
2.34983660e-01
-7.71672085e-01
-9.08442904e-01
-8.23223381e-02
-9.60018943e-02
-9.36874335e-01
-5.23532491e-01
9.69836906e-01
0.00000000e+00
-6.87722448e-01
4.91898790e-01
-1.04598607e-01
1.11733960e+00
-3.53456459e-01
3.57916724e-02
3.22583701e-01
-7.89381132e-01
4.99460094e-01
3.97869126e-01
-1.02099803e+00
-5.94853844e-01
0.00000000e+00
-2.27980846e-01
-3.26017542e-02
1.37408553e-01
0.00000000e+00
0.00000000e+00
0.00000000e+00
3.35663167e-01
-4.80645259e-02
1.92753774e-01
5.26699138e-01
0.00000000e+00
2.70913691e-01
6.17884786e-01
3.23154817e-01
-2.30822280e-01
0.00000000e+00
3.87517747e-01
-2.44969206e-01
-4.83930265e-01
1.62917362e-01
-2.39720052e-01
1.67811956e-01
-1.51863759e-02
2.37806147e-01
4.21960619e-01
3.90951368e-02
-4.26144187e-01
5.30775979e-01
2.99088627e-01
-2.96024457e-01
-8.19351836e-01
-3.67277917e-01
0.00000000e+00
-2.40533353e-01
-9.16569255e-02
-4.52073918e-01
-1.81955921e-01
4.27340194e-01
-5.33679630e-01
-2.06131641e+00
0.00000000e+00
0.00000000e+00
0.00000000e+00
1.63569416e-01
1.98237582e-01
-6.46021451e-01
-1.47961345e-01
-7.25519617e-01
-7.07512723e-02
4.96326114e-01
3.66515336e-02
-2.56113398e-01
0.00000000e+00
9.86085373e-01
-2.94000250e-01
-1.37703612e+00
7.68204359e-01
-2.47684287e-01
3.78348325e-01
1.09589924e-02
-2.12067496e+00
7.17711376e-02
7.14293452e-01
-9.99475056e-01
-6.18247591e-01
0.00000000e+00
0.00000000e+00
2.72722714e-01
5.11339894e-01
0.00000000e+00
0.00000000e+00
0.00000000e+00
6.52484566e-02
1.71069960e-01
7.02736513e-02
8.53410394e-02
-1.52199214e-01
2.89047075e-01
1.86628497e-01
2.88509739e-01
3.87855301e-01
0.00000000e+00
-3.04817889e-01
-1.16013557e-01
-1.41383342e-01
2.39746364e-02
-3.27853114e-01
4.31877107e-02
1.44802570e-01
4.07483510e-03
-2.84678399e-02
-1.77938620e-01
-3.81227466e-01
0.00000000e+00
0.00000000e+00
3.73673427e-01
-1.06184135e+00
-3.97889894e-01
0.00000000e+00
0.00000000e+00
-5.38454929e-01
-6.63951461e-01
0.00000000e+00
0.00000000e+00
0.00000000e+00
3 -999999999 5 0 1
2 0 1 1 1
1.0478e-01 5.3475e-01
356
4.09371351e-01
0.00000000e+00
0.00000000e+00
0.00000000e+00
0.00000000e+00
0.00000000e+00
0.00000000e+00
0.00000000e+00
0.00000000e+00
0.00000000e+00
0.00000000e+00
0.00000000e+00
0.00000000e+00
0.00000000e+00
0.00000000e+00
0.00000000e+00
4.45154665e-02
3.64855884e-01
1.95337579e-01
-1.69520901e-02
1.01790761e-01
-1.18305580e-01
0.00000000e+00
0.00000000e+00
-3.66871379e-01
-6.82632229e-01
3.10838448e-02
2.61176784e-01
2.97183560e-01
8.56886207e-02
-1.87534602e-01
7.14843634e-01
-3.05472283e-01
-6.39242805e-01
-2.92785461e-01
-1.64210785e-01
-1.09239597e-01
5.66076073e-01
1.23764391e+00
7.88010366e-01
4.57615866e-01
4.09371351e-01
0.00000000e+00
-2.81147846e-01
-3.23746530e-01
1.97978212e+00
-9.83538968e-01
2.59188151e-01
-8.73904640e-02
4.31331046e-01
-7.21921300e-02
-1.97442962e-01
-1.95866570e-01
-1.06447219e+00
0.00000000e+00
0.00000000e+00
0.00000000e+00
0.00000000e+00
-7.70422221e-01
1.39922894e+00
8.09677874e-01
-3.97629988e-01
4.20535408e-01
-8.52603385e-01
-4.32855253e-01
-4.54484430e-01
3.82435542e-01
5.60133609e-01
0.00000000e+00
0.00000000e+00
0.00000000e+00
0.00000000e+00
0.00000000e+00
0.00000000e+00
0.00000000e+00
0.00000000e+00
0.00000000e+00
-2.83171493e-01
1.36973653e-03
7.92977302e-01
-4.15351496e-02
1.66109040e-01
2.84797461e-01
0.00000000e+00
0.00000000e+00
0.00000000e+00
0.00000000e+00
0.00000000e+00
0.00000000e+00
0.00000000e+00
6.64561948e-02
-2.19898670e-01
2.37249410e-01
1.09845649e-01
-8.68239159e-02
-5.02749534e-02
3.30946162e-01
6.37198753e-02
-7.48834999e-02
1.93942310e-02
7.61527787e-02
7.46455748e-02
1.88567763e-01
-1.62994576e-02
2.51033731e+00
2.60890566e+00
9.44357440e-01
1.14591464e+00
5.57931790e-01
3.23093885e-01
-5.98198711e-01
-1.14865000e+00
7.80293735e-01
-1.78882204e-01
-4.44516576e-01
-7.71050976e-01
-1.64562410e+00
-1.06563489e+00
0.00000000e+00
0.00000000e+00
0.00000000e+00
0.00000000e+00
0.00000000e+00
0.00000000e+00
-7.51493149e-01
-7.82249829e-01
-4.58313887e-01
1.11496769e-01
4.85168762e-02
-3.67491086e-01
6.62178928e+00
6.24060570e+00
6.14638479e+00
6.47058481e+00
6.42796471e+00
6.66521622e+00
9.81584394e-01
1.75753790e-02
-1.16236389e-01
-1.46791922e-01
-2.84842997e-01
-5.98468871e-01
-6.01492553e-02
7.68915445e-02
-2.75558692e-01
-2.21082714e-01
-7.68153785e-01
-9.49767351e-01
1.22444905e+00
0.00000000e+00
0.00000000e+00
0.00000000e+00
0.00000000e+00
0.00000000e+00
0.00000000e+00
0.00000000e+00
-8.15077696e-01
2.96679497e-01
0.00000000e+00
0.00000000e+00
-6.11437601e-01
-1.28570884e+00
-1.48952836e+00
-9.13825467e-01
-2.10096596e+00
0.00000000e+00
0.00000000e+00
0.00000000e+00
-4.96199014e-01
2.17159269e-01
-9.20725792e-01
-3.54907735e-01
-6.49758186e-01
-8.21476849e-01
-1.82078587e-01
-2.37048142e-01
2.75049966e-01
0.00000000e+00
-1.64806629e+00
7.95202283e-02
-4.35534120e-01
9.25982496e-01
-3.73180599e-01
5.53605186e-01
8.67210229e-01
-6.95497376e-02
6.29673126e-01
5.39358591e-01
1.68237318e-03
0.00000000e+00
0.00000000e+00
0.00000000e+00
1.83659856e-01
-8.76277274e-01
4.02165278e-01
4.31532801e-01
0.00000000e+00
5.71546167e-01
7.04572260e-01
6.97383877e-01
-2.04277513e-01
0.00000000e+00
6.03564307e-01
-6.59346656e-01
-4.91702089e-02
4.28407225e-01
9.86572970e-02
4.93817414e-01
2.22776790e-01
0.00000000e+00
5.34821332e-01
2.82263175e-01
-9.26514956e-01
-3.20792529e-01
0.00000000e+00
0.00000000e+00
0.00000000e+00
2.91186190e-02
3.78128147e-02
-3.87723963e-01
-8.64722061e-02
0.00000000e+00
0.00000000e+00
0.00000000e+00
-4.88143407e-01
-2.43869106e-01
-4.72912342e-01
-4.62198404e-01
0.00000000e+00
-3.26876284e-01
-3.26726086e-02
1.92101702e-01
-4.34408673e-01
0.00000000e+00
-4.73935475e-01
6.85546468e-01
5.73391341e-02
-2.40774368e-01
3.69831618e-02
8.71738432e-02
2.07462618e-01
0.00000000e+00
-4.75520846e-01
4.55408085e-01
-6.05722427e-01
0.00000000e+00
0.00000000e+00
0.00000000e+00
-1.17445100e+00
-2.90645072e-01
0.00000000e+00
0.00000000e+00
0.00000000e+00
-3.92804550e-01
1.23820619e-01
-2.16611404e-02
-8.83805933e-01
0.00000000e+00
0.00000000e+00
0.00000000e+00
-2.19953431e+00
0.00000000e+00
0.00000000e+00
0.00000000e+00
5.78400242e-01
1.07644816e+00
-6.15056766e-01
-4.35485892e-02
-3.46549271e+00
3.59464028e-01
9.84132374e-01
1.33530293e-01
6.94505340e-01
0.00000000e+00
7.57889330e-01
-2.38412792e-01
-1.75775318e+00
5.67470542e-01
-1.14428064e+00
6.29919936e-01
2.23697788e-01
-1.95883753e+00
1.68174847e-01
8.50215023e-01
6.16747136e-01
0.00000000e+00
0.00000000e+00
0.00000000e+00
3.09224916e-01
-1.50338928e+00
1.97532094e-01
5.30311415e-01
0.00000000e+00
3.71114503e-01
5.95000518e-01
4.24641925e-01
-6.79163051e-01
0.00000000e+00
3.87473907e-01
-6.90604800e-01
1.25688428e-01
5.60160965e-01
4.27309787e-01
6.61714820e-01
4.96693791e-01
0.00000000e+00
5.92350518e-01
4.13430966e-01
-9.02130544e-01
-3.07191539e-01
0.00000000e+00
0.00000000e+00
0.00000000e+00
-1.38672509e-01
1.50880483e-01
-3.19399513e-01
-4.56471098e-01
0.00000000e+00
0.00000000e+00
0.00000000e+00
-2.50772471e-01
1.91190728e+00
-2.93370469e-02
-2.24720942e-01
0.00000000e+00
-1.04431858e-01
-1.00729761e+00
-8.03330450e-01
1.02030193e+00
0.00000000e+00
-4.46487263e-02
1.43487846e-01
-1.07817320e-01
-7.02263157e-01
4.55281995e-01
-3.65989904e-01
-2.24425474e-01
0.00000000e+00
-3.23052589e-01
-8.40840851e-01
-5.94939005e-01
0.00000000e+00
0.00000000e+00
6.70582697e-01
-1.29740376e+00
-9.78517300e-01
0.00000000e+00
0.00000000e+00
0.00000000e+00
-4.92797713e-01
-1.34705344e-01
-3.51014243e-01
-3.18886462e-01
0.00000000e+00
0.00000000e+00
9.70761346e-02
247
-2.20239801e-01
0.00000000e+00
0.00000000e+00
0.00000000e+00
0.00000000e+00
0.00000000e+00
0.00000000e+00
0.00000000e+00
0.00000000e+00
1.14460274e-01
0.00000000e+00
0.00000000e+00
0.00000000e+00
0.00000000e+00
-1.80152366e-01
-4.00874356e-02
-2.34191042e-01
5.40386762e-02
-2.76013105e-02
-4.15384849e-03
0.00000000e+00
0.00000000e+00
0.00000000e+00
-2.65172641e-01
-6.41100358e-01
3.08184006e-02
2.09886822e-01
-3.42944810e-01
1.22705009e-01
-7.78506412e-01
4.35561602e-01
-6.10898204e-01
1.14803814e+00
2.37763915e-01
-2.20239801e-01
0.00000000e+00
-1.22659637e+00
1.00635657e+00
-2.17622208e-02
2.44747051e-01
5.88218920e-01
0.00000000e+00
0.00000000e+00
0.00000000e+00
0.00000000e+00
0.00000000e+00
0.00000000e+00
-3.08343755e-01
1.36925716e-03
-4.56911056e-01
-1.51437228e-01
3.88108483e-01
0.00000000e+00
0.00000000e+00
0.00000000e+00
0.00000000e+00
0.00000000e+00
0.00000000e+00
0.00000000e+00
1.53855264e+00
1.64875833e+00
4.61051050e-01
2.63693532e-01
-1.41357493e-01
2.40012359e-01
-2.12272114e-01
-1.41982408e-01
4.51203394e-01
9.17311015e-02
-3.26399397e-01
-7.09967217e-01
-8.29794950e-01
-9.04710296e-01
0.00000000e+00
0.00000000e+00
0.00000000e+00
0.00000000e+00
0.00000000e+00
0.00000000e+00
-5.90077032e-01
-3.67422815e-01
-2.08244422e-01
-2.29199412e-02
-7.50902532e-02
-6.05243669e-01
5.39419467e+00
5.35297857e+00
5.41726762e+00
5.59293413e+00
5.43569220e+00
5.58631459e+00
3.29936796e-01
5.92708360e-01
-8.40246107e-02
1.42296260e-01
1.68095140e-01
-3.70731066e-01
-2.59879179e-01
-9.84920277e-01
-3.97782947e-01
-3.93734903e-01
-1.10219368e+00
-1.40847266e+00
4.69144926e-01
0.00000000e+00
0.00000000e+00
0.00000000e+00
-6.89384728e-01
6.55207351e-01
0.00000000e+00
0.00000000e+00
-5.91461912e-01
-1.16733053e+00
-9.40866142e-01
-9.28131991e-01
-1.75879244e+00
0.00000000e+00
0.00000000e+00
0.00000000e+00
-6.58639207e-01
1.21662117e-01
-5.87607082e-01
-4.60786354e-01
-2.45833544e-01
-3.31671747e-01
-6.03698987e-01
-3.24051520e-01
1.21024839e+00
0.00000000e+00
-6.58032556e-01
5.33545234e-01
-4.29004408e-01
9.31374039e-01
-1.98519834e-01
-6.33855784e-02
5.58937206e-02
-1.00976616e+00
7.32588582e-01
2.26892454e-01
-7.05624103e-01
-3.58511127e-01
0.00000000e+00
0.00000000e+00
0.00000000e+00
-1.83979849e-01
0.00000000e+00
0.00000000e+00
0.00000000e+00
1.11650864e-01
1.76618213e-01
7.42724154e-02
3.91645386e-02
0.00000000e+00
2.46408348e-01
2.51212736e-02
1.88922123e-01
1.44006429e-01
0.00000000e+00
2.57750717e-01
-1.85077722e-01
-1.26090089e-01
-9.99397501e-02
-3.83403142e-01
-1.34885612e-02
-1.77763524e-02
1.37667854e-01
4.46770072e-01
-2.20402905e-01
-3.47112976e-01
0.00000000e+00
0.00000000e+00
0.00000000e+00
-1.05316834e+00
-2.32950786e-01
0.00000000e+00
0.00000000e+00
0.00000000e+00
-8.20217550e-01
0.00000000e+00
0.00000000e+00
0.00000000e+00
-1.86899813e+00
0.00000000e+00
0.00000000e+00
0.00000000e+00
3.58550795e-01
7.28782959e-01
-6.57618742e-01
-1.67180044e-01
-1.32394935e+00
2.94340017e-01
7.58625660e-01
7.14544130e-03
4.32677494e-01
0.00000000e+00
5.29134420e-01
-5.42427830e-01
-1.59190093e+00
9.36811614e-01
-5.32147601e-01
3.28439112e-01
2.36680586e-02
-1.97516687e+00
-1.00619694e-01
6.23837349e-01
-8.17398960e-01
-2.87035913e-01
0.00000000e+00
0.00000000e+00
0.00000000e+00
-1.11735637e-01
0.00000000e+00
0.00000000e+00
0.00000000e+00
1.04357110e-01
-4.44086637e-01
-6.66599158e-02
7.15826799e-02
0.00000000e+00
-1.42294341e-01
-3.17318169e-01
3.88435038e-01
0.00000000e+00
0.00000000e+00
3.41205018e-01
-2.79458638e-01
0.00000000e+00
2.58198683e-01
1.01374722e-01
4.45088545e-01
4.21453111e-01
0.00000000e+00
7.49428041e-01
2.46296843e-01
-5.30363047e-01
0.00000000e+00
0.00000000e+00
8.54348339e-02
-1.05159917e+00
-6.53830229e-01
0.00000000e+00
0.00000000e+00
0.00000000e+00
-3.97768943e-01
0.00000000e+00
0.00000000e+00
1.92113949e-01
2 1
3.4959e-01 1.9280e-01
3 1
0 1 3 
217
3.51963556e-01
-2.61845360e-01
-1.93258771e-01
-9.66327121e-02
-1.34255008e-01
8.72083197e-01
5.84476258e-01
-4.49540568e-01
9.75540007e-02
-3.39619845e-01
-1.88243466e-01
-3.44781873e-01
0.00000000e+00
0.00000000e+00
0.00000000e+00
0.00000000e+00
0.00000000e+00
1.27139697e+00
-2.68141537e-02
9.36584745e-02
5.39095491e-03
-1.29320385e-02
-6.55034752e-02
-9.24824367e-01
8.93328705e-03
-1.09829311e-01
1.65107139e-01
9.36481580e-02
9.32082597e-02
0.00000000e+00
0.00000000e+00
0.00000000e+00
0.00000000e+00
0.00000000e+00
0.00000000e+00
0.00000000e+00
-3.46702482e-01
-4.54230810e-02
3.02405915e-01
4.41683204e-01
0.00000000e+00
0.00000000e+00
0.00000000e+00
0.00000000e+00
-3.46702482e-01
9.54975163e-02
-1.02449182e-01
1.32289474e-01
-3.84714158e-02
1.17880560e-01
5.22358812e-02
4.41683204e-01
0.00000000e+00
0.00000000e+00
0.00000000e+00
0.00000000e+00
0.00000000e+00
0.00000000e+00
0.00000000e+00
0.00000000e+00
6.91853238e-01
9.54975163e-02
-8.86847161e-02
-5.79472379e-01
1.44085182e-01
-1.15206644e+00
5.09526343e-01
1.02421894e+00
2.77824411e-01
1.18814001e+00
0.00000000e+00
-1.71795821e-01
-3.10965238e-02
3.76052524e-01
-5.34651268e-01
1.47706854e-01
8.12546534e-01
0.00000000e+00
-2.21364673e-01
-7.03073316e-01
2.50902407e-01
4.87454914e-01
3.22425822e-01
3.76889589e-01
0.00000000e+00
0.00000000e+00
0.00000000e+00
0.00000000e+00
0.00000000e+00
0.00000000e+00
0.00000000e+00
0.00000000e+00
0.00000000e+00
0.00000000e+00
0.00000000e+00
0.00000000e+00
0.00000000e+00
0.00000000e+00
0.00000000e+00
0.00000000e+00
0.00000000e+00
0.00000000e+00
0.00000000e+00
0.00000000e+00
0.00000000e+00
0.00000000e+00
0.00000000e+00
0.00000000e+00
0.00000000e+00
0.00000000e+00
0.00000000e+00
0.00000000e+00
0.00000000e+00
0.00000000e+00
0.00000000e+00
0.00000000e+00
0.00000000e+00
0.00000000e+00
0.00000000e+00
4.12494546e-01
7.90982478e-02
-3.08601432e-01
0.00000000e+00
0.00000000e+00
0.00000000e+00
3.26526584e-02
-1.49940866e-01
-3.06668693e-01
1.75631158e-01
-6.61841275e-01
-4.46973591e-01
-7.89166111e-01
-9.77892186e-01
9.82485324e-01
0.00000000e+00
-1.95936263e-01
3.36402994e-01
-7.12647607e-01
5.95536680e-01
-9.97649253e-02
4.84703425e-01
6.08876309e-01
-5.59219146e-01
8.41646441e-01
5.33514241e-01
1.41410655e-02
0.00000000e+00
0.00000000e+00
0.00000000e+00
-7.57587825e-02
6.35886486e-01
-1.42524099e-01
-3.51597183e-01
-5.07299281e-01
4.25850669e-01
6.74368791e-01
4.17921370e-01
-2.05955162e-01
0.00000000e+00
-6.62979314e-02
7.52604610e-01
-6.85315325e-01
9.90227494e-02
-2.09574539e-01
-3.27264762e-01
-1.03123318e-01
-2.69683498e-01
-2.68462509e-01
2.21342781e-01
-1.19440800e+00
0.00000000e+00
0.00000000e+00
0.00000000e+00
-6.23016493e-02
5.20226102e-01
-5.06685883e-01
-5.75571134e-03
-1.08713592e+00
1.26379754e-01
3.41585342e-01
-1.85849249e-01
5.39688140e-01
0.00000000e+00
3.34947351e-03
-1.03313904e-01
-1.62092566e+00
7.93942084e-01
6.14192029e-01
4.83394247e-02
2.84831677e-01
-1.22686806e+00
-4.74602735e-02
3.79354283e-01
2.32004912e-01
0.00000000e+00
0.00000000e+00
0.00000000e+00
4.98513154e-02
6.15582391e-02
-1.86794318e-01
-1.10608367e-01
6.30759342e-02
1.49908005e-01
1.42332784e-01
1.68534739e-01
5.44981606e-02
0.00000000e+00
1.56138036e-01
-1.13302993e-01
-9.24136654e-02
2.78762523e-01
-5.13793090e-01
1.25460903e-01
1.30530197e-01
-5.22771206e-01
4.16521608e-01
-2.54838937e-02
136
-5.19172693e-01
0.00000000e+00
0.00000000e+00
1.05090297e+00
-2.15602951e-02
-3.60950938e-01
-1.11621194e-02
-1.20912472e+00
3.66744018e-03
-2.55442810e-01
-1.35867193e-01
-1.27862691e-01
0.00000000e+00
0.00000000e+00
0.00000000e+00
0.00000000e+00
0.00000000e+00
0.00000000e+00
0.00000000e+00
0.00000000e+00
1.17688830e-02
-1.96279575e-01
-3.34213880e-01
0.00000000e+00
0.00000000e+00
0.00000000e+00
0.00000000e+00
0.00000000e+00
-3.50982707e-01
6.35822713e-04
-1.92832473e-01
3.62115767e-01
3.91047195e-01
-3.94494297e-01
-3.34213880e-01
0.00000000e+00
0.00000000e+00
0.00000000e+00
0.00000000e+00
0.00000000e+00
0.00000000e+00
0.00000000e+00
0.00000000e+00
0.00000000e+00
0.00000000e+00
0.00000000e+00
-6.69847593e-02
3.47939307e-02
1.12353474e+00
2.77509890e-01
-9.88641089e-01
0.00000000e+00
4.01732134e-01
9.76480057e-02
3.53243879e-01
-1.03325198e-01
0.00000000e+00
-5.43627478e-01
5.52317726e-01
-1.56467046e-02
-1.10831494e+00
-3.50982707e-01
-3.17427075e-02
0.00000000e+00
0.00000000e+00
0.00000000e+00
0.00000000e+00
0.00000000e+00
0.00000000e+00
0.00000000e+00
0.00000000e+00
0.00000000e+00
0.00000000e+00
0.00000000e+00
0.00000000e+00
0.00000000e+00
0.00000000e+00
0.00000000e+00
0.00000000e+00
0.00000000e+00
0.00000000e+00
0.00000000e+00
0.00000000e+00
0.00000000e+00
0.00000000e+00
0.00000000e+00
5.28723141e-01
3.83781517e-01
-2.42224904e-01
0.00000000e+00
0.00000000e+00
0.00000000e+00
1.36100914e-01
2.30116252e-01
-5.54184329e-01
1.78699072e-01
-1.40866948e+00
-6.67871777e-01
4.87040240e-02
-3.03983424e-01
6.51929935e-01
0.00000000e+00
-2.02747188e-01
7.19678078e-01
-7.96196485e-01
9.67616229e-01
-3.90886587e-01
4.46826739e-01
4.91694558e-01
-9.55043299e-01
5.37338043e-01
6.28653824e-01
-8.75887573e-01
0.00000000e+00
0.00000000e+00
0.00000000e+00
1.31830337e-01
7.60763055e-01
-5.29726068e-01
-3.01885420e-01
-1.63915392e+00
2.83071289e-01
5.60518776e-01
3.84568791e-02
6.05536817e-01
0.00000000e+00
4.42529563e-01
-2.20675827e-01
-1.32498702e+00
8.82322369e-01
7.81850379e-02
2.89069035e-01
1.11688727e-01
-1.94911045e+00
2.92285877e-01
6.13393368e-01
8 2
3.8940e-01 2.4803e-01
4 3
0 1 3 2 
217
3.55811440e-01
4.06395165e-01
-8.67061862e-01
-4.27010444e-01
-1.63980004e-01
2.46963863e-01
2.82542079e-01
-3.33350152e-01
-7.68761592e-03
-5.65910100e-02
2.40825665e-01
-5.63282516e-01
0.00000000e+00
0.00000000e+00
0.00000000e+00
0.00000000e+00
0.00000000e+00
0.00000000e+00
0.00000000e+00
0.00000000e+00
0.00000000e+00
0.00000000e+00
0.00000000e+00
2.81025763e-01
1.59126405e-03
4.14509907e-02
1.76493940e-01
1.28277228e-01
5.10402715e-02
0.00000000e+00
0.00000000e+00
0.00000000e+00
0.00000000e+00
0.00000000e+00
0.00000000e+00
0.00000000e+00
0.00000000e+00
-3.01194753e-01
-1.45811644e-01
2.61813250e-01
5.41004587e-01
0.00000000e+00
0.00000000e+00
0.00000000e+00
0.00000000e+00
9.45473794e-02
3.73281718e-02
-1.57049010e-01
7.44430419e-02
2.31336043e-01
-6.24313676e-03
-9.25081266e-02
0.00000000e+00
-3.06113751e-01
7.41939108e-03
2.91817176e-01
8.48388192e-02
-1.50159404e-01
2.12663604e-01
5.41004587e-01
3.58327515e-01
9.45473794e-02
-9.70634545e-02
4.54545534e-02
-1.42518008e-01
-1.27548471e+00
6.05582509e-02
1.14555011e+00
3.92316643e-01
5.99431567e-01
0.00000000e+00
-4.78621217e-01
-1.14795195e-01
4.54159606e-01
-5.62663940e-01
3.80273051e-01
5.56045891e-01
0.00000000e+00
-5.39563988e-01
-9.43866839e-01
4.21944694e-01
1.28164479e-01
4.73430734e-01
1.53000322e+00
0.00000000e+00
1.81854363e-01
-2.41099725e-01
1.12653514e-01
-4.56213635e-01
6.13035628e-02
-6.81108603e-02
0.00000000e+00
0.00000000e+00
0.00000000e+00
0.00000000e+00
0.00000000e+00
0.00000000e+00
0.00000000e+00
0.00000000e+00
0.00000000e+00
0.00000000e+00
0.00000000e+00
0.00000000e+00
0.00000000e+00
0.00000000e+00
0.00000000e+00
0.00000000e+00
0.00000000e+00
0.00000000e+00
0.00000000e+00
0.00000000e+00
0.00000000e+00
0.00000000e+00
0.00000000e+00
0.00000000e+00
0.00000000e+00
0.00000000e+00
0.00000000e+00
0.00000000e+00
2.45877061e-01
7.25013555e-01
-2.57636936e-01
0.00000000e+00
0.00000000e+00
0.00000000e+00
2.71734922e-02
3.30924876e-01
-2.94434363e-02
-8.42500115e-01
-4.66271050e-01
-1.00132072e+00
5.55754991e-01
7.89478721e-02
1.93456429e-01
0.00000000e+00
6.22628821e-01
-5.88483611e-01
-8.58002149e-01
4.76927177e-01
-2.16994438e-01
2.81932922e-01
4.94491472e-01
-2.83674483e-01
1.31523691e+00
-3.48421900e-01
-4.46353735e-03
0.00000000e+00
0.00000000e+00
0.00000000e+00
1.11448440e-01
-1.19803688e-01
-4.72590014e-01
6.09652435e-01
-8.23519053e-01
5.68947600e-01
-1.84608135e-01
-1.80881226e-01
-1.73843337e-01
0.00000000e+00
-7.15597295e-01
4.49577710e-01
-1.58554180e-01
3.98533502e-01
-1.75767554e-01
2.30080452e-01
3.13904742e-01
-1.56856308e-01
-2.40383189e-01
7.15795562e-01
-7.46962819e-01
0.00000000e+00
0.00000000e+00
0.00000000e+00
1.57973964e-01
6.86157944e-01
-1.04674325e+00
-4.97695277e-01
-6.91560705e-01
3.99706835e-01
8.39431808e-01
3.05158420e-01
4.89251294e-01
0.00000000e+00
2.96392945e-01
-4.62344204e-01
-6.52110363e-01
2.69946755e-01
-1.58755062e-01
-2.87731598e-01
5.72697478e-01
-7.76479196e-01
-5.43665699e-01
3.53405090e-01
-5.17244213e-03
0.00000000e+00
0.00000000e+00
0.00000000e+00
-3.42875467e-02
1.50934834e-01
1.48728133e-01
1.79556994e-01
-9.38160588e-01
-1.32537410e-01
-2.06620726e-01
-7.17219227e-02
2.81170990e-01
0.00000000e+00
9.42343819e-02
3.03574801e-01
-6.68010609e-01
2.08022453e-01
1.01926115e-01
4.94577617e-01
-1.21670743e-01
-4.62917720e-01
5.74898144e-01
9.31303616e-02
136
-5.22711455e-01
0.00000000e+00
0.00000000e+00
0.00000000e+00
0.00000000e+00
0.00000000e+00
0.00000000e+00
-6.58042303e-01
1.40291890e-03
-1.08832168e-01
-3.78857381e-01
-3.50219066e-02
0.00000000e+00
0.00000000e+00
0.00000000e+00
0.00000000e+00
0.00000000e+00
0.00000000e+00
0.00000000e+00
0.00000000e+00
1.61476806e-01
-1.95254042e-01
-2.75964524e-01
-2.12644513e-01
0.00000000e+00
0.00000000e+00
0.00000000e+00
0.00000000e+00
-3.85112781e-01
1.27657879e-01
-1.18054949e-01
5.44244871e-01
2.82150856e-01
-2.70320675e-01
-4.19092387e-01
-1.25313164e-01
-8.01310866e-02
-2.83454815e-01
1.13452443e-01
2.74556628e-01
4.61188100e-01
-4.31512680e-01
-2.12644513e-01
0.00000000e+00
0.00000000e+00
0.00000000e+00
-1.06717645e-01
-5.77494929e-02
1.10084871e+00
1.64603600e-01
-7.98545813e-01
0.00000000e+00
9.71258241e-01
2.38438277e-01
4.07890217e-01
-1.08739848e-01
0.00000000e+00
-7.51281655e-01
6.30498244e-01
-8.19665235e-02
-1.00650731e+00
-3.85112781e-01
-4.02994324e-01
-5.32579779e-01
1.84653961e-01
4.85474434e-02
0.00000000e+00
0.00000000e+00
0.00000000e+00
0.00000000e+00
0.00000000e+00
0.00000000e+00
0.00000000e+00
0.00000000e+00
0.00000000e+00
0.00000000e+00
0.00000000e+00
0.00000000e+00
0.00000000e+00
0.00000000e+00
0.00000000e+00
0.00000000e+00
0.00000000e+00
0.00000000e+00
0.00000000e+00
0.00000000e+00
4.61925281e-01
3.35510350e-01
-2.85068831e-01
0.00000000e+00
0.00000000e+00
0.00000000e+00
1.86109537e-01
5.75877321e-01
-6.30172601e-01
-1.26909754e-01
-1.22309847e+00
-6.26733914e-01
-1.17467679e-01
-2.12741668e-01
6.62443824e-01
0.00000000e+00
-2.70156828e-01
9.94490911e-01
-8.56018525e-01
8.94523407e-01
-3.49684655e-01
4.24593613e-01
3.72895794e-01
-1.00984445e+00
4.26758983e-01
6.00066318e-01
-8.61018407e-01
0.00000000e+00
0.00000000e+00
0.00000000e+00
1.36156967e-01
6.43159820e-01
-5.46968903e-01
-2.85196339e-01
-1.43204145e+00
3.14221469e-01
6.19786455e-01
3.89566615e-02
4.24176595e-01
0.00000000e+00
3.94051628e-01
-2.77804043e-01
-1.29061607e+00
9.16218956e-01
9.61171886e-02
2.83292076e-01
1.63332698e-01
-1.96524924e+00
3.13407025e-01
5.93980099e-01
7 1
1.7609e-01 3.3165e-01
5 1
0 1 3 2 8 
217
-1.30478507e-01
-2.54545770e-01
-5.01747273e-02
-3.08630117e-01
-7.12618880e-01
1.09885688e+00
3.31994739e-01
-4.56384222e-02
1.28776620e-01
-8.20251382e-02
5.24771252e-02
-9.80667027e-02
0.00000000e+00
0.00000000e+00
0.00000000e+00
0.00000000e+00
0.00000000e+00
3.47845853e-01
6.94971130e-05
5.80469345e-01
1.43155137e-01
-7.43856416e-03
7.54753966e-01
-6.21479498e-01
6.96144672e-03
5.59332311e-01
-1.69793539e-01
2.49866215e-02
1.43284103e-02
0.00000000e+00
0.00000000e+00
0.00000000e+00
0.00000000e+00
0.00000000e+00
0.00000000e+00
0.00000000e+00
0.00000000e+00
-1.23973305e-01
-2.76275431e-01
-9.79984334e-02
7.06280902e-02
2.97140572e-01
0.00000000e+00
0.00000000e+00
0.00000000e+00
-2.07950757e-01
-2.07212666e-01
2.18829954e-01
4.20004509e-01
-2.35562087e-01
-2.96538669e-01
-2.31416030e-02
-6.04288818e-02
-3.54468157e-01
-3.61247783e-01
6.80245040e-01
4.49158546e-01
-1.17233505e-02
-5.51432534e-01
4.10989932e-01
3.31368738e-01
1.45850234e-01
-6.07697479e-01
-5.99861664e-01
-7.83581538e-03
-5.69677507e-01
3.26559054e-01
6.10661701e-01
1.50659918e-01
1.13105370e+00
0.00000000e+00
-9.70178105e-04
-2.39318808e-02
2.17039052e-01
-3.23350890e-01
-3.46547381e-01
7.68912199e-01
0.00000000e+00
-2.92233251e-01
-6.83580747e-01
1.67732673e-01
7.11314483e-01
-5.97792943e-03
1.37140085e-01
0.00000000e+00
-3.31571320e-01
-1.12186140e-02
1.36920558e-01
-7.17614695e-01
6.41722546e-02
-2.46732848e-02
0.00000000e+00
-2.17616062e-01
-2.81212004e-01
1.88609207e-01
-1.55558148e-01
-1.01471652e-01
-3.59231238e-02
0.00000000e+00
0.00000000e+00
0.00000000e+00
0.00000000e+00
0.00000000e+00
0.00000000e+00
0.00000000e+00
0.00000000e+00
0.00000000e+00
0.00000000e+00
0.00000000e+00
0.00000000e+00
0.00000000e+00
0.00000000e+00
0.00000000e+00
0.00000000e+00
0.00000000e+00
0.00000000e+00
0.00000000e+00
0.00000000e+00
0.00000000e+00
4.55650968e-01
2.00637260e-01
8.60786500e-02
0.00000000e+00
0.00000000e+00
0.00000000e+00
-1.41065916e-01
1.68520643e-01
-7.84241892e-01
5.47707847e-02
-7.45132567e-01
-3.81770276e-02
-2.28262460e-01
-5.70873369e-01
1.15673099e+00
0.00000000e+00
-9.34866602e-02
1.12431066e+00
-5.62690163e-01
9.95588395e-01
-3.45328471e-01
8.21310966e-02
-2.45496587e-01
-6.79769617e-01
6.61805588e-01
2.76745220e-01
-2.48446047e-01
0.00000000e+00
0.00000000e+00
0.00000000e+00
6.38200151e-03
3.14562211e-01
1.26697015e-01
5.65700358e-02
-2.83507547e-01
-1.74390625e-01
8.94630853e-02
1.78724880e-01
-2.96830394e-01
0.00000000e+00
-1.16190924e-01
-1.84001368e-01
-3.79483163e-01
4.86247377e-02
1.31138410e-01
-3.83262271e-02
3.82140011e-01
-4.03554728e-01
4.61434931e-02
2.47393050e-01
-7.64668285e-01
0.00000000e+00
0.00000000e+00
0.00000000e+00
-5.21585179e-02
6.69813367e-01
-5.46927188e-01
-9.14229635e-01
-4.90311347e-01
1.72151240e-01
4.92330392e-01
5.41932071e-02
4.34500072e-01
0.00000000e+00
-2.50642445e-01
1.78381156e-01
-1.23963566e+00
8.78431681e-01
-1.66948129e-01
1.39734224e-01
3.54040974e-01
-1.02366732e+00
2.15835682e-01
3.30439963e-01
-1.31878522e-01
0.00000000e+00
0.00000000e+00
0.00000000e+00
1.43793709e-01
-2.57517036e-01
-7.30504403e-02
6.58179260e-01
-1.15294733e+00
8.47577023e-02
-2.01183434e-02
3.10164103e-02
2.68953478e-01
0.00000000e+00
5.85524671e-01
-2.05121687e-01
-2.48574706e-01
1.26001506e-01
4.42194665e-01
4.54528133e-02
-1.29695664e-01
-7.52997391e-01
2.67169118e-01
5.51007388e-02
136
-1.13683323e-01
0.00000000e+00
0.00000000e+00
2.83572431e+00
-4.61223923e-02
-1.06245480e+00
-3.25862424e-03
-1.88695283e+00
7.13563089e-03
-1.22098152e-01
6.49937410e-02
-5.65789118e-02
0.00000000e+00
0.00000000e+00
0.00000000e+00
0.00000000e+00
0.00000000e+00
0.00000000e+00
0.00000000e+00
0.00000000e+00
1.05869355e-02
-1.21324637e-01
-1.45519876e-01
1.24794672e-02
1.30094788e-01
0.00000000e+00
0.00000000e+00
0.00000000e+00
-1.13235818e-01
1.97422679e-01
-5.20449986e-01
3.20097153e-01
1.10337748e-01
-7.88921019e-02
-4.12119350e-01
2.52685071e-01
-5.05831811e-02
-1.35616253e-01
-1.12334285e-01
1.49011597e-01
3.46237774e-01
-7.65176036e-02
1.02732339e-02
0.00000000e+00
0.00000000e+00
0.00000000e+00
3.30586399e-01
2.97604142e-01
1.08100740e+00
3.55064662e-01
-1.05479624e+00
0.00000000e+00
1.01455034e+00
3.81762365e-01
3.82121577e-01
5.09311824e-02
0.00000000e+00
-4.82111773e-01
5.67567833e-01
-6.45812031e-02
-8.56354853e-01
-6.99075944e-01
1.31350865e-01
-5.07933010e-01
2.25116689e-01
9.13725716e-02
0.00000000e+00
-1.26397589e+00
-2.18024521e-01
-1.70221832e-01
-5.39362924e-01
0.00000000e+00
0.00000000e+00
0.00000000e+00
0.00000000e+00
0.00000000e+00
0.00000000e+00
0.00000000e+00
0.00000000e+00
0.00000000e+00
0.00000000e+00
0.00000000e+00
0.00000000e+00
0.00000000e+00
0.00000000e+00
0.00000000e+00
5.08277005e-01
4.26426803e-01
-2.58675852e-01
0.00000000e+00
0.00000000e+00
0.00000000e+00
1.24855024e-01
3.16196742e-01
-6.26372453e-01
1.17848423e-01
-1.34945243e+00
-2.70764198e-01
1.48780837e-02
-3.48978862e-01
6.40453392e-01
0.00000000e+00
-3.60229690e-01
9.22045988e-01
-8.84749923e-01
9.61545767e-01
-5.57067858e-01
4.40136157e-01
5.30058991e-01
-1.08306463e+00
5.59869395e-01
5.94116225e-01
-8.74942545e-01
0.00000000e+00
0.00000000e+00
0.00000000e+00
1.27086692e-01
7.77397049e-01
-4.62998416e-01
-3.79349716e-01
-1.49573964e+00
2.71144962e-01
6.54389655e-01
-3.92064171e-02
4.58708146e-01
0.00000000e+00
3.60557036e-01
-3.21030228e-01
-1.21167838e+00
9.03923908e-01
-2.77013799e-03
4.27233090e-01
2.72546338e-01
-2.10845986e+00
2.54488600e-01
6.38814773e-01
13 1
-7.4517e-02 3.9704e-01
6 1
0 1 3 2 8 7 
217
-1.84984658e-01
-3.43130921e-01
3.37874532e-01
-7.70353794e-02
-3.82161520e-01
3.67465771e-01
-9.39234456e-02
-2.81097361e-01
-4.02707025e-02
-2.16390258e-01
1.08330766e-01
4.84980550e-01
0.00000000e+00
0.00000000e+00
0.00000000e+00
0.00000000e+00
0.00000000e+00
9.39760296e-01
-1.38077725e-02
5.16084639e-01
-9.44599155e-02
-1.18830072e-02
4.10985165e-01
-1.03028504e+00
8.65716319e-03
4.92596998e-01
-2.41814186e-01
1.78738315e-01
-1.21908787e-01
0.00000000e+00
0.00000000e+00
0.00000000e+00
0.00000000e+00
0.00000000e+00
0.00000000e+00
0.00000000e+00
0.00000000e+00
1.64516477e-01
-3.35830441e-01
-3.95909895e-01
-1.74329561e-01
5.61181844e-02
5.00450578e-01
0.00000000e+00
0.00000000e+00
-1.78467259e-01
1.09498598e-01
-4.76601718e-02
5.06542037e-03
1.12894985e-01
2.10607131e-01
-4.08608262e-01
0.00000000e+00
-4.12760998e-01
-1.96965346e-01
4.70259099e-01
-1.61008859e-01
3.47197996e-01
-2.60608387e-01
4.76535187e-01
4.75358057e-01
-1.15967480e-01
-5.44375235e-01
-4.67211901e-01
-7.71633344e-02
-9.05574186e-01
1.35817675e-01
9.08059108e-01
2.23572902e-01
1.10737125e+00
0.00000000e+00
-5.38042507e-01
5.58580810e-02
3.87917736e-01
-5.17522506e-01
-3.48598867e-02
9.03063501e-01
0.00000000e+00
-5.07059871e-01
-8.29781734e-01
8.62261757e-02
6.68782121e-01
2.35849037e-01
8.52950483e-01
0.00000000e+00
-1.96669559e-01
-3.82516933e-02
1.81658545e-02
-8.61344135e-01
-6.48095424e-03
2.28863585e-01
0.00000000e+00
-3.03188085e-01
-6.63641068e-01
1.70998329e-01
-3.21948008e-01
-5.27949027e-02
2.14257039e-01
0.00000000e+00
8.83252532e-02
-2.28656138e-01
-5.56985401e-02
-3.94554194e-01
-2.17611371e-01
-2.38536801e-05
0.00000000e+00
0.00000000e+00
0.00000000e+00
0.00000000e+00
0.00000000e+00
0.00000000e+00
0.00000000e+00
0.00000000e+00
0.00000000e+00
0.00000000e+00
0.00000000e+00
0.00000000e+00
0.00000000e+00
0.00000000e+00
4.24161044e-01
2.89207092e-01
-2.21716674e-01
0.00000000e+00
0.00000000e+00
0.00000000e+00
3.82971465e-01
4.73061457e-01
-6.47662075e-01
2.23915165e-01
-6.82522148e-01
-1.94249795e-01
2.85320106e-01
-8.51824066e-01
1.96906431e-01
0.00000000e+00
-5.15142018e-01
7.53630229e-01
-9.51831898e-01
1.09916150e-01
2.20743319e-01
3.17857214e-01
5.74774520e-01
-4.20517865e-01
5.04588933e-01
-1.65179724e-03
-1.55234845e-01
0.00000000e+00
0.00000000e+00
0.00000000e+00
-3.44563306e-01
1.68481561e-01
2.28821208e-01
-4.78217569e-01
-8.46873608e-01
2.70333975e-01
8.70634005e-02
5.51078407e-01
1.63636402e-02
0.00000000e+00
1.11426087e-02
5.94931826e-01
-2.78553949e-01
7.34921452e-01
-6.30327684e-01
9.20318978e-04
-1.60674839e-01
-4.21406912e-01
-1.48481808e-01
4.89806433e-01
-9.65024594e-01
0.00000000e+00
0.00000000e+00
0.00000000e+00
6.15474350e-02
8.43163583e-01
-6.67918464e-02
3.46837453e-01
-1.04181595e+00
3.94955660e-03
6.82598272e-01
-7.52881000e-01
6.48119460e-01
0.00000000e+00
-2.47575093e-01
-3.87627551e-01
-1.41469704e+00
9.36321801e-01
-1.76418624e-01
4.37665312e-01
3.46827907e-01
-1.23289708e+00
-4.84730859e-02
9.71218980e-02
1.11229170e-01
0.00000000e+00
0.00000000e+00
0.00000000e+00
-8.90826267e-03
-1.36733696e-01
-5.19081701e-01
-5.09446871e-01
7.58598734e-02
4.43125664e-01
-1.04745674e-01
4.85334546e-01
6.58222632e-02
0.00000000e+00
3.18805918e-01
1.54712535e-01
8.21839827e-02
2.53684426e-01
1.17201777e-01
-1.79181892e-01
-5.83162464e-02
-8.23007156e-01
4.11119151e-01
4.28005328e-02
136
-2.76650561e-01
0.00000000e+00
0.00000000e+00
1.43194948e+00
-2.75454981e-02
-4.25542343e-01
-1.06531565e-02
-1.28305770e+00
4.07894709e-03
-2.11435020e-01
-1.96607880e-02
-4.55547530e-02
0.00000000e+00
0.00000000e+00
0.00000000e+00
0.00000000e+00
0.00000000e+00
0.00000000e+00
0.00000000e+00
0.00000000e+00
2.19503344e-01
-1.09108727e-01
-1.30936967e-01
-1.09439542e-01
-1.21418001e-01
-2.12151568e-02
0.00000000e+00
0.00000000e+00
2.57437828e-01
1.14168375e-01
-2.95300734e-01
2.79296259e-01
1.46666926e-01
-1.78041889e-01
-4.17088021e-01
1.04637053e-01
-1.84590401e-01
-2.78504900e-01
1.44963117e-02
-4.66502269e-03
3.30072814e-01
-1.79332506e-01
1.81328577e-02
0.00000000e+00
0.00000000e+00
0.00000000e+00
-1.25240461e-01
-2.12376812e-02
1.07999075e+00
1.83722524e-01
-7.89235329e-01
0.00000000e+00
9.24819945e-01
2.11383069e-01
3.91479543e-01
-3.07778537e-02
0.00000000e+00
-2.71691979e-01
5.96411157e-01
5.53544886e-03
-7.74871288e-01
-1.10681823e+00
-2.39339399e-01
-4.21795846e-01
1.84814575e-01
2.02794754e-01
0.00000000e+00
-1.00207537e+00
-1.78757176e-01
-1.07584660e-01
-4.02449973e-01
0.00000000e+00
4.96083071e-01
-7.07118304e-02
1.16887875e-01
-4.71640097e-01
0.00000000e+00
0.00000000e+00
0.00000000e+00
0.00000000e+00
0.00000000e+00
0.00000000e+00
0.00000000e+00
0.00000000e+00
0.00000000e+00
0.00000000e+00
4.90888062e-01
4.06028965e-01
-2.77537420e-01
0.00000000e+00
0.00000000e+00
0.00000000e+00
1.37215001e-01
2.48645842e-01
-6.02914465e-01
8.05457603e-02
-1.27818033e+00
-4.64645247e-01
-3.46769946e-04
-2.80430083e-01
7.54567163e-01
0.00000000e+00
-2.32390854e-01
7.43152714e-01
-8.34456646e-01
8.63824940e-01
-3.45072075e-01
4.08264808e-01
4.63418385e-01
-1.10421874e+00
5.38635568e-01
6.26847609e-01
-8.78850521e-01
0.00000000e+00
0.00000000e+00
0.00000000e+00
1.41504184e-01
7.17438738e-01
-5.61482274e-01
-2.39256455e-01
-1.61429084e+00
2.54744031e-01
6.31595367e-01
8.59601581e-02
5.44847634e-01
0.00000000e+00
3.98152027e-01
-2.69436276e-01
-1.31410821e+00
8.28596603e-01
5.97474590e-02
3.52037331e-01
2.06985484e-01
-1.91182089e+00
2.19200674e-01
5.90734735e-01
6 1
-3.6748e-01 4.1938e-01
7 0
0 1 3 2 8 7 13 
217
4.55114041e-01
-5.79307882e-02
-9.63202820e-01
-5.07081662e-01
-4.97559232e-02
1.77691503e+00
1.67628562e+00
2.34065239e-01
1.48457368e+00
5.98620030e-01
0.00000000e+00
0.00000000e+00
0.00000000e+00
0.00000000e+00
3.25810419e-01
2.41771855e-03
-3.91342929e-01
1.63055815e-01
2.63881279e-04
-4.27799841e-01
-3.37521936e-02
1.59443347e-02
-5.73299351e-01
0.00000000e+00
0.00000000e+00
0.00000000e+00
2.31142182e-01
1.35015557e-01
8.89563025e-02
0.00000000e+00
0.00000000e+00
0.00000000e+00
0.00000000e+00
0.00000000e+00
0.00000000e+00
0.00000000e+00
0.00000000e+00
-4.63366254e-01
-5.23819066e-02
1.64250179e-01
5.21949135e-01
6.18506483e-01
8.63309867e-01
-1.19715346e+00
0.00000000e+00
-2.76773419e-01
1.30886368e-01
-2.97706309e-01
3.69676500e-01
-1.45061850e-01
3.53812680e-01
-1.60221438e-01
5.26847327e-01
6.00718831e-02
-6.08934664e-01
7.07839489e-01
-3.27800702e-01
-3.47240712e-01
-3.65291597e-01
8.35010483e-01
6.37678391e-02
3.12150289e-01
7.91959130e-02
0.00000000e+00
7.91959130e-02
-1.63227210e+00
3.68833345e-01
1.31277103e+00
7.08478312e-03
1.76847677e-01
0.00000000e+00
-1.40280973e-01
2.40922487e-02
8.07086247e-01
-5.77554993e-01
-2.11691233e-01
8.80682960e-01
0.00000000e+00
2.42230675e-01
-6.05690289e-01
8.98960329e-02
6.57388519e-01
1.22987333e-01
4.00429121e-01
0.00000000e+00
-2.53874668e-02
9.79985313e-03
8.13350698e-01
-7.55426643e-01
-3.32849190e-01
-2.74826904e-01
0.00000000e+00
2.20896588e-01
-5.42384390e-01
1.36754722e-01
-5.63757078e-02
9.74627314e-02
-9.59546171e-01
0.00000000e+00
3.77993844e-01
-3.63336611e-01
-5.86574830e-03
-6.28212197e-03
8.29859452e-02
1.42770060e-01
0.00000000e+00
5.26415316e-01
-1.72139731e-01
-1.02758331e-01
3.61168496e-02
3.14570563e-02
7.81486973e-01
0.00000000e+00
0.00000000e+00
0.00000000e+00
0.00000000e+00
0.00000000e+00
0.00000000e+00
0.00000000e+00
4.02930590e-01
2.90221035e-01
-6.86585428e-02
0.00000000e+00
0.00000000e+00
0.00000000e+00
2.91455497e-01
5.81679144e-01
-1.13173525e+00
-6.64419996e-01
-1.59756533e+00
1.89637894e-01
-2.14848892e-01
-4.53535860e-01
1.66102713e+00
0.00000000e+00
1.58858024e-01
1.01561386e+00
-1.33056705e+00
8.06273187e-01
1.26298003e+00
-7.42806523e-02
1.01645493e-01
-1.16203511e+00
3.96781382e-01
9.43779626e-02
-6.02761197e-01
0.00000000e+00
0.00000000e+00
0.00000000e+00
-2.30652318e-01
6.10236430e-01
6.12290747e-01
3.96884107e-01
-6.99755468e-01
-1.99121959e-01
6.47028630e-01
4.69761976e-01
4.94696819e-01
0.00000000e+00
-3.49155677e-02
-8.92633806e-01
-2.76587706e-01
1.41638752e-01
-2.19074715e+00
-1.09491048e-03
-1.16514547e-01
-2.54617958e-01
4.19403047e-01
5.01939688e-01
-9.95511284e-01
0.00000000e+00
0.00000000e+00
0.00000000e+00
2.07013412e-01
3.33161006e-01
-4.50270363e-01
-1.50598485e-01
-6.43222401e-01
4.44650414e-01
7.70373716e-01
2.46199203e-01
7.36921287e-01
0.00000000e+00
-2.12663999e-02
-1.15067663e+00
-9.19700245e-01
1.37759667e+00
-1.78679865e-01
3.47890146e-01
6.02612983e-02
-2.37019874e+00
1.59723062e-01
2.05311624e-01
-1.99751923e-01
0.00000000e+00
0.00000000e+00
0.00000000e+00
-3.15096252e-01
-4.03868518e-01
2.31413536e-01
1.05051590e-01
-4.55099451e-01
-5.93084016e-02
3.41332217e-01
-1.35942576e-01
-4.14534397e-01
0.00000000e+00
4.31550894e-01
-1.69126210e-01
5.73329122e-02
3.19964850e-01
9.13028808e-02
8.53481556e-02
4.95403371e-01
-4.76710467e-01
-6.56472346e-02
1.36881177e-01
136
-6.85016015e-01
-3.85729326e-01
1.64800417e-02
-1.25936623e-01
-2.93665438e-05
-1.73350067e-01
-3.00959152e-03
0.00000000e+00
0.00000000e+00
-8.74517624e-01
-9.60764396e-02
2.85578049e-01
0.00000000e+00
0.00000000e+00
0.00000000e+00
0.00000000e+00
0.00000000e+00
0.00000000e+00
0.00000000e+00
0.00000000e+00
1.07301834e-01
-1.22957346e-01
-1.10117720e-01
-1.48422472e-01
-2.32498358e-01
-9.48530893e-02
-8.32143350e-02
0.00000000e+00
3.78836136e-01
-1.07995193e-01
-4.00284672e-01
3.55488220e-03
3.50906140e-01
-1.21938682e-01
-3.26181260e-01
2.98944190e-01
-2.66224319e-01
-3.93794297e-01
-1.23689232e-01
-1.15590460e-01
4.01383942e-01
-2.07823655e-01
-5.48650066e-02
0.00000000e+00
0.00000000e+00
0.00000000e+00
0.00000000e+00
1.21424409e+00
9.81160452e-01
2.68538815e-01
-6.53715284e-01
0.00000000e+00
1.05155598e+00
2.05736430e-01
4.77511085e-01
-7.68951580e-02
0.00000000e+00
-6.14461915e-01
6.18435817e-01
-1.24767910e-01
-7.85224407e-01
-1.02703889e+00
-8.68000392e-01
-6.48504396e-01
6.94820743e-02
3.05946681e-02
0.00000000e+00
-6.87892389e-01
-2.08491292e-01
-2.19099345e-02
-5.98785673e-01
0.00000000e+00
2.50331178e-01
-1.19255394e-01
6.05216594e-02
-4.22175361e-01
0.00000000e+00
-5.49623464e-01
-1.64408638e-01
-1.21863397e-01
-2.02562407e-01
0.00000000e+00
0.00000000e+00
0.00000000e+00
0.00000000e+00
0.00000000e+00
1.06157820e+00
5.46275166e-01
-1.77683241e-02
0.00000000e+00
0.00000000e+00
0.00000000e+00
1.80674260e-01
4.82365523e-01
-7.74939933e-01
-1.36635133e-01
-1.00640233e+00
-3.90605479e-01
6.01263559e-02
-7.86649320e-02
2.49420079e-01
0.00000000e+00
2.75352561e-01
1.34715463e-01
-9.69953407e-01
9.82626085e-01
-2.51952725e-01
4.21042055e-01
3.37136270e-01
-8.44633566e-01
6.68607702e-01
6.43952826e-01
-8.33245184e-01
0.00000000e+00
0.00000000e+00
0.00000000e+00
1.86518260e-01
8.33948875e-01
-5.02561822e-01
-1.54396378e-01
-1.59838127e+00
3.41487873e-01
8.71043645e-01
9.62244473e-02
4.88848551e-01
0.00000000e+00
4.19342311e-01
-4.65082299e-01
-1.45329205e+00
9.84885801e-01
9.23673740e-02
3.68228077e-01
1.44863548e-01
-2.09855305e+00
1.76360512e-01
4.34902419e-01
5 1
-4.5941e-01 4.5688e-01
8 0
0 1 3 2 8 7 13 6 
217
1.47119151e-01
-2.45906303e-01
-3.31710006e-01
-2.03022705e-02
1.01747719e-02
-5.81425169e-02
8.14038649e-02
1.49275817e-01
1.32829147e-01
9.34479160e-02
-7.72886331e-02
-2.30406491e-01
0.00000000e+00
0.00000000e+00
-1.77139091e-01
-6.38351450e-03
1.48810480e-02
-6.68547496e-02
-2.05458075e-03
2.56247158e-01
3.72575992e-01
-3.30478221e-03
-7.50176250e-02
1.85369999e-02
6.48831436e-04
-1.26739597e-01
-3.79854107e-01
-3.51149701e-03
5.30484754e-01
0.00000000e+00
0.00000000e+00
0.00000000e+00
0.00000000e+00
0.00000000e+00
0.00000000e+00
0.00000000e+00
0.00000000e+00
-9.65358818e-02
1.79095139e-02
-3.32437142e-02
4.46417023e-02
-1.06780156e-02
4.41966073e-02
3.78517853e-01
0.00000000e+00
3.19414219e-02
1.02217811e-01
-7.21555003e-03
-1.28008382e-01
-3.61627251e-02
-1.69455301e-02
-1.34596228e-01
0.00000000e+00
-2.97798518e-01
-3.93876484e-01
2.03764728e-01
2.21262088e-02
4.60008781e-01
-1.57720793e-01
4.55884849e-01
-1.04968037e-01
-1.44279097e-01
5.94055199e-01
0.00000000e+00
-5.28707607e-01
4.67717485e-01
6.00100141e-01
7.98292950e-01
7.57266173e-02
8.16847221e-01
0.00000000e+00
9.56063479e-02
-3.69204325e-03
5.09821554e-01
1.24356307e-01
-4.58308751e-01
7.28200739e-01
0.00000000e+00
-3.17467029e-01
-8.67327948e-01
3.03240938e-01
6.43407876e-01
1.61345241e-01
2.04246258e-01
0.00000000e+00
-3.86458097e-01
-1.02218472e-02
4.40969081e-01
-5.97786595e-01
9.26081665e-02
-1.32025025e-01
0.00000000e+00
-9.65451506e-03
-2.55249662e-01
3.29906340e-01
-2.43942760e-01
-1.73132675e-01
-2.87768808e-01
0.00000000e+00
6.14501007e-02
-2.43938701e-01
1.79102250e-01
-4.03354119e-01
-9.34332005e-02
-1.83979157e-01
0.00000000e+00
1.47593680e-01
9.81570220e-03
-1.58697437e-01
1.32474932e-01
1.58222908e-01
8.64837902e-02
-1.66224643e-01
-4.83106945e-01
-1.33625175e-01
6.45019901e-01
-7.69658172e-01
1.51430837e-01
1.45793816e-01
9.16733879e-01
6.89469650e-01
1.45137794e-01
0.00000000e+00
0.00000000e+00
0.00000000e+00
-1.51478549e-01
1.45748860e-01
-8.83867164e-01
-1.13752173e-01
-1.02570481e+00
-5.59066509e-02
2.26362852e-01
-3.38533900e-01
1.18279421e+00
0.00000000e+00
4.27712311e-02
5.67832773e-01
-9.22302395e-01
5.09323225e-01
-3.23781085e-01
3.59441909e-01
1.69907762e-01
-6.01783175e-01
8.11979306e-01
5.46085569e-01
-3.06751986e-01
0.00000000e+00
0.00000000e+00
0.00000000e+00
4.10259070e-01
3.43235019e-01
5.91411702e-01
1.25777886e-01
-1.09071908e+00
3.40168546e-01
-1.68221569e-03
1.62557832e-01
7.63752397e-02
0.00000000e+00
4.38414263e-01
-3.45837489e-01
1.42480161e-01
3.18387037e-01
-2.01241714e-01
-3.42834424e-01
-3.05635752e-01
-5.42083772e-01
-5.02988031e-01
7.72037376e-02
-8.68327246e-01
0.00000000e+00
0.00000000e+00
0.00000000e+00
1.58039960e-01
9.67230261e-01
-6.43727675e-01
-3.08233731e-01
-1.76231153e+00
-7.41038900e-02
7.74655013e-01
4.96883747e-01
3.56802221e-01
0.00000000e+00
1.39321079e-01
-6.16885125e-01
-1.24371919e+00
8.69312830e-01
5.71383315e-02
6.58944608e-01
1.87603094e-01
-1.50220572e+00
2.37251920e-01
3.79676549e-01
-1.14839614e-01
0.00000000e+00
0.00000000e+00
0.00000000e+00
3.19881091e-02
-1.61734969e-01
1.94740542e-01
5.15148081e-01
1.85934196e-01
-6.41809629e-02
1.12116398e-01
7.36249844e-02
5.86883687e-01
0.00000000e+00
-8.76773391e-02
-6.29126487e-01
-7.14531621e-01
2.52718842e-01
1.94634604e-01
1.00469785e-01
4.75237733e-01
-7.73797895e-01
-4.80182073e-01
7.28947712e-02
136
-8.10160884e-01
9.56090245e-02
-6.86979689e-03
-2.00018806e-01
-7.03843555e-03
-6.33343006e-01
-3.16837907e-04
-7.24080956e-02
-7.89497174e-02
-2.36502244e-01
-3.34682070e-01
-2.38976570e-01
0.00000000e+00
0.00000000e+00
0.00000000e+00
0.00000000e+00
0.00000000e+00
0.00000000e+00
0.00000000e+00
0.00000000e+00
-1.40671439e-01
-3.89645985e-01
-2.86197272e-01
-1.77763091e-01
-1.97946469e-02
2.00807781e-01
2.04171792e-02
0.00000000e+00
9.61477219e-02
-1.63722860e-01
-6.77556712e-02
-4.44943417e-01
2.98456811e-01
-2.31881973e-01
-4.75319254e-02
-9.29342207e-02
-1.93623378e-01
-2.67140006e-01
3.92421180e-01
-5.10795302e-01
3.43228265e-01
-2.56715042e-01
3.53942344e-01
0.00000000e+00
0.00000000e+00
0.00000000e+00
0.00000000e+00
4.07321263e+00
1.55867550e+00
8.43694786e-01
-8.37481946e-01
0.00000000e+00
-5.21776929e-01
-3.35945331e-01
1.35151880e-01
-8.66339435e-02
0.00000000e+00
-3.13920644e-01
5.53804138e-01
-8.26900717e-02
-8.64896796e-01
-1.16617446e+00
-2.80062667e-01
-5.13631809e-01
1.05737553e-01
1.99281193e-02
0.00000000e+00
-7.49971460e-01
-1.67508325e-01
-7.37051842e-02
-4.71102656e-01
0.00000000e+00
1.96459644e-01
-3.08517907e-02
9.09416456e-03
-4.49941346e-01
0.00000000e+00
-5.71551465e-01
-1.60812182e-01
-1.51010742e-01
-2.38858179e-01
-3.97642574e-01
-2.57681566e-01
-3.75939959e-01
1.72894739e-01
-4.27247349e-01
4.83768362e-01
3.03078868e-01
-3.02644245e-01
0.00000000e+00
0.00000000e+00
0.00000000e+00
6.48089738e-02
4.51583272e-01
-6.77002040e-01
-4.87485247e-02
-1.05760916e+00
-5.02762169e-01
-5.47008328e-02
-3.18830367e-01
4.70889155e-01
0.00000000e+00
-1.52054382e-01
9.03528240e-01
-9.73983743e-01
9.50741866e-01
-3.47877873e-01
3.94044648e-01
4.59077423e-01
-1.04117708e+00
6.00005694e-01
5.77422660e-01
-8.98049464e-01
0.00000000e+00
0.00000000e+00
0.00000000e+00
1.40638950e-01
6.87972452e-01
-5.55679624e-01
-2.38703861e-01
-1.39695296e+00
3.54843059e-01
6.35943953e-01
-6.92262916e-02
4.28288277e-01
0.00000000e+00
4.80856325e-01
-1.18305686e-01
-1.38194462e+00
8.47153032e-01
1.13435673e-01
1.91499522e-01
1.70660291e-01
-2.03101287e+00
2.98112327e-01
5.44372593e-01
10 1
-4.5338e-01 4.8495e-01
8 1
0 1 3 2 8 7 13 6 
217
-2.95594282e-01
-2.44888570e-01
4.13353411e-02
-1.21714695e-02
-6.63964035e-01
4.27825047e-01
-1.88898350e-01
1.46980890e-01
1.60899518e-01
-4.78995699e-02
4.38275326e-01
-2.20638158e-01
0.00000000e+00
0.00000000e+00
0.00000000e+00
0.00000000e+00
0.00000000e+00
-1.29598976e+00
3.33899323e-02
7.06106918e-02
1.04206186e+00
-1.02720949e-02
7.08523199e-01
-4.16663810e-02
1.22650667e-03
8.03896533e-01
-1.96504826e-01
-1.02420337e-01
3.33088094e-03
0.00000000e+00
0.00000000e+00
0.00000000e+00
0.00000000e+00
0.00000000e+00
0.00000000e+00
0.00000000e+00
0.00000000e+00
-8.69304342e-02
-4.67155696e-01
-1.54894044e-01
6.93646094e-02
2.44495690e-01
3.96238477e-01
-2.96712884e-01
0.00000000e+00
-1.92673683e-01
-3.31148346e-01
3.82731434e-02
-2.92284625e-01
3.87520226e-01
-9.97016529e-02
2.07410091e-01
6.55285001e-01
-2.61152870e-01
-5.60562843e-01
6.08875069e-01
-2.35256446e-01
-2.23783255e-01
-4.43156066e-01
4.46761974e-01
-1.84012192e-01
-5.69373520e-01
4.57791430e-01
-8.37545828e-01
-4.69279150e-01
-5.28014384e-01
6.89841528e-01
7.15809594e-01
3.21389168e-01
4.97599756e-01
0.00000000e+00
-1.62345652e-01
-2.40300666e-01
2.93262249e-01
-4.86504588e-01
-4.26510879e-01
7.90622664e-01
0.00000000e+00
-4.31045290e-02
-6.89838636e-01
-1.68851790e-01
6.25276708e-01
-8.36379629e-02
2.56046865e-02
0.00000000e+00
-2.82604846e-01
8.12409704e-02
7.23502161e-02
-3.64598706e-01
-8.53396519e-02
6.01151727e-03
0.00000000e+00
-2.53238829e-01
-2.12047104e-01
2.54235593e-01
-3.10496188e-01
-2.96591046e-01
8.44444787e-02
0.00000000e+00
2.55487936e-01
-7.36943883e-03
-3.75857194e-01
2.31545762e-01
-1.75225024e-01
1.58298662e-01
0.00000000e+00
1.34327376e-01
-9.40118155e-02
-3.79854183e-01
-7.83385521e-02
-5.00674751e-02
5.24308301e-01
-6.56002443e-01
-5.44628878e-01
-9.21375724e-01
6.63370347e-01
-1.73085589e-01
2.41666692e-01
-2.94671314e-01
7.76194034e-01
3.75975692e-01
2.46756331e-01
0.00000000e+00
0.00000000e+00
0.00000000e+00
-2.76340376e-01
1.15121204e+00
-5.43713448e-01
-3.48996209e-02
-1.10890565e+00
-1.19645616e-01
4.26219732e-02
-7.60148516e-01
1.68905682e+00
0.00000000e+00
-4.48629209e-01
1.05329440e+00
-9.34099127e-01
1.45414062e+00
-5.67809252e-01
-1.96493087e-01
4.78238143e-01
-1.65475333e+00
9.78347140e-01
4.52824273e-02
-7.20624837e-01
0.00000000e+00
0.00000000e+00
0.00000000e+00
1.32884887e-01
-2.49301850e-01
1.04598489e-01
1.57474665e-01
-2.29051393e-01
1.24965865e-03
-1.89059273e-01
2.75884953e-01
-9.52062839e-01
0.00000000e+00
5.38613443e-01
-1.53026034e-01
-6.52556486e-01
-5.93241862e-01
8.04817189e-01
3.76699311e-01
-4.09033291e-01
3.51546317e-01
-7.32467166e-01
6.95406443e-01
-5.00724644e-01
0.00000000e+00
0.00000000e+00
0.00000000e+00
-5.79287484e-02
5.20672859e-01
-6.03479278e-01
1.33230044e-01
-3.34634610e-01
6.35578070e-01
5.01025724e-01
-4.43521179e-01
3.90662878e-01
0.00000000e+00
1.22511734e-02
1.35240153e-01
-1.14871473e+00
9.43741118e-01
-1.17054761e-01
3.93283371e-01
2.65246806e-01
-1.97089337e+00
1.39842327e-01
1.04727514e-01
-5.21090072e-01
0.00000000e+00
0.00000000e+00
0.00000000e+00
1.68023346e-01
1.31700545e-01
-1.32153044e-01
-2.38908877e-01
-1.19115069e+00
-4.41175907e-01
-5.15023161e-02
4.85535631e-01
4.07360190e-01
0.00000000e+00
5.87806191e-01
-5.25580766e-01
-4.62619988e-01
8.81442231e-02
6.09010371e-01
-3.29828841e-01
-1.38482491e-01
-3.07900243e-01
4.40019315e-01
3.80613278e-01
136
-1.48401119e-01
0.00000000e+00
0.00000000e+00
2.90761675e+00
-4.92873449e-02
-1.09988129e+00
-4.31281624e-03
-1.95613659e+00
5.60746584e-03
-9.93044807e-02
1.78476025e-02
-6.69442411e-02
0.00000000e+00
0.00000000e+00
0.00000000e+00
0.00000000e+00
0.00000000e+00
0.00000000e+00
0.00000000e+00
0.00000000e+00
1.66153228e-01
-6.12261212e-03
-9.46036358e-02
-1.14778529e-01
-5.88061249e-02
-1.13890744e-02
-2.65223653e-02
0.00000000e+00
1.52233501e-01
1.46138099e-01
-4.11864169e-01
2.68621781e-01
1.73057652e-01
-2.22364802e-01
-4.06957912e-01
1.56348004e-01
-8.05102764e-02
-1.89659502e-01
-1.02087447e-01
1.00321519e-01
3.61186188e-01
-1.88941744e-01
9.84099944e-02
0.00000000e+00
0.00000000e+00
0.00000000e+00
2.20821293e-02
4.60492213e-02
1.00549064e+00
2.07504438e-01
-1.03731151e+00
0.00000000e+00
1.12892636e+00
3.13621694e-01
4.32140333e-01
-9.27201326e-02
0.00000000e+00
-3.31733795e-01
5.74608153e-01
-1.31739046e-02
-8.13512652e-01
-9.24232124e-01
-1.03804527e-01
-4.84867644e-01
1.80176334e-01
-2.13807934e-02
0.00000000e+00
-6.69769439e-01
-8.49565795e-02
-5.76547577e-02
-4.06144966e-01
0.00000000e+00
4.20881322e-01
9.08690489e-02
8.20664449e-02
-9.37172749e-02
0.00000000e+00
-2.79269053e-01
-5.47034003e-02
-6.43491307e-02
-1.06901116e-01
-5.15962536e-02
-9.66387934e-02
-2.98515152e-01
2.02380994e-01
-3.43072991e-01
4.15511489e-01
3.71639212e-01
-2.79748992e-01
0.00000000e+00
0.00000000e+00
0.00000000e+00
4.66725652e-02
2.45300976e-01
-5.92906097e-01
1.29123603e-01
-1.26802808e+00
-2.91545649e-01
-7.11765476e-02
-3.13140437e-01
6.55058002e-01
0.00000000e+00
-2.77886279e-01
9.47520298e-01
-8.20844709e-01
9.30750816e-01
-5.34562651e-01
3.63604842e-01
4.41741935e-01
-1.06354529e+00
6.45579132e-01
5.48534577e-01
-8.87681613e-01
0.00000000e+00
0.00000000e+00
0.00000000e+00
8.38519856e-02
7.09840908e-01
-5.47883691e-01
-2.22943422e-01
-1.58101271e+00
2.58816880e-01
6.24281548e-01
4.78395265e-02
5.23300586e-01
0.00000000e+00
3.38678516e-01
-2.28621019e-01
-1.34055935e+00
8.69481933e-01
7.32846405e-02
3.84541872e-01
2.38114086e-01
-1.93333999e+00
2.04106932e-01
6.10539164e-01
9 1
-7.7472e-01 5.2078e-01
8 0
0 1 3 2 8 7 13 6 
217
-9.48305293e-02
-5.78669657e-01
5.39023928e-02
-2.45116586e-01
3.97178713e-01
-5.10224739e-01
2.32777901e-02
9.07178835e-01
7.24395291e-01
5.06933632e-01
0.00000000e+00
0.00000000e+00
0.00000000e+00
0.00000000e+00
5.73494271e-01
-1.96819059e-02
-2.44643283e-01
-7.09364645e-01
6.09445980e-03
-1.58818019e-01
-3.42953350e-02
1.51938920e-03
-2.66457416e-01
7.53351798e-02
1.41258788e-02
-1.08441810e+00
-2.02749807e-01
-8.47650711e-02
1.92684349e-01
0.00000000e+00
0.00000000e+00
0.00000000e+00
0.00000000e+00
0.00000000e+00
0.00000000e+00
0.00000000e+00
0.00000000e+00
-4.88503997e-02
-1.02414916e-01
-2.00576363e-01
-1.73027127e-01
-2.98344522e-01
-7.79159281e-02
8.54467573e-01
0.00000000e+00
1.20715158e-01
-4.62777162e-02
-2.77750586e-01
-6.05989306e-02
-8.39096040e-02
4.78971123e-02
-3.26384431e-02
0.00000000e+00
5.04135852e-03
-2.26548859e-01
3.13446662e-01
-3.26673872e-02
1.56386334e-01
2.38078739e-01
3.64198931e-01
5.07950113e-02
-5.28855468e-01
4.31398774e-01
0.00000000e+00
-6.60320340e-01
-1.04780479e+00
4.57127951e-01
7.32918860e-01
1.08361860e-01
5.76463604e-01
0.00000000e+00
-4.75236370e-01
-2.07771152e-01
6.30324599e-01
-4.51410717e-01
-2.49918759e-01
1.05484761e+00
0.00000000e+00
-6.91577281e-01
-9.02008090e-01
-6.34759037e-02
7.35951195e-01
6.60222656e-01
1.10885510e+00
0.00000000e+00
-3.80731856e-01
-4.06066592e-02
1.45803441e-01
-5.84790438e-01
1.40097886e-01
1.15988870e-01
0.00000000e+00
-1.71254165e-01
-3.20299828e-01
1.25954392e-01
-2.19186262e-01
-4.95307558e-02
-8.99038971e-02
0.00000000e+00
1.12052805e-01
-3.45541712e-01
5.06978128e-02
-7.67037188e-02
-2.57581147e-01
-5.51191003e-01
0.00000000e+00
4.25671450e-02
1.32652992e-01
-2.23810690e-01
1.43382948e-01
8.64130158e-02
2.08287179e-01
-7.51383093e-01
-3.27804308e-01
-2.99411022e-01
8.21618419e-01
-6.40759792e-01
1.62738453e-01
1.95335500e-01
1.24659558e+00
9.82845213e-01
2.77878241e-01
0.00000000e+00
0.00000000e+00
0.00000000e+00
2.04983619e-01
8.58577058e-01
-1.57547879e+00
5.67854038e-02
-1.10685984e+00
-4.77630114e-02
-9.80315608e-02
-7.25809687e-01
1.58379348e+00
0.00000000e+00
-1.67362442e-01
5.61756982e-01
-6.58888183e-01
1.07896836e+00
-4.15763022e-01
4.81594269e-01
3.23883266e-01
-1.08266640e+00
6.21331299e-01
3.84827434e-01
-2.79818728e-01
0.00000000e+00
0.00000000e+00
0.00000000e+00
3.44624291e-02
-4.17891260e-01
4.41329163e-01
3.16599731e-01
-5.94766859e-01
1.17009530e-01
7.45135363e-01
3.92225703e-01
-1.60740209e+00
0.00000000e+00
5.66640736e-01
-8.21894826e-02
-5.68965587e-01
-4.75123111e-01
3.52360701e-01
-1.71420608e-01
3.26117904e-02
-9.50404747e-03
4.03856747e-01
2.45212425e-01
-1.11132558e+00
0.00000000e+00
0.00000000e+00
0.00000000e+00
4.51787750e-01
1.15131185e+00
-3.61241838e-01
5.26300054e-01
-5.03385107e-02
7.68470846e-01
1.09721176e+00
2.60660562e-01
1.46798390e+00
0.00000000e+00
7.48355100e-01
-5.65914894e-01
-3.86238406e-01
1.19028241e+00
3.19825856e-01
1.23407570e+00
8.40337143e-01
-1.39606398e+00
9.23938543e-01
6.59781789e-01
-4.34786587e-01
0.00000000e+00
0.00000000e+00
0.00000000e+00
4.19097144e-01
5.57888700e-01
1.29416434e+00
-3.39282311e-02
-2.44751626e-02
1.78856470e-01
7.41380260e-01
7.30795621e-01
4.38003970e-01
0.00000000e+00
-6.80492462e-02
-4.19002661e-02
2.21453265e-01
7.88786412e-01
1.42967022e-01
1.23589019e-01
3.86367928e-01
-6.19250668e-01
-6.13681586e-01
-3.62860930e-01
136
-7.39883340e-01
-3.75484679e-02
-2.22329092e-03
-1.43679786e-02
-6.55672121e-03
-3.59174609e-01
-1.38162883e-03
-3.28792284e-01
-3.70850280e-02
-3.39765649e-01
-2.96681161e-01
-1.03436530e-01
0.00000000e+00
0.00000000e+00
0.00000000e+00
0.00000000e+00
0.00000000e+00
0.00000000e+00
0.00000000e+00
0.00000000e+00
-1.91269290e-01
-3.18284861e-01
-2.66845443e-01
-1.74192407e-01
-5.58090143e-02
1.16601742e-01
1.50095968e-01
0.00000000e+00
1.76806988e-01
-3.28065081e-01
-2.03393495e-01
-2.67558101e-01
3.54733747e-01
-3.35920927e-01
-6.92634177e-02
-1.02088613e-01
4.17179853e-02
-5.43357684e-01
2.01804224e-01
-2.66462813e-01
6.79406713e-01
-4.05284304e-01
3.27705055e-01
0.00000000e+00
0.00000000e+00
0.00000000e+00
0.00000000e+00
3.51179698e+00
1.37702061e+00
7.16579939e-01
-8.90469549e-01
0.00000000e+00
6.15892290e-01
1.42295012e-01
2.86243087e-01
-1.11653138e-01
0.00000000e+00
-7.57239293e-01
4.76194730e-01
-1.76836153e-01
-8.32594411e-01
-9.62781770e-01
-3.61630605e-01
-4.91945400e-01
7.75120150e-02
4.95868492e-02
0.00000000e+00
-8.05903588e-01
-1.81907849e-01
-9.12586218e-02
-4.10514788e-01
0.00000000e+00
1.45060396e-01
-8.95903684e-02
1.67756676e-02
-3.98096991e-01
0.00000000e+00
-7.06606790e-01
-1.38626826e-01
-1.68499715e-01
-1.57034189e-01
-2.52605416e-01
-3.69889647e-01
-4.17530168e-01
1.32810708e-01
-5.75364635e-01
4.28131249e-01
3.38272117e-01
-3.19905370e-01
0.00000000e+00
0.00000000e+00
0.00000000e+00
3.95256972e-02
4.29222377e-01
-6.32042113e-01
-1.72942180e-01
-1.16674026e+00
-4.04097811e-01
-1.40367605e-01
-2.64398112e-01
6.57862744e-01
0.00000000e+00
-8.35705964e-02
8.48425839e-01
-9.29334671e-01
9.47935964e-01
-3.04154377e-01
3.02070345e-01
3.99975580e-01
-1.07638620e+00
6.06201048e-01
6.22908960e-01
-9.16922659e-01
0.00000000e+00
0.00000000e+00
0.00000000e+00
1.28156920e-01
6.65993858e-01
-5.84994001e-01
-2.18480635e-01
-1.40345221e+00
2.81070877e-01
6.37118557e-01
4.18437303e-02
4.86460616e-01
0.00000000e+00
4.25408011e-01
-2.24254746e-01
-1.46994504e+00
8.82167026e-01
1.39559389e-01
2.45838991e-01
1.88229602e-01
-2.03783653e+00
3.01875820e-01
5.98317110e-01
12 1
-9.5874e-01 5.5295e-01
8 1
0 1 3 2 8 7 13 6 
217
1.95032205e-01
-1.66050572e-01
-2.52525594e-01
8.01395382e-03
5.87993898e-02
-2.04189726e-01
-1.62221680e-01
2.08548482e-01
6.87018258e-03
5.79814023e-01
2.85966262e-01
-2.57539195e-01
0.00000000e+00
0.00000000e+00
-5.11225773e-02
6.24462384e-02
1.01945459e+00
2.65770338e-01
-7.41025062e-04
-7.14903161e-03
-1.68518395e-03
-7.09298799e-03
1.09359704e-01
-1.79303717e-02
-2.22259451e-03
-6.69815380e-02
-2.78711506e-01
3.38950544e-01
1.34793167e-01
0.00000000e+00
0.00000000e+00
0.00000000e+00
0.00000000e+00
0.00000000e+00
0.00000000e+00
0.00000000e+00
0.00000000e+00
-6.84485655e-02
-2.72626645e-01
-1.80439161e-01
-1.71951728e-02
-9.09116210e-03
1.40290528e-01
6.05732658e-01
0.00000000e+00
1.26310433e-01
-5.01569819e-01
-2.66921669e-02
4.39983120e-02
-2.52111596e-02
1.04870444e-01
1.05409172e-01
0.00000000e+00
-1.08960546e-01
-2.55049322e-01
8.51246985e-01
-4.33475458e-02
-4.03407727e-01
1.38286955e-01
5.21014055e-01
1.79948524e-01
-4.11774915e-03
2.23917045e-02
-6.12139968e-01
-2.32536871e-01
-1.90021831e+00
4.92370947e-01
1.12614844e+00
5.47338098e-01
9.78659802e-01
0.00000000e+00
-7.42484098e-01
9.29387616e-02
7.34009100e-01
-6.75768140e-01
2.03507203e-01
1.36003167e+00
0.00000000e+00
-2.46580300e-01
-6.44713836e-01
3.07129691e-01
5.48276265e-01
1.34482814e-01
3.61306404e-01
0.00000000e+00
-1.76075059e-01
-8.04792286e-02
3.52223089e-01
-3.72812184e-01
1.88841750e-02
-2.09045926e-02
0.00000000e+00
-1.11925154e-01
-2.96041583e-01
4.33925565e-01
-4.58710415e-01
-1.26968206e-01
4.96141955e-02
0.00000000e+00
1.82718739e-01
-1.29657707e-01
-2.12096347e-03
-2.30213346e-01
1.44344296e-02
-3.74584218e-02
0.00000000e+00
1.97159749e-01
4.72143460e-03
7.35733499e-02
-8.04803376e-02
-7.57008936e-02
1.08766563e-01
-3.54105195e-01
-9.63379960e-04
-1.19063058e-01
3.73638440e-01
-3.67484356e-01
1.76462340e-01
-3.19258987e-01
6.65957630e-01
1.60938879e-01
-3.15000554e-01
0.00000000e+00
0.00000000e+00
0.00000000e+00
-1.09173713e-01
9.26052354e-01
-1.10169498e+00
-2.22998480e-01
-1.07055690e+00
4.17723360e-01
3.61962547e-01
-4.29994103e-01
2.10251313e+00
0.00000000e+00
3.80089523e-01
2.43760472e-01
-1.26131794e+00
7.54968248e-01
-5.86599238e-01
3.44264048e-01
3.63842788e-01
-1.83273009e+00
3.71806832e-01
3.30815909e-02
-2.01878521e-02
0.00000000e+00
0.00000000e+00
0.00000000e+00
2.38071070e-01
9.46448145e-02
1.11088453e-01
1.28530777e-01
-5.05596261e-01
-2.57379283e-01
-2.20709820e-01
2.82706115e-01
-1.30382827e+00
0.00000000e+00
-3.10419978e-01
1.27223969e-01
-3.25640779e-01
-6.90174314e-02
6.68334124e-01
-1.28643282e-01
-8.96271582e-02
1.23116448e+00
-1.95766095e-01
5.04676707e-01
-1.61786620e+00
0.00000000e+00
0.00000000e+00
0.00000000e+00
2.99389156e-01
1.45468973e+00
5.05499277e-02
9.48031234e-01
-4.06837554e-01
7.29065383e-01
1.42195724e+00
2.65527845e-01
1.61077232e+00
0.00000000e+00
5.36646923e-01
3.67373329e-01
-1.24710461e+00
2.38003069e+00
-7.55916962e-02
4.39926257e-01
7.43775663e-01
-1.85305474e-01
1.19782857e-01
7.63903619e-01
-6.44424873e-01
0.00000000e+00
0.00000000e+00
0.00000000e+00
7.68157916e-01
2.94207401e-01
7.35073193e-01
2.52351720e-01
-2.03279565e-01
7.39295477e-01
6.43035607e-01
8.95832153e-01
3.72487685e-01
0.00000000e+00
1.11308164e+00
1.13181572e+00
1.52006595e+00
2.31202673e-01
1.09727150e+00
6.33151621e-01
4.92198939e-01
-2.03114974e-01
1.21312549e+00
1.03500879e+00
136
-2.96141703e-01
7.13055343e-02
6.15704852e-02
2.36307563e-01
-2.63963280e-03
-2.30747249e-01
-5.66287342e-03
-3.73007551e-01
-3.35379090e-04
-2.84443866e-01
-1.99975888e-02
8.29975206e-03
0.00000000e+00
0.00000000e+00
0.00000000e+00
0.00000000e+00
0.00000000e+00
0.00000000e+00
0.00000000e+00
0.00000000e+00
1.58413551e-01
-8.89815042e-02
-1.38014070e-01
-1.56756414e-01
-9.78320886e-02
-5.59721030e-02
8.99745330e-02
0.00000000e+00
8.88653788e-02
1.09887877e-01
-3.24688423e-01
2.11829594e-01
1.60064099e-01
-2.58380871e-01
-3.33066078e-01
4.43803137e-02
-1.38231212e-01
-1.75859103e-01
6.61253266e-03
3.02423997e-02
4.06322017e-01
-2.06332412e-01
8.91857897e-02
0.00000000e+00
0.00000000e+00
0.00000000e+00
-1.72289018e-01
-7.89167896e-02
9.38449496e-01
1.85744097e-01
-8.70758356e-01
0.00000000e+00
7.96498983e-01
2.00209854e-01
3.39139725e-01
-8.32845897e-02
0.00000000e+00
-3.96006242e-01
5.61060219e-01
-4.24937694e-02
-7.75907274e-01
-9.39015703e-01
-6.67951739e-02
-4.20536021e-01
1.67892273e-01
3.98719524e-02
0.00000000e+00
-7.95292533e-01
-1.13944780e-01
-7.47890644e-02
-4.11821751e-01
0.00000000e+00
3.88927181e-01
-9.58660582e-02
1.02113199e-01
-3.76060552e-01
0.00000000e+00
-3.15724061e-01
-7.25152836e-02
-7.10899394e-02
-8.24883661e-02
-7.54769693e-02
-1.33560848e-01
-2.71604793e-01
2.07877435e-01
-4.48793818e-01
5.03064552e-01
3.99942602e-01
-3.23617087e-01
0.00000000e+00
0.00000000e+00
0.00000000e+00
6.85288732e-02
3.07168968e-01
-6.46032397e-01
4.28878105e-02
-1.30684176e+00
-4.17907737e-01
-4.45757063e-02
-3.10950645e-01
6.42258067e-01
0.00000000e+00
-2.74541802e-01
9.68426039e-01
-9.14710279e-01
9.02786872e-01
-3.09147527e-01
4.80380732e-01
5.05853686e-01
-1.19136483e+00
4.99344191e-01
6.74820356e-01
-8.90855377e-01
0.00000000e+00
0.00000000e+00
0.00000000e+00
1.64333070e-01
7.53456028e-01
-5.61300285e-01
-2.75342048e-01
-1.44692265e+00
3.27925618e-01
5.98961485e-01
5.01921467e-02
5.68461778e-01
0.00000000e+00
3.74348734e-01
-3.96929174e-01
-1.48322814e+00
8.45347396e-01
1.00550680e-01
3.96365991e-01
2.65297765e-01
-1.94322385e+00
2.55988029e-01
5.14862056e-01
11 1
-9.7771e-01 5.5590e-01
8 0
0 1 3 2 8 7 13 6 
217
2.19635671e-01
-2.75540750e-01
-6.86685267e-01
-8.19334829e-03
7.07360122e-02
-1.50680544e-01
-2.66546169e-01
4.19974126e-01
-2.35200589e-01
-8.70411592e-03
6.50646417e-01
4.60575679e-01
0.00000000e+00
0.00000000e+00
1.36153961e-01
-3.81047206e-03
7.45168341e-01
2.82080234e-01
2.48544573e-03
4.19377331e-01
4.64183190e-01
7.20516176e-03
2.56234730e-01
0.00000000e+00
0.00000000e+00
0.00000000e+00
3.48439333e-01
4.76785840e-03
-1.33571520e-01
0.00000000e+00
0.00000000e+00
0.00000000e+00
0.00000000e+00
0.00000000e+00
0.00000000e+00
0.00000000e+00
0.00000000e+00
-1.36216479e-01
-2.17345631e-01
-6.83016472e-02
1.20962507e-01
2.19645681e-01
3.14124248e-01
-1.32330089e-02
0.00000000e+00
-7.32452258e-02
1.20995080e-01
-1.22035899e-01
-3.72291878e-03
4.52019459e-01
-3.48339025e-01
-8.53033968e-02
0.00000000e+00
-5.16732884e-02
4.99741095e-02
3.57350026e-01
-9.41703942e-02
1.61954146e-01
1.57489300e-02
2.88977068e-01
-1.83512153e-01
-5.02054475e-01
9.05202299e-01
0.00000000e+00
-7.08407217e-01
-9.27228280e-01
5.34043097e-01
6.54882355e-01
3.93999791e-01
4.59947710e-01
0.00000000e+00
-5.77312200e-02
-2.26268641e-01
4.85655297e-01
4.70456715e-02
-2.08288405e-01
9.52451787e-01
0.00000000e+00
-1.67528197e-01
-6.00765422e-01
2.18013823e-01
4.33703433e-01
1.69150046e-01
7.65355088e-01
0.00000000e+00
-5.96319264e-02
5.19897737e-02
3.29857163e-01
-3.07755569e-01
-5.05895650e-02
2.01597855e-02
0.00000000e+00
1.62623075e-01
-8.87218495e-02
2.25123519e-02
1.05573967e-01
3.45002450e-02
-1.18068381e-01
0.00000000e+00
2.03154199e-02
-2.45024103e-01
1.11620325e-01
-4.60259345e-02
8.76999267e-02
1.10378454e-01
0.00000000e+00
2.25235392e-01
-1.15141563e-02
-8.74217012e-02
-3.52685250e-01
8.18219808e-02
-1.94583775e-01
-3.63561461e-01
-3.49651838e-01
-4.66637718e-02
8.36592477e-01
-1.60877547e-01
9.62564944e-02
-3.94787892e-01
1.21741868e+00
8.76140934e-01
2.01478012e-01
0.00000000e+00
0.00000000e+00
0.00000000e+00
2.01083336e-01
8.70945247e-01
-6.41220639e-01
1.26162039e-01
-8.38597946e-01
-1.76786344e-01
2.26873009e-01
-7.29568499e-01
6.17917166e-01
0.00000000e+00
-9.35405195e-01
-1.44836606e-02
-1.20817934e+00
1.37765166e+00
2.69841287e-03
2.93742680e-01
6.02243229e-01
-1.05731710e+00
6.40326422e-01
8.43393524e-01
-4.60788320e-01
0.00000000e+00
0.00000000e+00
0.00000000e+00
-1.25317178e-01
-4.83171709e-01
2.46322423e-01
-1.88629337e-01
1.28834363e-01
5.95794878e-01
2.25354111e-01
4.43903599e-01
-9.04197344e-01
0.00000000e+00
6.10909960e-01
2.05441598e-01
5.01162186e-01
-9.24426781e-01
-2.03198278e-01
2.46227490e-01
1.74259704e-01
1.11244850e+00
-1.34778677e+00
-7.74719735e-01
-1.14849343e+00
0.00000000e+00
0.00000000e+00
0.00000000e+00
1.05068237e+00
9.79857548e-01
-1.77878836e-01
2.55234021e-01
-1.21913020e-01
3.95662941e-01
8.50413851e-01
8.50118201e-01
1.46736197e+00
0.00000000e+00
7.90581144e-01
-3.11127174e-01
-1.45344190e+00
1.08576377e+00
5.37580969e-01
9.61696701e-01
8.51731078e-01
-9.70435487e-01
-3.69387605e-02
1.04998939e+00
-4.21301590e-01
0.00000000e+00
0.00000000e+00
0.00000000e+00
-2.08861983e-01
4.51028152e-01
2.68737145e-01
3.80298132e-01
-3.58264769e-02
4.21376274e-01
9.43221187e-01
-3.15525489e-01
-1.23508061e+00
0.00000000e+00
4.52654020e-01
1.28816616e+00
1.06767540e+00
4.56279656e-01
-1.10816930e-01
2.98081745e-01
7.24296906e-01
-8.32473229e-01
8.69968155e-01
-4.47303861e-01
136
-6.63447181e-01
-1.28912696e+00
4.54619811e-02
3.93177065e-01
-4.13380280e-03
2.58103359e-01
-3.77785010e-03
-2.56006436e-02
-3.61650689e-02
-2.78404054e-01
-3.16802041e-01
-6.82410865e-02
0.00000000e+00
0.00000000e+00
0.00000000e+00
0.00000000e+00
0.00000000e+00
0.00000000e+00
0.00000000e+00
0.00000000e+00
-1.22987852e-01
-1.94344009e-01
-1.43843294e-01
-1.47123157e-01
-3.81480759e-02
-4.52802637e-02
2.91268620e-02
0.00000000e+00
2.84846956e-01
-1.75451885e-01
-4.39245917e-01
-6.99647878e-02
1.69671506e-01
-2.89122577e-01
-3.85453778e-01
4.92399601e-02
3.61156619e-02
-3.45039448e-01
5.80123570e-03
-9.30327249e-02
6.19788835e-01
-3.06971884e-01
2.76906475e-01
0.00000000e+00
0.00000000e+00
0.00000000e+00
0.00000000e+00
1.53410173e+00
1.16179257e+00
4.00495894e-01
-8.47148550e-01
0.00000000e+00
9.95130597e-01
2.10006929e-01
4.24036673e-01
-1.05116549e-01
0.00000000e+00
-5.85268244e-01
5.73958311e-01
-1.30062211e-01
-7.46464335e-01
-8.68431478e-01
-1.38726150e-01
-5.44578007e-01
1.87664982e-01
-2.07566746e-02
0.00000000e+00
-9.07612920e-01
-1.83830945e-01
-1.13140762e-01
-4.63571846e-01
0.00000000e+00
3.30158095e-01
-6.06209740e-02
6.19915282e-02
-2.74954220e-01
0.00000000e+00
-8.04950397e-01
-7.69867057e-02
-1.98459105e-01
-1.98722057e-01
3.93022062e-01
-8.00575504e-01
-3.70683918e-01
3.59308979e-02
-4.44816216e-01
7.35805892e-01
4.67661678e-01
-2.00582435e-01
0.00000000e+00
0.00000000e+00
0.00000000e+00
1.01257758e-01
4.62025573e-01
-6.84029293e-01
-3.56798888e-02
-1.09878050e+00
-4.47697027e-01
2.29077148e-02
-2.33228589e-01
5.65702306e-01
0.00000000e+00
1.63890367e-01
4.88717286e-01
-9.38348385e-01
9.88826325e-01
-2.67429413e-01
3.36260991e-01
2.68320262e-01
-1.05235910e+00
6.68572637e-01
4.90488541e-01
-8.65980873e-01
0.00000000e+00
0.00000000e+00
0.00000000e+00
1.21159254e-01
6.86511474e-01
-5.26382116e-01
-1.82427531e-01
-1.44684274e+00
3.97072825e-01
7.10783603e-01
7.65171968e-02
4.89426190e-01
0.00000000e+00
3.98177575e-01
-3.00773979e-01
-1.37106368e+00
9.71068679e-01
5.67577937e-02
3.21617515e-01
1.75011895e-01
-2.12711260e+00
2.13711502e-01
4.70806271e-01
