2 11 -999999999 -1 -1
1 1 0 -1 -1
0.2502 -0.4959
356
-5.12781946e-01
-5.12781946e-01
0.00000000e+00
1.02518607e-01
1.79357653e-01
-7.59128373e-01
1.23843405e-01
0.00000000e+00
0.00000000e+00
-1.11077932e-01
1.23409340e-01
-6.22049797e-01
8.09142121e-02
4.61694467e-02
-1.69087798e-02
7.32579398e-02
0.00000000e+00
0.00000000e+00
0.00000000e+00
0.00000000e+00
0.00000000e+00
0.00000000e+00
0.00000000e+00
0.00000000e+00
0.00000000e+00
0.00000000e+00
0.00000000e+00
0.00000000e+00
0.00000000e+00
0.00000000e+00
0.00000000e+00
0.00000000e+00
0.00000000e+00
0.00000000e+00
0.00000000e+00
0.00000000e+00
0.00000000e+00
0.00000000e+00
0.00000000e+00
0.00000000e+00
0.00000000e+00
0.00000000e+00
0.00000000e+00
0.00000000e+00
0.00000000e+00
0.00000000e+00
0.00000000e+00
0.00000000e+00
0.00000000e+00
0.00000000e+00
0.00000000e+00
2.10575367e-01
-9.01772142e-01
1.34030276e-01
0.00000000e+00
0.00000000e+00
0.00000000e+00
0.00000000e+00
-7.11856307e-01
1.66230995e+00
1.00720615e+00
-3.07852860e-01
3.48426581e-01
-2.09273144e+00
-1.05464475e+00
-1.16031158e-01
0.00000000e+00
0.00000000e+00
7.71498620e-01
-1.45421100e-02
-1.29328935e+00
-8.61609668e-01
3.19054851e-03
-7.15618859e-01
-4.22518707e-01
1.05145666e-02
-7.35494640e-01
0.00000000e+00
0.00000000e+00
0.00000000e+00
0.00000000e+00
0.00000000e+00
0.00000000e+00
0.00000000e+00
0.00000000e+00
0.00000000e+00
0.00000000e+00
2.62117974e+00
2.66509534e+00
0.00000000e+00
-3.51087213e-01
1.83763789e-01
-1.32736786e-01
-1.63756557e-01
-1.83077962e-01
-6.28162228e-01
-3.16199472e-01
-1.05080829e-01
1.37324228e-01
-1.78896320e-01
5.48936409e-01
8.79843912e-02
0.00000000e+00
0.00000000e+00
1.63790172e+00
4.40941771e+00
0.00000000e+00
0.00000000e+00
0.00000000e+00
0.00000000e+00
0.00000000e+00
0.00000000e+00
3.24132970e-01
-4.55887544e-01
-3.91119816e-01
-1.69929560e-01
-2.49988382e-01
-1.20789134e+00
-7.32960350e-02
2.26689271e+00
0.00000000e+00
1.26005606e+00
0.00000000e+00
0.00000000e+00
1.33621058e-01
-3.96850961e-01
-4.89055970e-01
-8.92507974e-01
0.00000000e+00
1.03985817e+00
5.55478446e+00
5.98050823e+00
6.03438373e+00
6.00456109e+00
6.21362187e+00
6.28221824e+00
-8.80282164e-02
5.68284488e-02
4.07698326e-01
-1.79570170e-01
6.19350763e-01
-1.47472651e-02
-6.93165143e-02
-1.50551480e-01
1.76301974e-01
-2.05486454e-01
-2.04137433e-01
-4.49739419e-01
0.00000000e+00
0.00000000e+00
0.00000000e+00
0.00000000e+00
-2.45517292e+00
6.83944773e+00
0.00000000e+00
0.00000000e+00
1.94239098e+00
5.92589568e-02
0.00000000e+00
-3.77590854e+00
-8.45382605e-01
-1.46862909e-01
-1.30530106e+00
-9.99428211e-01
-2.15068367e+00
0.00000000e+00
0.00000000e+00
0.00000000e+00
-2.93223100e-01
9.83372537e-01
-2.88869860e-01
-1.43878774e-01
-1.76304297e+00
6.49468714e-01
1.42733129e-01
2.92631765e-01
8.49430455e-01
0.00000000e+00
5.92098840e-01
-9.24113580e-01
-1.73209581e+00
4.83806288e-01
7.82033825e-01
1.61093808e-01
4.94682973e-01
-2.69291808e+00
-7.94689987e-01
1.05079616e+00
-7.16626661e-02
0.00000000e+00
0.00000000e+00
0.00000000e+00
-1.05879629e-01
-1.13236674e+00
-5.69861851e-01
4.06727441e-01
-3.63605556e-01
-5.30486694e-01
1.39254026e-01
3.75002566e-01
7.30875772e-01
0.00000000e+00
-1.82381487e-01
7.96352224e-01
-2.31171121e-01
4.32255039e-01
-6.78969057e-01
1.54656790e-02
-9.47647575e-02
1.56558482e-01
-4.73678885e-03
7.70069787e-01
-4.44856420e-01
-2.60894303e-01
0.00000000e+00
-2.58450251e-01
9.70401530e-02
1.70608912e-01
1.41847855e-02
-4.45688000e-01
3.61607508e-01
0.00000000e+00
0.00000000e+00
0.00000000e+00
4.42253576e-01
-2.96284497e-01
2.37173580e-01
-4.86445670e-01
2.87020759e-01
8.19316755e-01
-1.06894351e-01
5.33399114e-02
1.68356236e-01
0.00000000e+00
-5.55195701e-02
-8.00815114e-01
-3.79275313e-02
-1.17730669e-01
3.69911788e-01
3.65940069e-01
-1.15457610e-01
5.01916657e-01
-5.74762075e-01
-2.91784734e-01
-1.83962118e-01
0.00000000e+00
-2.68852700e-01
-3.01216611e-01
-1.70582725e+00
-5.84488302e-01
0.00000000e+00
5.75381246e-01
1.92746776e+00
9.78787933e-02
-5.90125855e-03
-6.76465837e-01
-1.12133895e+00
0.00000000e+00
1.90044682e-01
1.59641634e+00
-1.14629112e+00
0.00000000e+00
0.00000000e+00
0.00000000e+00
-2.21078137e-01
-6.40899253e-01
-1.05278997e+00
-7.81863107e-02
0.00000000e+00
-3.13891815e-01
-3.84363490e-01
-6.25517241e-01
1.25983735e+00
0.00000000e+00
-4.52230399e-01
1.58886944e+00
-6.77706638e-01
1.30697730e+00
-1.97546486e-01
2.95994647e-01
1.81486299e-01
0.00000000e+00
0.00000000e+00
2.89645948e-01
2.31661185e-01
0.00000000e+00
0.00000000e+00
0.00000000e+00
-9.72987387e-01
-1.37573152e-01
-8.69471810e-01
8.98720849e-01
0.00000000e+00
-2.20715274e-01
2.15168298e+00
4.48651217e-01
-1.01668262e+00
0.00000000e+00
-4.05788547e-02
-1.35888818e+00
2.56877110e-01
3.33037488e-01
-7.50831083e-01
1.09878884e+00
3.74347712e-01
0.00000000e+00
0.00000000e+00
2.72249234e-01
-6.78334520e-01
5.73942860e-02
8.97563015e-01
-8.26421483e-01
0.00000000e+00
2.75544317e-01
7.19779804e-02
-2.90128012e-01
-3.73111801e-01
0.00000000e+00
0.00000000e+00
0.00000000e+00
3.11480734e-01
-4.92038239e-01
3.79789475e-02
-7.27791707e-01
0.00000000e+00
-6.41835904e-03
-1.76501227e+00
1.06861845e-01
6.44816113e-01
0.00000000e+00
3.61530651e-01
1.38365988e+00
-2.89214969e-01
-2.09196170e-01
6.08084425e-01
-2.01653910e-01
1.95412220e-01
0.00000000e+00
0.00000000e+00
-7.93962976e-02
-7.35728806e-01
8.61005842e-01
-1.59673465e+00
0.00000000e+00
-4.67956599e-01
-2.04257195e-01
-9.88516191e-02
0.00000000e+00
0.00000000e+00
2.61358622e-01
-3.12417792e-01
-1.53198025e-01
-2.63699405e-01
-1.00963646e-01
0.00000000e+00
0.00000000e+00
247
-8.79294732e-01
-8.79294732e-01
0.00000000e+00
-4.87715213e-01
-3.91579519e-01
-9.84284656e-02
-2.37315415e-01
4.89803875e-01
0.00000000e+00
0.00000000e+00
-3.18188345e-01
-1.77646482e-01
3.41245237e-02
-1.35318234e-01
0.00000000e+00
0.00000000e+00
0.00000000e+00
0.00000000e+00
0.00000000e+00
0.00000000e+00
0.00000000e+00
0.00000000e+00
0.00000000e+00
0.00000000e+00
0.00000000e+00
0.00000000e+00
0.00000000e+00
0.00000000e+00
0.00000000e+00
0.00000000e+00
0.00000000e+00
0.00000000e+00
0.00000000e+00
0.00000000e+00
0.00000000e+00
0.00000000e+00
0.00000000e+00
0.00000000e+00
0.00000000e+00
0.00000000e+00
0.00000000e+00
4.17309961e-01
-1.55816032e-02
-9.85940663e-01
8.03815763e-03
-3.08821181e-01
1.87844394e-02
0.00000000e+00
0.00000000e+00
0.00000000e+00
0.00000000e+00
0.00000000e+00
0.00000000e+00
0.00000000e+00
0.00000000e+00
0.00000000e+00
7.34128388e-01
1.02095674e+00
-2.63418162e+00
1.93116135e+00
5.08547810e+00
0.00000000e+00
0.00000000e+00
0.00000000e+00
0.00000000e+00
0.00000000e+00
0.00000000e+00
1.02549812e-01
-1.05875822e+00
-5.14808827e-01
3.70363200e-01
-2.75751999e-01
-1.43405004e+00
-9.94326789e-01
1.05806910e+00
-4.88524956e-02
2.03977679e-02
0.00000000e+00
-1.52466456e+00
7.78341762e-01
-4.71511958e-01
8.88674226e-02
-8.37938360e-01
0.00000000e+00
3.05157861e+00
7.55177711e+00
7.29065770e+00
7.24142104e+00
6.99677211e+00
7.21480384e+00
7.33644639e+00
0.00000000e+00
6.33899960e-01
-4.14325890e-01
-2.28495344e-01
1.70679412e-01
-5.43706477e-01
-1.26963701e-01
-5.01023389e-01
9.25364928e-01
0.00000000e+00
1.51898459e-01
-4.50286212e-01
0.00000000e+00
-1.46127781e+00
5.19523026e+00
0.00000000e+00
5.81983080e-01
2.03042593e-01
0.00000000e+00
-4.59304038e+00
-1.36285544e+00
-1.37181618e+00
-3.27395575e-01
-1.04433688e+00
-2.73467162e+00
0.00000000e+00
0.00000000e+00
0.00000000e+00
-3.28203347e-01
1.49947080e+00
-7.06151056e-01
5.08913608e-01
-1.54656889e+00
3.84059452e-01
8.63740583e-01
3.84118317e-01
-5.33569219e-01
0.00000000e+00
5.41319485e-01
-1.29642821e+00
-2.00795271e+00
1.22243084e+00
5.06713003e-01
7.55879395e-01
3.74145034e-02
-2.49514379e+00
-1.26014723e+00
7.35432842e-01
-9.36024521e-01
-3.33347316e-01
0.00000000e+00
3.57476506e-01
3.55661783e-01
-4.50506903e-01
0.00000000e+00
0.00000000e+00
0.00000000e+00
-2.88204540e-01
3.13170254e-01
3.42470761e-01
-5.01497922e-02
2.04137103e-01
-4.50955504e-01
-1.94332353e-01
6.16688693e-01
2.15470720e-01
0.00000000e+00
3.00623760e-01
6.40949263e-01
0.00000000e+00
-1.86308970e-01
-5.85550502e-01
2.03508931e-02
-2.07834685e-01
0.00000000e+00
3.65197609e-02
4.88178253e-01
-6.02677205e-01
0.00000000e+00
2.88098533e-01
2.54493367e-02
-1.79864710e+00
-1.02950812e+00
0.00000000e+00
0.00000000e+00
1.70182107e+00
-7.69138974e-01
0.00000000e+00
0.00000000e+00
3.77119001e-01
-1.37173245e+00
0.00000000e+00
0.00000000e+00
0.00000000e+00
-1.94613970e-01
-3.51726475e+00
-1.54330603e+00
6.90867282e-01
0.00000000e+00
7.36912283e-02
1.01940209e+00
2.83225833e-01
3.83937576e-01
0.00000000e+00
-5.51497667e-01
1.80565313e+00
8.69755326e-02
3.18604128e+00
-1.37888962e+00
6.78985086e-01
4.95530623e-01
0.00000000e+00
9.54040056e-01
8.97766176e-01
-6.02531377e-01
-1.37031241e-02
7.94135151e-01
-8.07838275e-01
0.00000000e+00
-1.89019103e-01
0.00000000e+00
0.00000000e+00
0.00000000e+00
1.59550129e-01
2.27912805e+00
7.04274366e-01
-1.13432680e-01
0.00000000e+00
-2.10445623e-01
7.79499840e-01
3.17341453e-01
-4.31438975e-01
0.00000000e+00
1.22449648e-01
-1.93309228e+00
-2.83770644e-01
-2.20437662e+00
7.98331446e-01
4.40788545e-01
-3.76386070e-01
0.00000000e+00
0.00000000e+00
9.52164363e-01
-5.88828253e-01
8.49169463e-01
-1.43799772e+00
0.00000000e+00
-7.69201076e-01
-3.13692451e-01
6.76467612e-03
0.00000000e+00
0.00000000e+00
-4.55508625e-01
3.99299211e-01
0.00000000e+00
0.00000000e+00
0 -999999999 7 2 -1
1 0 1 1 -1
1.1055e-02 -6.2285e-01
356
3.90010687e-01
0.00000000e+00
0.00000000e+00
0.00000000e+00
0.00000000e+00
0.00000000e+00
0.00000000e+00
0.00000000e+00
0.00000000e+00
0.00000000e+00
0.00000000e+00
0.00000000e+00
0.00000000e+00
0.00000000e+00
0.00000000e+00
0.00000000e+00
1.48937199e-01
2.41073487e-01
7.80275395e-02
-5.47896103e-01
-2.85762764e-01
7.33153653e-01
0.00000000e+00
0.00000000e+00
-5.66660423e-02
-6.46115494e-01
7.85066840e-02
2.93490667e-01
-7.22939179e-02
-5.46093005e-02
2.04930758e-01
1.86910839e-01
2.03099848e-01
-5.38154250e-01
-6.75457606e-01
5.47103768e-01
2.51107529e-01
4.13488808e-01
-1.71718830e+00
3.11576281e-01
9.53886487e-03
0.00000000e+00
0.00000000e+00
0.00000000e+00
0.00000000e+00
0.00000000e+00
0.00000000e+00
0.00000000e+00
0.00000000e+00
0.00000000e+00
0.00000000e+00
-1.12406228e+00
-2.74215470e-01
-8.20535283e-01
0.00000000e+00
0.00000000e+00
0.00000000e+00
0.00000000e+00
-1.63430774e-01
8.98232392e-01
5.83419487e-01
-9.52255285e-02
5.02561710e-01
-7.30851600e-01
-8.37960778e-02
-9.27434860e-01
-4.48743658e-01
4.59895556e-03
0.00000000e+00
0.00000000e+00
0.00000000e+00
-8.56138606e-01
2.48434169e-02
-7.99172615e-01
-8.15399551e-01
3.13655251e-02
-1.56678947e-01
2.14701167e+00
1.93599828e-02
-1.85627417e-01
0.00000000e+00
0.00000000e+00
0.00000000e+00
0.00000000e+00
0.00000000e+00
0.00000000e+00
0.00000000e+00
6.19595855e-01
6.12183321e-01
-7.82744313e-01
-7.03407754e-01
-2.89723211e-01
4.27420910e-03
1.16306503e-01
6.21933898e-02
-1.08289990e-01
2.00955160e-02
2.49444329e-02
-3.23091018e-01
-3.76851032e-01
5.96772371e-02
4.17128718e-01
0.00000000e+00
0.00000000e+00
2.80719504e+00
3.09223820e+00
0.00000000e+00
0.00000000e+00
0.00000000e+00
0.00000000e+00
0.00000000e+00
0.00000000e+00
7.84781443e-01
-5.28120121e-01
-3.20089248e-01
3.56651156e-01
-6.15069103e-01
-2.09533848e+00
9.12744771e-01
1.74224748e+00
-3.15705617e-01
-1.18356827e-01
0.00000000e+00
-1.73596424e+00
8.63921644e-01
-1.32801600e-02
3.00702677e-01
-1.31684850e+00
0.00000000e+00
-2.40676157e-01
6.31472214e+00
6.73368198e+00
6.56817189e+00
6.27820212e+00
6.02798525e+00
6.07929521e+00
1.28241892e-01
6.15490901e-01
-1.59290736e-01
-2.18495495e-01
5.83106085e-01
-3.88069738e-01
0.00000000e+00
-1.05197728e+00
9.89251819e-01
1.54207071e-01
7.25202131e-01
-4.09561846e-01
0.00000000e+00
0.00000000e+00
0.00000000e+00
0.00000000e+00
8.39333057e-01
2.22380410e+00
0.00000000e+00
0.00000000e+00
-4.49322370e-01
6.20727174e-01
0.00000000e+00
0.00000000e+00
-1.01532750e+00
-1.27960098e+00
-1.40185686e+00
-1.42262653e+00
-2.41718435e+00
0.00000000e+00
0.00000000e+00
0.00000000e+00
-1.05264443e+00
1.89171804e+00
-1.11803770e+00
4.07254888e-01
-1.41790953e+00
-1.10202816e+00
1.54182403e-01
5.22426322e-01
4.66216609e-01
0.00000000e+00
-1.41351186e-01
-1.27099087e+00
-2.00506745e+00
1.10969057e+00
1.77893176e+00
6.53912304e-01
2.62684236e-01
-2.08440841e+00
-4.10844558e-01
9.39080812e-01
6.74877904e-01
0.00000000e+00
0.00000000e+00
0.00000000e+00
1.15590422e-01
9.27816173e-02
1.39024407e-01
-2.39392292e-01
3.14846615e-01
5.63429653e-01
-4.50382137e-02
5.00724387e-02
-2.05834425e-01
0.00000000e+00
-1.76265814e-01
-6.35409957e-02
4.21795862e-01
1.05461628e-01
-6.13509695e-01
-5.44049409e-02
-3.30672042e-02
2.82883225e-01
-8.40553913e-02
1.04101006e-01
-8.08966119e-01
-3.72433528e-01
0.00000000e+00
0.00000000e+00
3.93058267e-01
1.52970042e-01
-4.78988944e-02
-4.77504675e-01
-7.03774302e-01
0.00000000e+00
0.00000000e+00
0.00000000e+00
-5.02241367e-01
-9.14744042e-02
4.40896514e-03
5.68072642e-02
-3.21375471e-01
-5.65852501e-02
-5.58898503e-03
1.99559317e-01
-5.65387815e-01
0.00000000e+00
-5.80315331e-01
-1.49730458e-01
-1.58035941e-01
2.32889233e-01
6.92481953e-01
-5.90540507e-01
8.97439874e-02
7.58340600e-02
5.77648268e-01
3.88128180e-01
-4.36532592e-01
0.00000000e+00
0.00000000e+00
-7.10121760e-01
-1.60821824e+00
-6.42893968e-01
0.00000000e+00
0.00000000e+00
0.00000000e+00
1.77432317e-01
-1.04978854e-01
-7.15347431e-01
-9.65324268e-01
0.00000000e+00
0.00000000e+00
0.00000000e+00
-2.70222752e+00
0.00000000e+00
0.00000000e+00
0.00000000e+00
9.60738565e-01
-2.58879135e-01
-2.78349317e+00
5.32951020e-02
-9.14542584e-01
-1.81635029e+00
-1.27310319e+00
1.05233513e+00
1.48849750e+00
0.00000000e+00
-1.19370313e+00
1.39401958e+00
-5.35207120e-01
1.97460898e+00
-1.60477678e+00
1.04774684e+00
9.96547707e-01
0.00000000e+00
2.70885102e-01
8.90884961e-01
2.84575123e-01
0.00000000e+00
0.00000000e+00
0.00000000e+00
6.97554989e-02
4.73472346e-01
6.97124697e-01
1.96768234e-01
0.00000000e+00
6.12425878e-01
1.09782056e+00
4.43199093e-01
3.66106228e-02
0.00000000e+00
1.61344082e-01
1.27518837e-01
9.12271725e-01
-2.58940166e-01
3.62501388e-02
2.58685710e-01
-1.64121981e-02
0.00000000e+00
0.00000000e+00
2.37723746e-01
-8.09080889e-01
-2.45362034e-01
0.00000000e+00
8.11091622e-01
-1.05645366e+00
1.33493521e-01
-5.29229238e-02
-3.25932630e-01
7.40896249e-02
0.00000000e+00
0.00000000e+00
0.00000000e+00
-8.56197410e-02
5.53517876e-01
-2.07308709e-01
5.87164830e-01
0.00000000e+00
-4.95438893e-01
-4.35157225e-01
-1.28286458e+00
1.67006425e-01
0.00000000e+00
5.10444080e-01
2.37454460e-01
5.47786395e-01
5.73035572e-01
-7.17111202e-01
-2.47181316e-01
3.28404345e-01
0.00000000e+00
0.00000000e+00
-1.49761560e-01
-5.63718855e-01
8.57950335e-01
1.89844449e+00
-3.32011367e+00
-1.89314663e+00
-1.03423895e+00
0.00000000e+00
-9.52941026e-01
0.00000000e+00
-6.80596677e-01
-4.79673100e-01
1.26030829e-01
-8.58907678e-01
-1.86172781e-02
-5.67661314e-01
0.00000000e+00
247
-7.74196968e-01
0.00000000e+00
0.00000000e+00
0.00000000e+00
0.00000000e+00
0.00000000e+00
0.00000000e+00
0.00000000e+00
0.00000000e+00
4.67131936e-01
0.00000000e+00
0.00000000e+00
0.00000000e+00
0.00000000e+00
-3.69646154e-01
-4.04550814e-01
-5.01751680e-02
-3.19470986e-01
-1.18955392e+00
1.24295516e+00
0.00000000e+00
0.00000000e+00
0.00000000e+00
6.36108380e-01
-1.14161618e+00
-4.53677235e-02
8.59849588e-01
-7.74196968e-01
0.00000000e+00
-1.68655705e+00
9.12360080e-01
-1.62673369e-01
9.25933975e-02
4.89866431e-01
0.00000000e+00
0.00000000e+00
0.00000000e+00
0.00000000e+00
0.00000000e+00
0.00000000e+00
0.00000000e+00
0.00000000e+00
0.00000000e+00
9.80055378e-01
-7.00909175e-04
-2.80124249e+00
3.94130956e-02
1.04699014e+00
-5.12587950e-03
0.00000000e+00
0.00000000e+00
0.00000000e+00
0.00000000e+00
0.00000000e+00
0.00000000e+00
0.00000000e+00
6.03420990e-01
8.24317792e-01
0.00000000e+00
2.01162975e+00
2.39305516e+00
0.00000000e+00
0.00000000e+00
0.00000000e+00
0.00000000e+00
0.00000000e+00
0.00000000e+00
2.27024888e-01
-1.59314664e-01
-4.44287050e-01
2.52508125e-01
-1.14587865e+00
-1.51587936e+00
1.83068528e+00
6.72235051e-01
0.00000000e+00
0.00000000e+00
0.00000000e+00
0.00000000e+00
5.30701785e-01
2.29919532e-01
-1.05517263e+00
-1.70649654e+00
0.00000000e+00
2.00019819e+00
6.84580785e+00
7.09881883e+00
6.88831285e+00
7.19092827e+00
6.41169499e+00
5.21589449e+00
-2.47490057e-01
-4.38767337e-02
-3.14522194e-01
-2.27806352e-01
1.65778077e-01
-3.24776101e-01
0.00000000e+00
0.00000000e+00
7.07446429e-02
3.02275766e-01
0.00000000e+00
0.00000000e+00
0.00000000e+00
-7.42596640e-01
4.16499583e+00
0.00000000e+00
-3.16003288e-02
6.09450782e-01
0.00000000e+00
0.00000000e+00
-1.15850149e+00
-1.62732523e+00
-1.86615045e+00
-1.30110167e+00
-2.78582672e+00
0.00000000e+00
0.00000000e+00
0.00000000e+00
1.28619231e-01
1.14028795e+00
-1.91585540e+00
-3.73680706e-04
0.00000000e+00
1.59153479e-01
4.47739539e-01
5.93334304e-02
5.39682931e-01
0.00000000e+00
9.38480785e-02
-5.30837166e-01
-7.85227740e-01
8.03844753e-01
1.48007570e+00
5.72345308e-01
1.03182342e+00
0.00000000e+00
-8.72305479e-01
9.58158329e-01
-1.39681222e+00
-6.97322825e-01
0.00000000e+00
0.00000000e+00
1.19086860e-02
2.14130462e-01
0.00000000e+00
0.00000000e+00
0.00000000e+00
4.16796411e-01
6.16036442e-01
1.04332657e+00
6.58961028e-01
0.00000000e+00
2.69358550e-01
2.25697618e-01
4.44817458e-01
9.42775260e-01
0.00000000e+00
8.72361717e-01
7.84652151e-01
3.37182279e-01
3.63159922e-01
-1.08604635e+00
3.44491208e-01
8.01442123e-01
0.00000000e+00
1.99069263e-01
9.67368369e-02
-6.99489391e-01
0.00000000e+00
0.00000000e+00
-2.38792742e-01
-1.38901450e+00
-4.61178661e-01
0.00000000e+00
0.00000000e+00
0.00000000e+00
-9.27835842e-01
0.00000000e+00
0.00000000e+00
0.00000000e+00
-3.16725213e+00
0.00000000e+00
0.00000000e+00
0.00000000e+00
6.68445460e-01
-2.62186345e+00
-1.95319655e+00
-2.26552935e+00
0.00000000e+00
-9.00539795e-01
-1.25443477e+00
6.18181269e-01
1.74113838e-01
0.00000000e+00
-1.09340784e+00
2.40508106e+00
1.01253321e+00
1.56624067e+00
1.19516278e+00
1.11389282e-01
9.30676152e-01
0.00000000e+00
0.00000000e+00
4.66831283e-01
-5.31267121e-01
3.23635745e-01
0.00000000e+00
1.25923001e+00
-9.32908668e-01
-6.86941500e-02
0.00000000e+00
0.00000000e+00
0.00000000e+00
-3.29358827e-01
7.07044291e-01
4.45287377e-01
3.76829896e-01
0.00000000e+00
7.27374364e-01
4.99530831e-01
5.67379835e-01
0.00000000e+00
0.00000000e+00
-1.02320680e-01
1.76130157e-01
5.27817820e-03
0.00000000e+00
-3.15850622e-02
-1.60438365e-01
4.02465305e-01
0.00000000e+00
0.00000000e+00
-1.97073909e-01
-8.54902867e-01
-6.41295602e-01
1.81064924e+00
-2.02425650e+00
-2.63598501e+00
0.00000000e+00
0.00000000e+00
0.00000000e+00
0.00000000e+00
-4.46198808e-01
-1.01301038e-01
0.00000000e+00
0.00000000e+00
1 -999999999 5 2 0
1 0 1 1 1
7.6541e-02 -6.2060e-01
356
9.24141056e-02
0.00000000e+00
0.00000000e+00
0.00000000e+00
0.00000000e+00
0.00000000e+00
0.00000000e+00
0.00000000e+00
0.00000000e+00
0.00000000e+00
0.00000000e+00
0.00000000e+00
0.00000000e+00
0.00000000e+00
0.00000000e+00
0.00000000e+00
9.24141056e-02
0.00000000e+00
-6.86742576e-02
-2.17215925e-01
-2.13461173e-01
-7.99553863e-02
0.00000000e+00
0.00000000e+00
-4.32720116e-01
-5.61447740e-01
3.38916275e-01
5.98446380e-02
-9.24959241e-02
-4.21492665e-02
6.59709330e-02
9.24141056e-02
0.00000000e+00
-6.64379856e-01
-5.82698656e-01
4.03818070e-01
2.67388837e-01
5.60668481e-01
-6.09848279e-01
1.96125480e-01
-3.11961912e-01
9.24141056e-02
0.00000000e+00
-1.71259057e+00
-4.47040564e-01
0.00000000e+00
-1.40474111e+00
9.92401715e-01
4.85333069e-01
8.12602958e-01
1.52394971e+00
-7.55444145e-01
-3.72683919e-01
-1.52309618e+00
0.00000000e+00
0.00000000e+00
0.00000000e+00
0.00000000e+00
-5.08185169e-01
4.82848364e-01
4.61934059e-01
3.96560974e-01
8.70811156e-01
-7.60813440e-01
-2.45023837e-01
-5.91038176e-01
-4.87122103e-01
-4.98081689e-02
6.93400891e-02
-1.47170456e-02
-2.52534624e-01
4.96018828e-01
-7.40161291e-03
-3.78807769e-01
-4.72430426e-01
2.50742833e-02
-3.70315340e-01
0.00000000e+00
0.00000000e+00
0.00000000e+00
0.00000000e+00
0.00000000e+00
0.00000000e+00
0.00000000e+00
0.00000000e+00
0.00000000e+00
0.00000000e+00
1.20430495e-01
8.14076989e-02
0.00000000e+00
1.49981831e-01
-1.23486048e-01
5.11396244e-02
-7.78057920e-02
-9.71367458e-02
-1.51285472e-01
1.56610887e-01
8.94012434e-03
5.11678727e-01
3.57639279e-02
-2.58290543e-01
6.21349539e-01
0.00000000e+00
0.00000000e+00
2.93733993e+00
5.05334058e+00
0.00000000e+00
0.00000000e+00
0.00000000e+00
0.00000000e+00
0.00000000e+00
0.00000000e+00
-3.37452321e-01
-9.08516989e-01
-5.17145384e-01
3.63222671e-01
-2.87135299e-02
-1.41632027e+00
2.58870995e-01
2.25844620e+00
-1.10289023e+00
-1.34004201e+00
0.00000000e+00
-1.06609305e+00
2.23743114e-01
1.91347221e-01
-7.71455517e-01
-1.19320113e-01
0.00000000e+00
1.23900709e+00
8.35296034e+00
8.71453264e+00
8.74838639e+00
8.38389710e+00
8.03266416e+00
8.34036743e+00
1.04946633e+00
3.29152836e-01
1.28553717e-01
2.70537261e-01
7.25168238e-01
1.89642852e-01
-1.48603860e+00
-2.92735856e+00
-1.48397204e+00
-1.88561391e+00
-2.18997469e-01
-1.41020544e+00
0.00000000e+00
0.00000000e+00
0.00000000e+00
0.00000000e+00
-1.06808641e+00
5.34717510e+00
0.00000000e+00
0.00000000e+00
1.16050051e+00
1.71743131e-01
0.00000000e+00
-3.07472899e+00
-1.20344691e+00
-1.34455521e+00
-1.64147891e+00
-5.41642271e-01
-2.84492582e+00
0.00000000e+00
0.00000000e+00
0.00000000e+00
-3.70583669e-01
1.60204130e+00
-2.21082355e+00
2.53329079e-01
5.34242100e-01
-5.99380383e-01
-3.55109698e-02
3.19978457e-01
8.35621548e-01
0.00000000e+00
1.73423243e-01
-1.43029817e+00
-1.45671151e+00
1.65106664e+00
1.04345486e+00
4.06404296e-01
-6.32443543e-01
-2.63759724e+00
-9.78539997e-01
6.87401679e-01
3.00921793e-01
0.00000000e+00
0.00000000e+00
0.00000000e+00
3.44550518e-01
-2.35901766e-01
9.12169759e-01
1.06164578e-01
-1.37471201e+00
5.21858703e-01
2.46495332e-01
3.02992355e-01
-5.05381451e-01
0.00000000e+00
-1.17649124e-01
-8.45026955e-01
-6.72023212e-02
1.48963481e-02
-1.65740871e-01
1.20653701e-01
2.85677225e-01
4.28913374e-01
1.40496177e-01
1.87668216e-01
-8.44443702e-01
-4.66506196e-01
0.00000000e+00
2.27071146e-01
2.72806904e-01
-2.96282872e-02
-8.76446067e-02
-3.49233302e-01
-3.05189902e-01
0.00000000e+00
0.00000000e+00
0.00000000e+00
-5.25910893e-01
1.58113521e-01
-4.54458960e-01
-4.85317525e-02
1.55359927e+00
1.08996930e-01
-3.59601935e-01
-6.94528710e-02
-4.25803346e-01
0.00000000e+00
-7.00822748e-01
-4.09056988e-02
-2.68581186e-01
3.31145551e-01
7.83133332e-01
-7.65176936e-01
-3.09629642e-01
3.03065940e-01
4.91880815e-01
-6.62492945e-02
-3.77937506e-01
0.00000000e+00
-4.69802998e-01
-4.59171945e-02
-2.00048212e+00
-7.36940716e-01
0.00000000e+00
-7.68082657e-02
5.97608969e-01
1.74993788e-01
-3.41622549e-02
-8.77772249e-01
-1.26354140e+00
0.00000000e+00
0.00000000e+00
5.83714701e-02
-1.88619748e+00
0.00000000e+00
0.00000000e+00
0.00000000e+00
-1.28230293e-01
-2.40891786e+00
-5.99722692e-01
-5.80958663e-01
0.00000000e+00
9.85675397e-02
4.01552764e-01
6.89378382e-02
4.54709196e-01
0.00000000e+00
-4.56186874e-01
7.85279439e-01
-2.03303388e-01
2.16308026e+00
-1.69957762e+00
-4.15556213e-01
8.10267055e-01
0.00000000e+00
0.00000000e+00
4.73340412e-01
4.49356986e-01
0.00000000e+00
0.00000000e+00
0.00000000e+00
3.52492441e-01
4.67331552e-01
-7.48827555e-02
2.76972334e-01
0.00000000e+00
6.94091473e-01
-6.13818226e-01
5.49011861e-01
-3.36291080e-01
0.00000000e+00
-4.23489680e-01
-9.61815810e-02
-2.09908031e-01
-4.16917474e-02
-7.72921696e-01
3.78953214e-01
3.62314410e-02
0.00000000e+00
0.00000000e+00
3.15960209e-01
-8.73510305e-01
-1.45485271e-01
2.36926337e-01
-3.82411608e-01
0.00000000e+00
-1.67343547e-02
5.10407319e-03
-1.33854990e-01
-8.18930097e-02
0.00000000e+00
0.00000000e+00
0.00000000e+00
-4.21316731e-01
-6.02435565e-02
4.70638916e-01
9.07867921e-02
0.00000000e+00
-3.81307184e-01
8.22852828e-01
-3.72744177e-01
3.84414619e-02
0.00000000e+00
6.27265647e-01
1.68695875e-01
5.17785109e-01
-8.08242738e-02
-8.58632101e-01
-4.96651977e-01
1.16269856e-01
0.00000000e+00
0.00000000e+00
-2.18106896e-01
-7.28025034e-01
9.96085545e-01
-1.72411058e+00
0.00000000e+00
-1.01268718e+00
-1.19906994e+00
-1.19891315e+00
0.00000000e+00
0.00000000e+00
0.00000000e+00
0.00000000e+00
0.00000000e+00
1.86382763e-01
2.45522981e-01
0.00000000e+00
0.00000000e+00
247
-1.15189925e+00
0.00000000e+00
0.00000000e+00
0.00000000e+00
0.00000000e+00
0.00000000e+00
0.00000000e+00
0.00000000e+00
0.00000000e+00
-3.93577192e-02
0.00000000e+00
0.00000000e+00
0.00000000e+00
0.00000000e+00
-1.15189925e+00
0.00000000e+00
-9.90150519e-01
-1.61748730e-01
-1.99138967e-01
-2.67117970e-01
0.00000000e+00
0.00000000e+00
0.00000000e+00
-3.15791405e-01
-2.77809240e-01
3.05718810e-01
-1.50010522e-01
1.64092060e+00
0.00000000e+00
-9.02368011e-01
2.54328861e+00
-1.59802145e-01
1.42783076e-01
8.40980654e-01
-1.15189925e+00
0.00000000e+00
3.75726859e+00
-4.90916784e+00
-3.52891978e-01
-4.44195557e-01
-1.60494155e+00
-2.48979770e-01
3.34471272e-03
6.98096371e-01
-1.35731852e-02
-1.60083989e+00
4.10664496e-02
0.00000000e+00
0.00000000e+00
0.00000000e+00
0.00000000e+00
0.00000000e+00
0.00000000e+00
0.00000000e+00
0.00000000e+00
0.00000000e+00
2.46815197e+00
1.67158760e+00
0.00000000e+00
2.03420968e+00
4.70995164e+00
0.00000000e+00
0.00000000e+00
0.00000000e+00
0.00000000e+00
0.00000000e+00
0.00000000e+00
7.24674404e-01
-6.73525427e-01
-2.40329458e-01
1.34732094e-01
-1.04058132e+00
-2.09107922e+00
-5.17567679e-02
7.67700777e-01
1.07090533e-02
-6.15860505e-01
0.00000000e+00
-1.65681142e+00
3.39515334e-01
8.32702369e-01
-1.12425708e-01
-1.68341359e+00
0.00000000e+00
9.58428111e-01
7.51707563e+00
7.82754560e+00
7.42290930e+00
7.92399310e+00
6.44994620e+00
6.92699815e+00
-1.37793086e+00
3.87255066e-01
-7.27221317e-01
-8.03658307e-01
-1.25694376e-01
-9.41051369e-01
0.00000000e+00
-1.25748297e+00
-6.75215287e-01
0.00000000e+00
0.00000000e+00
-1.29989551e+00
0.00000000e+00
-8.03716127e-01
3.35656368e+00
0.00000000e+00
-3.48183123e-01
1.25066607e+00
0.00000000e+00
-3.22116213e+00
-1.37606909e+00
-1.58165780e+00
-1.77926853e+00
-8.61420228e-01
-2.95772689e+00
0.00000000e+00
0.00000000e+00
0.00000000e+00
-2.01896182e-01
2.97943379e+00
-2.22503771e+00
5.66084866e-01
1.35496345e+00
-7.74786862e-01
4.58215004e-01
2.18971724e-01
4.50194218e-01
0.00000000e+00
9.79500371e-01
-1.72876773e+00
-3.74993486e-01
1.50955360e+00
1.07339645e+00
1.07477653e+00
1.25879591e+00
0.00000000e+00
-3.22133619e-01
2.00994148e+00
-1.42785076e+00
-8.51208771e-01
0.00000000e+00
3.76854082e-01
2.79765563e-01
-3.60757289e-01
0.00000000e+00
0.00000000e+00
0.00000000e+00
7.99067460e-01
7.77257759e-01
1.64155991e+00
1.10524827e+00
-1.07833748e+00
1.04363233e+00
9.91571942e-01
1.01574233e+00
1.33593639e+00
0.00000000e+00
8.98546895e-01
1.66574197e+00
7.88453798e-01
5.13420956e-01
-3.05688285e-01
7.48139583e-01
1.15608708e+00
0.00000000e+00
3.25659650e-01
2.23832285e-01
-5.76641991e-01
0.00000000e+00
2.65528891e-01
-4.15027638e-01
-1.52987613e+00
-5.24860323e-01
0.00000000e+00
-7.97812553e-01
5.98844552e-01
-1.00501581e+00
0.00000000e+00
0.00000000e+00
2.10894392e-02
-2.64068876e+00
0.00000000e+00
0.00000000e+00
0.00000000e+00
1.69545190e+00
-2.79699759e+00
0.00000000e+00
1.35370156e+00
0.00000000e+00
8.08850969e-01
3.17086387e-01
-1.54753101e-01
0.00000000e+00
0.00000000e+00
1.14688075e+00
4.40896127e+00
2.24726553e+00
4.37618259e+00
2.23464924e+00
1.83954484e+00
3.13048597e+00
0.00000000e+00
3.26128584e+00
7.42544706e-01
-1.00712418e+00
-3.82755913e-01
1.05630248e+00
0.00000000e+00
0.00000000e+00
-1.40725643e+00
0.00000000e+00
0.00000000e+00
0.00000000e+00
7.23135824e-01
0.00000000e+00
0.00000000e+00
-2.16803001e+00
0.00000000e+00
2.50318996e+00
7.24437079e-01
2.22043981e+00
0.00000000e+00
0.00000000e+00
1.93228021e+00
7.83290652e-01
0.00000000e+00
0.00000000e+00
1.01565374e+00
-3.04442008e+00
-2.76710770e+00
0.00000000e+00
0.00000000e+00
5.71716227e-01
-6.24368265e-01
6.51116393e-01
-1.27548466e+00
0.00000000e+00
-1.63356458e+00
0.00000000e+00
0.00000000e+00
0.00000000e+00
0.00000000e+00
-2.37051963e-01
-1.43083777e-01
0.00000000e+00
0.00000000e+00
4 2
-1.1309e-01 -3.1566e-01
3 -1
2 0 1 
217
1.32937541e+00
3.67099213e-01
-1.22891744e+00
-2.72495581e-01
-1.99137273e-01
3.61607723e-01
9.94908889e-01
-7.49335552e-02
8.81282989e-01
-8.82011367e-01
1.13401811e-01
-6.90905957e-01
-4.61081009e-01
-3.39614711e-01
0.00000000e+00
0.00000000e+00
0.00000000e+00
0.00000000e+00
0.00000000e+00
0.00000000e+00
6.87871911e-02
-2.45645835e-03
-2.89417027e-02
1.26058822e+00
-4.68021282e-03
-3.43559900e-01
0.00000000e+00
0.00000000e+00
0.00000000e+00
0.00000000e+00
0.00000000e+00
0.00000000e+00
0.00000000e+00
1.26238807e+00
1.56338123e+00
-1.49639389e+00
0.00000000e+00
3.71533889e-01
2.07817660e-01
7.50023859e-01
0.00000000e+00
0.00000000e+00
0.00000000e+00
0.00000000e+00
0.00000000e+00
2.01520907e-01
4.23090784e-02
1.71848122e-01
1.27703903e-01
6.49305980e-02
-2.89610605e-02
7.50023859e-01
0.00000000e+00
0.00000000e+00
0.00000000e+00
0.00000000e+00
0.00000000e+00
0.00000000e+00
0.00000000e+00
0.00000000e+00
8.92910921e-01
4.23090784e-02
3.94155408e-01
-1.18009401e-03
1.42232015e-01
-1.06166358e-01
9.10800210e-01
-3.69010691e-01
2.77523277e-01
1.02630992e-01
0.00000000e+00
3.94155408e-01
-2.55322744e-01
3.33375999e-01
1.22399284e-01
6.01844001e-01
1.50823255e-01
3.22738686e-01
9.29394214e-02
-3.35632007e-01
7.28295173e-01
6.87411318e-01
1.85402127e-01
3.96007965e-01
0.00000000e+00
0.00000000e+00
0.00000000e+00
0.00000000e+00
0.00000000e+00
0.00000000e+00
0.00000000e+00
0.00000000e+00
0.00000000e+00
0.00000000e+00
0.00000000e+00
0.00000000e+00
0.00000000e+00
0.00000000e+00
0.00000000e+00
0.00000000e+00
0.00000000e+00
0.00000000e+00
0.00000000e+00
0.00000000e+00
0.00000000e+00
0.00000000e+00
0.00000000e+00
0.00000000e+00
0.00000000e+00
0.00000000e+00
0.00000000e+00
0.00000000e+00
0.00000000e+00
0.00000000e+00
0.00000000e+00
0.00000000e+00
0.00000000e+00
0.00000000e+00
0.00000000e+00
-1.28758267e+00
-8.77560089e-01
-1.84664877e+00
0.00000000e+00
0.00000000e+00
0.00000000e+00
4.62305561e-01
1.00646505e+00
-1.11557921e+00
-9.73177032e-02
-8.54190116e-01
2.41862441e-01
-6.11539347e-02
-5.48684913e-02
7.21554573e-01
0.00000000e+00
9.13832018e-01
-1.27375469e+00
-1.15738422e+00
-3.31041548e-01
3.51832378e-02
1.96619714e-01
1.16674559e-01
-1.23763079e+00
2.83031639e-01
3.58743138e-01
2.57187676e-03
0.00000000e+00
0.00000000e+00
0.00000000e+00
6.18328031e-02
-5.01387996e-03
4.16793220e-02
6.21363800e-02
-5.40686732e-01
-1.18224868e-01
1.20020219e-01
2.12553220e-01
-1.24124790e-01
0.00000000e+00
3.81557216e-02
5.76214858e-01
2.53341327e-01
3.84553362e-01
1.09061864e-01
7.98453785e-02
1.08176818e-01
-1.14308056e+00
-2.57427744e-01
1.43559179e-01
-2.55001663e+00
0.00000000e+00
0.00000000e+00
0.00000000e+00
9.73105289e-01
2.48790684e-01
-1.88063267e+00
1.10368349e+00
0.00000000e+00
-5.77593111e-01
-1.04514158e-01
-3.87134939e-01
-9.25730250e-02
0.00000000e+00
-9.80461055e-01
2.63888649e+00
-9.63616849e-01
9.55906720e-01
-6.67659063e-01
-3.35426364e-01
1.38968455e+00
0.00000000e+00
-3.95447797e-01
-1.74115291e-01
-3.06823907e-01
0.00000000e+00
0.00000000e+00
0.00000000e+00
1.90390856e-01
-3.52489118e-02
2.34277059e-01
-1.20576923e-01
0.00000000e+00
-3.39992125e-01
-1.93831094e-01
2.81548907e-01
3.07889526e-01
0.00000000e+00
7.12441796e-01
8.09653103e-01
5.24426391e-01
1.27721929e+00
-2.96890436e-01
6.53527932e-01
-2.89226565e-02
0.00000000e+00
1.13297747e+00
6.58827070e-01
136
5.59806399e-01
0.00000000e+00
0.00000000e+00
0.00000000e+00
0.00000000e+00
4.24148056e-01
-4.58309760e-04
1.36073702e-01
-2.28488020e-03
0.00000000e+00
0.00000000e+00
0.00000000e+00
0.00000000e+00
0.00000000e+00
0.00000000e+00
0.00000000e+00
3.25110683e+00
3.38486116e+00
0.00000000e+00
-5.98850847e-01
3.20060596e-01
3.28858821e-02
8.05710768e-01
0.00000000e+00
0.00000000e+00
0.00000000e+00
0.00000000e+00
-5.98850847e-01
3.48947983e-01
4.98164053e-01
7.69487028e-01
-5.27051440e-01
-1.34250490e+00
6.05903757e-01
8.05710768e-01
0.00000000e+00
0.00000000e+00
0.00000000e+00
0.00000000e+00
0.00000000e+00
0.00000000e+00
0.00000000e+00
0.00000000e+00
0.00000000e+00
0.00000000e+00
0.00000000e+00
-2.75857082e-01
2.54022606e-01
-1.40368737e-01
2.16809899e-01
-6.36429258e-01
0.00000000e+00
-2.11945921e+00
-4.34758171e-02
-8.38995275e-01
-8.27590405e-01
3.42955844e-01
6.74792373e-01
1.25980605e+00
3.00473377e-01
-1.89828838e-01
4.98164053e-01
-1.52060836e+00
0.00000000e+00
0.00000000e+00
0.00000000e+00
0.00000000e+00
0.00000000e+00
0.00000000e+00
0.00000000e+00
0.00000000e+00
0.00000000e+00
0.00000000e+00
0.00000000e+00
0.00000000e+00
0.00000000e+00
0.00000000e+00
0.00000000e+00
0.00000000e+00
0.00000000e+00
0.00000000e+00
0.00000000e+00
0.00000000e+00
0.00000000e+00
0.00000000e+00
0.00000000e+00
-4.27176375e-02
-1.68906870e+00
-1.56519139e+00
0.00000000e+00
0.00000000e+00
0.00000000e+00
4.67095262e-01
3.29198415e-01
-6.30838721e-01
-7.57246585e-02
-1.30680518e+00
-4.33521927e-01
1.14329642e-01
1.81189910e-01
4.88008418e-01
0.00000000e+00
9.25548537e-01
1.24801700e-01
-1.32008164e+00
7.88792598e-01
6.91853834e-01
2.36168330e-01
4.94550548e-01
-2.54831558e+00
-5.36700518e-01
4.45259646e-01
-3.61414354e+00
0.00000000e+00
0.00000000e+00
0.00000000e+00
1.21548343e+00
-2.11666966e-01
-1.17633669e+00
2.01137525e-01
-1.98375566e-03
-3.05850032e-01
5.39646899e-01
7.53598390e-01
4.37162855e-01
0.00000000e+00
3.62271721e-01
5.14202586e+00
-3.56756585e-01
2.19925565e+00
1.19173712e+00
-2.32895656e-03
1.21115476e+00
-2.26760427e-02
-2.52634332e-01
1.13866487e+00
13 1
-3.1160e-01 -5.6622e-02
4 2
2 0 1 4 
217
3.18018197e-01
-3.24386955e-01
-3.27892486e-01
-5.14956801e-01
-2.19549452e-01
9.07229838e-01
2.95198525e-01
6.68555033e-01
6.84569160e-01
-3.20879049e-01
-4.42200036e-01
-5.27300021e-02
0.00000000e+00
0.00000000e+00
5.02006784e-01
-1.82922847e-03
6.78665258e-01
8.84001839e-02
1.99897060e-03
3.54514584e-01
-2.72388771e-01
1.43423447e-02
5.06732716e-01
0.00000000e+00
0.00000000e+00
0.00000000e+00
0.00000000e+00
0.00000000e+00
0.00000000e+00
0.00000000e+00
0.00000000e+00
0.00000000e+00
0.00000000e+00
9.16843593e-01
1.19743029e+00
0.00000000e+00
0.00000000e+00
-7.65168752e-03
-3.65479449e-01
-1.26165824e-01
3.40942678e-01
0.00000000e+00
0.00000000e+00
0.00000000e+00
0.00000000e+00
-1.26642534e-01
-2.19036422e-02
-5.57838135e-01
1.40894489e-01
-3.20234005e-01
9.69792724e-02
8.02520441e-01
0.00000000e+00
4.67012552e-01
-2.93473794e-02
1.07665285e-01
-2.20517533e-02
-4.39119081e-01
-5.97232468e-01
3.40942678e-01
1.98878790e-01
-5.12510216e-02
-3.05982050e-01
0.00000000e+00
4.37109976e-02
-7.39463824e-02
2.99803929e-01
-1.18368974e-01
-2.54967288e-02
5.17941193e-01
0.00000000e+00
1.76232146e-01
-5.15931166e-01
2.16185768e-01
1.92326995e-01
-7.43997165e-02
6.21958863e-01
2.77319290e-01
3.79993350e-02
4.98875881e-01
-5.11660275e-02
1.27463573e+00
5.38655997e-02
9.52303951e-01
0.00000000e+00
4.90148365e-01
-2.74799993e-01
-2.91001164e-01
4.51677149e-01
1.18870997e-01
-4.63381016e-01
0.00000000e+00
0.00000000e+00
0.00000000e+00
0.00000000e+00
0.00000000e+00
0.00000000e+00
0.00000000e+00
0.00000000e+00
0.00000000e+00
0.00000000e+00
0.00000000e+00
0.00000000e+00
0.00000000e+00
0.00000000e+00
0.00000000e+00
0.00000000e+00
0.00000000e+00
0.00000000e+00
0.00000000e+00
0.00000000e+00
0.00000000e+00
0.00000000e+00
0.00000000e+00
0.00000000e+00
0.00000000e+00
0.00000000e+00
0.00000000e+00
0.00000000e+00
-2.34209130e-01
-4.86030349e-01
-2.00613451e+00
0.00000000e+00
0.00000000e+00
0.00000000e+00
1.67044983e-01
4.61840391e-01
-1.11298042e+00
2.27126577e-01
-2.00778758e+00
-4.87199286e-01
-2.16674932e-01
7.88838690e-01
6.48696192e-01
0.00000000e+00
5.77274299e-01
4.48812545e-01
-2.99839041e-01
6.45654094e-02
5.82069967e-01
3.82930503e-01
7.26249611e-02
-3.37530335e+00
3.34293429e-01
7.37532158e-01
-2.57323501e-01
0.00000000e+00
0.00000000e+00
0.00000000e+00
5.93378467e-01
-1.24881214e-01
2.66733346e-01
-4.27143357e-01
7.98050410e-01
-2.01510846e-01
1.77482726e-01
-1.81093559e-01
5.79960667e-01
0.00000000e+00
-1.47974635e-01
-1.46136885e+00
-1.67212172e+00
5.33616418e-01
-8.49032815e-02
-2.17093265e-03
3.23950278e-01
8.73085394e-01
-3.95593512e-01
2.95180701e-01
-2.77809476e+00
0.00000000e+00
0.00000000e+00
0.00000000e+00
6.92615227e-01
-2.20204109e-01
-1.32861265e+00
3.25756639e-01
0.00000000e+00
-2.17593071e+00
-2.38439556e-01
1.40059448e-01
-2.92036027e-01
0.00000000e+00
7.08458287e-02
4.35348820e+00
-5.40780697e-01
8.65076006e-01
-1.16863772e-01
-4.95509651e-01
4.66853843e-01
0.00000000e+00
-3.47096972e-04
5.64525621e-01
-5.57087983e-01
0.00000000e+00
0.00000000e+00
0.00000000e+00
-3.48558249e-01
5.68786786e-01
7.24800808e-01
9.56324608e-01
0.00000000e+00
7.90103719e-01
-5.45352078e-01
2.83055629e-01
-6.84020577e-01
0.00000000e+00
7.65884402e-01
-1.96253570e-02
-1.01495770e+00
-6.44915098e-01
-9.11798957e-01
1.09224360e+00
5.77615970e-01
0.00000000e+00
-6.59821960e-04
9.38983202e-01
136
6.19405951e-01
7.64993543e-01
-2.62015031e-02
4.15598827e-01
1.64102253e-04
-4.79851048e-01
4.20663834e-03
0.00000000e+00
0.00000000e+00
0.00000000e+00
0.00000000e+00
0.00000000e+00
0.00000000e+00
0.00000000e+00
0.00000000e+00
0.00000000e+00
1.28901923e+00
1.03816284e+00
-1.63942390e+00
-7.25584381e-01
1.26438953e-01
6.02164244e-03
5.00030938e-01
7.12498798e-01
0.00000000e+00
0.00000000e+00
0.00000000e+00
-7.25584381e-01
4.66191340e-01
-4.07461841e-01
-6.32620623e-01
6.77094539e-02
-6.79983643e-01
2.31435144e-01
6.65640633e-01
0.00000000e+00
7.68862281e-01
5.53200231e-01
3.99367358e-01
-2.34871747e-01
-8.56731196e-01
2.91754143e-01
7.12498798e-01
0.00000000e+00
0.00000000e+00
0.00000000e+00
0.00000000e+00
2.54339212e+00
2.30522971e-01
6.67591317e-01
-2.12089834e-01
0.00000000e+00
-1.19440789e+00
1.01532108e-01
-3.03181614e-01
-6.71949276e-01
2.82735411e-02
3.93680825e-01
9.67145885e-01
8.50184595e-03
-2.49391525e-01
1.45738390e-01
-1.16075677e+00
-2.17429891e-01
-3.69375629e-01
-2.98783534e-01
0.00000000e+00
0.00000000e+00
0.00000000e+00
0.00000000e+00
0.00000000e+00
0.00000000e+00
0.00000000e+00
0.00000000e+00
0.00000000e+00
0.00000000e+00
0.00000000e+00
0.00000000e+00
0.00000000e+00
0.00000000e+00
0.00000000e+00
0.00000000e+00
0.00000000e+00
0.00000000e+00
0.00000000e+00
0.00000000e+00
-6.13870104e-01
-1.82111289e+00
-1.52360781e+00
0.00000000e+00
0.00000000e+00
0.00000000e+00
4.15730093e-01
5.80288614e-01
-7.35210239e-01
4.07376283e-02
-1.69801454e+00
-3.61260846e-01
5.81727969e-02
2.20610520e-01
2.43081255e-01
0.00000000e+00
9.81746339e-01
3.51069061e-01
-1.06560115e+00
5.83963384e-01
6.37580069e-01
3.82622300e-01
3.22713909e-01
-2.56893530e+00
-3.83624347e-01
4.70722636e-01
-2.77238956e+00
0.00000000e+00
0.00000000e+00
0.00000000e+00
6.96516874e-01
-7.61370208e-01
-2.09981828e+00
-3.64479322e-01
-1.57781737e-04
-1.09197446e+00
2.98554037e-01
3.90366503e-02
-6.84163928e-02
0.00000000e+00
-6.03381613e-01
4.04672273e+00
-6.05388739e-01
2.06739292e+00
-8.62775132e-02
-1.66028091e-01
5.01513773e-01
-8.42169680e-03
1.06509997e-01
3.88841866e-01
5 1
-3.0120e-01 -6.5398e-02
5 0
2 0 1 4 13 
217
-1.91251895e-01
-5.13935786e-01
-1.87841028e-02
5.14826803e-02
1.64889367e-01
1.93574120e-01
3.54631448e-01
-5.00158282e-01
-2.92219175e-01
3.29107471e-01
-4.57476700e-01
6.82093246e-01
0.00000000e+00
0.00000000e+00
0.00000000e+00
0.00000000e+00
0.00000000e+00
-1.28679155e+00
3.22449069e-02
3.14457740e-02
-2.20156976e-01
2.43431255e-02
-4.47679005e-01
1.31569663e+00
-1.89290561e-02
-3.16068387e-01
0.00000000e+00
0.00000000e+00
0.00000000e+00
0.00000000e+00
0.00000000e+00
0.00000000e+00
0.00000000e+00
9.74890026e-01
1.41195813e+00
0.00000000e+00
0.00000000e+00
-9.72976536e-01
3.12997226e-01
4.91536964e-01
1.44200612e-01
-1.67010161e-01
0.00000000e+00
0.00000000e+00
0.00000000e+00
5.10467387e-01
2.41501827e-01
-7.31526136e-01
5.44478788e-01
-1.16889692e+00
-1.52500008e-01
8.58779528e-01
0.00000000e+00
1.96535766e-01
-1.15142762e+00
2.28844095e-01
-2.87854717e-01
-7.50356646e-02
-2.60569852e-01
1.05595163e+00
-2.16075417e-01
1.38774262e-01
-1.13950740e-01
-9.44457507e-01
-1.21914078e-01
-5.82388410e-01
3.75921705e-01
-7.75154275e-02
4.99197985e-01
4.00331296e-01
0.00000000e+00
-2.80305355e-01
-1.64738773e-02
1.60829400e-01
6.21198258e-01
-7.17759401e-02
8.30401186e-01
-2.09161708e-01
-4.96442976e-01
3.92127545e-01
2.17047986e-01
7.12202051e-01
2.97304804e-01
1.10053860e+00
0.00000000e+00
1.02304470e-01
2.69656574e-02
-1.52701550e-01
1.40189646e-01
-1.40854814e-01
-4.08237251e-01
4.66897626e-01
-3.42560395e-01
-2.49027052e-01
-1.57743625e-01
-2.94772686e-01
-1.57845501e-01
-7.67838816e-02
0.00000000e+00
0.00000000e+00
0.00000000e+00
0.00000000e+00
0.00000000e+00
0.00000000e+00
0.00000000e+00
0.00000000e+00
0.00000000e+00
0.00000000e+00
0.00000000e+00
0.00000000e+00
0.00000000e+00
0.00000000e+00
0.00000000e+00
0.00000000e+00
0.00000000e+00
0.00000000e+00
0.00000000e+00
0.00000000e+00
0.00000000e+00
-9.58644717e-01
-1.05196492e+00
-2.25467298e+00
0.00000000e+00
0.00000000e+00
0.00000000e+00
2.77014403e-01
3.15580064e-01
-1.24290482e+00
4.11532902e-01
-4.98044932e-01
-7.94957300e-01
-8.52540228e-02
6.31435875e-01
1.17941735e+00
0.00000000e+00
4.74026664e-01
-7.27610118e-01
-7.33205040e-01
4.09089671e-01
9.05686656e-01
1.58991539e-01
-1.28903131e-01
-2.48463868e+00
-5.75353108e-01
2.53423051e-01
3.22936417e-01
0.00000000e+00
0.00000000e+00
0.00000000e+00
-5.71693321e-02
-9.93832498e-02
2.44860856e-01
-3.33594779e-01
-7.20170956e-01
4.48862049e-01
1.63322515e-01
-4.07019585e-02
-2.24112100e-01
0.00000000e+00
-7.97132854e-02
4.12406564e-01
-1.12700676e-01
3.83785060e-01
-4.61245931e-01
1.58345806e-01
2.80123428e-01
-1.69398413e-01
5.12582822e-02
4.78162535e-01
-2.64427739e+00
0.00000000e+00
0.00000000e+00
0.00000000e+00
7.79426677e-01
6.34850591e-01
-1.95816190e+00
-2.77199409e-02
0.00000000e+00
-1.70150823e+00
1.07506672e-01
9.27414158e-01
8.59330401e-01
0.00000000e+00
-3.90031092e-01
2.49127069e+00
-7.67029111e-01
2.28701448e+00
-1.24305041e+00
-3.26731923e-01
4.37415344e-01
-1.66116633e-03
-1.46895999e-03
6.68195568e-01
2.02720692e-01
0.00000000e+00
0.00000000e+00
0.00000000e+00
-3.13813040e-01
6.35687473e-01
6.57226527e-01
4.55157432e-01
0.00000000e+00
5.82730670e-01
-7.67688956e-02
-2.74435673e-02
2.96110666e-01
0.00000000e+00
1.88597284e-01
5.90064201e-01
6.91994096e-02
8.94739302e-02
-9.26392747e-02
1.04801589e+00
1.54998843e-01
-9.09825161e-04
-1.53449723e-03
2.79555428e-01
136
6.78074012e-01
0.00000000e+00
0.00000000e+00
-9.43407323e-01
3.36435073e-02
-1.99864144e-01
2.83206437e-02
1.82261520e+00
-2.17172774e-02
0.00000000e+00
0.00000000e+00
0.00000000e+00
0.00000000e+00
0.00000000e+00
0.00000000e+00
0.00000000e+00
7.91003203e-01
7.55547643e-01
-8.65844539e-01
-4.85989921e-01
-1.14522792e-01
2.63423470e-01
4.97785667e-01
5.17043812e-01
3.33774643e-04
0.00000000e+00
0.00000000e+00
-3.92048505e-01
3.53158047e-01
-1.23245121e-01
-1.06146181e+00
4.21149774e-01
-7.16370178e-01
-1.86161462e-01
6.16092200e-01
0.00000000e+00
3.04300114e-01
6.02808728e-01
6.19702875e-01
-8.39453954e-02
-5.51667783e-01
5.39651447e-02
8.21797385e-01
0.00000000e+00
0.00000000e+00
0.00000000e+00
-1.45045445e-01
4.37568608e-01
-1.18706318e-01
2.14682566e-01
-3.42981594e-01
0.00000000e+00
-6.65423926e-01
2.81421117e-01
-2.10182613e-01
-6.09347597e-01
2.10737480e-02
2.82140579e-01
1.02915539e+00
3.89427201e-02
-1.29995313e-01
4.36897610e-01
-9.37007998e-01
-1.87196744e-01
-3.81694249e-01
-4.02892685e-01
5.92893343e-01
-1.94750642e-02
-3.79130515e-01
3.46563707e-02
-4.28493363e-01
0.00000000e+00
0.00000000e+00
0.00000000e+00
0.00000000e+00
0.00000000e+00
0.00000000e+00
0.00000000e+00
0.00000000e+00
0.00000000e+00
0.00000000e+00
0.00000000e+00
0.00000000e+00
0.00000000e+00
0.00000000e+00
0.00000000e+00
-3.75690456e-01
-1.48292321e+00
-1.68597228e+00
0.00000000e+00
0.00000000e+00
0.00000000e+00
5.77121694e-01
5.64274766e-01
-6.51061606e-01
1.85142324e-02
-1.87949514e+00
-3.77829961e-01
-1.12379869e-01
2.47410980e-01
4.70098517e-01
0.00000000e+00
1.08417639e+00
3.03415688e-01
-1.33004946e+00
4.97712939e-01
4.91181637e-01
3.55453572e-01
6.34063088e-01
-2.73973802e+00
-3.51209684e-01
5.12367950e-01
-2.67505305e+00
0.00000000e+00
0.00000000e+00
0.00000000e+00
7.09633978e-01
-1.61602551e-03
-2.51507217e+00
-3.05797606e-01
-7.65854852e-04
-1.47461537e+00
-6.40564932e-01
1.32476110e-02
-4.48721594e-01
0.00000000e+00
-9.93946820e-01
4.06414608e+00
-9.05627674e-01
2.96294351e+00
-7.36866024e-03
-7.07675543e-01
1.30382813e-01
-2.46348608e-03
4.75766282e-01
2.19409700e-01
11 1
-3.8086e-01 -1.1679e-02
6 0
2 0 1 4 13 5 
217
9.21292182e-01
-5.79318364e-01
-7.23766701e-01
-2.62939018e-02
2.02597121e-01
3.44694719e-01
6.04132164e-01
7.99346513e-02
6.43390002e-01
-2.70931779e-01
-5.24088772e-01
-1.11442055e-01
0.00000000e+00
0.00000000e+00
0.00000000e+00
0.00000000e+00
0.00000000e+00
-2.37541418e+00
3.26012512e-02
6.58280514e-01
1.68915417e+00
-4.91518028e-03
-2.49689505e-01
1.60755220e+00
-3.38321933e-02
-6.67792818e-02
0.00000000e+00
0.00000000e+00
0.00000000e+00
0.00000000e+00
0.00000000e+00
0.00000000e+00
0.00000000e+00
4.67907961e-01
3.92728491e-01
0.00000000e+00
0.00000000e+00
1.60075800e-01
-6.53684442e-02
-6.59282008e-02
6.02180334e-02
9.00702000e-02
7.42224794e-01
0.00000000e+00
0.00000000e+00
3.73910414e-02
-4.25231466e-01
-2.85868840e-02
-4.32711083e-01
-6.95783358e-01
6.22505190e-01
9.67322203e-01
0.00000000e+00
8.10434149e-01
-2.05340466e-01
2.46816842e-01
6.88200693e-02
1.35250526e-01
-2.58537286e-01
7.89427039e-02
2.81922455e-01
-6.85216025e-02
7.07891330e-01
-4.77449675e-01
-1.53045366e-01
-4.36242927e-01
8.45439350e-01
-8.00425948e-02
7.06347874e-01
6.45404932e-01
0.00000000e+00
-7.65986549e-02
-4.71232582e-01
8.75114573e-01
7.89976191e-02
1.22776265e-01
6.52768055e-01
3.75047446e-01
6.04357711e-02
2.77386377e-01
3.44402985e-01
1.36525293e+00
1.41405981e-01
5.42503535e-01
0.00000000e+00
4.49056433e-02
-2.43265383e-01
7.57692837e-01
-2.04658874e-02
1.18693703e-01
5.36803182e-02
5.15589834e-01
-2.52566359e-02
-3.02983283e-01
1.81699271e-01
-4.34365967e-01
2.49259713e-01
2.52436635e-01
0.00000000e+00
2.87998525e-01
-1.17591606e-01
4.54117555e-01
-3.70841859e-01
1.79176103e-01
-3.56519202e-01
0.00000000e+00
0.00000000e+00
0.00000000e+00
0.00000000e+00
0.00000000e+00
0.00000000e+00
0.00000000e+00
0.00000000e+00
0.00000000e+00
0.00000000e+00
0.00000000e+00
0.00000000e+00
0.00000000e+00
0.00000000e+00
-1.10924331e+00
-6.87146157e-01
-1.60975440e+00
0.00000000e+00
0.00000000e+00
0.00000000e+00
4.48482333e-01
1.11334853e-02
-3.27349778e-01
5.37541848e-01
-1.71729212e+00
-1.99850243e-01
3.98859287e-02
4.96934317e-01
5.05004446e-01
0.00000000e+00
2.13751966e-01
-6.10268202e-01
-5.34463930e-01
3.51422416e-01
2.46135774e-01
2.52261502e-01
7.81879601e-01
-2.78715131e+00
-4.27576885e-01
1.10976446e+00
-1.37217797e-01
0.00000000e+00
0.00000000e+00
0.00000000e+00
5.90388633e-02
4.31551444e-01
-3.42625797e-01
-3.88859379e-01
8.52926751e-02
-3.61347485e-02
2.97345408e-01
2.05269128e-02
3.26946806e-01
0.00000000e+00
4.47525416e-01
7.81031141e-01
-9.03199573e-01
-1.65464556e-01
2.00441970e-01
1.22072411e-02
-5.04010900e-01
-2.28466885e-01
-1.21536939e-01
-1.08826897e-01
-2.08030552e+00
0.00000000e+00
0.00000000e+00
0.00000000e+00
-2.29690136e-01
-2.06982801e-01
-1.49917578e+00
4.49579579e-01
0.00000000e+00
-1.94529891e+00
-7.38904209e-02
2.26501446e-02
5.07230924e-01
0.00000000e+00
-7.82100281e-01
3.47331251e+00
3.49288213e-01
2.08891325e+00
9.09355695e-01
-2.92387058e-01
-8.85937858e-01
0.00000000e+00
-2.24088203e-05
3.28949042e-01
3.67207131e-02
0.00000000e+00
0.00000000e+00
0.00000000e+00
3.92588904e-01
1.58409021e-01
9.60421366e-02
3.79455746e-01
0.00000000e+00
9.15205231e-01
2.14114956e-01
4.39883349e-01
-2.35151635e-01
0.00000000e+00
5.21269038e-01
-5.36672430e-01
-2.25290968e-01
-3.35200907e-01
-1.45161393e+00
7.50688864e-01
8.94950725e-01
0.00000000e+00
-3.18699223e-05
2.21785196e-01
136
6.94202700e-01
0.00000000e+00
0.00000000e+00
-1.50228306e+00
2.18533761e-02
8.28169448e-01
3.03165274e-04
1.36831631e+00
-2.73810104e-02
0.00000000e+00
0.00000000e+00
0.00000000e+00
0.00000000e+00
0.00000000e+00
0.00000000e+00
0.00000000e+00
5.37718406e-01
4.19609818e-01
-2.54614428e-01
-5.58691509e-01
-5.98201249e-02
1.76128384e-01
2.63626612e-01
4.14378303e-01
3.03033452e-01
1.55547583e-01
0.00000000e+00
-4.51336363e-01
-2.88393977e-01
-2.99073058e-02
-9.05334830e-01
-2.12883698e-01
-9.37644954e-01
2.26221247e-01
9.14852684e-01
0.00000000e+00
5.10871480e-01
5.06907530e-01
3.55406756e-01
2.53793341e-01
-4.08266076e-01
3.00697274e-01
8.59219590e-01
0.00000000e+00
0.00000000e+00
0.00000000e+00
9.16411702e-02
5.01850856e-01
-8.36735714e-02
2.44586155e-01
-5.53166750e-01
0.00000000e+00
-1.53386025e+00
2.36960129e-01
-3.23421043e-01
-2.49636588e-01
-2.36492208e-01
-6.52945017e-02
7.91074532e-01
-9.17460061e-02
-1.56985542e-01
6.61686982e-02
1.28932018e-01
-4.59372952e-02
-6.80986850e-02
-1.91134461e-01
6.92581922e-01
2.80620171e-01
-1.37197191e-01
1.12367566e-01
-5.31443536e-01
0.00000000e+00
9.29313782e-01
-5.16824154e-01
2.26026603e-01
-2.75990309e-03
0.00000000e+00
0.00000000e+00
0.00000000e+00
0.00000000e+00
0.00000000e+00
0.00000000e+00
0.00000000e+00
0.00000000e+00
0.00000000e+00
0.00000000e+00
-1.23009405e-01
-1.69880731e+00
-1.71515773e+00
0.00000000e+00
0.00000000e+00
0.00000000e+00
4.88250928e-01
6.72590317e-01
-6.61511562e-01
-2.44564310e-02
-1.67375283e+00
-4.63974378e-01
-8.53961488e-02
2.86870871e-01
4.89968155e-01
0.00000000e+00
9.09580666e-01
-1.92222396e-02
-1.07480831e+00
8.44674210e-01
5.65121711e-01
3.96795597e-01
3.41680873e-01
-2.72247567e+00
-3.41720284e-01
3.56626802e-01
-2.92072351e+00
0.00000000e+00
0.00000000e+00
0.00000000e+00
9.05259904e-01
-1.16598693e+00
-1.79015548e+00
-5.29613417e-02
-1.63748489e-03
-1.03556498e+00
-3.90937520e-01
1.21535199e-01
3.30158823e-02
0.00000000e+00
-5.23847031e-01
4.29822501e+00
-6.56490768e-01
2.42827728e+00
-1.16410916e-01
-2.72216198e-01
3.67210348e-01
-1.81184678e-03
7.13675014e-01
5.05695980e-01
12 1
-3.6163e-01 6.6004e-03
7 2
2 0 1 4 13 5 11 
217
1.60288837e-01
-4.33497861e-01
1.75216958e-01
-9.27199920e-02
-6.58440473e-02
-4.40691387e-01
-3.08889900e-01
3.71277793e-01
2.75203699e-01
3.30528953e-01
2.59819086e-01
-1.01057635e-01
0.00000000e+00
0.00000000e+00
1.62041316e-01
-3.32059097e-03
5.39980847e-01
2.72151219e-01
-4.78752683e-03
3.85540506e-01
-2.73793644e-01
4.62686794e-03
2.55717628e-01
0.00000000e+00
0.00000000e+00
0.00000000e+00
0.00000000e+00
0.00000000e+00
0.00000000e+00
0.00000000e+00
0.00000000e+00
0.00000000e+00
0.00000000e+00
4.05791407e-01
5.45838641e-01
0.00000000e+00
0.00000000e+00
-2.67064429e-01
1.90673726e-02
2.74280034e-02
-1.65824000e-01
1.46968755e-02
1.96226509e-01
3.35758506e-01
0.00000000e+00
-2.32993098e-01
3.40945801e-02
-2.89940914e-01
-4.54175538e-01
-7.50552485e-01
3.36196138e-01
1.20930870e+00
0.00000000e+00
1.04719069e+00
-8.29635456e-01
1.12083831e-01
1.07060329e-02
-1.33980477e-01
-1.12666822e-01
2.14653659e-01
-4.02391618e-01
1.20588224e-01
4.42092231e-01
-1.16023190e+00
1.44750834e-01
-7.10325689e-01
6.85206697e-01
-5.35742752e-02
4.90563205e-01
4.55093606e-01
0.00000000e+00
-5.13804876e-01
-2.61525760e-01
7.03385635e-01
-4.30509778e-03
-2.92919220e-02
1.02330814e-02
-2.84898186e-02
-1.30710547e-01
-3.43280570e-01
1.48331892e-01
9.93048099e-01
1.71157312e-01
8.43442807e-01
0.00000000e+00
-1.48062622e-01
5.08272555e-01
1.68574976e-01
1.66064234e-01
1.39776483e-01
-4.84976339e-02
4.78821514e-01
-3.39557099e-01
-2.96287951e-01
1.33246237e-01
-2.66674913e-01
-1.12221814e-01
1.22768955e-01
0.00000000e+00
6.04098633e-02
-1.17416935e-01
-4.73279723e-02
-3.57959474e-01
1.47206946e-01
-2.65901705e-01
0.00000000e+00
-3.23147887e-02
-1.68417083e-01
1.93141722e-01
-5.52705720e-01
-5.38096172e-04
-2.67810251e-02
0.00000000e+00
0.00000000e+00
0.00000000e+00
0.00000000e+00
0.00000000e+00
0.00000000e+00
0.00000000e+00
-9.67295111e-01
-6.92441292e-01
-2.01600090e+00
0.00000000e+00
0.00000000e+00
0.00000000e+00
3.29857479e-01
5.50034250e-01
-8.90131175e-01
3.96385963e-01
-1.48617465e+00
-1.04519123e+00
4.13591735e-01
6.37948651e-01
3.79226046e-01
0.00000000e+00
2.97287999e-01
3.75725382e-03
-5.73788331e-01
6.43393298e-01
2.85261061e-02
2.16778314e-01
5.03766125e-02
-2.19517089e+00
-3.21001455e-01
5.48293119e-01
5.85805535e-02
0.00000000e+00
0.00000000e+00
0.00000000e+00
1.92090031e-01
-6.08591400e-01
2.19815628e-01
-1.00829147e-01
-3.47011070e-01
7.49245177e-01
8.82286332e-02
-5.32199913e-01
9.30807113e-01
0.00000000e+00
5.51730373e-01
-2.92420952e-01
-4.95111319e-01
1.88913668e-01
5.78922689e-01
1.68088759e-01
-1.85919126e-01
-1.18648624e+00
3.36073987e-01
-1.96766338e-01
-1.62513038e+00
0.00000000e+00
0.00000000e+00
0.00000000e+00
5.20020058e-01
-1.31796015e-01
-1.30731292e+00
7.80335258e-01
0.00000000e+00
-2.20936057e+00
-8.79217545e-01
-1.01966148e+00
-2.74325874e-02
0.00000000e+00
-7.81655292e-01
3.22241741e+00
8.08368058e-02
1.55718907e+00
1.64679387e+00
-2.22838280e-01
-1.13788841e+00
0.00000000e+00
0.00000000e+00
-2.95862211e-01
-4.38304410e-01
0.00000000e+00
0.00000000e+00
0.00000000e+00
4.66964540e-01
-5.67425560e-01
-3.49200139e-01
-1.13053257e+00
0.00000000e+00
2.98224753e-01
1.13184051e+00
3.31297699e-01
-9.04026676e-01
0.00000000e+00
5.49462409e-01
-2.61806696e-02
-3.49045354e-01
1.35015763e+00
-3.17076419e+00
6.85290834e-01
1.43359365e+00
0.00000000e+00
0.00000000e+00
7.62198282e-01
136
4.99165671e-01
1.69984166e+00
-4.02398987e-02
-3.49026288e-01
2.89442946e-03
-3.79968562e-01
-1.06045908e-02
0.00000000e+00
0.00000000e+00
0.00000000e+00
0.00000000e+00
0.00000000e+00
0.00000000e+00
0.00000000e+00
0.00000000e+00
0.00000000e+00
7.29133377e-01
6.09985725e-01
-6.62134065e-01
-4.82997984e-01
-1.78722771e-02
9.50132866e-02
1.17460196e-01
2.34815201e-01
1.64031351e-01
9.56457560e-03
3.79151321e-01
-4.82997984e-01
-1.77083700e-01
-5.53960399e-03
-7.57403887e-01
-2.48694487e-01
-7.72562127e-01
3.89562655e-02
8.35579817e-01
0.00000000e+00
6.00605432e-01
3.71736901e-01
2.31344846e-01
2.72670365e-01
-2.10142557e-01
8.44862027e-02
7.18210187e-01
0.00000000e+00
0.00000000e+00
0.00000000e+00
-6.81200547e-01
7.11818207e-01
1.46110280e-02
2.82099697e-01
-3.71530097e-01
0.00000000e+00
-1.01820506e+00
3.09825995e-01
-1.84963906e-01
-1.87136220e-01
-5.04500489e-01
2.85162493e-01
9.12076244e-01
-1.31677438e-03
-7.60220249e-02
1.19221354e-01
2.99490851e-01
1.91008370e-02
-2.34266646e-02
-9.79708711e-02
6.29491872e-01
1.00037401e-01
-1.37791014e-01
1.12134417e-01
-3.25587659e-01
0.00000000e+00
3.06016002e-01
-5.20885700e-01
1.15789955e-01
-1.25955295e-02
0.00000000e+00
2.39886374e-01
-3.57992285e-01
1.10192938e-01
4.54070934e-02
0.00000000e+00
0.00000000e+00
0.00000000e+00
0.00000000e+00
0.00000000e+00
-1.82617029e-01
-1.43015398e+00
-1.80228936e+00
0.00000000e+00
0.00000000e+00
0.00000000e+00
4.19743999e-01
5.72422456e-01
-7.35534405e-01
-1.05414578e-01
-1.45474066e+00
-5.56700641e-01
-2.21125708e-02
4.80943604e-01
4.56363605e-01
0.00000000e+00
6.32021533e-01
1.90255799e-02
-1.13593474e+00
6.11744431e-01
6.38223023e-01
4.12278715e-01
3.70469725e-01
-2.53159452e+00
-4.77214884e-01
6.03720961e-01
-2.64428924e+00
0.00000000e+00
0.00000000e+00
0.00000000e+00
5.21665762e-01
-1.15250778e+00
-1.62887450e+00
1.10783267e-01
-1.30863478e-03
-1.33048464e+00
-5.30070926e-01
1.52722179e-01
9.08630249e-02
0.00000000e+00
-4.43705493e-01
3.82580843e+00
-6.63647277e-01
2.32561613e+00
7.22982243e-02
-3.94909105e-01
1.54829721e-01
-1.14942459e-02
5.79909280e-01
7.00478240e-01
6 1
-3.2053e-01 3.0336e-02
8 0
2 0 1 4 13 5 11 12 
217
2.58447056e-01
-4.76723434e-01
-3.36645743e-02
-1.66368872e-01
-4.92847400e-01
8.67704222e-01
2.64712232e-01
5.21608064e-02
2.88536319e-01
-1.03037032e-01
2.02114122e-01
-1.04340061e+00
0.00000000e+00
0.00000000e+00
0.00000000e+00
0.00000000e+00
0.00000000e+00
-6.18029638e-02
1.28829222e-02
7.37419506e-01
-3.50112074e-01
8.08791421e-03
2.56322862e-01
6.70362094e-01
-1.29550055e-02
2.09226503e-01
0.00000000e+00
0.00000000e+00
0.00000000e+00
0.00000000e+00
0.00000000e+00
0.00000000e+00
0.00000000e+00
4.50503150e-01
4.91177818e-01
0.00000000e+00
0.00000000e+00
-1.11371138e-01
-3.01914053e-01
-3.51469838e-01
-3.87435722e-02
5.71270974e-02
3.55159694e-01
6.49658866e-01
0.00000000e+00
1.44296284e-01
2.28113902e-02
-1.11351034e-01
-5.07239368e-01
-6.61278985e-01
2.46422483e-01
8.65864825e-01
0.00000000e+00
5.90672649e-01
-2.30433029e-01
-2.59104674e-01
-5.63721275e-02
1.55238459e-01
-2.46081392e-01
3.05001573e-01
2.98858979e-01
-2.35164575e-01
1.94752652e-01
-4.98034315e-01
-2.72857728e-01
-4.78012832e-01
5.57513344e-01
-6.24339471e-01
4.71825755e-01
4.63344810e-01
0.00000000e+00
-3.34683088e-01
-1.24867381e-01
4.05113783e-01
5.07108028e-02
1.88016360e-01
6.61695646e-01
3.52589241e-01
-1.95697654e-01
-3.16495886e-01
2.71044273e-01
5.35761776e-01
-1.69488804e-01
6.66076975e-01
0.00000000e+00
-4.74403492e-04
3.09533032e-01
1.16954368e-01
1.90709031e-01
1.41967091e-01
1.94382212e-01
3.35364454e-01
-3.68432967e-02
-3.64106909e-01
1.36311929e-01
-3.61865116e-01
-1.76386031e-01
-1.16837374e-01
0.00000000e+00
2.81298968e-01
9.88781950e-02
1.30939052e-02
-4.39853190e-01
-3.59458175e-02
-1.85014783e-01
0.00000000e+00
3.81383582e-01
-2.98467542e-02
1.29002227e-01
-3.52898209e-01
-2.51938753e-01
-4.00358923e-01
9.20399394e-01
-2.01601147e-01
-1.48204023e-01
-2.96329454e-01
5.93632025e-02
-1.64021738e-01
-5.03979835e-02
-1.56082486e+00
-6.11214537e-01
-1.56077645e+00
0.00000000e+00
0.00000000e+00
0.00000000e+00
-7.08515488e-01
2.25001021e-01
-7.12265212e-01
4.86654572e-01
-1.03076855e+00
-7.41063118e-01
-1.71521644e-01
3.42114951e-01
7.02649688e-01
0.00000000e+00
7.25536508e-01
4.70323196e-01
-9.86461208e-01
1.36188204e+00
8.32287119e-01
6.92412602e-03
7.14453136e-01
-2.57740029e+00
-9.42231228e-01
4.41623940e-01
-3.33026485e-01
0.00000000e+00
0.00000000e+00
0.00000000e+00
9.84945098e-01
-1.89398805e-01
8.89077352e-02
-3.24258920e-01
-1.30906175e+00
8.27784286e-01
4.22364251e-01
3.50229102e-01
2.55522969e-02
0.00000000e+00
-2.96992416e-01
-5.34039341e-01
6.02597392e-02
-3.19749710e-01
-6.79287428e-01
9.85670900e-02
-6.05802639e-01
3.71993546e-01
4.74707337e-01
2.20254043e-01
-1.75938580e+00
0.00000000e+00
0.00000000e+00
0.00000000e+00
6.33683005e-01
-2.43813995e-01
-8.74361497e-01
1.14050244e+00
-5.45986643e-05
-1.14205135e+00
1.02529131e-01
-3.87989914e-01
4.16930168e-01
0.00000000e+00
-5.51294082e-01
3.10583104e+00
-6.21850146e-02
6.96620590e-01
6.13767965e-01
1.21830146e-01
2.50156466e-02
-2.61477687e-03
0.00000000e+00
-2.08304807e-01
-3.73665047e-01
0.00000000e+00
0.00000000e+00
0.00000000e+00
-1.87540444e-01
1.10093538e+00
-3.91300963e-03
-1.39958844e-02
-1.33862629e-04
-9.18423623e-02
4.24205525e-01
6.35646889e-01
3.02319909e-01
0.00000000e+00
6.32100649e-01
2.51783683e-01
8.00984210e-01
8.09794014e-01
1.90150740e-01
3.54436036e-01
3.34506522e-01
-5.27247569e-03
0.00000000e+00
7.43448396e-01
136
7.40218719e-01
0.00000000e+00
0.00000000e+00
-3.78513184e-01
-6.51503313e-04
4.38869583e-01
-4.61819799e-03
6.79862320e-01
-1.60393487e-02
0.00000000e+00
0.00000000e+00
0.00000000e+00
0.00000000e+00
0.00000000e+00
0.00000000e+00
0.00000000e+00
6.46654214e-01
4.58094625e-01
-3.61189373e-01
-5.08795474e-01
-7.30686946e-02
-4.27793448e-03
9.99642616e-02
2.21295850e-01
2.12869150e-01
8.11781676e-03
7.84113743e-01
-5.08795474e-01
-5.11748051e-01
7.01731312e-03
-1.04627389e+00
-3.64124978e-01
-8.28142837e-01
1.34766419e-01
8.96950995e-01
0.00000000e+00
5.16348757e-01
7.01742974e-01
2.98114533e-01
2.31659751e-01
-1.44615368e-01
3.72500773e-01
9.84817798e-01
0.00000000e+00
0.00000000e+00
0.00000000e+00
-1.13935321e-01
6.88702100e-01
-1.50847964e-01
2.53496572e-01
-1.80814505e-01
0.00000000e+00
-1.60941820e+00
2.97950166e-01
-3.60048175e-01
-4.45524335e-02
-3.70891165e-01
-1.72702667e-01
7.39629117e-01
-1.67737390e-01
1.07827244e-01
-2.54392805e-02
3.98138120e-01
-7.95751443e-02
-2.69714374e-02
-2.54315946e-01
9.06806918e-01
2.33953448e-01
-5.36196734e-02
1.14551051e-01
-2.03610371e-01
0.00000000e+00
1.13294504e+00
-4.72106784e-01
2.68037787e-01
-2.63076342e-03
0.00000000e+00
5.70096658e-01
-3.00864794e-01
1.54893693e-01
1.25367057e-01
3.56053083e-02
-4.47997795e-01
1.28234588e-01
-1.52909531e-01
-3.51691713e-01
2.18738233e-01
-1.48254036e+00
-1.64202632e+00
0.00000000e+00
0.00000000e+00
0.00000000e+00
4.72083954e-01
6.72001392e-01
-6.41753153e-01
-9.42483950e-02
-1.37303129e+00
-5.45115054e-01
-3.31551087e-02
3.29438595e-01
4.30442376e-01
0.00000000e+00
1.09561569e+00
-1.61240007e-01
-1.10710956e+00
7.05671476e-01
5.66662106e-01
4.71172281e-01
4.58911884e-01
-2.92052079e+00
-6.09293438e-01
6.41440723e-01
-2.87900355e+00
0.00000000e+00
0.00000000e+00
0.00000000e+00
7.92002156e-01
-1.33536748e+00
-1.78875033e+00
-2.43416167e-02
-6.46568732e-04
-1.25246269e+00
-5.79518723e-01
2.64074689e-01
2.12946552e-01
0.00000000e+00
-6.16399740e-01
4.00813197e+00
-9.74836760e-01
2.35096575e+00
-3.63370478e-01
-4.12334486e-01
4.76492165e-01
-2.55519686e-03
8.92822016e-01
6.63269156e-01
9 1
-6.2153e-01 1.2055e-01
8 0
2 0 1 4 13 5 11 12 
217
-4.05878042e-02
-7.76733261e-01
2.05232966e-01
7.89964908e-02
-7.97709055e-01
1.00866029e+00
2.79788240e-01
-4.33400385e-01
-1.31850919e-01
-2.76959460e-01
9.36417820e-01
9.66868554e-03
0.00000000e+00
0.00000000e+00
0.00000000e+00
0.00000000e+00
0.00000000e+00
-1.20287306e+00
1.92496411e-02
1.26212611e+00
-6.06793075e-02
1.63175628e-02
1.78261081e-01
1.22296457e+00
-1.56546614e-02
2.37355487e-01
0.00000000e+00
0.00000000e+00
0.00000000e+00
0.00000000e+00
0.00000000e+00
0.00000000e+00
0.00000000e+00
2.21726071e-02
5.69333421e-01
0.00000000e+00
0.00000000e+00
-2.83291769e-01
-2.60609545e-01
-3.23889335e-02
-3.08207656e-02
7.73012400e-02
1.18038927e-01
3.71183041e-01
0.00000000e+00
-1.38167699e-01
5.79224326e-02
-3.77355944e-01
-1.59516635e-01
-5.47060319e-01
7.62192683e-02
8.36604955e-01
0.00000000e+00
6.51003041e-01
-2.24932535e-01
-4.58899049e-02
-9.47635160e-02
1.20662876e-01
-6.29499393e-01
4.34185569e-01
5.73021037e-02
-2.84754692e-01
1.86864784e-01
-8.20319272e-01
-1.54251106e-01
-5.92707311e-01
4.95066881e-01
-1.21331147e-01
4.38915693e-01
6.63673408e-01
0.00000000e+00
-1.67842252e-01
-3.72113434e-01
2.75074840e-01
3.67580793e-01
-1.47820391e-01
2.46432757e-01
1.55208681e-02
-9.29414774e-02
4.84118609e-01
3.19268796e-01
5.83518820e-01
-2.82435991e-01
7.20380694e-01
0.00000000e+00
-2.51353941e-01
3.05957389e-01
-2.40816346e-01
8.55203930e-02
4.51582483e-01
2.06315062e+00
4.96486444e-01
-4.10189611e-01
-1.36232682e-01
-1.85507031e-01
-2.18990323e-01
5.86223936e-02
2.31495032e-01
0.00000000e+00
1.99775594e-01
4.01405990e-01
-1.28895321e-01
-1.02618132e-01
-1.11468077e-01
7.07613325e-01
0.00000000e+00
2.14449652e-02
-1.39473773e-01
6.23175603e-02
-2.41842298e-01
-1.24350330e-01
-3.20491822e-01
-2.72896537e-01
4.67224182e-02
2.71370987e-01
-6.54397048e-02
1.72187626e-01
2.51026020e-01
2.52759833e-01
-8.77509284e-01
-6.53844067e-01
-1.35515293e+00
0.00000000e+00
0.00000000e+00
0.00000000e+00
1.59108789e-02
3.17604127e-01
-4.09520047e-01
1.69118138e-01
-7.95287985e-01
-2.62343829e-01
5.13726554e-02
4.95576469e-01
5.78375607e-01
0.00000000e+00
-5.89265759e-02
-1.25714190e+00
-5.88791010e-01
8.28906586e-01
4.41139747e-01
1.70131195e-01
-1.87694123e-01
-2.32421493e+00
6.30642874e-01
8.29989196e-01
-4.49932240e-01
0.00000000e+00
0.00000000e+00
0.00000000e+00
2.00200187e-01
-3.12807161e-01
-1.33684198e-01
-2.15302903e-01
-6.29406069e-01
-8.11288549e-03
-3.16705243e-02
3.99270286e-02
3.22200274e-01
0.00000000e+00
8.53975324e-02
6.24565559e-01
-5.61624198e-01
1.70282993e-01
-2.18869068e-01
1.29610766e-01
3.17233942e-01
1.20893696e-01
-5.86743744e-01
2.37976533e-01
-1.51296786e+00
0.00000000e+00
0.00000000e+00
0.00000000e+00
1.59057915e-01
1.40495907e+00
-1.62798377e+00
3.93607349e-01
0.00000000e+00
-9.83151929e-01
1.30060404e+00
4.44351547e-01
6.63313716e-01
0.00000000e+00
-5.38080124e-01
1.37897441e+00
2.03185924e-01
8.01279997e-01
-1.98651648e+00
1.21213469e-01
-1.37943204e-01
-4.75601459e-04
-3.50917937e-04
5.41991193e-01
-6.14143652e-01
0.00000000e+00
0.00000000e+00
0.00000000e+00
9.97526423e-02
-3.30579088e-01
7.82056496e-01
3.66045162e-02
0.00000000e+00
8.80332793e-02
-1.46875511e+00
7.54729863e-02
-5.16931547e-01
0.00000000e+00
1.86010469e-01
1.07667380e+00
-3.76229588e-01
-3.38829997e-01
7.42282888e-01
9.89893089e-01
4.25812752e-01
-8.02186772e-04
-4.60015624e-04
-8.35192124e-02
136
8.07735145e-01
0.00000000e+00
0.00000000e+00
-6.62217503e-01
3.18674152e-02
-1.90340008e-01
2.51356497e-02
1.67248866e+00
-2.47598107e-02
0.00000000e+00
0.00000000e+00
0.00000000e+00
0.00000000e+00
0.00000000e+00
0.00000000e+00
0.00000000e+00
1.80187273e-01
2.06140974e-01
4.47524443e-01
-5.57607811e-01
-1.07417873e-01
7.55608097e-03
3.65389129e-02
1.31795848e-01
2.32618537e-01
2.40266301e-01
8.23985150e-01
-4.66828173e-01
-6.34216433e-01
-1.56818874e-01
-7.90681968e-01
-3.04332525e-01
-7.70004368e-01
2.12734742e-01
1.05976834e+00
0.00000000e+00
2.59100697e-01
4.57799606e-01
2.64881564e-01
2.42013195e-01
-9.36557566e-03
5.58964175e-01
8.84720740e-01
0.00000000e+00
0.00000000e+00
0.00000000e+00
-1.29247575e-01
6.72779722e-01
-9.21496725e-02
2.32582569e-01
-2.72059720e-01
0.00000000e+00
-1.68363318e+00
6.29755266e-02
-3.43332210e-01
-2.74882653e-01
-6.15681840e-01
-4.51081741e-01
8.33089956e-01
-2.28833908e-01
-2.48313828e-02
1.07079640e-01
2.99035758e-01
5.08216380e-02
-1.12577861e-01
9.25284095e-02
7.06457737e-01
1.28267187e-01
-5.42653940e-02
6.16377289e-02
-3.58559159e-01
0.00000000e+00
5.00825255e-01
-5.05056804e-01
1.52518628e-01
-1.94221046e-01
0.00000000e+00
5.07758670e-01
-3.11571124e-01
1.45606547e-01
-1.06176882e-01
-2.20993189e-01
-5.27208858e-01
1.72067065e-02
-1.04277715e-01
-2.20045935e-01
-1.78333441e-01
-1.14496491e+00
-1.68891225e+00
0.00000000e+00
0.00000000e+00
0.00000000e+00
5.56433720e-01
5.56715716e-01
-7.42918736e-01
5.71252169e-02
-1.62793835e+00
-4.72420889e-01
-9.59319339e-03
4.74954710e-01
4.92557567e-01
0.00000000e+00
9.39312915e-01
7.69027475e-02
-1.18763546e+00
5.87046387e-01
5.07379091e-01
3.62836667e-01
4.36950714e-01
-2.78181402e+00
-4.71941360e-01
5.57134306e-01
-2.45520531e+00
0.00000000e+00
0.00000000e+00
0.00000000e+00
7.96159212e-01
-1.74803533e-01
-2.04918622e+00
-3.10220085e-01
-5.89234811e-03
-1.99327439e+00
-8.16496782e-01
3.91493852e-01
1.48266658e-01
0.00000000e+00
-9.96286665e-01
3.45098084e+00
-5.87781256e-01
3.02452773e+00
9.20038270e-02
-3.96226539e-01
2.17052836e-01
-5.95092061e-03
1.09738804e+00
3.82859645e-01
8 2
-8.2705e-01 3.2581e-01
8 -1
2 0 1 4 13 5 11 12 
217
-1.37769857e+00
-8.96839725e-01
1.84199678e+00
-5.85105500e-01
-6.51911689e-01
2.52842151e+00
3.36509404e+00
3.47758601e+00
0.00000000e+00
0.00000000e+00
0.00000000e+00
0.00000000e+00
0.00000000e+00
0.00000000e+00
-1.37769857e+00
-2.82803559e-02
-1.26994479e+00
0.00000000e+00
0.00000000e+00
0.00000000e+00
0.00000000e+00
0.00000000e+00
0.00000000e+00
0.00000000e+00
0.00000000e+00
0.00000000e+00
0.00000000e+00
0.00000000e+00
0.00000000e+00
0.00000000e+00
0.00000000e+00
0.00000000e+00
0.00000000e+00
-1.13299230e+00
-2.44706272e-01
0.00000000e+00
0.00000000e+00
-6.96601592e-01
-8.50159828e-01
-5.43981034e-01
-3.49556604e-01
3.41676087e-01
5.19782490e-01
2.01141910e-01
0.00000000e+00
6.82766923e-01
-1.10530254e+00
4.27167091e-02
-1.11057113e+00
4.79528907e-01
-6.68237129e-01
1.28178706e+00
0.00000000e+00
0.00000000e+00
3.94297527e-01
0.00000000e+00
0.00000000e+00
0.00000000e+00
-1.32964598e+00
3.41884045e-01
-2.55205938e-01
-1.41923550e-01
-9.80569082e-01
0.00000000e+00
2.16377656e-01
4.87140103e-03
-7.54947725e-01
-3.35607223e-01
-8.39128501e-01
1.64243602e+00
0.00000000e+00
8.40289160e-01
-2.94462892e-01
1.02335571e+00
4.44764483e-01
0.00000000e+00
0.00000000e+00
0.00000000e+00
-2.71472897e-01
-1.14795461e+00
-3.55305900e-01
9.03232464e-01
-7.50919773e-01
4.52707198e-01
0.00000000e+00
-3.97311196e-01
9.92092281e-01
-4.59531510e-01
-1.88452180e-01
0.00000000e+00
0.00000000e+00
0.00000000e+00
-7.75623188e-01
-5.12801489e-01
-3.59481579e-01
-1.00987761e-01
-2.42593803e-01
-3.93478846e-01
0.00000000e+00
-2.38483578e-01
4.05669936e-01
-1.01676939e+00
-3.37261664e-01
-1.22445600e-01
3.27743909e+00
0.00000000e+00
-2.95780711e-01
5.27747490e-01
-1.15352858e+00
1.68654888e-01
7.16107221e-02
-5.09780975e-01
0.00000000e+00
-7.40442299e-01
6.04134206e-01
-6.04350499e-01
4.84787959e-02
-3.29057732e-02
7.98357424e-01
-6.86635699e-01
-9.74424756e-02
-4.75256075e+00
0.00000000e+00
0.00000000e+00
0.00000000e+00
2.23097627e+00
2.81491911e+00
2.44405017e+00
3.49100272e+00
-7.27585086e-01
2.42262173e+00
3.12570050e+00
3.89719842e+00
5.63023146e+00
0.00000000e+00
3.59233645e+00
4.31899103e+00
2.74597370e+00
3.85384773e+00
3.02573122e+00
3.24844076e+00
3.26892857e+00
-1.46309985e-01
1.99534488e+00
3.59323686e+00
-2.17782605e+00
0.00000000e+00
0.00000000e+00
0.00000000e+00
4.53965891e+00
-2.08438292e-01
2.84439255e+00
1.76095491e+00
-1.33938853e-01
6.86130535e+00
2.20387475e+00
2.04344620e+00
-9.06161443e+00
0.00000000e+00
2.75625899e+00
-4.53473900e+00
6.07816604e-01
2.05653148e+00
2.70996177e+00
2.62465624e+00
2.39648311e+00
-1.18378760e-01
3.08253364e+00
2.62337403e+00
-1.80821584e+00
0.00000000e+00
0.00000000e+00
0.00000000e+00
-4.23067982e-02
0.00000000e+00
0.00000000e+00
0.00000000e+00
0.00000000e+00
8.57527500e-01
1.57694096e+00
1.38695341e+00
0.00000000e+00
0.00000000e+00
0.00000000e+00
1.50181604e+00
7.38658787e-01
0.00000000e+00
3.99556426e-01
0.00000000e+00
2.82685736e-01
0.00000000e+00
0.00000000e+00
3.68233562e-01
-1.67154489e+00
0.00000000e+00
0.00000000e+00
0.00000000e+00
-1.59804945e+00
0.00000000e+00
0.00000000e+00
0.00000000e+00
0.00000000e+00
2.49217356e-01
5.10473819e-01
1.89945433e-01
0.00000000e+00
0.00000000e+00
0.00000000e+00
-1.10262354e+00
3.70745279e+00
0.00000000e+00
1.02726080e+00
0.00000000e+00
-7.32025684e-01
0.00000000e+00
0.00000000e+00
2.37499823e+00
136
1.75743334e+00
2.15601271e+00
-1.52045358e-02
0.00000000e+00
0.00000000e+00
0.00000000e+00
0.00000000e+00
0.00000000e+00
0.00000000e+00
0.00000000e+00
0.00000000e+00
0.00000000e+00
0.00000000e+00
0.00000000e+00
0.00000000e+00
0.00000000e+00
9.13873484e-01
9.82416465e-01
0.00000000e+00
0.00000000e+00
1.04897485e+00
1.02611321e+00
9.20971155e-01
9.63040604e-01
8.53287303e-01
9.75310672e-01
1.24260776e+00
0.00000000e+00
2.68271098e-01
7.87651111e-01
-4.82574851e-01
-1.19874472e+00
-1.80609371e+00
-9.45530182e-01
-4.75116687e-01
0.00000000e+00
1.16826963e+00
3.30881713e+00
2.14171112e+00
6.27015550e-01
5.47640144e-02
1.00851915e+00
1.21337376e+00
0.00000000e+00
0.00000000e+00
0.00000000e+00
0.00000000e+00
-1.87677674e-01
-1.65797963e-01
1.63370037e-01
-6.97075263e-01
0.00000000e+00
-4.79941721e+00
-1.89090554e-01
-9.62448765e-01
-3.79865003e-01
0.00000000e+00
3.41673953e+00
1.19706407e+00
9.98985801e-01
-1.39000383e-02
-1.92135557e-01
3.43915501e-01
-4.28596804e-01
-2.34304297e-01
6.06804135e-02
0.00000000e+00
2.92287175e+00
1.38663724e-01
6.57164245e-01
-3.61902284e-01
0.00000000e+00
-1.32800074e+00
-6.83035996e-01
-2.14619274e-01
-2.71934044e-01
0.00000000e+00
-4.31302417e-01
-3.52293984e-01
-1.16933469e-02
-1.07490709e-01
0.00000000e+00
-5.41701262e+00
-4.82590459e-01
-1.09286201e+00
-1.13088074e-01
-7.10575969e-01
1.68242091e-01
-1.75982518e+00
0.00000000e+00
0.00000000e+00
0.00000000e+00
4.81913781e-01
2.20385248e-01
-5.23112682e-01
-2.42310759e-01
-1.81889570e+00
-2.01770033e-01
-5.50797416e-02
4.51358287e-01
7.81106066e-01
0.00000000e+00
9.06369681e-01
1.04768430e-01
-1.43327359e+00
7.04170747e-01
3.60617162e-01
-8.55844732e-02
5.25134863e-01
-1.94117798e+00
-2.77841715e-01
2.83397226e-01
-2.94844663e+00
0.00000000e+00
0.00000000e+00
0.00000000e+00
2.00729450e+00
1.84196048e+00
4.31019821e-01
1.37229810e+00
0.00000000e+00
6.26421073e-01
1.59481694e+00
1.77009042e+00
1.82427358e+00
0.00000000e+00
1.06573961e+00
3.00576637e+00
9.56137877e-01
2.91713868e+00
1.21917334e+00
1.55429785e+00
2.05407537e+00
-1.36324594e-03
-2.71247134e-01
2.05034093e+00
7 1
-1.2979e+00 2.5853e-01
8 2
2 0 1 4 13 5 11 12 
217
7.00287950e-01
-2.35732202e-01
-8.31169035e-01
-9.86920185e-01
-6.68959950e-01
9.43371725e-01
9.55482345e-01
-2.61011733e-01
9.36244154e-01
-5.59056109e-01
-5.22478599e-01
-5.68789530e-01
0.00000000e+00
0.00000000e+00
1.04714080e+00
-2.44917016e-02
-6.37999053e-01
5.18228035e-01
-1.16710958e-02
6.37444247e-01
-8.64453108e-01
-1.50249112e-02
8.16566759e-01
0.00000000e+00
0.00000000e+00
0.00000000e+00
0.00000000e+00
0.00000000e+00
0.00000000e+00
0.00000000e+00
0.00000000e+00
0.00000000e+00
0.00000000e+00
2.80306669e-01
4.20609056e-01
0.00000000e+00
0.00000000e+00
-2.13758443e-01
9.55234323e-02
2.94331768e-01
1.90622191e-01
1.50285002e-01
3.24024119e-02
1.50881588e-01
0.00000000e+00
1.16708689e-01
3.71424630e-01
-8.03528705e-01
2.52001848e-01
-3.70552844e-01
-8.89961914e-02
6.30020125e-01
0.00000000e+00
-3.47524877e-02
3.63322199e-01
1.66335519e-01
-4.08987420e-01
9.68658841e-01
-5.87025673e-01
4.73735032e-02
1.53196632e-01
3.08991380e-01
2.38099938e-01
0.00000000e+00
-1.99746892e-02
-5.09887996e-01
5.68169661e-01
4.82064495e-02
1.52092978e-01
-1.97999115e-01
0.00000000e+00
6.01362544e-01
-1.02432822e-01
5.34017309e-01
4.06433712e-01
-4.35091903e-01
3.56335430e-01
0.00000000e+00
2.57795761e-01
-2.19512163e-01
1.65229444e-01
1.11312047e+00
2.77262745e-01
6.99527943e-01
0.00000000e+00
1.85363469e-01
1.40065694e-01
1.79430257e-01
-1.87732757e-01
3.35494224e-01
-1.64495116e-01
0.00000000e+00
1.60035578e-01
2.18175527e-03
1.81535141e-01
-4.43182113e-02
3.58717231e-01
4.06691984e-01
0.00000000e+00
3.52880629e-01
1.97161874e-01
2.36618672e-01
-5.68209555e-01
1.10788650e-01
-3.45580769e-01
0.00000000e+00
7.37215611e-02
-2.87535084e-02
3.76228505e-01
-6.30033660e-01
2.50337884e-01
1.92177432e-01
0.00000000e+00
1.47143650e-01
-7.36475221e-02
2.29869123e-01
1.17889428e-01
3.23275177e-01
2.69164599e-01
7.86681349e-01
8.35312257e-01
-1.27389883e+00
0.00000000e+00
0.00000000e+00
0.00000000e+00
1.16360802e+00
7.15252100e-01
-7.93947189e-01
-1.81757117e-01
-1.27827619e+00
-6.54312498e-01
-4.10006386e-01
1.87430278e-01
9.42550116e-01
0.00000000e+00
1.06650987e+00
-7.81862780e-01
-5.42586313e-01
1.13336807e+00
-7.85255875e-01
4.54841643e-01
4.47036253e-01
-2.10790893e+00
-5.49715253e-01
7.01133361e-01
-7.79940311e-01
0.00000000e+00
0.00000000e+00
0.00000000e+00
-8.10714640e-01
-3.45645162e-01
6.11644437e-01
6.80038450e-01
-8.42630140e-01
4.29499581e-01
7.33862753e-01
4.81844870e-01
2.96123017e-01
0.00000000e+00
-3.28113632e-01
-2.25464789e+00
-1.42537809e-01
8.13342356e-02
1.08784735e+00
-4.40290708e-01
-2.52012127e-01
-1.44750623e-01
6.70011587e-01
-2.90803862e-01
-1.50442722e+00
0.00000000e+00
0.00000000e+00
0.00000000e+00
1.16042366e+00
-5.29644619e-01
-1.24227370e+00
9.21298085e-01
0.00000000e+00
-3.17730816e-01
-5.11765872e-01
-2.03120278e-01
1.69093900e+00
0.00000000e+00
-2.40745774e-02
3.02682673e+00
-2.40548326e-01
3.05912428e+00
0.00000000e+00
-5.58503861e-02
1.57662636e+00
-7.84254461e-04
-8.61140049e-04
1.04165479e+00
-1.20533702e+00
0.00000000e+00
0.00000000e+00
0.00000000e+00
-3.10432155e-01
1.49634689e+00
9.51929529e-01
8.11529850e-01
0.00000000e+00
8.55713647e-01
1.24621434e+00
7.19436366e-01
-8.65883880e-01
0.00000000e+00
8.85304402e-01
1.07120977e+00
7.14835234e-01
-9.19511449e-01
0.00000000e+00
1.03536983e+00
-3.50167095e-01
-1.11741205e-03
-6.23247027e-04
8.39044508e-02
136
3.89949751e-01
6.71595566e-01
-1.95026765e-02
7.40999267e-01
-1.44805229e-02
-1.01238565e+00
1.57217829e-02
0.00000000e+00
0.00000000e+00
0.00000000e+00
0.00000000e+00
0.00000000e+00
0.00000000e+00
0.00000000e+00
0.00000000e+00
0.00000000e+00
4.74657738e-01
3.20261943e-01
0.00000000e+00
-6.96119114e-01
1.84467882e-01
9.58759233e-02
-4.94428319e-02
1.07977086e-01
1.35730383e-03
1.99207574e-01
5.46625927e-01
-6.96466690e-01
-2.74201078e-02
2.14576788e-01
-5.91825290e-01
-3.78125082e-01
-9.46075237e-01
2.50174638e-01
8.92066686e-01
0.00000000e+00
4.19320357e-01
4.34318446e-01
1.59056957e-01
1.72601324e-01
-3.62759630e-01
2.84302354e-01
5.66204238e-01
0.00000000e+00
0.00000000e+00
0.00000000e+00
0.00000000e+00
4.61095675e-01
3.05348239e-02
2.25511431e-01
-1.58239909e-01
0.00000000e+00
-1.81892507e+00
-5.64663147e-02
-2.55878063e-01
-2.12250569e-01
-2.05623821e+00
1.96779867e+00
1.10854271e+00
3.04120567e-01
-2.06391862e-01
-4.76028977e-01
-1.21217616e-01
-1.72920180e-02
-6.68803549e-02
-1.06758942e-01
0.00000000e+00
1.02533388e+00
-1.16134493e-01
2.94668645e-01
-2.88827862e-01
0.00000000e+00
1.09159823e-01
-5.50148596e-01
7.29691094e-02
-9.98782622e-02
0.00000000e+00
7.66669776e-05
-2.19608050e-01
1.86774491e-02
-4.23642944e-02
0.00000000e+00
-4.55025193e-01
-7.63773176e-02
-7.60298383e-02
-1.44743772e-01
-7.64302802e-01
-1.29007435e+00
-1.77102079e+00
0.00000000e+00
0.00000000e+00
0.00000000e+00
4.47895622e-01
4.11231264e-01
-6.28857437e-01
-1.96302478e-01
-1.36864152e+00
-3.24671923e-01
-3.35537201e-02
4.38001012e-01
5.21073025e-01
0.00000000e+00
7.49881937e-01
-4.50835383e-02
-1.11811370e+00
7.89374203e-01
5.02087144e-01
2.64541974e-01
3.73084313e-01
-2.57783199e+00
-4.38825245e-01
4.63690272e-01
-2.19241680e+00
0.00000000e+00
0.00000000e+00
0.00000000e+00
4.11233225e-01
-9.73372839e-01
-1.57605905e+00
-2.09963131e-01
-4.51399018e-03
-1.69925864e+00
-2.88685664e-01
-1.50693869e-01
3.20927757e-01
0.00000000e+00
-5.05518358e-01
2.96210094e+00
-5.76233122e-01
2.06107258e+00
2.64536835e-02
-3.79990806e-02
4.94021268e-01
-5.13640970e-04
4.59359621e-01
5.37094182e-01
