0 7 -999999999 -1 -1
1 1 0 -1 -1
-0.3864 0.5834
356
-4.05136882e-01
-9.56515569e-02
-3.09485325e-01
1.30294023e-01
-1.57779239e-01
-2.15184829e-01
3.32374597e-01
0.00000000e+00
0.00000000e+00
1.98618932e-01
-3.86622002e-01
-1.53174165e-01
-7.08690170e-02
4.25169523e-02
2.55768523e-02
6.22002183e-02
0.00000000e+00
0.00000000e+00
0.00000000e+00
0.00000000e+00
0.00000000e+00
0.00000000e+00
0.00000000e+00
0.00000000e+00
0.00000000e+00
0.00000000e+00
0.00000000e+00
0.00000000e+00
0.00000000e+00
0.00000000e+00
0.00000000e+00
0.00000000e+00
0.00000000e+00
0.00000000e+00
0.00000000e+00
0.00000000e+00
0.00000000e+00
0.00000000e+00
0.00000000e+00
0.00000000e+00
0.00000000e+00
0.00000000e+00
0.00000000e+00
0.00000000e+00
0.00000000e+00
0.00000000e+00
0.00000000e+00
0.00000000e+00
0.00000000e+00
0.00000000e+00
0.00000000e+00
-2.52689345e-01
5.97500588e-01
-2.79081301e-01
0.00000000e+00
0.00000000e+00
0.00000000e+00
0.00000000e+00
-6.90744606e-01
8.06458261e-01
2.50071327e-01
3.89889257e-01
6.13178620e-01
-2.03909629e-01
1.48545761e-01
-5.65829949e-01
-7.26187983e-01
-1.93201010e-01
-6.17344974e-01
1.49625895e-02
-2.17162194e-01
4.56311026e-01
2.33330861e-03
-3.36678323e-01
4.86931858e-01
-5.46314363e-03
-6.95165703e-02
-7.31034791e-01
2.30432037e-03
-1.25922064e-01
0.00000000e+00
0.00000000e+00
7.49533088e-01
-8.75764774e-02
-4.40833571e-01
-9.49314937e-01
1.23858827e-01
1.99196189e-01
0.00000000e+00
0.00000000e+00
-3.95243714e-01
-1.00029693e-01
-2.03764458e-01
9.75875125e-02
-1.75626825e-01
3.65978629e-02
2.64415757e-02
-1.36656020e-01
4.37948902e-02
1.20890116e-01
5.56394493e-01
-2.57685181e-01
0.00000000e+00
0.00000000e+00
1.28352985e+00
2.66070117e+00
0.00000000e+00
0.00000000e+00
0.00000000e+00
0.00000000e+00
0.00000000e+00
0.00000000e+00
-1.09254278e-01
-2.61993727e-01
4.54773821e-02
1.07062049e-01
-4.40923983e-01
-1.02903418e+00
0.00000000e+00
0.00000000e+00
0.00000000e+00
0.00000000e+00
0.00000000e+00
0.00000000e+00
1.64585417e-01
-3.00206780e-01
-5.08211555e-01
-6.29287487e-01
-8.18730728e-01
-9.73986921e-01
3.44309891e+00
3.57413320e+00
3.31749878e+00
3.58898190e+00
3.45617030e+00
3.73189770e+00
6.01045995e-01
5.92307400e-01
5.20722358e-01
2.65464817e-01
2.90006445e-01
-1.98021879e-01
6.05884577e-01
-8.67029112e-02
-1.34091893e-02
1.33194258e-02
-2.70032499e-02
-1.79595999e-02
0.00000000e+00
0.00000000e+00
0.00000000e+00
0.00000000e+00
0.00000000e+00
0.00000000e+00
0.00000000e+00
0.00000000e+00
-4.05136882e-01
2.81173946e-01
0.00000000e+00
-1.99347125e+00
-9.89730547e-01
-7.24001785e-01
-6.98936188e-01
-3.48365022e-01
-1.68866673e+00
0.00000000e+00
0.00000000e+00
0.00000000e+00
7.88967725e-01
8.54817540e-01
-3.38516121e-01
2.94308126e-01
-2.08261645e+00
2.19922461e-01
9.98212943e-01
1.01511398e+00
-6.36312126e-01
0.00000000e+00
4.13643534e-01
-5.73643594e-01
-1.79884953e+00
-9.86035872e-02
3.68184737e-01
5.87646972e-01
4.20697570e-01
-1.85465549e+00
-9.92258343e-01
7.25272921e-01
2.39970705e-01
0.00000000e+00
0.00000000e+00
0.00000000e+00
-2.81648948e-02
-1.20196017e-01
1.56865561e-03
3.60008393e-02
3.16422222e-01
-2.26319305e-02
-1.36862596e-01
-1.18228643e-01
1.91256924e-01
0.00000000e+00
-4.01473118e-02
-7.05744506e-02
2.47672111e-02
-5.12422609e-02
9.52663445e-02
8.32022961e-02
-3.48343257e-02
-1.79476110e-01
5.75512488e-02
2.36293502e-01
-8.57458809e-01
-4.99297797e-01
0.00000000e+00
3.85323098e-01
-1.09764301e-01
2.39304479e-02
-1.64810320e-01
-3.58417925e-01
5.09142930e-02
0.00000000e+00
0.00000000e+00
0.00000000e+00
1.03063749e-01
-2.37195952e-01
-1.17577644e-01
-1.38875279e-01
8.29381355e-02
-1.25851902e-01
1.05104449e-01
1.91588843e-01
-1.65602214e-02
0.00000000e+00
-1.26836903e-01
-1.26599590e-01
1.86913349e-01
1.12208621e-02
2.88550956e-02
-3.21639615e-01
1.20029775e-01
4.14301190e-01
-1.00138546e-01
1.18174498e-01
-3.58161011e-01
0.00000000e+00
2.30191963e-01
-1.76657467e-02
-8.31207926e-01
-4.90432749e-01
0.00000000e+00
0.00000000e+00
2.55348629e-01
3.75588522e-02
-1.72925856e-01
-3.55065746e-01
-3.40775176e-01
0.00000000e+00
0.00000000e+00
-3.39587588e-02
-1.07236681e+00
0.00000000e+00
0.00000000e+00
0.00000000e+00
-6.25425392e-01
1.60615575e+00
-2.24972043e-01
2.45473248e-01
-1.11465692e+00
7.66916858e-01
8.42469942e-01
-3.04484238e-01
-6.62617077e-02
0.00000000e+00
-2.26344199e-01
8.02500754e-02
-9.56849751e-01
7.26475021e-01
-1.24731237e+00
-4.94350855e-03
2.04872699e-01
-8.57077895e-01
-2.37856788e-01
3.21204401e-01
2.36260070e-01
0.00000000e+00
0.00000000e+00
0.00000000e+00
9.03132003e-02
-8.08383536e-02
1.42432220e-01
1.12539735e-01
4.28524150e-02
-5.46236651e-02
4.71344087e-02
1.29744974e-02
2.71132208e-01
0.00000000e+00
-6.41752788e-02
4.45989532e-02
3.95692464e-02
-5.62947176e-02
6.53012732e-02
-1.78179017e-02
-7.53656670e-02
-3.26931461e-01
1.45930868e-01
-1.02471911e-01
-6.06540576e-01
-3.49656929e-01
-8.33271995e-03
6.22162834e-01
4.07438491e-01
2.09127074e-02
-1.11771121e-01
-2.58798516e-01
-1.31840038e-01
0.00000000e+00
0.00000000e+00
0.00000000e+00
-9.36871821e-02
3.48699886e-01
-2.03326440e-02
-2.91972874e-02
2.63603141e-01
1.22061907e-01
-2.43716720e-01
-6.65078911e-02
-1.68582731e-01
0.00000000e+00
7.12738542e-02
1.13456724e-01
-1.20250335e-01
-1.41591974e-01
-2.55629661e-01
1.29639835e-01
1.54188901e-02
9.72837020e-02
2.00972749e-02
-1.73878828e-01
-2.56883647e-01
-2.49180746e-01
5.66298454e-01
2.98846622e-01
-4.65826231e-01
-3.74344856e-01
4.83077135e-01
5.24839457e-01
-1.56402410e-01
3.06864536e-02
-1.58192225e-01
-2.46839085e-01
-9.14813750e-02
-1.42033354e-01
2.47762412e-01
-3.79530888e-01
247
1.53270753e-02
1.63609513e-01
-1.48282437e-01
2.96684909e-01
-1.33075397e-01
-2.88906947e-01
-1.89870836e-02
1.31789878e-01
0.00000000e+00
0.00000000e+00
-3.32018989e-01
-5.69377584e-01
2.70247848e-01
1.01932890e-01
0.00000000e+00
0.00000000e+00
0.00000000e+00
0.00000000e+00
0.00000000e+00
0.00000000e+00
0.00000000e+00
0.00000000e+00
0.00000000e+00
0.00000000e+00
0.00000000e+00
0.00000000e+00
0.00000000e+00
0.00000000e+00
0.00000000e+00
0.00000000e+00
0.00000000e+00
0.00000000e+00
0.00000000e+00
0.00000000e+00
0.00000000e+00
0.00000000e+00
0.00000000e+00
0.00000000e+00
0.00000000e+00
0.00000000e+00
0.00000000e+00
4.44042330e-01
-7.49760888e-03
5.51547321e-01
-3.43583857e-03
1.59928384e-01
8.97849275e-04
-1.14019096e+00
2.24827402e-03
0.00000000e+00
0.00000000e+00
1.04627062e+00
-2.17357704e-01
-2.56160015e-02
-7.47649197e-01
1.75878792e-01
-2.16199436e-01
0.00000000e+00
0.00000000e+00
1.79779050e+00
3.25785307e+00
0.00000000e+00
0.00000000e+00
0.00000000e+00
0.00000000e+00
0.00000000e+00
0.00000000e+00
4.71718557e-01
-8.31796287e-02
-1.61156851e-01
3.07782656e-02
-6.79514227e-01
-1.36110954e+00
0.00000000e+00
0.00000000e+00
0.00000000e+00
0.00000000e+00
0.00000000e+00
0.00000000e+00
5.54350957e-01
-3.02064714e-01
-5.98755795e-01
-6.91424739e-01
-1.09740389e+00
-1.10722781e+00
4.64172804e+00
4.24507073e+00
3.92692316e+00
4.28264635e+00
4.15112042e+00
4.47683907e+00
6.87672244e-01
5.11784169e-01
4.85900647e-01
2.87035214e-01
1.39736382e-02
-1.79449998e-01
5.89313550e-01
-1.58825968e-01
-2.59724268e-01
-5.08089654e-02
7.23456203e-02
-3.55254665e-01
0.00000000e+00
0.00000000e+00
0.00000000e+00
0.00000000e+00
1.53270753e-02
3.78777616e-01
0.00000000e+00
-2.19556365e+00
-1.13873339e+00
-6.43730033e-01
-7.74036668e-01
-2.72925673e-01
-1.78246343e+00
0.00000000e+00
0.00000000e+00
0.00000000e+00
2.78031340e-01
4.30070387e-01
-1.09677135e-01
1.44763106e-01
-2.02475497e+00
4.74633019e-01
6.62419851e-01
9.42487178e-01
8.13404307e-03
0.00000000e+00
-3.05487362e-01
-5.12927710e-02
-1.32959875e+00
2.91801428e-01
3.29900150e-01
4.40725976e-01
7.55201588e-01
-2.57041751e+00
-1.15036257e+00
1.00095958e+00
-9.80492476e-01
-4.83277820e-01
0.00000000e+00
6.27342193e-01
-8.84670187e-02
-2.21002470e-01
0.00000000e+00
0.00000000e+00
0.00000000e+00
-1.50991858e-02
6.97516538e-01
1.27950083e-01
1.79727156e-01
5.94898941e-01
2.17921075e-01
-3.90861907e-02
-8.86258515e-02
-4.40916000e-01
0.00000000e+00
2.10976837e-02
-2.97348021e-01
-6.31834809e-02
-3.24121604e-02
-6.54519290e-01
2.17734559e-01
-5.87775084e-02
-3.90166353e-01
-8.13955452e-02
-1.16318919e-01
-4.97214656e-01
0.00000000e+00
-3.63310243e-01
-3.79458984e-02
-8.01970951e-01
-6.55455574e-01
0.00000000e+00
0.00000000e+00
-2.07634918e-01
-1.46515377e-01
0.00000000e+00
0.00000000e+00
-4.24864565e-01
-1.04696234e+00
0.00000000e+00
0.00000000e+00
0.00000000e+00
-5.89109900e-01
1.81024775e+00
1.40754912e-01
4.52310219e-01
-2.09413896e+00
7.24429401e-01
9.50125227e-01
-4.41543574e-01
1.41193035e-01
0.00000000e+00
-7.55914395e-01
6.34754901e-01
-6.89712045e-01
7.33259773e-01
-8.90550274e-01
-5.96787486e-01
1.25629346e-01
-1.12775127e+00
2.13786691e-01
2.12054308e-01
-6.36252166e-01
-4.16888404e-01
-6.66832333e-02
3.26649764e-01
2.53423725e-01
-4.27898184e-02
0.00000000e+00
0.00000000e+00
0.00000000e+00
9.93028391e-02
4.50875943e-02
7.37356135e-02
2.62537435e-02
0.00000000e+00
1.08546789e-01
1.87612801e-01
1.94271992e-01
7.63117467e-02
0.00000000e+00
-1.13525891e-01
-1.54545991e-01
-8.24071153e-02
2.41360657e-01
1.04529557e-01
1.37138653e-01
2.63524045e-01
-5.80574501e-02
1.64088258e-01
7.07676949e-02
-2.19363762e-01
-2.69466379e-01
4.29368100e-01
6.40790044e-01
-4.10710175e-01
-3.57148263e-01
2.76470904e-01
6.30893755e-01
-2.35769465e-01
-5.35619114e-02
-6.30647428e-01
6.42584906e-01
-4.50431796e-01
3 -999999999 5 0 -1
2 0 1 1 -1
-5.6439e-01 8.9781e-01
356
1.74276654e-01
0.00000000e+00
0.00000000e+00
0.00000000e+00
0.00000000e+00
0.00000000e+00
0.00000000e+00
0.00000000e+00
0.00000000e+00
0.00000000e+00
0.00000000e+00
0.00000000e+00
0.00000000e+00
0.00000000e+00
0.00000000e+00
0.00000000e+00
1.12314553e-02
1.63045199e-01
-2.32669970e-01
6.52874483e-02
-2.88027921e-01
5.94767489e-03
0.00000000e+00
0.00000000e+00
-3.22183667e-01
-2.02812204e-01
-1.74150999e-01
-1.71780686e-01
-2.10308636e-02
1.59788424e-02
-2.27617949e-01
1.47013707e-01
2.72629474e-02
-5.28977567e-01
1.25397179e-02
-1.48994682e-01
-4.29928488e-01
2.91451246e-01
-9.89232976e-01
3.84540028e-01
3.31907938e-01
0.00000000e+00
0.00000000e+00
0.00000000e+00
0.00000000e+00
0.00000000e+00
0.00000000e+00
0.00000000e+00
0.00000000e+00
0.00000000e+00
0.00000000e+00
1.35654405e-01
6.71473896e-03
-7.95453982e-01
0.00000000e+00
0.00000000e+00
0.00000000e+00
0.00000000e+00
-8.82411527e-01
1.03184942e+00
5.16032590e-01
4.48937755e-01
9.66483644e-01
-2.90634927e-01
4.88179001e-01
-1.31376184e+00
-9.14007054e-01
-3.47221937e-01
0.00000000e+00
0.00000000e+00
0.00000000e+00
-3.89182153e-02
1.37861142e-04
-1.97220769e-02
-1.07002948e-01
3.02318432e-03
-1.35879142e-01
3.20197817e-01
5.57790296e-06
-5.77216487e-02
0.00000000e+00
0.00000000e+00
-1.53291312e-01
-5.79471054e-01
-1.33767368e-01
2.00436032e-02
4.43752722e-01
5.77010064e-01
0.00000000e+00
0.00000000e+00
2.50868795e-01
-1.48993667e-01
4.53228205e-02
-1.35126977e-01
-2.50189946e-01
-6.11785225e-03
1.14339116e-01
1.12062011e-01
-2.15234966e-01
4.41484846e-02
1.01031672e-01
-4.34974745e-01
2.00726886e-01
-5.15306106e-02
1.50362605e+00
1.75480668e+00
0.00000000e+00
0.00000000e+00
0.00000000e+00
0.00000000e+00
0.00000000e+00
0.00000000e+00
-8.05801026e-02
-2.84700620e-01
2.21384730e-01
2.78422618e-01
-5.42203264e-01
-9.21672755e-01
0.00000000e+00
0.00000000e+00
0.00000000e+00
0.00000000e+00
0.00000000e+00
0.00000000e+00
3.15062943e-01
-1.05476814e-01
-3.53345725e-01
-3.57751247e-01
-4.99143418e-01
-5.79875766e-01
3.47620740e+00
3.33026189e+00
3.01841136e+00
3.42852777e+00
3.30014891e+00
3.68073329e+00
7.33681702e-01
5.91616405e-01
7.64008830e-01
4.76479194e-01
3.82540470e-01
-1.96551971e-01
8.15520022e-01
4.16506492e-02
1.82211439e-01
2.20927825e-01
2.13782977e-01
-6.39646678e-02
0.00000000e+00
0.00000000e+00
0.00000000e+00
0.00000000e+00
0.00000000e+00
0.00000000e+00
0.00000000e+00
0.00000000e+00
1.74276654e-01
1.93358769e-01
0.00000000e+00
0.00000000e+00
-1.90746027e-01
-4.77488482e-01
-1.13860337e+00
-9.58213129e-01
-1.32934939e+00
0.00000000e+00
0.00000000e+00
0.00000000e+00
5.67356393e-01
1.00205020e+00
-7.07192372e-01
2.75001971e-01
-8.95436086e-01
-2.19475974e-01
8.87483085e-01
7.65962589e-01
1.18041141e-01
0.00000000e+00
-7.40057831e-02
-8.08691428e-01
-1.57723436e+00
-2.92291112e-01
4.92178781e-01
8.40985771e-01
4.07618956e-01
-1.81900032e+00
-1.08365057e+00
7.90949721e-01
-2.14532491e-01
0.00000000e+00
0.00000000e+00
0.00000000e+00
1.26163439e-01
-1.08659452e-01
9.14743955e-02
1.61545891e-01
-1.02573313e+00
2.75090854e-01
1.56728471e-01
-4.80710822e-02
-1.70387762e-01
0.00000000e+00
9.23642841e-02
4.12029235e-02
2.38199741e-01
2.94883726e-01
-7.72054396e-02
-1.54694222e-01
-3.92881393e-02
-1.12381539e-01
2.96332278e-02
1.46013244e-02
-5.90392779e-01
2.43026606e-02
0.00000000e+00
0.00000000e+00
4.59399090e-01
1.66406054e-01
3.74936320e-02
-1.79597025e-01
2.69824012e-01
0.00000000e+00
0.00000000e+00
0.00000000e+00
2.55094036e-01
1.87073059e-02
-2.92518379e-01
4.35455149e-02
0.00000000e+00
-2.47579734e-01
2.84271615e-01
1.68211887e-02
5.34492741e-01
0.00000000e+00
-1.42609935e-01
-1.85013895e-02
-3.49969634e-02
-4.15353199e-01
-2.43508862e-01
4.46856683e-01
9.83446374e-02
-1.17322325e-02
-1.87869760e-01
1.19669707e-01
-6.14695440e-01
0.00000000e+00
0.00000000e+00
-1.69441062e-01
-7.38956615e-01
-2.15048687e-01
0.00000000e+00
0.00000000e+00
0.00000000e+00
-1.78790698e-02
-9.38701502e-02
-1.03299467e-01
-5.23907927e-01
0.00000000e+00
0.00000000e+00
0.00000000e+00
-1.43570161e+00
0.00000000e+00
0.00000000e+00
0.00000000e+00
-9.46031331e-02
1.57185464e+00
6.63349598e-02
5.47770705e-01
-2.03329003e+00
1.00772218e+00
5.72109791e-01
-1.32831919e-02
1.14588440e-01
0.00000000e+00
-5.04621164e-02
6.88243806e-02
-7.48940508e-01
6.98796288e-01
-1.61249551e+00
-2.35484686e-02
2.18115713e-01
-1.61277030e+00
-2.53816324e-01
1.41390873e-01
1.99932566e-01
0.00000000e+00
0.00000000e+00
0.00000000e+00
6.88348682e-02
-2.10151679e-01
1.58750777e-02
7.16629487e-02
-6.08666481e-01
-2.23623533e-01
2.03924413e-01
-2.40650426e-02
-1.11627441e-01
0.00000000e+00
9.57798793e-02
1.95554491e-02
1.33088054e-01
1.61297106e-01
3.09309562e-01
1.53191721e-02
6.86378051e-02
-1.56457278e-02
1.81527722e-01
4.89004143e-02
-6.36315461e-01
-8.39789023e-02
0.00000000e+00
3.06603737e-01
7.53383637e-02
1.04238987e-01
-2.37268268e-02
-1.64491062e-01
5.44486617e-02
0.00000000e+00
0.00000000e+00
0.00000000e+00
-1.73889910e-02
2.96592339e-01
2.24349872e-01
-1.81977096e-01
0.00000000e+00
8.53361977e-02
-4.86364742e-01
-4.26862034e-01
-2.81012139e-01
0.00000000e+00
2.60514009e-02
1.71225854e-02
8.62167405e-02
3.45120604e-01
4.53136547e-01
6.93493233e-02
2.00134092e-02
-2.54190831e-02
2.39138916e-01
-5.62550487e-01
-5.52336559e-01
0.00000000e+00
8.37894079e-01
-2.13903188e-01
-7.99386150e-01
-3.93509580e-01
0.00000000e+00
4.76041231e-01
-7.30061321e-01
-1.20814587e-01
-1.44662518e-01
-1.28032475e-01
-4.05876570e-01
2.42606964e-01
9.07301196e-01
-4.44952882e-01
247
4.27747776e-02
0.00000000e+00
0.00000000e+00
0.00000000e+00
0.00000000e+00
0.00000000e+00
0.00000000e+00
0.00000000e+00
0.00000000e+00
-1.44641566e-01
0.00000000e+00
0.00000000e+00
0.00000000e+00
0.00000000e+00
-3.33892341e-01
3.76667119e-01
-3.32252207e-01
-1.64013420e-03
-1.47091050e-01
-1.89207846e-01
0.00000000e+00
0.00000000e+00
0.00000000e+00
1.58099039e-01
-3.74604007e-01
-3.36414834e-01
-2.31275467e-01
-3.33393703e-01
3.76168480e-01
-1.58556739e+00
1.25217369e+00
1.39802722e-01
1.89622329e-01
5.29828093e-01
0.00000000e+00
0.00000000e+00
0.00000000e+00
0.00000000e+00
0.00000000e+00
0.00000000e+00
0.00000000e+00
0.00000000e+00
0.00000000e+00
-4.60999556e-02
1.73805539e-04
-1.57189765e-01
2.21776554e-03
2.46064499e-01
-5.05904229e-04
0.00000000e+00
0.00000000e+00
5.01222062e-01
4.52745239e-01
-6.60182347e-02
-1.70173578e-01
-5.15377851e-01
-1.59622861e-01
0.00000000e+00
0.00000000e+00
1.32292630e+00
1.49882241e+00
0.00000000e+00
0.00000000e+00
0.00000000e+00
0.00000000e+00
0.00000000e+00
0.00000000e+00
-2.52707974e-02
-1.20029312e-01
1.44549500e-01
2.04097073e-01
-5.09490106e-01
-9.74007879e-01
0.00000000e+00
0.00000000e+00
0.00000000e+00
0.00000000e+00
0.00000000e+00
0.00000000e+00
1.53564278e-01
-1.33701265e-01
-1.64679072e-01
-3.90768608e-01
-5.83475277e-01
-3.36987690e-01
3.05076110e+00
3.13493733e+00
2.84233103e+00
3.17079160e+00
3.08741547e+00
3.15631795e+00
6.88737032e-01
6.46777076e-01
5.91162436e-01
4.76011830e-01
6.60860062e-01
-1.59784108e-01
6.82166934e-01
2.28219675e-01
3.17317663e-01
1.41489229e-01
4.21953338e-01
1.86531348e-01
0.00000000e+00
0.00000000e+00
0.00000000e+00
0.00000000e+00
4.27747776e-02
1.37953026e-01
0.00000000e+00
0.00000000e+00
-3.34029829e-01
-9.46121692e-01
-3.25729608e-01
-9.75414518e-01
-1.28015152e+00
0.00000000e+00
0.00000000e+00
0.00000000e+00
4.99524333e-01
8.91429872e-01
-2.66201854e-01
1.93986332e-01
-1.40686335e+00
3.81891857e-01
5.73083574e-01
4.60730263e-01
-3.09968518e-01
0.00000000e+00
1.70692626e-01
-7.53476846e-01
-1.53975252e+00
-1.80291304e-01
5.88882042e-01
4.01128571e-01
1.80419113e-01
-1.43612221e+00
-6.34189228e-01
9.04945724e-01
-5.43231619e-01
1.39760222e-01
0.00000000e+00
0.00000000e+00
-5.52522722e-01
-4.72665820e-01
0.00000000e+00
0.00000000e+00
0.00000000e+00
1.35709568e-01
2.98277884e-01
1.53809719e-01
2.80224886e-01
0.00000000e+00
8.70455490e-02
1.69526253e-01
9.74652044e-02
-1.58480510e-01
0.00000000e+00
1.33675531e-01
3.00229898e-01
-3.93740958e-02
6.75248297e-02
-6.69094782e-01
8.13275097e-02
7.53718395e-02
-1.78504602e-01
3.46867760e-03
-3.85596236e-03
-6.82991841e-01
0.00000000e+00
0.00000000e+00
-3.54373881e-01
-7.36919902e-01
-4.73790051e-01
0.00000000e+00
0.00000000e+00
0.00000000e+00
-2.63129851e-01
0.00000000e+00
0.00000000e+00
0.00000000e+00
-1.30114413e+00
0.00000000e+00
0.00000000e+00
0.00000000e+00
-2.69638362e-01
1.20335100e+00
-9.76187528e-02
3.01741766e-01
-1.01308999e+00
4.39723893e-01
5.73617995e-01
-2.15465505e-01
-4.73014934e-02
0.00000000e+00
-7.99215044e-03
-1.60235046e-01
-1.04699841e+00
4.17435103e-01
-8.30192311e-01
-1.16372343e-01
2.58515150e-01
-9.01335326e-01
-1.93684974e-01
4.04395636e-01
-4.99106840e-01
1.04299034e-01
0.00000000e+00
-8.99573372e-02
-4.64111914e-01
-2.39837113e-01
0.00000000e+00
0.00000000e+00
0.00000000e+00
-6.00639733e-02
1.11270301e-01
3.56416867e-02
2.30937433e-02
2.56842751e-03
-9.23498400e-02
9.10787097e-02
1.82130218e-01
3.32563190e-01
0.00000000e+00
-1.70196624e-01
7.50664336e-02
-5.62314056e-02
-1.43507218e-01
5.89391526e-02
1.05340085e-01
-3.81882562e-02
-5.59153641e-01
-8.13306457e-02
-5.65074564e-02
-6.03405874e-01
0.00000000e+00
2.56752310e-02
-2.45924403e-01
-8.02037285e-01
-4.30028642e-01
0.00000000e+00
1.79936422e-01
-6.89671202e-01
-3.72008644e-01
3.18029744e-01
5.41157053e-01
-2.60801701e-01
4 2
-1.3531e-01 2.6670e-01
2 -1
0 3 
217
-4.44652184e-01
1.17504118e-02
2.78301869e-01
-9.69799323e-01
-7.71113532e-01
4.87090555e-01
2.26665381e-01
2.17162082e-01
4.88716393e-01
1.50047706e-01
2.90377875e-01
-7.51125189e-01
-6.79298301e-01
-2.54091861e-01
0.00000000e+00
0.00000000e+00
0.00000000e+00
0.00000000e+00
0.00000000e+00
0.00000000e+00
-2.63358578e-02
3.51732198e-03
-7.22854521e-01
-4.07315673e-01
-4.03115351e-03
-5.49471025e-02
0.00000000e+00
0.00000000e+00
-1.03203162e+00
-8.33977861e-01
-3.08525250e-01
2.47390651e-01
8.25831450e-01
6.56660443e-01
0.00000000e+00
0.00000000e+00
-2.02555180e-01
-2.88557006e-02
-2.13241304e-01
0.00000000e+00
0.00000000e+00
0.00000000e+00
0.00000000e+00
0.00000000e+00
-2.02555180e-01
-2.95316771e-01
2.66461071e-01
-2.13241304e-01
0.00000000e+00
0.00000000e+00
0.00000000e+00
0.00000000e+00
0.00000000e+00
0.00000000e+00
0.00000000e+00
0.00000000e+00
0.00000000e+00
0.00000000e+00
0.00000000e+00
0.00000000e+00
-2.13241304e-01
-2.95316771e-01
2.66461071e-01
8.14788613e-01
-7.50882723e-01
-3.24304156e-01
-2.56333689e-01
3.50295269e-02
-2.52224386e-01
5.81799201e-02
0.00000000e+00
-4.97871951e-01
-5.02939052e-01
1.21486297e-01
-8.43203066e-01
-6.82665294e-02
-1.65066942e-02
0.00000000e+00
0.00000000e+00
0.00000000e+00
0.00000000e+00
0.00000000e+00
0.00000000e+00
0.00000000e+00
0.00000000e+00
0.00000000e+00
0.00000000e+00
0.00000000e+00
0.00000000e+00
0.00000000e+00
0.00000000e+00
0.00000000e+00
0.00000000e+00
0.00000000e+00
0.00000000e+00
0.00000000e+00
0.00000000e+00
0.00000000e+00
0.00000000e+00
0.00000000e+00
0.00000000e+00
0.00000000e+00
0.00000000e+00
0.00000000e+00
0.00000000e+00
0.00000000e+00
0.00000000e+00
0.00000000e+00
0.00000000e+00
0.00000000e+00
0.00000000e+00
0.00000000e+00
0.00000000e+00
0.00000000e+00
0.00000000e+00
0.00000000e+00
0.00000000e+00
0.00000000e+00
0.00000000e+00
1.43850949e+00
1.65687843e+00
-7.41585943e-02
0.00000000e+00
0.00000000e+00
0.00000000e+00
1.73759503e-01
2.68833138e-02
-5.21594353e-01
3.44526563e-01
-6.37224463e-01
4.52586144e-01
9.33651180e-02
2.78951239e-01
-1.55343414e-01
0.00000000e+00
-4.20826834e-02
3.55300138e-01
-5.13702047e-01
-8.38844093e-02
5.70198815e-01
2.61130342e-01
2.50758321e-01
-8.38048226e-01
-4.45425163e-01
3.55686667e-01
-1.83702219e-01
0.00000000e+00
0.00000000e+00
0.00000000e+00
2.75237509e-01
2.57150752e-01
1.85150960e-01
5.42706901e-02
-6.90243757e-01
1.07245088e-01
3.86676968e-01
1.87979545e-01
3.80734718e-02
0.00000000e+00
2.25357143e-01
-9.74067965e-02
-2.05019257e-01
6.93946217e-02
-2.49309935e-01
1.22119378e-01
2.92521832e-02
-8.67343354e-01
-2.03523447e-01
1.91236015e-01
-1.88534583e-01
0.00000000e+00
0.00000000e+00
0.00000000e+00
-1.73850061e-01
8.47376720e-01
-3.17408654e-01
4.68595776e-01
-5.44713060e-01
3.24521699e-01
5.53251269e-01
1.99678579e-01
-2.25092378e-01
0.00000000e+00
-1.19483333e-01
-2.01533403e-01
-5.72534216e-01
1.71776511e-01
-3.43666970e-01
-1.24765441e-01
3.06762234e-01
-4.32935295e-01
-4.01286890e-01
3.96772328e-01
-8.67099731e-02
0.00000000e+00
0.00000000e+00
0.00000000e+00
2.12237563e-01
-3.83714208e-04
1.00980212e-01
1.01996966e-01
-4.08134712e-01
8.27694914e-02
2.36153657e-01
-1.35770569e-01
-2.41526716e-01
0.00000000e+00
1.37286299e-01
7.61484288e-02
-1.00553658e-01
2.92064889e-01
6.72659535e-02
6.42209499e-02
-6.06346130e-02
-5.24289630e-01
3.14251865e-02
-1.79659572e-02
136
-1.02518959e+00
0.00000000e+00
0.00000000e+00
-3.76491133e-02
1.72269874e-05
1.73385562e-01
-1.24199171e-02
-1.16092604e+00
-2.35617978e-03
0.00000000e+00
0.00000000e+00
-8.52246828e-01
-5.92351246e-01
-4.66316171e-01
1.72052116e-01
4.57072736e-01
2.56599802e-01
0.00000000e+00
0.00000000e+00
7.02480671e-01
-4.81352439e-01
-1.24631782e+00
0.00000000e+00
0.00000000e+00
0.00000000e+00
0.00000000e+00
0.00000000e+00
7.02480671e-01
-6.06485996e-01
1.25133557e-01
-1.24631782e+00
0.00000000e+00
0.00000000e+00
0.00000000e+00
0.00000000e+00
0.00000000e+00
0.00000000e+00
0.00000000e+00
0.00000000e+00
0.00000000e+00
0.00000000e+00
0.00000000e+00
0.00000000e+00
0.00000000e+00
0.00000000e+00
0.00000000e+00
6.43427792e-01
1.84186436e-01
6.37340261e-01
5.80433800e-01
-1.21554403e-01
0.00000000e+00
9.59946751e-02
4.16894883e-02
5.56320603e-01
-6.76395894e-01
0.00000000e+00
0.00000000e+00
0.00000000e+00
0.00000000e+00
-1.24631782e+00
-6.06485996e-01
1.25133557e-01
0.00000000e+00
0.00000000e+00
0.00000000e+00
0.00000000e+00
0.00000000e+00
0.00000000e+00
0.00000000e+00
0.00000000e+00
0.00000000e+00
0.00000000e+00
0.00000000e+00
0.00000000e+00
0.00000000e+00
0.00000000e+00
0.00000000e+00
0.00000000e+00
0.00000000e+00
0.00000000e+00
0.00000000e+00
0.00000000e+00
0.00000000e+00
0.00000000e+00
0.00000000e+00
1.78106515e+00
1.62074514e+00
-2.67672443e-01
0.00000000e+00
0.00000000e+00
0.00000000e+00
7.94542927e-01
1.34802721e-01
-7.06621563e-02
4.92928370e-01
-1.92027202e+00
4.80103145e-01
7.72899633e-01
5.96299734e-01
-2.97205283e-01
0.00000000e+00
6.53971847e-01
-3.82353749e-02
-1.35612448e+00
1.00390896e-01
3.47735542e-01
5.13291434e-01
6.31686986e-01
-2.30308227e+00
-8.18026452e-01
1.01728236e+00
-5.26807920e-01
0.00000000e+00
0.00000000e+00
0.00000000e+00
4.29060061e-02
1.22486953e+00
-1.63584878e-01
3.31908761e-01
-2.16024182e+00
5.39856815e-01
9.54775913e-01
3.84021920e-04
7.89067891e-02
0.00000000e+00
5.36378611e-01
-1.89779557e-01
-9.76049105e-01
5.68351342e-01
-2.76395236e-01
4.51250668e-02
3.14906777e-01
-1.57678284e+00
-3.45468708e-01
5.23124590e-01
1 1
-2.5627e-01 3.0457e-01
3 -1
0 3 4 
217
-6.40916247e-01
-1.18796623e-01
1.69607805e-01
-2.75751186e-01
-6.99317592e-01
1.07312507e+00
4.37776588e-01
-2.59822241e-01
3.54977027e-01
-6.91064972e-01
-5.02977861e-01
-2.03247721e-01
-2.31374410e-01
-4.06755472e-02
-3.94858970e-01
1.04549720e-02
-3.96680525e-01
-6.13035243e-02
1.31270551e-04
-4.41806496e-01
1.81687463e-01
1.22822431e-03
-5.95365623e-01
-3.66441216e-01
-1.72935276e-03
2.54666570e-02
0.00000000e+00
0.00000000e+00
-5.32886560e-01
-7.19849976e-01
-4.75466807e-01
8.32874145e-02
5.93255768e-01
4.10743913e-01
0.00000000e+00
0.00000000e+00
-2.52403795e-01
1.14821777e-01
-3.36524332e-01
-1.66809897e-01
0.00000000e+00
0.00000000e+00
0.00000000e+00
0.00000000e+00
-2.52403795e-01
-1.81362734e-01
1.23351465e-02
-4.39540882e-02
2.83849365e-01
-2.56088068e-01
-3.64821758e-02
-1.66809897e-01
0.00000000e+00
0.00000000e+00
0.00000000e+00
0.00000000e+00
0.00000000e+00
0.00000000e+00
0.00000000e+00
0.00000000e+00
-2.47246161e-01
-1.53601438e-01
1.23351465e-02
4.71472398e-01
-4.64173858e-01
-1.39410290e-01
-1.12946398e-01
6.85741723e-02
-5.35268389e-01
-3.94164690e-03
0.00000000e+00
-4.06005233e-01
-3.59367108e-01
-1.23764780e-01
-2.36424413e-01
-1.11146234e-01
-1.03497704e-01
0.00000000e+00
-4.65385471e-01
-8.15112168e-01
2.97076440e-02
-6.94462843e-01
-2.05238420e-01
3.29900197e-01
0.00000000e+00
0.00000000e+00
0.00000000e+00
0.00000000e+00
0.00000000e+00
0.00000000e+00
0.00000000e+00
0.00000000e+00
0.00000000e+00
0.00000000e+00
0.00000000e+00
0.00000000e+00
0.00000000e+00
0.00000000e+00
0.00000000e+00
0.00000000e+00
0.00000000e+00
0.00000000e+00
0.00000000e+00
0.00000000e+00
0.00000000e+00
0.00000000e+00
0.00000000e+00
0.00000000e+00
0.00000000e+00
0.00000000e+00
0.00000000e+00
0.00000000e+00
0.00000000e+00
0.00000000e+00
0.00000000e+00
0.00000000e+00
0.00000000e+00
0.00000000e+00
0.00000000e+00
2.03522997e+00
1.83680658e+00
-1.15986002e-02
0.00000000e+00
0.00000000e+00
0.00000000e+00
7.00437417e-02
2.70286671e-01
-2.34103783e-01
2.14352200e-01
-7.19280010e-01
4.10097970e-01
4.99856964e-01
2.28858264e-01
-2.03099721e-01
0.00000000e+00
1.97387896e-01
9.15537987e-02
-7.97323845e-01
-4.59667286e-02
3.72191976e-02
3.66723258e-01
4.63740450e-01
-9.83790486e-01
-4.54229954e-01
5.76075516e-01
-1.29150557e-01
0.00000000e+00
0.00000000e+00
0.00000000e+00
3.81873690e-01
1.12698238e-01
1.19917641e-01
1.33445430e-01
-7.71549548e-01
-2.04465417e-03
2.09883838e-01
2.73128520e-01
1.08827702e-01
0.00000000e+00
9.35230889e-02
-1.25446649e-01
-4.32307485e-01
1.42318779e-01
1.36212132e-01
1.22569345e-01
1.44701466e-01
-7.15812001e-01
-1.98965991e-01
1.37875901e-01
-2.23239788e-01
0.00000000e+00
0.00000000e+00
0.00000000e+00
6.42542762e-02
7.21923369e-01
-3.21168494e-01
4.02167440e-01
-7.75265822e-01
1.92728303e-01
4.58028257e-01
1.33351870e-02
5.81717081e-02
0.00000000e+00
1.20797083e-01
-6.01463068e-02
-5.67973282e-01
2.54536596e-01
-4.15254404e-01
1.81078849e-02
4.35841640e-01
-8.27324173e-01
-2.48762317e-01
2.52763268e-01
-1.60223752e-01
0.00000000e+00
0.00000000e+00
0.00000000e+00
1.59596974e-01
2.00432796e-01
1.47429013e-01
1.30613370e-01
-8.96340343e-01
1.18092320e-01
3.52857758e-01
-3.62290554e-03
-1.49827422e-01
0.00000000e+00
1.70923442e-01
-1.06621914e-01
-4.34961960e-01
1.59975538e-01
2.77962070e-01
-1.49077068e-02
1.00772215e-02
-3.71690719e-01
2.67069179e-02
6.30817997e-02
136
-1.27250631e+00
-2.12973611e-01
-1.01540306e-02
-2.47859961e-01
-1.48933136e-03
-4.58033131e-01
2.43100608e-03
-3.53639605e-01
4.68570725e-05
0.00000000e+00
0.00000000e+00
1.40711704e-01
-3.56149917e-01
-3.46950563e-01
-1.44881756e-01
-5.96570137e-02
-5.05578762e-01
0.00000000e+00
0.00000000e+00
3.25784214e-01
8.61424488e-02
-8.54434172e-01
-8.29998798e-01
0.00000000e+00
0.00000000e+00
0.00000000e+00
0.00000000e+00
3.25784214e-01
-9.48590121e-02
-3.68147863e-01
-3.76193745e-01
5.49149324e-01
-8.69178849e-01
3.90938422e-01
-8.29998798e-01
0.00000000e+00
0.00000000e+00
0.00000000e+00
0.00000000e+00
0.00000000e+00
0.00000000e+00
0.00000000e+00
0.00000000e+00
0.00000000e+00
0.00000000e+00
0.00000000e+00
6.89940907e-01
2.07783190e-01
3.77863257e-01
2.90294331e-01
-4.62200035e-01
0.00000000e+00
-8.91043235e-02
2.63394424e-01
4.07929039e-01
-7.59368813e-01
0.00000000e+00
-5.13416407e-01
-1.31351637e-01
2.24538009e-01
-9.44394624e-01
-4.14888537e-01
-3.68147863e-01
0.00000000e+00
0.00000000e+00
0.00000000e+00
0.00000000e+00
0.00000000e+00
0.00000000e+00
0.00000000e+00
0.00000000e+00
0.00000000e+00
0.00000000e+00
0.00000000e+00
0.00000000e+00
0.00000000e+00
0.00000000e+00
0.00000000e+00
0.00000000e+00
0.00000000e+00
0.00000000e+00
0.00000000e+00
0.00000000e+00
0.00000000e+00
0.00000000e+00
0.00000000e+00
1.60467998e+00
1.38217704e+00
-3.56651082e-01
0.00000000e+00
0.00000000e+00
0.00000000e+00
8.39707657e-01
2.31070955e-01
-3.66171943e-02
5.94698653e-01
-2.00514479e+00
5.87410855e-01
8.84054336e-01
5.44875392e-01
-3.84755691e-01
0.00000000e+00
6.89387782e-01
1.53540595e-01
-1.23867528e+00
1.40879745e-01
4.02437600e-01
4.76421562e-01
5.84388530e-01
-2.76138346e+00
-9.69449717e-01
9.10501393e-01
-5.56755952e-01
0.00000000e+00
0.00000000e+00
0.00000000e+00
1.14560082e-01
1.02956968e+00
-2.32871518e-01
4.50142777e-01
-1.48951828e+00
3.71710973e-01
8.93140615e-01
-4.78378340e-03
-1.93141889e-01
0.00000000e+00
5.01683626e-01
-1.04548749e-01
-8.32143732e-01
6.75670575e-01
-4.07747758e-01
1.09882002e-02
3.41912120e-01
-1.81509196e+00
-3.92077840e-01
5.25790911e-01
8 2
-3.2434e-01 3.1600e-01
4 3
0 3 4 1 
217
-4.72290888e-01
3.98206389e-01
-2.15967318e-01
-2.09359450e-01
-4.07112891e-01
2.64972439e-01
2.76997705e-02
1.99238673e-01
2.60013631e-01
2.42293322e-01
4.11023569e-02
-4.80110522e-01
-3.93993756e-01
-2.04136819e-01
0.00000000e+00
0.00000000e+00
0.00000000e+00
-7.80307200e-03
-3.95716382e-03
-3.69177040e-02
-1.06433721e-01
-3.52019575e-03
-5.57181043e-01
-3.58054095e-01
1.27391366e-03
-2.88585079e-01
0.00000000e+00
0.00000000e+00
5.40911409e-01
-6.95884404e-01
-1.88415471e-01
-2.86972934e-01
2.17411951e-01
-5.93414399e-02
0.00000000e+00
0.00000000e+00
-3.15030970e-01
2.61579619e-01
-9.75818153e-02
-2.13597341e-01
-1.07660381e-01
0.00000000e+00
0.00000000e+00
0.00000000e+00
-3.15030970e-01
3.69240436e-01
-4.35667438e-01
8.28415428e-02
1.95686979e-01
-5.35020283e-01
1.41020962e-01
3.84505485e-01
1.32319642e-01
2.02976824e-01
5.58620705e-02
-2.30068484e-01
-4.52629319e-02
-3.55091574e-01
-1.29427686e-02
-1.07660381e-01
6.03186750e-02
2.99071324e-02
-2.47485726e-01
5.09041011e-01
-7.93055465e-01
-3.68498625e-01
-3.94855684e-02
-9.08880720e-01
-1.48790866e-01
7.29040872e-01
0.00000000e+00
-3.50181877e-01
-6.91271079e-01
-4.83617488e-02
-2.71778161e-01
-7.37472621e-02
3.38308643e-01
0.00000000e+00
-1.37526377e-01
-7.23297519e-01
-3.22710036e-02
-1.91428712e-01
-3.02493507e-01
-3.39321660e-01
-2.17497611e-01
1.05074325e-01
-3.45021233e-01
-9.48198068e-02
5.39586913e-02
-2.65047796e-01
-2.48811249e-01
0.00000000e+00
0.00000000e+00
0.00000000e+00
0.00000000e+00
0.00000000e+00
0.00000000e+00
0.00000000e+00
0.00000000e+00
0.00000000e+00
0.00000000e+00
0.00000000e+00
0.00000000e+00
0.00000000e+00
0.00000000e+00
0.00000000e+00
0.00000000e+00
0.00000000e+00
0.00000000e+00
0.00000000e+00
0.00000000e+00
0.00000000e+00
0.00000000e+00
0.00000000e+00
0.00000000e+00
0.00000000e+00
0.00000000e+00
0.00000000e+00
0.00000000e+00
1.46342248e+00
1.66099479e+00
-2.18881287e-01
0.00000000e+00
0.00000000e+00
0.00000000e+00
2.91106546e-01
-7.02978985e-02
-2.16139962e-01
2.83088996e-01
-5.88872691e-01
1.75260934e-01
4.42153688e-01
1.85680737e-01
-4.49922614e-01
0.00000000e+00
3.71329856e-01
1.26166888e-02
-4.65029445e-01
8.17075731e-02
1.78397910e-01
2.20155216e-01
1.25512002e-01
-8.74546650e-01
-3.76961652e-01
4.55879480e-01
-9.55662082e-02
0.00000000e+00
0.00000000e+00
0.00000000e+00
1.56264382e-01
1.52451590e-01
-8.01561375e-03
6.03903328e-02
-5.23809571e-01
1.64939228e-01
1.80164589e-01
1.51494954e-01
1.94763874e-01
0.00000000e+00
5.79758545e-02
8.56470515e-02
-3.31925536e-01
-4.22385301e-02
3.44242698e-02
9.43666040e-02
2.61701948e-01
-6.65465349e-01
-2.62196176e-01
1.43499889e-01
-2.91420173e-01
0.00000000e+00
0.00000000e+00
0.00000000e+00
3.16285142e-02
4.62872138e-01
-2.93568308e-01
1.91509480e-01
-6.86119406e-01
2.34739186e-01
7.29634706e-01
-9.39415525e-02
-3.76154734e-01
0.00000000e+00
-1.33010101e-02
-4.72317982e-02
-6.71000350e-02
2.76680467e-01
-3.42960008e-01
-4.73307053e-02
2.03759877e-01
-4.97963192e-01
-2.25100669e-01
2.68526877e-01
-8.28854766e-02
0.00000000e+00
0.00000000e+00
0.00000000e+00
5.15560022e-02
3.26375235e-01
2.03682827e-01
2.42715312e-01
-1.03120881e+00
1.65183751e-01
7.48496638e-02
7.02240775e-02
1.88419598e-01
0.00000000e+00
1.50785969e-01
2.27275864e-03
-3.08713154e-01
2.10004402e-01
1.02152599e-01
4.30324131e-02
3.32997793e-02
-5.95275168e-01
-6.89157887e-02
5.66730510e-02
136
-8.32591034e-01
0.00000000e+00
0.00000000e+00
-1.94493140e-02
-3.18305756e-03
-2.22049596e-01
-6.88800161e-03
-5.91092124e-01
7.06282010e-04
0.00000000e+00
0.00000000e+00
-4.67744063e-01
-5.65890566e-01
-4.37197534e-01
5.25242300e-02
2.43096418e-01
3.42620481e-01
0.00000000e+00
0.00000000e+00
-1.32226781e-01
3.95411467e-01
-5.05571559e-02
-4.57153559e-01
-5.88065006e-01
0.00000000e+00
0.00000000e+00
0.00000000e+00
-1.32226781e-01
-1.33169992e-01
-3.50302634e-02
2.58325301e-01
1.83180159e-01
-6.57289813e-01
3.70434814e-01
1.60434874e-01
3.80431564e-01
1.76859350e-01
-4.47097944e-01
-3.56375940e-01
2.48211136e-01
-2.48661456e-01
-1.25510363e-02
-5.88065006e-01
0.00000000e+00
0.00000000e+00
0.00000000e+00
5.36280775e-01
1.90708731e-02
2.13520477e-01
1.30847024e-01
-2.15014565e-01
0.00000000e+00
-1.82665833e-01
1.80466744e-01
1.69026359e-01
-5.83845661e-01
0.00000000e+00
-2.88284705e-01
-1.54089599e-01
2.04247817e-01
-7.77265596e-01
-4.43812059e-01
-2.50505933e-01
-1.06990043e-01
7.35602646e-02
-2.45238674e-01
0.00000000e+00
0.00000000e+00
0.00000000e+00
0.00000000e+00
0.00000000e+00
0.00000000e+00
0.00000000e+00
0.00000000e+00
0.00000000e+00
0.00000000e+00
0.00000000e+00
0.00000000e+00
0.00000000e+00
0.00000000e+00
0.00000000e+00
0.00000000e+00
0.00000000e+00
0.00000000e+00
0.00000000e+00
0.00000000e+00
1.79310632e+00
1.59894640e+00
-2.65971149e-01
0.00000000e+00
0.00000000e+00
0.00000000e+00
7.84824948e-01
4.46912638e-01
-4.52204505e-02
4.59780238e-01
-1.94012741e+00
5.72787692e-01
8.09489448e-01
5.99956963e-01
-3.47339416e-01
0.00000000e+00
5.89128282e-01
4.23569206e-02
-1.46175784e+00
1.68136767e-01
3.19682770e-01
6.38221806e-01
5.55378420e-01
-2.59420279e+00
-8.35963020e-01
9.71982887e-01
-5.14511580e-01
0.00000000e+00
0.00000000e+00
0.00000000e+00
9.87384884e-02
9.74909056e-01
-2.41265415e-01
3.67003187e-01
-1.50799298e+00
3.98195704e-01
9.69031602e-01
4.47905815e-03
-2.07550246e-01
0.00000000e+00
5.00104836e-01
-2.72752534e-01
-9.94145848e-01
4.86739525e-01
-2.87824724e-01
7.41125896e-02
3.95738237e-01
-1.53408500e+00
-2.77150959e-01
5.39203839e-01
7 1
-6.4600e-01 3.9670e-01
5 1
0 3 4 1 8 
217
-5.97392102e-01
1.05301381e-01
4.41036554e-02
-2.00779537e-01
-2.99882797e-01
5.13433090e-01
1.61808498e-01
-9.23476772e-02
2.53748359e-02
-3.57925809e-01
-4.71958811e-01
-4.08733768e-02
-1.27338283e-02
3.60593234e-03
-2.67350074e-01
9.55342069e-04
-1.29731013e-01
3.98252921e-02
1.37369982e-03
-5.14580938e-01
2.56164442e-01
1.90286400e-03
-7.19778555e-01
-6.26031763e-01
-1.18207967e-03
1.35729088e-01
0.00000000e+00
0.00000000e+00
-7.87876675e-01
-7.53098119e-01
-3.12053347e-01
3.50256804e-01
5.85704968e-01
3.19674268e-01
0.00000000e+00
0.00000000e+00
-4.67283081e-02
-2.07629869e-02
6.07522949e-02
-2.48198714e-01
-2.21498346e-01
-1.20956042e-01
0.00000000e+00
0.00000000e+00
-5.21707280e-02
-2.18162247e-01
-4.68218731e-02
-8.47791613e-04
1.43428877e-01
-3.07047034e-01
1.81861976e-01
3.06061844e-01
9.61183651e-02
4.69070052e-02
-1.38004733e-01
-1.21426360e-01
2.42224882e-02
-8.67543044e-02
-2.42832646e-01
-1.81924940e-01
-3.03224417e-02
-4.26190692e-01
-9.41506605e-02
4.73794394e-01
-5.07992668e-01
-2.36981410e-01
-1.56836024e-01
1.64133720e-01
-4.06357804e-01
-5.91887409e-03
0.00000000e+00
-3.53457578e-01
-2.43428989e-01
-1.04177162e-01
-2.29019262e-02
-1.39757362e-01
-1.22833484e-01
0.00000000e+00
-4.34408362e-01
-7.81663476e-01
1.36154926e-01
-4.27248157e-01
-2.99138666e-01
-8.81530420e-02
-8.49317648e-02
9.12347877e-02
3.49297422e-02
-2.52382387e-01
-4.07436687e-02
-3.51312738e-01
2.71134747e-02
0.00000000e+00
-3.65711860e-02
-5.56746317e-02
-1.18067681e-01
-1.86505636e-01
-4.42753235e-01
-2.48335287e-01
0.00000000e+00
0.00000000e+00
0.00000000e+00
0.00000000e+00
0.00000000e+00
0.00000000e+00
0.00000000e+00
0.00000000e+00
0.00000000e+00
0.00000000e+00
0.00000000e+00
0.00000000e+00
0.00000000e+00
0.00000000e+00
0.00000000e+00
0.00000000e+00
0.00000000e+00
0.00000000e+00
0.00000000e+00
0.00000000e+00
0.00000000e+00
1.84108480e+00
1.76105199e+00
-8.59230746e-02
0.00000000e+00
0.00000000e+00
0.00000000e+00
4.93750748e-01
1.98623213e-01
-3.74060203e-01
4.36607599e-01
-9.00829537e-01
3.02290080e-01
6.93305790e-01
5.00155156e-01
-1.75794284e-01
0.00000000e+00
4.77911655e-01
4.79313326e-02
-9.80042795e-01
-9.78477632e-02
1.40186391e-01
3.04750741e-01
3.14519970e-01
-1.61612475e+00
-6.60356099e-01
8.09099678e-01
-2.32338557e-01
0.00000000e+00
0.00000000e+00
0.00000000e+00
1.94736650e-01
1.25782545e-01
1.55318612e-01
-9.23859987e-02
-7.67986871e-01
9.17251276e-02
3.76911368e-02
1.52719116e-01
5.37080128e-02
0.00000000e+00
-5.78485332e-02
2.28432868e-02
-1.81348045e-01
1.80603388e-01
1.02124883e-01
1.74829985e-01
7.68947186e-02
-4.76959544e-01
-2.08413121e-02
-3.94571457e-03
-1.89696360e-01
0.00000000e+00
0.00000000e+00
0.00000000e+00
7.20529183e-02
8.21236143e-01
-2.96251083e-01
5.20972839e-01
-9.87261033e-01
4.18508979e-01
6.67601701e-01
-1.32074273e-01
-3.43124037e-01
0.00000000e+00
2.01410994e-01
1.52426824e-01
-8.20997315e-01
3.55236448e-01
-3.55978964e-01
4.42488773e-02
6.22532925e-01
-1.08185345e+00
-2.78378455e-01
2.29993604e-01
-3.05865922e-01
0.00000000e+00
0.00000000e+00
0.00000000e+00
2.34849288e-01
7.34392442e-03
6.84821822e-02
-6.70178183e-02
-8.21785676e-01
-4.41176824e-02
1.82728531e-01
-8.30277104e-03
1.15978952e-01
0.00000000e+00
2.54996825e-01
-3.51327982e-01
-2.81351815e-01
1.20862223e-01
3.19331663e-01
-1.11203583e-02
-1.54036171e-01
-2.23682345e-01
4.33611983e-02
3.08941911e-01
136
-1.01445139e+00
-1.71529546e-01
-6.09261448e-03
-1.77350243e-01
-1.26528049e-03
-5.01824961e-01
4.87795108e-03
-1.63746636e-01
-9.13686998e-06
0.00000000e+00
0.00000000e+00
3.49371999e-01
-1.16279142e-01
-3.53254281e-01
-2.52305340e-01
-1.77174664e-01
-4.64809958e-01
0.00000000e+00
0.00000000e+00
-1.56285478e-01
8.06897010e-01
-2.53420416e-02
-5.66373709e-01
-6.99645538e-01
-3.73701629e-01
0.00000000e+00
0.00000000e+00
-2.29759884e-01
3.11787114e-01
-4.37562287e-01
-1.26527842e-02
4.36477121e-01
-1.25025693e-01
4.29633599e-01
-1.82451740e-01
7.79464426e-02
1.67264054e-01
-5.22234351e-02
-1.87105943e-01
3.20859365e-01
-5.58875448e-01
-5.58285262e-02
-9.16933340e-01
0.00000000e+00
0.00000000e+00
0.00000000e+00
5.07199237e-01
-1.76568423e-02
2.12998462e-01
1.95010288e-01
-3.36590695e-01
0.00000000e+00
4.00673072e-01
2.02606084e-01
2.84632116e-01
-3.92349341e-01
0.00000000e+00
-3.62306723e-01
-5.81394660e-02
2.19795859e-01
-7.43138592e-01
-1.83392379e+00
-2.99390870e-01
-6.92824668e-02
1.71286803e-02
-2.58598497e-01
0.00000000e+00
-1.80612619e-01
-2.45260622e-01
7.12559714e-02
-1.04306277e-01
0.00000000e+00
0.00000000e+00
0.00000000e+00
0.00000000e+00
0.00000000e+00
0.00000000e+00
0.00000000e+00
0.00000000e+00
0.00000000e+00
0.00000000e+00
0.00000000e+00
0.00000000e+00
0.00000000e+00
0.00000000e+00
0.00000000e+00
1.63976053e+00
1.47783383e+00
-3.13321530e-01
0.00000000e+00
0.00000000e+00
0.00000000e+00
8.56649934e-01
3.31952332e-01
-8.39152979e-02
5.59018673e-01
-2.00209708e+00
6.45194944e-01
8.76410533e-01
5.08247773e-01
-3.99641804e-01
0.00000000e+00
6.28376574e-01
1.47427562e-01
-1.38709561e+00
1.30036770e-01
3.46396954e-01
5.05718105e-01
6.83240913e-01
-2.62936303e+00
-9.99072323e-01
9.69192556e-01
-5.28525844e-01
0.00000000e+00
0.00000000e+00
0.00000000e+00
1.37117087e-01
1.12626848e+00
-1.40043315e-01
5.31209741e-01
-1.67219606e+00
5.30094166e-01
9.67434945e-01
1.69732645e-02
-1.57093268e-01
0.00000000e+00
4.58818374e-01
-1.90694249e-01
-8.50498311e-01
6.36634521e-01
-4.07471171e-01
-5.07735414e-02
3.49648946e-01
-1.74300744e+00
-5.08216375e-01
4.37268356e-01
9 1
-8.3388e-01 4.1727e-01
6 0
0 3 4 1 8 7 
217
-5.21483491e-01
2.94222538e-01
-1.82412422e-01
2.10684068e-02
2.90591406e-01
-5.72053892e-01
-2.07883864e-01
-2.24801831e-01
-6.66626959e-01
5.34170348e-01
-1.78946185e-01
2.05587711e-01
2.41382112e-01
1.16526605e-01
-1.38038821e-01
-2.76839760e-03
-2.16191955e-01
1.69385887e-01
-2.95776377e-03
-2.64894025e-01
-7.61261922e-01
4.63163922e-03
-1.11745777e-01
2.08431364e-01
6.31998101e-04
-4.60187192e-01
0.00000000e+00
0.00000000e+00
3.04564486e-01
-2.88373199e-01
-2.05557385e-01
-1.84804143e-01
7.62453799e-02
-2.23558630e-01
0.00000000e+00
0.00000000e+00
0.00000000e+00
2.08272440e-01
2.83120649e-01
-7.78600329e-02
-1.97487702e-01
-1.74992652e-01
-1.32614512e-01
0.00000000e+00
-3.47754027e-01
1.10845632e-02
-1.47893592e-02
-4.01026788e-02
1.26799049e-01
-3.85518498e-01
2.75170954e-01
2.12755937e-01
1.57864585e-01
1.52638230e-01
-1.42850824e-01
-9.36078342e-02
-6.73505486e-02
-9.18950003e-02
-1.91186571e-01
-8.27414675e-02
4.93143419e-02
-2.23268208e-01
8.23920568e-02
7.58713049e-02
-2.79968047e-01
-1.24838236e-01
-9.66248272e-02
3.69484584e-01
-2.20761922e-01
1.26164564e-01
0.00000000e+00
-4.44131647e-01
-1.51822921e-01
2.15416344e-01
-1.87635315e-01
-2.92768188e-01
-1.07218489e-01
0.00000000e+00
-3.17517345e-01
-3.36699085e-01
5.61471213e-02
-3.35743572e-01
-2.60113267e-01
-3.18488755e-01
-1.52084967e-01
-1.02690940e-02
-1.34936295e-01
1.94473523e-02
-4.99512464e-01
-3.78576783e-01
-2.09086972e-01
0.00000000e+00
-1.51318490e-01
-2.12809472e-02
-1.23486392e-01
-2.53019458e-01
-2.46678610e-01
-5.80799306e-02
-1.06078296e-01
1.76263134e-01
-2.79424844e-01
-1.69289068e-01
-2.53153846e-01
-4.22379261e-01
-2.85723996e-01
0.00000000e+00
0.00000000e+00
0.00000000e+00
0.00000000e+00
0.00000000e+00
0.00000000e+00
0.00000000e+00
0.00000000e+00
0.00000000e+00
0.00000000e+00
0.00000000e+00
0.00000000e+00
0.00000000e+00
0.00000000e+00
1.59822710e+00
1.79256625e+00
-6.41334812e-02
0.00000000e+00
0.00000000e+00
0.00000000e+00
7.22139435e-01
2.99642575e-01
-2.19998585e-01
2.70728578e-01
-1.52219059e+00
2.78251812e-01
1.18324138e+00
5.44740302e-01
4.07505089e-01
0.00000000e+00
2.20471302e-01
2.45489939e-01
-1.19971792e+00
-8.36312018e-02
1.47420082e-01
1.09382282e-01
5.95676718e-01
-1.69097582e+00
-8.15403356e-01
4.43094494e-01
-3.14662867e-01
0.00000000e+00
0.00000000e+00
0.00000000e+00
-7.80234613e-02
1.03567824e-01
1.79249643e-01
1.03914524e-01
-8.92281278e-02
1.49129443e-01
-2.71678167e-01
1.10968253e-01
-2.59668795e-01
0.00000000e+00
3.17759134e-01
-1.20325957e-01
-1.12674544e-01
1.46208487e-01
-1.25822165e-01
3.69471795e-01
2.07396363e-01
-1.26480036e+00
-6.00281199e-02
3.79921367e-01
-1.69209869e-01
0.00000000e+00
0.00000000e+00
0.00000000e+00
4.12093889e-01
7.36716715e-01
6.73475667e-02
7.06140468e-01
-1.37261189e+00
1.82480863e-01
6.55523125e-01
2.80737952e-01
-2.43352302e-01
0.00000000e+00
1.33526109e-01
-2.07865881e-01
-8.47373884e-01
3.51262346e-01
-2.26872124e-01
-9.32663446e-02
-5.31054111e-02
-7.40143156e-01
-5.52278082e-02
1.44779897e-01
-2.29878948e-01
0.00000000e+00
0.00000000e+00
0.00000000e+00
-1.39072629e-01
9.51818736e-02
-8.52243095e-02
-1.04477228e-01
-9.16770389e-01
3.76258943e-01
4.99433779e-02
-1.07222007e-01
1.32221120e-01
0.00000000e+00
2.26939992e-01
-3.57944327e-03
-4.24672151e-02
9.75482864e-02
5.07063837e-02
1.88261146e-01
3.76867243e-01
-3.28508062e-01
-2.82827106e-01
1.86341076e-01
136
-7.42526944e-01
-4.67551304e-01
7.26741807e-05
-1.78697242e-01
-3.36857315e-03
-8.92219037e-02
-4.11325120e-03
-7.05649387e-03
2.41195497e-04
0.00000000e+00
0.00000000e+00
-2.12587848e-01
-6.17307067e-01
-4.59373890e-01
-4.37587603e-02
2.45828390e-01
3.44672232e-01
0.00000000e+00
0.00000000e+00
-1.03602588e-01
3.60563704e-01
2.04520786e-01
-3.33680700e-01
-4.36303315e-01
-2.79789189e-01
-1.54235641e-01
0.00000000e+00
-2.30647440e-01
5.28072662e-02
-1.19669888e-01
-3.52164807e-02
3.31310433e-01
-2.98855225e-01
2.47781880e-01
8.92852689e-02
2.96800558e-01
-2.38892479e-02
1.02629811e-02
-2.25395970e-01
2.12452563e-01
-4.05468015e-01
-1.35080571e-01
-5.09005057e-01
0.00000000e+00
0.00000000e+00
0.00000000e+00
-3.26464874e-02
6.45857004e-01
3.80246580e-01
2.39558080e-01
-2.11547558e-01
0.00000000e+00
-6.54891086e-02
-3.76604661e-02
1.82980112e-01
-4.95318990e-01
0.00000000e+00
-2.74948221e-01
-1.31869949e-01
1.48843594e-01
-4.27362069e-01
-1.11669784e+00
-2.30358789e-01
-3.33411183e-02
3.02453631e-03
-8.24345217e-02
0.00000000e+00
-1.60241830e-01
-1.04983422e-01
6.78416520e-02
-1.77664491e-01
3.72006343e-01
-6.75485297e-01
-4.19175061e-01
-1.25929075e-01
-2.09179722e-01
0.00000000e+00
0.00000000e+00
0.00000000e+00
0.00000000e+00
0.00000000e+00
0.00000000e+00
0.00000000e+00
0.00000000e+00
0.00000000e+00
0.00000000e+00
1.69538015e+00
1.65225118e+00
-2.79554427e-01
0.00000000e+00
0.00000000e+00
0.00000000e+00
7.26822307e-01
4.06704944e-01
-7.47412780e-02
3.97595461e-01
-1.76605080e+00
5.11845886e-01
7.77036025e-01
5.10965027e-01
-2.31341731e-01
0.00000000e+00
5.03906968e-01
1.22736736e-01
-1.39218427e+00
1.97343507e-01
3.41173265e-01
5.55258547e-01
4.51454872e-01
-2.46633536e+00
-7.87101506e-01
9.35356969e-01
-4.54002198e-01
0.00000000e+00
0.00000000e+00
0.00000000e+00
1.83613629e-01
9.25297471e-01
-2.37160037e-01
4.04616057e-01
-1.60145449e+00
4.10479705e-01
9.95216119e-01
-1.49571056e-02
-1.07858469e-01
0.00000000e+00
4.95368228e-01
-1.03855625e-01
-1.10333797e+00
4.88633581e-01
-2.30207519e-01
5.48036365e-02
3.56867676e-01
-1.62450618e+00
-2.90298883e-01
5.44737974e-01
5 1
-8.8078e-01 4.3022e-01
7 0
0 3 4 1 8 7 9 
217
-4.77655800e-01
2.65808665e-01
-1.36447101e-01
-6.12381082e-02
5.39517279e-02
-3.08954756e-01
-1.42805356e-01
-3.36073191e-01
-3.54012005e-01
2.62794394e-01
2.57120613e-02
-6.45667000e-03
-6.05022277e-02
-2.07071745e-02
-3.86553912e-01
-1.15918806e-04
-2.00280789e-01
1.66918678e-01
-8.57339542e-03
-3.00722611e-01
-1.62455136e-01
-2.46773963e-03
-4.57126783e-01
-9.55654305e-02
4.46605947e-04
-4.66969308e-01
0.00000000e+00
0.00000000e+00
1.21000765e-01
-4.75126929e-01
-2.91719204e-01
-8.56733675e-02
1.80627184e-01
7.32357513e-02
0.00000000e+00
0.00000000e+00
0.00000000e+00
8.26920733e-02
1.61715358e-01
-1.32503007e-01
-1.88494954e-01
-4.09096907e-02
-6.01382546e-03
-2.18338009e-01
7.29561469e-02
-1.11152706e-01
-8.96201533e-03
-7.90938155e-02
1.65141162e-01
-4.24731150e-01
1.87022077e-01
-2.14845936e-02
-3.30298310e-02
6.68859868e-02
-2.76071361e-01
6.43558399e-02
5.18100890e-02
-1.58378812e-01
-1.67661410e-01
1.94738595e-01
7.59277586e-02
-2.49042713e-01
-1.68737101e-01
0.00000000e+00
4.77862123e-02
2.82442181e-01
-2.72343078e-01
4.08414176e-01
-1.96517578e-01
1.45372540e-01
0.00000000e+00
-3.70499115e-01
-9.17711725e-02
2.25705987e-01
-2.27860649e-01
-3.32862671e-01
5.18993042e-02
0.00000000e+00
-3.04111755e-01
-1.73083795e-01
-4.76959113e-02
-2.75283073e-01
-1.25848133e-01
-1.89986732e-01
-1.19868027e-01
-1.00436868e-01
-1.84611822e-01
2.81645566e-02
-3.96112078e-01
-2.85515461e-01
-1.27220243e-01
0.00000000e+00
-1.30065662e-02
7.28454877e-02
-1.21554381e-01
-2.30339254e-01
-3.43094853e-01
-2.77579520e-01
-7.73535242e-02
1.86570452e-01
-3.60636627e-01
-1.68131691e-01
-2.07865656e-01
-4.18741036e-01
-3.22502029e-01
0.00000000e+00
-2.17265330e-02
-8.43249047e-02
-3.70065860e-01
-2.94457060e-01
-8.58634069e-02
-1.57734993e-01
0.00000000e+00
0.00000000e+00
0.00000000e+00
0.00000000e+00
0.00000000e+00
0.00000000e+00
0.00000000e+00
1.87646592e+00
1.97940885e+00
7.42768640e-02
0.00000000e+00
0.00000000e+00
0.00000000e+00
5.33043245e-01
4.28054080e-01
-3.84590464e-01
4.70352940e-01
-1.14502644e+00
2.24829596e-02
8.01321585e-01
8.74389929e-01
1.26964849e-01
0.00000000e+00
-6.32157984e-02
6.91781741e-02
-1.23039481e+00
1.05133928e-03
2.40236364e-01
2.39910158e-01
2.70336025e-01
-1.49640810e+00
-2.23387888e-01
5.39978715e-01
-3.11213339e-01
0.00000000e+00
0.00000000e+00
0.00000000e+00
6.22700556e-02
5.06225972e-02
2.05613855e-01
-4.89995183e-02
-2.02364685e-01
4.15964515e-01
-4.22737230e-02
-1.68427427e-01
-2.05861296e-01
0.00000000e+00
3.97253725e-01
3.49851335e-02
-1.08034320e-01
-6.98955594e-02
-1.30895874e-01
2.64325177e-01
3.51001847e-01
-1.29448635e+00
-1.70549814e-01
3.48538320e-01
-1.19494575e-01
0.00000000e+00
0.00000000e+00
0.00000000e+00
1.03025603e-01
1.07128817e+00
-9.32830979e-02
4.87999748e-01
-8.43534558e-01
-7.35551715e-02
9.96705274e-01
2.14142119e-01
-4.48305046e-01
0.00000000e+00
1.92346220e-01
-2.61295418e-01
-8.69569682e-01
4.25736605e-01
-2.37684993e-01
1.42523925e-01
7.53238655e-03
-7.09216157e-01
-2.62551840e-01
3.82013403e-02
-2.15902852e-01
0.00000000e+00
0.00000000e+00
0.00000000e+00
9.40276232e-02
-2.06126422e-01
8.72296520e-02
7.11909810e-02
-7.80905249e-01
5.93489283e-01
2.73243780e-02
-1.21098587e-01
1.09202597e-01
0.00000000e+00
1.56208333e-01
2.12949691e-01
-1.27941123e-01
9.46839303e-02
9.52825686e-02
-3.94377499e-02
4.14508315e-01
-9.33786532e-01
-2.09766569e-01
2.47062028e-01
136
-6.63510783e-01
-5.41979330e-01
6.96994934e-03
-1.86786880e-01
-7.12215584e-04
-9.95324186e-02
-1.00502614e-03
1.64787845e-01
3.86795418e-04
0.00000000e+00
0.00000000e+00
-1.18308983e-01
-5.87878201e-01
-4.87329002e-01
-5.88369824e-02
2.54075947e-01
3.34766439e-01
0.00000000e+00
0.00000000e+00
-2.24416650e-01
3.02233460e-01
2.78885204e-01
-1.71742692e-01
-2.96682910e-01
-2.95164054e-01
-2.95582702e-01
3.89595615e-02
-2.34091353e-01
4.27689429e-02
-2.15118390e-02
-8.09518055e-02
3.18285274e-01
-3.12200012e-01
2.32573489e-01
-5.75972384e-03
2.72249422e-01
2.03173557e-02
2.76556153e-02
-2.38089041e-01
1.17061652e-01
-1.96502992e-01
-2.17504876e-01
-3.87810892e-01
0.00000000e+00
0.00000000e+00
0.00000000e+00
3.77771221e-02
4.56940262e-01
4.47063095e-01
1.50689479e-01
-1.07922678e-01
0.00000000e+00
2.78882900e-02
-1.75028506e-02
2.05345280e-01
-3.96749865e-01
0.00000000e+00
-2.11652702e-01
-8.02897639e-02
1.26109540e-01
-3.86404217e-01
-9.43798995e-01
-2.48122265e-01
-6.85832653e-02
-7.56652931e-03
-4.73759461e-02
0.00000000e+00
-1.74053707e-01
-5.75622566e-02
4.45863886e-02
-1.78407071e-01
1.82096296e-01
-5.19588961e-01
-3.17442129e-01
-9.74587563e-02
-1.63981867e-01
0.00000000e+00
-5.62999923e-01
-6.33199058e-01
3.84122056e-02
3.35012568e-02
0.00000000e+00
0.00000000e+00
0.00000000e+00
0.00000000e+00
0.00000000e+00
1.76455351e+00
1.67901585e+00
-2.48171013e-01
0.00000000e+00
0.00000000e+00
0.00000000e+00
7.28177092e-01
3.80909676e-01
-7.05062304e-02
4.18430839e-01
-1.78141564e+00
4.89491854e-01
7.66326516e-01
5.59721032e-01
-1.62804544e-01
0.00000000e+00
5.00268070e-01
1.41050048e-01
-1.37983147e+00
8.15938648e-02
3.69717150e-01
5.40959549e-01
5.08491129e-01
-2.43120881e+00
-8.45927546e-01
9.38386402e-01
-4.19624212e-01
0.00000000e+00
0.00000000e+00
0.00000000e+00
1.35056442e-01
9.94479357e-01
-1.71743354e-01
4.40550640e-01
-1.56293594e+00
4.03509645e-01
9.78397306e-01
-3.36069013e-02
-4.83906903e-02
0.00000000e+00
5.10941176e-01
-2.43429732e-01
-1.17489478e+00
4.78666648e-01
-2.51272472e-01
2.86731488e-02
3.05834901e-01
-1.52118001e+00
-2.71153815e-01
5.82874220e-01
10 1
-1.0001e+00 4.1878e-01
8 1
0 3 4 1 8 7 9 5 
217
-4.91058279e-01
3.11081436e-01
-7.94128267e-02
8.82142008e-03
-1.04212849e-01
-6.81329889e-02
-1.75820232e-01
-1.87066547e-01
-2.18075714e-01
1.80359967e-01
2.39636071e-02
1.41112756e-01
0.00000000e+00
0.00000000e+00
-1.56041067e-01
-3.42193746e-03
3.79004150e-02
-1.99119089e-01
1.66516155e-03
-1.84187160e-01
-4.75979904e-02
3.48106755e-03
-2.60024258e-01
-8.83001326e-02
-1.11477021e-04
-1.39283939e-01
0.00000000e+00
0.00000000e+00
-3.64046607e-01
-5.73024887e-01
-4.94917239e-01
1.01654907e-01
4.68217059e-01
3.71058487e-01
0.00000000e+00
0.00000000e+00
-3.80201810e-02
6.94222371e-02
1.23883054e-01
-1.95163572e-01
-1.93896253e-01
-1.06933265e-01
-2.53802782e-02
-1.24970022e-01
1.59637713e-02
-2.96704053e-01
2.89231561e-01
-1.03925337e-02
-1.31718974e-01
-4.55181520e-01
1.83037626e-01
2.68597615e-01
-4.28979290e-02
6.00478542e-02
-3.03789697e-01
-7.17772191e-02
1.02559870e-01
2.53083313e-01
-3.72070431e-01
2.09524664e-02
4.16046201e-02
-2.76872489e-01
-2.17770230e-01
1.22507507e-01
-3.82191710e-01
-1.11718284e-01
7.64462466e-03
5.55515972e-02
-2.39018701e-01
1.46276751e-01
0.00000000e+00
-4.94847667e-01
-1.98168930e-01
-1.42483675e-01
-6.97503932e-02
1.46273063e-01
9.08790876e-02
0.00000000e+00
-3.60318245e-01
-3.68599311e-01
-4.18744295e-02
-2.69338313e-01
-8.88656041e-02
1.71069709e-01
3.51130653e-03
-1.40677813e-01
-4.85308406e-02
-2.88616878e-01
-7.77767320e-02
-6.52748942e-02
3.21801267e-01
0.00000000e+00
-1.90833921e-01
-1.84615636e-02
6.67049648e-02
-2.48858907e-01
-3.66929323e-01
-1.25036143e-01
0.00000000e+00
2.10884976e-03
-2.89132674e-02
-4.01053878e-01
-2.03374680e-01
-1.33632098e-01
-1.25806186e-01
1.03513007e-01
-1.50653561e-01
-8.73498902e-02
-1.83384820e-01
-1.38461618e-01
-2.60532905e-01
-1.15941955e-01
1.20584961e-01
3.61210283e-01
-2.89208929e-01
-4.32460941e-01
-2.14550698e-01
-5.40392582e-01
-3.03949092e-01
1.66466074e+00
1.87490876e+00
-1.77374782e-01
0.00000000e+00
0.00000000e+00
0.00000000e+00
4.00619797e-01
2.20681979e-01
-5.94043593e-01
4.82019680e-01
-9.34045541e-01
3.04394771e-01
1.00188366e+00
9.41374607e-02
4.52956924e-01
0.00000000e+00
3.48831840e-01
1.02510061e-01
-8.84785026e-01
-1.74621672e-01
2.91398773e-01
2.81849232e-01
1.15862012e-01
-1.39848826e+00
-6.55230739e-01
3.66693859e-01
-2.41671231e-01
0.00000000e+00
0.00000000e+00
0.00000000e+00
1.74663116e-01
2.95299722e-02
4.76619975e-01
-9.54593509e-02
-1.02740668e+00
-1.50746941e-01
-8.90040010e-03
3.75374048e-01
-2.71863135e-01
0.00000000e+00
-1.01417480e-01
5.47868583e-02
-2.31606159e-02
3.16079385e-01
3.06727885e-02
3.17128171e-01
3.31608884e-01
-9.22651085e-01
4.97620892e-03
2.48495054e-01
-6.16633828e-02
0.00000000e+00
0.00000000e+00
0.00000000e+00
-1.58032456e-01
7.77919557e-01
-3.36028023e-01
7.30668299e-01
-9.57357391e-01
2.27456005e-01
8.51268696e-01
-1.16023459e-01
-5.90148228e-01
0.00000000e+00
3.38985149e-01
1.42584676e-01
-5.91448338e-01
3.49480334e-01
-1.91776613e-01
-2.34452048e-01
5.67294776e-01
-8.04166692e-01
-1.86844044e-01
1.18956414e-01
-3.29771143e-01
0.00000000e+00
0.00000000e+00
0.00000000e+00
3.17810081e-01
1.56133828e-01
2.87440611e-01
-2.10890214e-01
-8.30892396e-01
1.47370573e-01
3.30084637e-03
-1.22926643e-04
2.98255604e-01
0.00000000e+00
1.86208918e-01
-2.87308167e-01
-6.17826865e-01
1.33961871e-01
1.39850519e-01
1.53481495e-01
-1.39198847e-01
-5.52750429e-01
6.31979220e-02
4.22206434e-01
136
-5.14476694e-01
-3.52748470e-01
2.40492441e-03
-3.46142853e-02
-1.15225839e-03
-1.71068999e-01
3.95789879e-03
4.39550600e-02
1.77746012e-04
0.00000000e+00
0.00000000e+00
3.59615085e-01
-3.53167072e-02
-2.53833333e-01
-1.87989211e-01
-1.56301538e-01
-2.40650990e-01
0.00000000e+00
0.00000000e+00
-3.46289142e-01
2.96341261e-01
2.94740978e-01
5.43824153e-03
-1.57450475e-01
-1.61212297e-01
-2.86102428e-01
-1.59942832e-01
-1.62136900e-01
6.77397313e-02
-7.26677322e-02
-6.72926140e-02
2.42594520e-01
-1.99134870e-01
2.69891669e-01
1.44627137e-01
3.54714541e-01
7.46601519e-02
-9.46158319e-02
-2.63061654e-01
2.11606112e-01
-3.33857698e-01
-2.72355568e-01
-4.15187688e-01
0.00000000e+00
0.00000000e+00
0.00000000e+00
2.57296839e-03
4.74457841e-01
4.08759622e-01
9.15749094e-02
6.08261261e-02
0.00000000e+00
2.56185588e-01
9.97030578e-02
2.29893086e-01
-2.40274953e-01
0.00000000e+00
-1.62660308e-01
-5.84753824e-02
1.28771995e-01
-2.65282582e-01
-8.14230018e-01
-3.64026244e-01
-2.94064768e-02
-1.48206037e-02
-1.52465905e-01
0.00000000e+00
-7.82092393e-02
-1.53049468e-01
6.04480807e-02
-1.88667000e-01
0.00000000e+00
-1.85829245e-01
-1.99400639e-01
-4.39090916e-02
-2.75920468e-01
2.95784688e-03
-5.87489927e-01
-3.67389936e-01
-3.71791672e-02
-8.48330854e-02
1.10119476e-02
-4.44954352e-01
-6.16710689e-01
-4.91828775e-02
-1.44122560e-01
1.77623683e+00
1.61031833e+00
-2.35857858e-01
0.00000000e+00
0.00000000e+00
0.00000000e+00
7.97778396e-01
3.65717178e-01
-7.05862241e-02
4.21646272e-01
-1.89440952e+00
5.58429989e-01
7.85145672e-01
5.73717400e-01
-3.11335090e-01
0.00000000e+00
6.53729951e-01
7.65694133e-02
-1.37610337e+00
1.81917237e-01
2.57240558e-01
5.20389964e-01
6.60320484e-01
-2.43276211e+00
-9.08689919e-01
9.05425859e-01
-4.80891222e-01
0.00000000e+00
0.00000000e+00
0.00000000e+00
1.68527322e-01
1.02400732e+00
-2.53608110e-01
4.77217799e-01
-1.63677350e+00
5.05473210e-01
9.67929539e-01
-2.95730185e-02
-1.61480951e-01
0.00000000e+00
4.74721350e-01
-1.74449478e-01
-9.52132946e-01
6.18020865e-01
-3.77018781e-01
-3.43614985e-02
3.76781943e-01
-1.57879040e+00
-3.59970610e-01
4.64588719e-01
2 1
-1.0485e+00 4.3738e-01
8 1
0 3 4 1 8 7 9 5 
217
-4.71496671e-01
-3.03024841e-02
-2.64091117e-02
-1.65892383e-01
-1.22700824e-01
-1.67972721e-01
-1.49262634e-01
-2.33713282e-01
-1.92054197e-01
1.75455785e-03
-4.41758696e-02
-3.06293508e-04
3.66968528e-02
-4.77647862e-03
3.43243473e-02
-1.25947889e-02
-8.65412221e-02
-4.91651739e-01
9.84115448e-03
-3.94181931e-01
3.64786790e-01
-3.16970663e-03
-5.06525338e-01
-3.78956069e-01
4.63109140e-04
6.31230494e-02
0.00000000e+00
0.00000000e+00
-3.28733709e-01
9.98599721e-02
1.07794475e-01
-1.83063355e-01
-5.80749968e-02
-1.09279057e-01
0.00000000e+00
0.00000000e+00
-2.18983450e-01
4.37928122e-02
6.96496062e-02
-7.05337828e-02
-2.12498435e-02
-2.22586454e-01
-1.00558187e-01
4.89726278e-02
-4.71707456e-01
2.99357057e-02
-2.87922311e-02
-1.21898729e-01
-1.25317745e-01
-1.82265011e-01
1.06451736e-01
3.64963558e-01
6.32729585e-02
1.64353353e-01
6.56134079e-03
-1.34207491e-01
-4.73105632e-02
-8.01427225e-02
-2.46371927e-02
9.24381802e-03
4.08153263e-02
-3.12484131e-01
1.91555836e-02
-9.13647117e-02
-4.30114441e-01
-4.15056072e-01
1.42184320e-01
2.19790386e-01
-9.22018389e-02
3.57083003e-01
0.00000000e+00
-6.49181480e-01
-2.02156989e-01
1.12288464e-01
-2.63381108e-01
6.53963446e-02
2.05471724e-01
0.00000000e+00
-4.92482549e-01
-4.29462339e-01
1.86268824e-01
-2.74315626e-01
-1.65282946e-01
-8.32711626e-02
0.00000000e+00
-4.28630172e-01
-1.77544882e-01
-1.15058046e-02
-2.73363660e-01
-3.13606947e-02
4.18723747e-01
0.00000000e+00
-1.46433166e-01
-1.19221462e-01
1.28987242e-01
-2.22035178e-01
-4.54050748e-01
5.71096169e-02
0.00000000e+00
6.87290602e-02
-4.04397176e-01
-3.65929039e-01
-3.79285515e-01
-1.74296692e-01
-3.93279855e-02
8.72806105e-02
-2.19469631e-01
7.91292327e-02
-3.47937080e-01
-2.28106630e-01
8.62942856e-03
1.10080559e-02
1.33731221e-01
1.79231181e-01
-8.14382906e-02
-5.55383286e-01
-4.55277728e-01
-2.29075788e-01
-2.19196090e-01
2.00097511e+00
2.11372025e+00
-1.17709984e-01
0.00000000e+00
0.00000000e+00
0.00000000e+00
3.23029361e-01
1.89800339e-02
-1.42724451e-01
-2.51263455e-01
-1.01122973e+00
4.13482970e-01
7.71819055e-01
4.80237915e-01
1.62143026e-01
0.00000000e+00
-7.60928097e-02
1.59331393e-01
-1.31835374e+00
1.65024689e-02
-6.73775070e-02
5.18858052e-01
1.08546692e+00
-1.30522176e+00
-8.09875862e-01
9.14578136e-01
-1.11273569e-01
0.00000000e+00
0.00000000e+00
0.00000000e+00
3.28464347e-01
2.65061154e-01
-1.96853330e-03
4.20059731e-01
-7.75944212e-01
2.54024135e-01
4.43387807e-01
-1.29732565e-01
-2.38947162e-01
0.00000000e+00
4.69432683e-01
-2.17782850e-01
1.53110635e-01
-3.72810252e-01
-1.17199934e-01
6.70771386e-02
1.62504311e-01
-6.30761150e-01
-4.49054692e-03
-1.84758305e-01
-2.93320419e-01
0.00000000e+00
0.00000000e+00
0.00000000e+00
2.28181413e-01
3.39279180e-01
-2.55102680e-01
1.27552285e+00
-9.67838498e-01
1.83109470e-01
8.73400199e-01
-2.79447128e-01
5.13759059e-01
0.00000000e+00
-1.21692563e-02
-8.98539244e-02
-7.61180158e-01
1.43426102e-01
-3.39647856e-01
-3.87004801e-01
3.00042517e-01
-8.38735442e-01
-2.66900664e-01
4.78391974e-02
-1.18103835e-01
0.00000000e+00
0.00000000e+00
0.00000000e+00
1.35233972e-01
4.27763649e-01
9.61266988e-02
-4.89855496e-01
-9.75493791e-01
1.17645550e-01
7.20486167e-02
2.73345145e-01
-2.22869273e-01
0.00000000e+00
2.90446187e-01
1.36049045e-01
-1.36053464e-01
7.93353683e-02
1.31393038e-01
7.33643288e-02
1.63273377e-01
-4.83269464e-01
5.87024566e-02
1.34710220e-01
136
-4.01704879e-01
-1.72705527e-01
-3.78716595e-03
4.04088875e-03
-2.65817928e-03
-2.15484830e-01
4.38671085e-03
-1.75554114e-02
-5.15839381e-05
0.00000000e+00
0.00000000e+00
1.40706277e-01
-1.49467923e-01
-2.77686805e-01
-9.33848196e-02
6.46524240e-02
-8.65240327e-02
0.00000000e+00
0.00000000e+00
0.00000000e+00
1.61309254e-01
1.29117182e-01
-6.56452889e-02
-1.66820689e-01
-1.77711924e-01
-2.12283123e-01
-6.96702899e-02
1.33379536e-02
2.94078409e-02
-4.51478723e-02
-1.19477437e-01
1.64476632e-01
-2.02304323e-01
2.99472013e-01
1.10490173e-01
2.76518842e-01
7.90087077e-02
-9.65904359e-02
-2.44735082e-01
-6.70192773e-04
-2.19838240e-01
-1.11320818e-01
-3.34332639e-01
0.00000000e+00
0.00000000e+00
0.00000000e+00
3.87583402e-02
4.61317781e-01
3.67805830e-01
9.34811511e-02
-5.33436989e-03
0.00000000e+00
1.39937220e-01
7.00458908e-02
2.00819527e-01
-3.80370047e-01
0.00000000e+00
-1.07677483e-01
-1.30043915e-01
1.40089682e-01
-2.25286676e-01
-6.95309724e-01
-3.14586784e-01
-8.35870143e-02
-1.52200169e-02
-9.09010631e-02
0.00000000e+00
3.09432300e-02
-9.52477909e-02
6.10465218e-02
-1.73591775e-01
0.00000000e+00
-1.40862062e-01
-2.64186381e-01
-1.96018609e-02
-2.64126045e-01
2.47723264e-02
-4.80632510e-01
-3.70389489e-01
-2.37424778e-02
-3.15282464e-02
1.81148430e-02
-3.57476887e-01
-5.17768150e-01
-6.80689592e-02
-3.53452909e-02
1.62668965e+00
1.60007741e+00
-3.23246494e-01
0.00000000e+00
0.00000000e+00
0.00000000e+00
7.87489688e-01
3.31317171e-01
-6.05713245e-02
4.96575005e-01
-1.85361058e+00
5.35227675e-01
8.27720152e-01
5.87366124e-01
-2.27734150e-01
0.00000000e+00
5.58020647e-01
-1.22851967e-01
-1.31111504e+00
1.90145364e-01
2.56991748e-01
4.84114740e-01
5.44998570e-01
-2.42612328e+00
-8.41269224e-01
9.20062187e-01
-4.65160801e-01
0.00000000e+00
0.00000000e+00
0.00000000e+00
1.38397487e-01
9.54185216e-01
-2.21353509e-01
4.22571664e-01
-1.53109711e+00
5.03350605e-01
9.04151688e-01
-1.24499688e-02
-2.97889907e-01
0.00000000e+00
4.74935506e-01
-2.38131601e-01
-1.00627477e+00
5.86139016e-01
-3.13879120e-01
6.10180986e-02
3.96987968e-01
-1.56178385e+00
-2.98178922e-01
5.74140711e-01
6 1
-1.1377e+00 4.6382e-01
8 0
0 3 4 1 8 7 9 5 
217
-4.22957319e-01
2.90842847e-02
-1.81168738e-01
-3.57635446e-03
9.75378445e-02
-2.30195851e-01
-6.53228688e-02
1.01531901e-01
-1.03566373e-01
3.43000560e-01
-3.52655013e-01
-1.35290586e-01
0.00000000e+00
0.00000000e+00
-2.01957871e-01
1.39966480e-02
-2.63678331e-01
-4.02134425e-01
9.10408987e-03
-4.13968199e-01
1.04305093e-01
2.93096700e-03
-3.95960256e-01
7.68298846e-02
-2.83850495e-07
-1.72991611e-01
0.00000000e+00
0.00000000e+00
2.08053587e-02
-5.43241736e-01
-7.94754310e-02
-2.24738343e-01
2.56169955e-01
1.47522878e-01
0.00000000e+00
0.00000000e+00
-1.36289133e-01
3.77761808e-01
1.01581732e-01
-1.33701480e-01
-1.20937482e-01
-1.17823908e-01
-2.34247320e-01
-1.59301536e-01
2.82599333e-02
-2.37472244e-01
-1.70466473e-01
-8.84661820e-03
2.24980268e-01
-3.41598037e-01
6.75999192e-02
3.45134522e-01
2.08714054e-01
-4.37441538e-02
-1.50155278e-01
-4.67535638e-02
5.90655059e-02
-2.30615026e-01
-4.31479216e-01
3.04419089e-01
3.71448562e-01
-4.37264192e-01
-2.20852557e-01
1.77200898e-01
-3.40682184e-01
1.95523665e-01
-8.06821742e-02
2.02070026e-01
-1.78793858e-01
3.93232999e-01
0.00000000e+00
-3.32409700e-01
-3.61873269e-01
-8.64825961e-03
2.05397408e-01
-8.18993589e-02
1.10948474e-01
0.00000000e+00
-4.20464344e-01
-4.80150661e-01
-4.50804776e-02
-2.83813531e-01
4.25875030e-02
3.48181214e-01
1.12089046e-01
-2.04497776e-01
-6.17697002e-02
-1.13792771e-03
-2.62880880e-01
-3.29410661e-01
-1.03523418e-01
0.00000000e+00
-4.30963833e-01
-2.29494610e-01
-6.16580385e-02
-5.32919413e-01
6.96645525e-02
2.18122734e-01
2.30472450e-01
1.19582818e-01
-2.65992009e-01
-3.17457786e-01
2.36441774e-02
-4.55554801e-01
-2.64363532e-01
2.02110103e-01
6.18141718e-02
-2.30708662e-01
-6.08244880e-01
5.17662948e-02
-7.86367134e-02
-4.44882019e-01
1.96672253e-01
3.65835086e-01
-5.77366297e-02
-4.24696736e-01
-3.97288302e-01
-5.60767922e-01
-7.25106983e-01
1.72696507e+00
1.78519309e+00
-3.10718766e-01
0.00000000e+00
0.00000000e+00
0.00000000e+00
2.49606893e-01
4.34159940e-02
-1.94399870e-01
-1.10584919e-01
-9.33926550e-01
5.12066004e-01
6.15933395e-01
2.89256895e-01
-3.03578783e-01
0.00000000e+00
6.01853861e-01
1.04397549e-01
-8.83054306e-01
2.58480919e-01
1.79593485e-01
4.36933311e-01
-2.21865795e-01
-1.28270521e+00
-5.48452162e-01
8.76310525e-01
-7.71228727e-02
0.00000000e+00
0.00000000e+00
0.00000000e+00
3.07452098e-01
1.15681233e-01
1.17884543e-01
2.85171076e-01
-6.95445618e-01
2.80120173e-01
2.78879465e-01
1.01423515e-01
-1.04813344e-01
0.00000000e+00
2.17420279e-03
1.22506156e-01
-1.77201156e-01
-5.46228353e-02
-2.69170890e-01
1.19917069e-01
3.96291131e-01
-7.98163217e-01
-1.16346238e-01
1.11397654e-02
-3.32993652e-01
0.00000000e+00
0.00000000e+00
0.00000000e+00
-8.63876898e-02
8.73288102e-01
-6.69216189e-01
3.98191787e-01
-6.26110857e-01
-2.37506641e-02
5.29317036e-01
-9.65000923e-02
-2.01391412e-01
0.00000000e+00
5.29700726e-01
-9.20693944e-02
-1.38380175e-01
3.54695432e-02
-3.18348713e-01
-3.01464413e-01
6.64191033e-02
-6.94950805e-01
-1.83634768e-03
4.85026803e-01
-6.06844388e-02
0.00000000e+00
0.00000000e+00
0.00000000e+00
2.44829753e-01
1.82851710e-01
2.15953484e-01
-3.00189477e-02
-6.52170269e-01
-1.03598081e-02
2.85869597e-01
-9.75869213e-02
1.25878124e-01
0.00000000e+00
-7.60670142e-02
2.44709193e-02
-4.45886389e-01
4.75567928e-01
-5.44178258e-02
1.95805756e-01
1.96069587e-01
-5.02718701e-01
-1.10468957e-01
-2.82864643e-02
136
-6.34981923e-01
-1.58182968e-01
1.97887824e-03
-3.12974674e-01
4.41851231e-03
-2.23302225e-01
1.89980207e-03
5.94779440e-02
5.35937809e-04
0.00000000e+00
0.00000000e+00
-1.43095285e-02
-4.62741997e-01
-4.15480911e-01
-7.25282596e-02
1.09660806e-01
2.20417967e-01
0.00000000e+00
0.00000000e+00
-1.95521246e-01
2.65821685e-01
2.55894542e-01
3.34996871e-03
-1.65763493e-01
-2.12181362e-01
-2.93208761e-01
-2.93373257e-01
-8.46749900e-02
3.37533436e-02
1.48430094e-01
-1.40761881e-01
4.40033819e-01
-2.59589598e-01
2.77657619e-01
3.80733200e-02
4.14415264e-01
-9.29659419e-02
2.28018464e-02
-3.77949177e-01
7.81264388e-02
-3.32388872e-01
-3.74339718e-01
-4.25603490e-01
0.00000000e+00
0.00000000e+00
0.00000000e+00
8.27639619e-02
8.39686412e-01
4.92293001e-01
2.14312861e-01
4.40764474e-03
0.00000000e+00
1.96709463e-01
1.93236075e-02
2.25450623e-01
-2.78559651e-01
0.00000000e+00
-7.69514421e-02
-7.75251711e-02
1.39803471e-01
-2.40837604e-01
-6.72871766e-01
-2.26463306e-01
-2.40605138e-02
2.24852911e-02
-8.36342179e-02
0.00000000e+00
-7.94417153e-02
-6.13832418e-02
6.09351276e-02
-1.28336367e-01
1.51623791e-01
-3.83163074e-01
-2.97530306e-01
-6.45404536e-02
-2.47659386e-01
8.17778818e-02
-8.35991001e-01
-3.80604504e-01
-8.73944013e-02
-7.75991230e-03
5.94156236e-02
-6.88320088e-01
-5.79551305e-01
-9.79031037e-02
-5.64380712e-02
1.73358326e+00
1.62430156e+00
-2.47294892e-01
0.00000000e+00
0.00000000e+00
0.00000000e+00
6.93437432e-01
3.76201742e-01
-8.88646955e-02
4.16554116e-01
-1.82840383e+00
5.17228395e-01
7.71689398e-01
6.29602466e-01
-1.54603147e-01
0.00000000e+00
5.58324892e-01
3.06821663e-02
-1.39782767e+00
8.07307975e-02
3.44439476e-01
5.26055947e-01
5.92898904e-01
-2.45459106e+00
-8.13610720e-01
9.52760500e-01
-4.66048692e-01
0.00000000e+00
0.00000000e+00
0.00000000e+00
1.30081924e-01
9.59899560e-01
-1.22770221e-01
4.61575122e-01
-1.76246600e+00
5.60802099e-01
9.65511888e-01
1.71319491e-02
-1.66360660e-01
0.00000000e+00
4.79176243e-01
-2.19215915e-01
-1.04127164e+00
4.14283143e-01
-2.52049112e-01
3.36622486e-02
3.29033233e-01
-1.55337602e+00
-2.89201319e-01
5.89504774e-01
11 1
-1.2427e+00 4.7308e-01
8 0
0 3 4 1 8 7 9 5 
217
-2.49365999e-01
6.69243841e-02
-2.17951988e-01
-2.52918829e-02
-1.97726861e-03
-2.34964491e-01
-1.27553669e-01
3.23056161e-02
-2.52127682e-01
4.28194692e-01
1.07167642e-01
-9.90720516e-02
2.51249793e-02
2.61155567e-02
1.72483564e-01
-1.69495912e-02
-1.48787414e-01
-2.69124112e-01
-7.47904927e-03
2.89183519e-01
-2.74921967e-01
1.97895219e-03
3.21467163e-03
1.22196517e-01
-5.34838043e-04
-2.00837644e-01
0.00000000e+00
0.00000000e+00
-6.07306380e-02
-1.71219137e-02
1.96024130e-01
-3.04082990e-01
-9.54193461e-02
3.19647597e-02
0.00000000e+00
0.00000000e+00
0.00000000e+00
2.43962089e-01
-8.50747040e-02
-4.27065312e-02
9.96897251e-03
-7.73405348e-02
-2.75886572e-01
-2.22887183e-02
2.49020569e-02
-7.19465428e-02
-2.85007418e-02
2.52548635e-02
2.26885284e-01
-3.27211972e-01
-7.50254871e-02
3.10414922e-01
-1.25965158e-01
-5.38524005e-02
2.18876427e-02
-1.02131047e-01
1.01095804e-01
1.09367165e-02
-2.02799327e-01
1.66893886e-02
1.27600091e-01
-1.79679550e-01
-1.97286540e-01
1.74760461e-01
-2.32280387e-01
-1.69266514e-01
-1.75825842e-01
3.45167382e-02
-1.60202300e-02
4.17788189e-01
0.00000000e+00
-2.15156212e-01
-4.65687742e-02
3.94715305e-02
1.10868337e-03
-7.36813167e-02
3.07126496e-01
0.00000000e+00
-3.10351327e-01
-2.63631582e-01
-1.77711364e-02
-2.42396104e-01
7.87564651e-02
2.22349226e-01
1.05235891e-01
-2.04635083e-02
-1.92927999e-01
4.65481986e-02
-1.75976567e-02
-3.80686580e-01
-3.21255921e-01
0.00000000e+00
-2.57719625e-01
-7.51361001e-02
1.35667885e-01
-3.38835969e-01
-1.27314259e-01
-1.60620253e-01
1.56755625e-01
8.88465821e-02
-2.15223455e-01
-2.64306287e-01
-1.33103185e-01
-2.30661919e-01
-1.10227237e-01
2.28845050e-01
-1.42704992e-02
-1.23341027e-01
-2.09743604e-01
-2.08192703e-01
-2.54196945e-01
-4.28061378e-01
2.53547681e-01
2.33896313e-01
-7.33222261e-02
-3.88488438e-01
-3.13988588e-01
-3.48321555e-01
-2.30892775e-01
1.65759122e+00
1.98223870e+00
-1.10508771e-01
0.00000000e+00
0.00000000e+00
0.00000000e+00
2.88091693e-01
1.79762682e-01
4.28771755e-02
3.37476333e-01
-9.16858231e-01
3.83707543e-01
5.29860228e-01
4.45063163e-02
-2.38883553e-01
0.00000000e+00
5.77457384e-01
2.87924973e-01
-4.83678213e-01
-2.70793802e-01
-4.93526970e-02
3.61227799e-01
3.72750027e-01
-9.36708851e-01
-6.94285229e-01
7.44096525e-02
-2.67911176e-01
0.00000000e+00
0.00000000e+00
0.00000000e+00
2.95576011e-01
1.84176014e-01
5.88834955e-02
-1.94102217e-01
-6.97477581e-01
2.10320033e-02
3.87174720e-01
6.17020394e-02
-2.38578321e-02
0.00000000e+00
3.33016345e-02
-8.81794736e-02
-6.32826128e-01
-3.69693861e-02
-2.32191110e-02
3.02151552e-01
4.95230196e-01
-1.01596028e+00
1.13596615e-02
5.94093508e-01
-1.60439206e-01
0.00000000e+00
0.00000000e+00
0.00000000e+00
2.20124738e-01
9.50433552e-01
-4.83399929e-01
3.94761059e-01
-7.07550520e-01
4.86195728e-03
1.00906179e+00
-3.80494415e-01
-4.30756384e-01
0.00000000e+00
2.77131209e-01
1.12002512e-01
-3.84843522e-01
1.56842113e-01
-8.34964607e-02
-3.90936944e-01
1.28899226e-01
-6.85638720e-01
-4.36915909e-01
5.69475444e-01
-2.70355503e-01
0.00000000e+00
0.00000000e+00
0.00000000e+00
4.02049108e-02
-6.46541103e-03
3.30439077e-01
9.04533842e-02
-8.03934048e-01
9.74217229e-03
1.52745996e-02
3.19594498e-01
6.46120043e-01
0.00000000e+00
6.74541834e-02
8.32726402e-02
-7.34130544e-01
2.32680739e-01
-4.20837040e-02
1.52657133e-01
2.79070970e-01
-7.77676450e-01
-1.43261427e-01
-2.97682688e-02
136
-4.07526066e-01
-5.60224663e-02
-1.15156213e-02
-1.45942467e-01
-6.78840794e-04
-2.47822250e-01
4.69326060e-04
4.22611177e-02
5.63564251e-04
0.00000000e+00
0.00000000e+00
3.49516709e-02
-4.71665648e-01
-4.35247357e-01
-8.09778207e-02
2.21755063e-01
3.23658027e-01
0.00000000e+00
0.00000000e+00
-1.53922470e-01
2.07125670e-01
1.93304801e-01
-6.46296127e-02
-1.41334792e-01
-1.10585811e-01
-1.74190340e-01
-1.63293511e-01
-7.00453752e-02
4.40431240e-02
9.17974671e-02
-1.25918048e-01
2.53816524e-01
-2.68945231e-01
1.30564626e-01
1.21573156e-01
2.90429460e-01
-2.44052223e-02
2.36874259e-02
-2.67985318e-01
8.06166738e-02
-2.53490458e-01
-2.44395513e-01
-1.88869358e-01
0.00000000e+00
0.00000000e+00
0.00000000e+00
1.21593920e-01
4.34877370e-01
3.55360002e-01
1.27496910e-01
2.32183668e-02
0.00000000e+00
5.20194957e-02
1.82281614e-03
1.74917313e-01
-3.01428510e-01
0.00000000e+00
-3.83964858e-02
-6.57892240e-02
1.35752637e-01
-2.29414051e-01
-6.96697369e-01
-2.22577352e-01
-2.33653686e-02
-1.42066639e-02
-4.14307795e-02
0.00000000e+00
-1.67164430e-02
-3.11850045e-02
5.65371567e-02
-1.49568900e-01
1.98393074e-01
-3.40475454e-01
-2.75434009e-01
-6.42340387e-02
-2.32289382e-01
1.63191780e-01
-6.25479291e-01
-3.66811995e-01
-5.02206568e-02
-4.06808440e-02
1.54644639e-01
-5.04676604e-01
-5.60601859e-01
-6.23990327e-02
1.06684315e-03
1.72852552e+00
1.64360881e+00
-2.55042532e-01
0.00000000e+00
0.00000000e+00
0.00000000e+00
7.22221853e-01
3.70028515e-01
-8.02996010e-02
4.52164600e-01
-1.76996940e+00
4.79254157e-01
7.84196813e-01
5.34800934e-01
-1.55133727e-01
0.00000000e+00
5.52408312e-01
6.73823636e-02
-1.33016046e+00
1.28740257e-01
3.73421370e-01
5.15196483e-01
4.71659051e-01
-2.48178081e+00
-8.33477460e-01
9.44304227e-01
-4.26536848e-01
0.00000000e+00
0.00000000e+00
0.00000000e+00
1.54652561e-01
9.20754357e-01
-2.15820634e-01
4.38292547e-01
-1.56554848e+00
5.11074174e-01
9.73461895e-01
1.49238505e-02
-2.20318385e-01
0.00000000e+00
5.02815578e-01
-3.04323286e-01
-9.81168758e-01
4.27298981e-01
-2.64568635e-01
4.36787433e-02
3.57625621e-01
-1.49503128e+00
-3.08149889e-01
5.83814184e-01
13 1
-1.2414e+00 4.7601e-01
8 1
0 3 4 1 8 7 9 5 
217
-3.86353008e-01
8.65954066e-03
-1.55275705e-01
1.00920174e-02
3.61154880e-02
-1.09379836e-01
-1.29486639e-01
-2.08486987e-01
-1.17289480e-01
-4.42359443e-02
-2.85813687e-01
-3.67442286e-02
1.10121310e-01
4.41072102e-02
-4.70329997e-02
-4.07555391e-03
-1.51280890e-01
3.70498189e-02
1.54897401e-03
-4.07181457e-01
-1.91961871e-02
1.46195355e-04
-3.88916606e-01
-3.57173640e-01
1.15432735e-03
-1.88382253e-01
0.00000000e+00
0.00000000e+00
-3.03284483e-01
-1.15096671e-01
4.01274252e-02
-1.70276678e-01
-2.15122207e-01
3.77299605e-01
0.00000000e+00
0.00000000e+00
0.00000000e+00
2.15354178e-01
-1.11306547e-01
-1.32844582e-01
-2.09789614e-01
-2.09692778e-01
4.72904225e-02
5.91507341e-02
-2.30181532e-02
-3.15806526e-01
-1.45233599e-01
1.16590039e-02
1.07215353e-01
-3.38819756e-01
1.42235419e-01
2.80039078e-01
-1.63749977e-02
1.02750980e-01
7.79247967e-02
-1.88420412e-02
0.00000000e+00
-5.12981933e-03
-2.78129909e-01
1.41970006e-01
-7.83939128e-02
2.94774309e-02
-2.92921705e-01
1.17305359e-01
-3.61479292e-01
1.11148719e-01
-1.01991822e-02
-1.00265744e-01
-1.31979893e-01
4.47597764e-01
0.00000000e+00
-5.97975763e-01
-1.02302143e-01
1.10888478e-01
-2.72663194e-01
1.00734277e-01
2.48499479e-01
0.00000000e+00
-3.26940537e-01
-4.75966849e-01
2.49971971e-02
-5.93102110e-02
-8.44096683e-02
-1.46824660e-01
0.00000000e+00
-2.81729180e-01
-9.30027805e-02
1.40974396e-01
-3.46862001e-01
-2.45598224e-01
1.38150862e-01
0.00000000e+00
-8.00366000e-02
-4.76458653e-02
-8.20360263e-02
7.80701460e-02
-2.24280382e-01
2.64660953e-01
0.00000000e+00
-1.28838931e-01
-2.15132846e-01
-2.49290079e-01
-1.77547125e-01
-8.22399750e-03
-2.74790458e-02
1.08010065e-01
6.28058948e-02
-7.96727815e-02
-3.65597762e-01
1.15995719e-01
-1.91571206e-01
-2.31190702e-01
1.12951386e-01
1.17056602e-01
-2.82083736e-02
-1.94624851e-01
-4.60432477e-01
-4.21736145e-01
-9.87371575e-02
2.15294896e+00
2.20710601e+00
-1.31139713e-01
0.00000000e+00
0.00000000e+00
0.00000000e+00
1.20265269e-01
2.36081878e-01
2.46407222e-02
-8.71436427e-02
-5.83409827e-01
-1.79328028e-02
4.01593665e-01
1.06789053e-01
3.06282863e-01
0.00000000e+00
3.50275954e-01
1.38441781e-01
-6.98277475e-01
6.33242044e-02
9.84619161e-02
1.45773075e-01
3.65834164e-01
-1.09416472e+00
-5.74641376e-01
5.66665587e-01
-1.00034048e-01
0.00000000e+00
0.00000000e+00
0.00000000e+00
3.71696850e-01
8.46702916e-02
-3.01420095e-02
4.22801424e-01
-7.65008945e-01
4.08121022e-01
3.76301500e-01
2.30409183e-01
-2.05774378e-01
0.00000000e+00
2.71405447e-01
2.80163292e-01
-6.25992465e-01
-1.15858740e-01
-1.10767317e-01
1.53945188e-01
2.85818951e-01
-1.16002763e+00
-2.18013014e-01
2.46217300e-01
-2.35741907e-01
0.00000000e+00
0.00000000e+00
0.00000000e+00
-5.34662479e-02
1.06394026e+00
-2.23431020e-01
4.07066547e-01
-5.35799117e-01
9.21388416e-02
6.72248935e-01
-1.64844014e-01
-9.19267871e-02
0.00000000e+00
3.03919606e-01
-1.82311312e-01
-5.41675048e-01
2.04340892e-01
-1.45863875e-01
-2.70913541e-01
4.51592916e-02
-5.69848600e-01
-3.44328664e-01
9.98519504e-02
-8.10975053e-02
0.00000000e+00
0.00000000e+00
0.00000000e+00
3.95922108e-01
1.94506917e-01
1.04101378e-01
8.01720969e-02
-7.10996977e-01
3.55970833e-01
3.95631982e-01
1.19462657e-01
-2.82039310e-01
0.00000000e+00
1.95153471e-01
5.18130043e-02
-2.33873036e-01
1.39244464e-01
-2.05042430e-01
9.30546722e-03
-6.94289888e-02
-6.26495356e-01
1.84513547e-02
-1.29571377e-02
136
-5.67654951e-01
-1.38689081e-01
-2.82838928e-03
-5.03024633e-02
-1.34826752e-03
-3.73391809e-01
6.48552818e-03
-5.27159762e-03
-4.95264957e-05
0.00000000e+00
0.00000000e+00
1.33284351e-01
-1.64840406e-01
-3.18647114e-01
-1.07364826e-01
8.26062921e-03
-1.18347585e-01
0.00000000e+00
0.00000000e+00
-2.12684065e-01
3.64215076e-01
1.96968853e-01
-1.57340246e-02
-1.06788765e-01
-2.31796995e-01
-2.42125678e-01
-3.19709352e-01
1.15518398e-02
6.26949252e-02
6.07520116e-02
-1.15585804e-01
2.36602883e-01
-1.64126659e-01
3.01193323e-01
7.23368156e-02
3.87865152e-01
-3.46398793e-02
-2.70129239e-02
-3.87311253e-01
2.80850179e-02
-2.97794231e-01
-1.95367478e-01
-5.06898690e-01
0.00000000e+00
0.00000000e+00
0.00000000e+00
6.60566288e-03
7.97064162e-01
4.51907452e-01
1.74945946e-01
-2.21363421e-02
0.00000000e+00
2.30239049e-01
1.26797717e-01
1.98086851e-01
-2.94401072e-01
0.00000000e+00
-4.16859319e-02
-7.46416313e-02
1.54596257e-01
-2.94546994e-01
-7.15572657e-01
-3.94658982e-01
-5.38642608e-02
5.88175106e-03
-1.03417729e-01
0.00000000e+00
-9.33258752e-03
-7.50939045e-02
5.23014710e-02
-1.51095845e-01
0.00000000e+00
-1.96133329e-01
-2.58611725e-01
-9.79647720e-03
-2.36303575e-01
8.44643049e-02
-7.89875708e-01
-3.74927776e-01
-5.98873023e-02
-7.23460833e-02
4.06868924e-02
-5.82548096e-01
-4.82722650e-01
-8.05119247e-02
-1.01808665e-01
1.65599411e+00
1.59572358e+00
-3.18782769e-01
0.00000000e+00
0.00000000e+00
0.00000000e+00
7.76306955e-01
4.26131980e-01
-8.56627443e-02
5.54523386e-01
-1.92909700e+00
4.77600771e-01
8.16077942e-01
5.78792976e-01
-2.55245046e-01
0.00000000e+00
5.78298173e-01
-2.11248230e-01
-1.33479423e+00
2.31196149e-01
1.92767949e-01
5.78406014e-01
6.01500148e-01
-2.46802627e+00
-7.97558504e-01
9.51246803e-01
-4.58986571e-01
0.00000000e+00
0.00000000e+00
0.00000000e+00
1.22933634e-01
9.07934119e-01
-2.05191621e-01
4.63957454e-01
-1.65402614e+00
4.94777931e-01
9.12672794e-01
-1.23103952e-02
-1.69005833e-01
0.00000000e+00
4.49686062e-01
-1.54454157e-01
-9.70095230e-01
5.70683193e-01
-2.87546182e-01
-1.30415029e-03
3.88436213e-01
-1.59530773e+00
-3.18646736e-01
5.97820205e-01
