0 10 -999999999 -1 -1
1 2 0 -1 -1
0.05897 0.1354
356
3.51027605e-01
4.48799761e-01
-9.77721559e-02
3.85071669e-01
-1.52974203e-01
0.00000000e+00
0.00000000e+00
0.00000000e+00
0.00000000e+00
0.00000000e+00
0.00000000e+00
0.00000000e+00
0.00000000e+00
2.82809026e-01
2.63056997e-01
-1.60794355e-01
0.00000000e+00
0.00000000e+00
0.00000000e+00
0.00000000e+00
0.00000000e+00
0.00000000e+00
0.00000000e+00
0.00000000e+00
0.00000000e+00
0.00000000e+00
0.00000000e+00
0.00000000e+00
0.00000000e+00
0.00000000e+00
0.00000000e+00
0.00000000e+00
0.00000000e+00
0.00000000e+00
0.00000000e+00
0.00000000e+00
0.00000000e+00
0.00000000e+00
0.00000000e+00
0.00000000e+00
0.00000000e+00
0.00000000e+00
0.00000000e+00
0.00000000e+00
0.00000000e+00
0.00000000e+00
0.00000000e+00
0.00000000e+00
0.00000000e+00
0.00000000e+00
0.00000000e+00
-5.44877177e-01
-2.22962232e-01
9.30419248e-01
0.00000000e+00
0.00000000e+00
0.00000000e+00
0.00000000e+00
1.83326519e-01
1.75990204e-01
1.87834231e-01
-2.52308945e-01
3.01091516e-02
2.78613801e-02
2.61899208e-01
-5.26569085e-01
-3.12141505e-01
-4.94578063e-01
-2.30400704e-01
3.33255149e-02
-3.66179114e-01
-2.55341713e-01
5.57562979e-03
-2.31604872e-01
2.48426018e-01
2.30328152e-03
-2.37951546e-01
5.88344004e-01
3.44279058e-04
-4.48684839e-01
0.00000000e+00
0.00000000e+00
7.63922245e-01
8.10321060e-01
4.58181547e-01
-9.64316358e-01
-5.55416294e-01
1.03440024e-02
0.00000000e+00
0.00000000e+00
-9.86826715e-01
-1.72322149e-01
-1.29724114e+00
-4.73392572e-01
-6.06738825e-01
-4.99562553e-01
-2.17189252e-01
5.86897651e-02
-1.94326155e-01
-1.55246361e-01
5.33521211e-01
1.76768153e-01
0.00000000e+00
0.00000000e+00
3.19280590e+00
2.40710490e+00
0.00000000e+00
0.00000000e+00
0.00000000e+00
0.00000000e+00
0.00000000e+00
2.60638170e-01
7.80242586e-02
-6.66368301e-02
-2.05239972e-01
-5.53241872e-01
-7.13714596e-01
-1.61635415e+00
0.00000000e+00
0.00000000e+00
0.00000000e+00
0.00000000e+00
0.00000000e+00
1.92143684e-01
-3.08142218e-01
-6.18296863e-01
-3.97981026e-01
-3.52214484e-01
-3.35885675e-01
-2.17685749e-01
3.36650401e+00
3.65593719e+00
3.88955294e+00
3.65754521e+00
3.93364144e+00
4.00224405e+00
-1.69347347e-01
-2.47619084e-01
-2.87537621e-01
1.16628351e-01
-1.61373104e-01
-3.58641504e-01
2.91201670e-02
3.62226005e-02
-5.94110641e-02
1.68733719e-01
2.52766141e-01
2.77601088e-01
2.35384863e-01
0.00000000e+00
0.00000000e+00
0.00000000e+00
1.74128722e-01
0.00000000e+00
0.00000000e+00
0.00000000e+00
-5.84859803e-02
0.00000000e+00
-1.74475302e+00
-4.17307175e-01
-6.14803073e-01
-9.20429861e-01
-4.82222206e-01
-7.18340257e-01
-1.09702528e+00
0.00000000e+00
0.00000000e+00
0.00000000e+00
-3.10726302e-01
1.21055206e+00
1.16850131e-01
1.49628075e+00
-2.03868793e+00
-1.17598779e-01
3.61039201e-01
-2.24460868e-01
5.79595640e-02
0.00000000e+00
6.23902917e-01
1.76993426e+00
-1.52732442e+00
4.29818898e-01
-2.61237497e-01
-5.92511438e-01
-7.81911531e-01
-1.34263314e+00
5.36428597e-01
-5.02699749e-01
5.36001819e-01
0.00000000e+00
0.00000000e+00
0.00000000e+00
1.16394625e-02
-1.74279039e-01
5.32957727e-03
-6.69736270e-03
2.16008429e-01
-1.71382567e-01
6.52819765e-02
7.63058728e-02
1.42042288e-01
0.00000000e+00
-3.49273077e-01
-1.83016049e-01
8.44180464e-02
1.78735183e-01
1.49297242e-01
1.58498033e-01
8.70724818e-02
2.64571286e-01
-1.12468899e-01
9.39189348e-02
-5.13793772e-01
-4.11146369e-01
-1.38809665e-01
-8.14586604e-01
-3.23766995e-01
8.41233192e-01
-2.26994330e-01
-1.02538523e+00
-3.25756391e-01
0.00000000e+00
0.00000000e+00
0.00000000e+00
2.04302659e-01
-2.47599788e-01
6.25563508e-02
1.86832691e-01
-3.69920312e-01
1.66300745e-01
6.51926680e-02
-1.00553166e+00
2.38081956e-01
0.00000000e+00
3.61958235e-01
1.00953970e-01
7.43605054e-04
4.91739483e-02
-5.06085865e-01
-3.13460311e-01
8.27531744e-02
2.38100193e-01
-3.83204490e-03
3.63723389e-01
-1.02647402e-01
1.96158361e-01
1.02845898e-01
1.00985142e-01
-5.83231508e-01
-2.03656704e-01
-4.29068684e-02
-1.96566092e-01
1.50184199e-01
1.13337637e+00
-5.28177745e-01
-8.08855327e-01
-3.79574804e-01
3.59981707e-02
1.74733072e-01
1.16513813e-01
-1.63877012e+00
0.00000000e+00
0.00000000e+00
0.00000000e+00
-8.42533807e-01
9.45980967e-01
-3.00399149e-01
1.47510591e+00
-1.63299588e+00
-5.95759947e-01
4.98565443e-01
6.98270942e-01
2.77937256e-01
0.00000000e+00
3.80052275e-01
1.75204883e+00
-1.35955161e+00
4.60727428e-01
2.33164635e-01
-9.01428856e-01
-1.21203467e+00
-9.79886917e-01
4.99717613e-01
-1.03575058e+00
4.99044428e-01
0.00000000e+00
0.00000000e+00
0.00000000e+00
1.18459127e-01
-4.90709007e-01
6.40055992e-02
5.91560079e-02
-6.83593297e-03
1.02516964e-01
7.51803727e-02
-2.75858395e-01
6.81918134e-02
0.00000000e+00
-1.90849329e-01
-2.01958215e-01
-1.99475353e-02
2.30537134e-01
1.49174845e-01
2.83143757e-01
1.54887231e-01
1.69985023e-01
-5.80791623e-02
2.68044131e-01
-5.52352732e-01
-3.52514878e-01
2.68002535e-01
8.94280043e-01
-3.10942388e-02
9.47524825e-01
-1.99554526e-01
-1.10048518e+00
-4.87115023e-01
0.00000000e+00
0.00000000e+00
0.00000000e+00
-2.02376037e-01
6.82283071e-01
1.37365520e-03
-6.39619819e-01
6.00947941e-01
-3.29167223e-01
-1.41617732e-01
6.65905101e-01
-1.05449617e-01
0.00000000e+00
6.48845255e-02
-5.81704984e-02
-6.87328450e-02
-1.77431961e-01
3.71476343e-01
-1.45173101e-01
-2.56298115e-01
-3.90366398e-01
2.43407156e-01
-6.02989471e-01
-1.99837853e-01
0.00000000e+00
7.00548792e-01
5.72048065e-01
-1.08641739e+00
-5.67914982e-01
2.83591679e-01
5.70349239e-01
1.46085775e-01
8.14071344e-01
-8.60949451e-01
-5.21036875e-01
-5.18502404e-01
5.64611290e-01
9.96471853e-01
6.60259519e-01
247
-5.40385503e-01
-3.54906841e-02
0.00000000e+00
2.16092058e-01
-2.51582742e-01
-3.49239655e-01
0.00000000e+00
0.00000000e+00
0.00000000e+00
0.00000000e+00
0.00000000e+00
0.00000000e+00
0.00000000e+00
0.00000000e+00
0.00000000e+00
0.00000000e+00
0.00000000e+00
0.00000000e+00
0.00000000e+00
0.00000000e+00
0.00000000e+00
0.00000000e+00
0.00000000e+00
0.00000000e+00
0.00000000e+00
0.00000000e+00
0.00000000e+00
0.00000000e+00
0.00000000e+00
0.00000000e+00
0.00000000e+00
0.00000000e+00
0.00000000e+00
0.00000000e+00
0.00000000e+00
0.00000000e+00
0.00000000e+00
0.00000000e+00
0.00000000e+00
0.00000000e+00
0.00000000e+00
-7.82210001e-02
-1.58324959e-02
5.80577385e-01
-1.67379398e-02
-5.23481937e-01
-1.69802078e-03
-5.19259950e-01
-5.01061895e-04
0.00000000e+00
0.00000000e+00
1.18046385e+00
8.03356431e-01
-4.62135676e-02
-1.36236060e+00
-8.56210448e-01
1.98071537e-01
0.00000000e+00
0.00000000e+00
3.34226333e+00
2.54723119e+00
0.00000000e+00
0.00000000e+00
0.00000000e+00
0.00000000e+00
0.00000000e+00
6.52629964e-02
-2.81223261e-02
-3.42360436e-01
-3.79822481e-01
-4.81967424e-01
-1.33995231e+00
-1.18223074e+00
0.00000000e+00
0.00000000e+00
0.00000000e+00
0.00000000e+00
0.00000000e+00
0.00000000e+00
1.23757699e-01
-6.47994241e-01
-4.20565546e-01
-9.17522857e-01
-7.21268200e-01
-4.28346825e-01
5.01757593e+00
5.04320849e+00
4.90435757e+00
4.68465868e+00
4.89526697e+00
5.00654005e+00
0.00000000e+00
1.81901174e-01
-7.24986074e-02
1.66614079e-02
-8.07632982e-02
-2.98018978e-01
0.00000000e+00
-5.53082583e-01
-4.91922459e-01
-2.65864886e-01
-5.50425098e-01
-4.07712698e-01
-1.28193111e-01
0.00000000e+00
0.00000000e+00
0.00000000e+00
-3.36515666e-01
0.00000000e+00
-2.83417666e+00
0.00000000e+00
-1.68742372e-01
-8.79729801e-01
-4.49763068e-01
-9.87430478e-01
-1.04847217e+00
0.00000000e+00
0.00000000e+00
0.00000000e+00
-3.20164770e-01
1.23336595e+00
3.92962192e-01
1.26306281e+00
-1.02204973e+00
-5.96730527e-01
1.11677788e+00
8.15798998e-01
-8.78415205e-01
0.00000000e+00
5.90241630e-01
1.85406672e+00
-1.15119977e+00
7.96065473e-01
2.57363730e-01
6.56891936e-01
-6.93062164e-01
0.00000000e+00
4.14235629e-01
-7.70131027e-02
-4.53874444e-01
-1.58981416e-01
-1.31825490e-01
-2.44555069e-01
-2.15601058e-01
-9.65048485e-02
0.00000000e+00
0.00000000e+00
0.00000000e+00
2.51997785e-01
2.44838042e-01
-1.24566177e-02
2.86392438e-01
3.86666650e-01
5.91696284e-02
-2.00273892e-02
5.43196083e-01
4.99533982e-01
0.00000000e+00
-9.65708695e-02
-2.34155707e-03
-3.34044707e-02
-4.05572234e-03
3.62046321e-01
-2.27119978e-01
1.92830038e-01
0.00000000e+00
-1.26170537e-01
2.16542634e-01
-2.94893027e-01
0.00000000e+00
5.42411946e-02
-4.33974252e-02
-5.94597729e-01
-9.76095591e-03
0.00000000e+00
-6.85026222e-02
-4.90773147e-02
-5.84836773e-01
7.40442259e-01
2.06064479e-01
-7.28359991e-01
-1.43719355e+00
0.00000000e+00
0.00000000e+00
0.00000000e+00
-8.32817024e-01
3.83298247e-01
1.36387299e-01
9.47889101e-01
-1.73685890e+00
-7.54659428e-01
5.94353997e-01
3.94931028e-01
2.53929772e-01
0.00000000e+00
3.46179539e-02
1.81642286e+00
-1.36726050e+00
8.64125037e-01
7.10725537e-02
-4.22340154e-01
-1.16719924e+00
-9.10042723e-01
8.44695781e-01
-5.87739200e-01
-5.00595289e-01
-9.80747416e-02
0.00000000e+00
6.15999180e-01
2.33869595e-01
2.60083319e-02
0.00000000e+00
0.00000000e+00
0.00000000e+00
-2.36069724e-01
-3.19905401e-01
-1.00387374e-01
4.13429343e-01
1.07888172e-01
4.55976167e-01
1.08520757e-01
-1.20419821e+00
2.80244225e-01
0.00000000e+00
9.66481114e-02
6.98806210e-02
-5.50499713e-02
1.05222253e-01
-3.84322123e-01
-3.63751691e-01
-1.61849467e-01
3.63585593e-01
3.33579180e-01
5.16567871e-01
-4.02520548e-01
0.00000000e+00
8.76685721e-03
6.16396959e-01
-9.36598257e-01
-3.51688327e-01
1.10677777e+00
6.04121431e-01
-4.06454584e-01
-5.84909930e-01
0.00000000e+00
5.10464564e-01
1.51102211e+00
1 -999999999 6 0 -1
1 0 2 1 -1
-3.9561e-01 9.1379e-01
356
-3.28148013e-01
0.00000000e+00
0.00000000e+00
0.00000000e+00
0.00000000e+00
0.00000000e+00
0.00000000e+00
0.00000000e+00
0.00000000e+00
0.00000000e+00
0.00000000e+00
0.00000000e+00
0.00000000e+00
0.00000000e+00
0.00000000e+00
0.00000000e+00
-5.27318984e-01
1.99170971e-01
2.43437776e-01
-3.39549634e-01
-1.40664787e-01
-5.53000855e-02
0.00000000e+00
0.00000000e+00
1.14583107e-01
-1.40921372e-01
0.00000000e+00
0.00000000e+00
1.96535273e-01
1.81121762e-01
-1.34219259e-01
1.78122069e-01
-5.06270082e-01
-9.03605744e-01
-7.61394003e-01
1.57743923e-01
2.22724234e-02
6.67625961e-01
5.49745919e-01
4.14101852e-01
2.71836821e-01
0.00000000e+00
0.00000000e+00
0.00000000e+00
0.00000000e+00
0.00000000e+00
0.00000000e+00
0.00000000e+00
0.00000000e+00
0.00000000e+00
0.00000000e+00
1.88006699e-02
-2.16636156e-01
-5.83995463e-01
0.00000000e+00
0.00000000e+00
0.00000000e+00
0.00000000e+00
-2.17063686e-01
-1.26872362e-01
-5.02774736e-01
8.23612842e-01
1.65616525e-01
1.99589882e-01
2.97089703e-01
-4.85999948e-01
-7.10158188e-02
-1.08561234e+00
-2.68846310e-01
-2.15828219e-02
5.45512542e-02
-1.92013872e-01
1.18719546e-02
-1.29943885e-01
-5.05305400e-01
9.25649644e-03
-1.16434428e-03
6.38017570e-01
3.52857826e-04
-1.63060806e-01
0.00000000e+00
0.00000000e+00
4.60705623e-01
-2.95997342e-02
-3.83396434e-01
-1.88638778e-01
-1.33318979e-01
2.29261340e-01
0.00000000e+00
0.00000000e+00
1.78546707e-01
-4.29011859e-01
-4.86434164e-01
-4.10985968e-01
-4.40382284e-01
-2.25073825e-01
1.20818092e-01
-1.56097766e-01
4.41425944e-02
2.11005132e-01
-9.33351658e-02
6.53904873e-03
0.00000000e+00
0.00000000e+00
3.15311281e+00
2.84240269e+00
0.00000000e+00
0.00000000e+00
0.00000000e+00
0.00000000e+00
0.00000000e+00
3.27174811e-01
1.71571625e-01
-3.70120527e-01
-5.78332442e-01
-8.34152190e-01
-5.99989711e-01
-1.52939654e+00
0.00000000e+00
0.00000000e+00
0.00000000e+00
0.00000000e+00
0.00000000e+00
0.00000000e+00
-1.46007783e-01
-8.34815994e-01
-6.19046843e-01
-5.57169203e-01
-5.28615274e-01
-3.71747047e-01
4.89923039e+00
5.24974919e+00
5.49580387e+00
5.23421507e+00
5.36596614e+00
5.50842082e+00
-2.50892828e-01
-1.74676215e-01
-2.72583362e-01
1.18483076e-01
-3.14605864e-01
-4.26591106e-01
6.37899784e-02
-3.80590618e-01
-7.81492630e-01
-1.56878622e-01
-3.61162855e-01
-2.47701131e-01
2.59158964e-01
0.00000000e+00
0.00000000e+00
0.00000000e+00
0.00000000e+00
0.00000000e+00
0.00000000e+00
0.00000000e+00
-4.74158419e-01
0.00000000e+00
0.00000000e+00
-1.78718501e+00
-7.73496568e-01
-8.50476022e-01
-2.69061230e-01
-5.32889674e-01
-1.04255780e+00
0.00000000e+00
0.00000000e+00
0.00000000e+00
-9.66667426e-01
1.49690470e+00
4.20732471e-01
2.14625509e+00
-1.84562378e+00
-5.23444361e-01
6.58234156e-01
2.45524735e-01
1.58668946e-01
0.00000000e+00
-3.54774867e-01
1.37144029e+00
-1.71248576e+00
9.90936055e-01
-6.33096696e-01
-4.35473503e-01
-8.08042667e-01
-9.95583316e-01
4.25755252e-01
-6.81817112e-01
1.81880811e-01
0.00000000e+00
0.00000000e+00
0.00000000e+00
4.49684428e-02
-4.43202208e-01
-1.14087393e-01
-3.81842319e-01
2.53209900e-01
-6.98700844e-02
1.59895115e-02
1.19556138e-01
4.41437522e-02
0.00000000e+00
-7.40858041e-02
2.32785676e-02
7.96167104e-02
-5.64494897e-02
1.44128831e-01
1.89299129e-01
5.77907790e-02
2.49491937e-01
7.45560610e-03
9.24888054e-02
-4.68815125e-01
-2.85860394e-01
1.09131309e+00
-1.46506244e-01
1.82241298e-01
8.09797399e-01
-3.31495498e-01
-7.64162295e-01
-3.99646884e-02
0.00000000e+00
0.00000000e+00
0.00000000e+00
-9.07754083e-02
4.85124908e-01
8.44516663e-02
9.41581770e-01
-1.06978141e-01
1.92897528e-01
3.87778083e-01
-5.54701939e-04
2.52979769e-01
0.00000000e+00
2.87597808e-01
3.93156834e-01
-2.62677802e-01
4.46996916e-02
-1.21250001e+00
-5.85926237e-01
-1.30454377e-01
-1.50083459e-01
-1.44011216e-01
-4.26271389e-01
-1.82954731e-01
0.00000000e+00
-3.89053478e-02
-5.03345085e-01
-5.73742673e-01
-4.87636174e-01
-1.08933943e+00
8.53663352e-02
4.87104302e-01
1.29662736e+00
-9.49841269e-01
-8.34422263e-01
-8.61064992e-02
-1.24804309e-01
4.92477474e-01
-1.73704746e-01
-1.38336570e+00
0.00000000e+00
0.00000000e+00
0.00000000e+00
-6.63697567e-01
-1.57350025e-01
-2.88907886e-01
1.22832996e+00
-2.21513332e+00
-5.13296923e-01
4.13419653e-01
3.59453237e-01
3.46822548e-01
0.00000000e+00
-1.26613461e-01
1.64025212e+00
-2.07070858e+00
8.57454735e-01
1.31900334e+00
2.15409579e-02
-5.84503664e-01
-1.00313858e+00
1.91047557e-01
-1.37339796e-01
2.85212478e-01
0.00000000e+00
0.00000000e+00
0.00000000e+00
4.42252303e-02
-3.10008452e-01
3.02517094e-03
-9.02217277e-02
2.16823573e-01
-2.38411913e-02
1.57825656e-01
8.24791202e-02
-5.66045593e-02
0.00000000e+00
8.22719595e-02
-1.64281762e-01
-1.95082982e-02
5.68345098e-04
-2.39042740e-01
-3.36330670e-02
1.92481506e-02
2.57141742e-01
1.79681867e-01
1.79063461e-01
-4.24242777e-01
-3.41069115e-01
1.13757848e-01
-1.03632795e-01
-1.20235747e-01
7.00828793e-01
-2.05485713e-01
-8.36412195e-01
-1.79281400e-01
0.00000000e+00
0.00000000e+00
0.00000000e+00
-2.06411811e-01
4.74447879e-02
-1.95129949e-01
-5.91825594e-01
1.18104733e-02
-1.78008529e-01
-5.21540098e-01
1.75769300e-01
-3.95083620e-01
0.00000000e+00
-3.46424092e-03
-1.41342513e-01
5.30685363e-01
-8.24601952e-03
9.60572428e-01
1.80457467e-01
1.17909010e-01
-1.54304207e-01
-3.87311192e-02
2.30157470e-01
-8.31736618e-02
3.34586429e-01
1.64358680e-02
-3.75762123e-01
-9.59122919e-01
-5.09406907e-01
0.00000000e+00
1.02356194e+00
5.44853155e-01
8.98289526e-01
-8.32940332e-01
-5.74756100e-01
-4.49716013e-01
2.61407432e-01
-2.27952597e-01
3.55180525e-02
247
-3.61389707e-01
0.00000000e+00
0.00000000e+00
0.00000000e+00
0.00000000e+00
0.00000000e+00
0.00000000e+00
0.00000000e+00
0.00000000e+00
0.00000000e+00
0.00000000e+00
0.00000000e+00
0.00000000e+00
0.00000000e+00
-3.85439608e-01
0.00000000e+00
-7.45932917e-03
-3.77980279e-01
-3.90949759e-04
0.00000000e+00
0.00000000e+00
0.00000000e+00
0.00000000e+00
0.00000000e+00
0.00000000e+00
0.00000000e+00
0.00000000e+00
-3.61389707e-01
0.00000000e+00
-3.60546114e-01
0.00000000e+00
-2.82312915e-01
4.83495029e-01
-2.31946249e-01
0.00000000e+00
0.00000000e+00
0.00000000e+00
0.00000000e+00
0.00000000e+00
0.00000000e+00
0.00000000e+00
-2.18985455e-01
1.14416053e-02
-2.26788809e-01
-2.61870737e-03
-7.85154331e-03
2.89520327e-04
9.22361004e-02
2.41269038e-04
0.00000000e+00
0.00000000e+00
5.19348264e-02
-1.12540537e-01
-2.68025988e-01
-1.33538367e-01
-5.40859832e-02
1.65863998e-01
0.00000000e+00
0.00000000e+00
1.58860537e+00
2.01528811e+00
0.00000000e+00
0.00000000e+00
0.00000000e+00
0.00000000e+00
0.00000000e+00
8.39412223e-02
7.85441892e-02
2.06182324e-01
-9.42363410e-02
-2.45766757e-01
-5.94029532e-01
-1.37747980e+00
0.00000000e+00
0.00000000e+00
0.00000000e+00
0.00000000e+00
0.00000000e+00
0.00000000e+00
-1.22698178e-01
-6.47374749e-01
-4.76887213e-01
-3.39929859e-01
-3.35834816e-01
-1.89819595e-01
2.64377650e+00
3.11753607e+00
3.35177994e+00
3.30374874e+00
3.42213423e+00
3.46439405e+00
0.00000000e+00
-5.91671948e-02
1.10715933e-01
2.40051020e-01
1.39233996e-02
-2.49085845e-01
0.00000000e+00
7.08248527e-02
-4.26832886e-01
9.93296568e-02
2.43819959e-01
1.98643372e-01
7.67908411e-02
0.00000000e+00
0.00000000e+00
0.00000000e+00
-1.74047140e-01
0.00000000e+00
0.00000000e+00
-1.46968247e+00
-5.03599578e-01
-3.20041349e-01
-4.80940749e-01
-4.26054601e-01
-8.23640926e-01
0.00000000e+00
0.00000000e+00
0.00000000e+00
-2.61472735e-01
1.25770676e+00
3.29968237e-02
1.04886841e+00
-1.40247012e+00
-3.85011955e-01
2.83388028e-01
-5.55603762e-02
3.61776857e-01
0.00000000e+00
-3.83882234e-02
1.29438465e+00
-1.60112113e+00
6.06334974e-01
9.15731925e-02
-3.86851958e-01
-8.02672718e-01
-7.12333681e-01
3.94083863e-01
-5.48871590e-01
-1.91671807e-01
1.69475479e-01
0.00000000e+00
-2.31357157e-01
-1.06130072e-01
-2.31731604e-01
0.00000000e+00
0.00000000e+00
0.00000000e+00
-7.28397950e-02
-4.30034153e-01
-1.43424714e-01
-1.69558957e-01
-1.57747748e-01
-3.75878225e-02
-9.53161551e-02
-1.47281431e-01
-1.28575569e-01
0.00000000e+00
1.23071802e-01
2.12327398e-01
-1.15347638e-01
2.33971954e-01
6.69969571e-01
-4.22078759e-02
1.63302267e-01
5.74466398e-02
-1.01872788e-01
-5.00265891e-02
-3.61147285e-01
0.00000000e+00
-5.26012055e-01
-3.24014493e-01
-6.31969120e-01
-6.73075056e-01
1.20967984e-01
6.98915207e-01
4.31291622e-01
4.11059365e-02
-3.49636689e-01
-3.86964499e-01
-3.59891347e-01
-9.06995351e-01
0.00000000e+00
0.00000000e+00
0.00000000e+00
-3.54049703e-01
4.35239816e-01
-1.32895187e-01
1.36405750e+00
-1.55084814e+00
-5.43838790e-01
6.63996340e-01
3.86317194e-01
2.78035574e-01
0.00000000e+00
-2.44377231e-01
9.80597326e-01
-1.62427205e+00
7.01330602e-01
3.08576202e-01
-2.20270283e-02
-7.35019425e-01
-8.72340285e-01
2.19675882e-01
-1.65153951e-01
-1.35750174e-02
1.43598257e-01
-1.44278000e-02
1.75790298e-01
5.27471138e-01
-2.16805261e-01
0.00000000e+00
0.00000000e+00
0.00000000e+00
-2.26100576e-01
-7.62167719e-02
2.65081893e-01
5.97047840e-01
-3.16988614e-01
3.06652480e-02
7.73137655e-02
-7.82093266e-02
3.83334019e-02
0.00000000e+00
1.16079352e-01
1.80318121e-01
-4.41822072e-01
1.91413563e-01
-3.78116548e-01
-1.63501325e-01
1.39390967e-01
-1.53635093e-02
-2.87491160e-01
1.31360491e-01
-1.57173274e-01
2.96579070e-01
1.98756329e-01
2.20377826e-01
-8.93420333e-01
-6.24539006e-01
4.60873084e-02
3.72055313e-01
6.36635411e-01
-2.68881327e-01
-1.57592837e-01
2.12839335e-01
6.07140649e-02
5 1
-5.2478e-01 4.5248e-01
2 0
0 1 
217
1.86943993e-01
-4.74002410e-01
-1.06449029e-01
-1.56336303e-01
-1.72569447e-01
-1.62185890e-01
2.64355509e-01
6.33855349e-02
2.06020954e-01
5.50621801e-01
1.04330001e-01
-1.43775183e-01
-2.15193024e-01
-6.88254251e-02
-6.17913321e-02
5.12784759e-03
2.15595384e-02
-2.49285127e-02
-1.15786562e-03
1.48595891e-01
2.85527680e-01
-5.87515011e-03
2.46623645e-01
-1.18638422e-02
7.00308879e-04
-4.89429114e-02
0.00000000e+00
0.00000000e+00
3.45529796e-01
2.39306898e-01
-1.50968968e-01
-1.68026615e-01
-1.55014916e-01
9.52628964e-02
0.00000000e+00
0.00000000e+00
0.00000000e+00
-2.46939787e-02
2.11637972e-01
0.00000000e+00
0.00000000e+00
0.00000000e+00
0.00000000e+00
0.00000000e+00
0.00000000e+00
7.98258741e-02
-1.04519853e-01
2.11637972e-01
0.00000000e+00
0.00000000e+00
0.00000000e+00
0.00000000e+00
0.00000000e+00
0.00000000e+00
0.00000000e+00
0.00000000e+00
0.00000000e+00
0.00000000e+00
0.00000000e+00
0.00000000e+00
2.11637972e-01
-1.04519853e-01
7.98258741e-02
0.00000000e+00
8.38926228e-02
-5.61891519e-01
1.58319403e-01
6.07337325e-01
1.33144443e-01
5.28862199e-01
9.88731357e-02
-1.90472616e-02
-6.26415331e-01
1.88720115e-01
-2.43894741e-01
-8.16019961e-02
2.86637247e-01
0.00000000e+00
0.00000000e+00
0.00000000e+00
0.00000000e+00
0.00000000e+00
0.00000000e+00
0.00000000e+00
0.00000000e+00
0.00000000e+00
0.00000000e+00
0.00000000e+00
0.00000000e+00
0.00000000e+00
0.00000000e+00
0.00000000e+00
0.00000000e+00
0.00000000e+00
0.00000000e+00
0.00000000e+00
0.00000000e+00
0.00000000e+00
0.00000000e+00
0.00000000e+00
0.00000000e+00
0.00000000e+00
0.00000000e+00
0.00000000e+00
0.00000000e+00
0.00000000e+00
0.00000000e+00
0.00000000e+00
0.00000000e+00
0.00000000e+00
0.00000000e+00
0.00000000e+00
0.00000000e+00
0.00000000e+00
0.00000000e+00
0.00000000e+00
0.00000000e+00
0.00000000e+00
0.00000000e+00
-6.67777302e-01
-2.76761287e-01
-8.55267201e-01
0.00000000e+00
0.00000000e+00
0.00000000e+00
-1.86143350e-01
2.49770870e-02
1.21467041e-01
2.91670289e-01
-7.10225112e-01
-3.30293862e-01
1.70511837e-01
6.67416685e-02
2.84408798e-01
0.00000000e+00
-1.62482482e-01
6.53809784e-01
-6.53162397e-01
5.35365250e-01
2.21815260e-01
2.86955656e-02
-7.26481498e-01
-4.19861035e-01
-5.59248476e-02
-1.01551961e-02
-1.22631718e-01
0.00000000e+00
0.00000000e+00
0.00000000e+00
-1.20556436e-01
-1.78475816e-01
-2.66542684e-01
6.24864951e-01
-4.78888619e-01
-2.50829934e-01
9.98679800e-02
3.26978109e-01
-2.89906907e-02
0.00000000e+00
6.79053769e-02
1.34222432e-01
-6.87348792e-01
2.16482856e-01
9.42657278e-02
-1.67890611e-01
3.22155908e-01
-7.39344763e-02
2.42697538e-01
1.38546169e-03
-6.83819544e-01
0.00000000e+00
0.00000000e+00
0.00000000e+00
-2.46807431e-01
1.74126599e-01
4.57216631e-01
1.02816004e+00
-6.45801261e-01
-8.60918506e-01
5.88898232e-01
-4.69174692e-02
3.31079014e-01
0.00000000e+00
-3.21751367e-01
8.16580692e-01
-5.96252015e-01
3.13602183e-01
-1.56011266e-01
-2.93358817e-01
-7.14760675e-01
-1.48355370e-01
-7.46871099e-02
-2.87861647e-01
-1.63083259e-01
0.00000000e+00
0.00000000e+00
0.00000000e+00
-2.80898949e-01
4.02005132e-01
-1.98154667e-01
1.01066109e-01
-7.85963004e-01
6.06598891e-01
-9.98031827e-02
8.23761721e-02
-2.06697658e-01
0.00000000e+00
6.87252240e-02
-2.78907996e-02
-5.21301687e-01
1.17896885e-01
4.42830588e-01
-8.23060711e-02
3.09736837e-01
-8.82872936e-02
1.67133055e-01
-1.70148840e-01
136
3.32560648e-01
5.62586058e-02
7.63159436e-03
3.28031244e-01
-4.50733669e-03
-4.83654471e-02
5.75773917e-03
-3.36375418e-03
7.27561656e-04
0.00000000e+00
0.00000000e+00
3.39376891e-01
6.36842720e-02
-1.64656551e-01
-7.47770669e-02
6.30866843e-02
2.43690527e-01
0.00000000e+00
0.00000000e+00
0.00000000e+00
7.86664347e-02
2.61006222e-01
0.00000000e+00
0.00000000e+00
0.00000000e+00
0.00000000e+00
0.00000000e+00
0.00000000e+00
2.74726047e-02
5.11938301e-02
2.61006222e-01
0.00000000e+00
0.00000000e+00
0.00000000e+00
0.00000000e+00
0.00000000e+00
0.00000000e+00
0.00000000e+00
0.00000000e+00
0.00000000e+00
0.00000000e+00
0.00000000e+00
0.00000000e+00
0.00000000e+00
0.00000000e+00
0.00000000e+00
0.00000000e+00
8.51950199e-02
5.02473004e-01
-1.62255895e-01
-8.55965146e-01
-1.15947706e-01
1.36308303e-01
2.99779879e-02
-3.60300096e-02
-2.56349697e-01
0.00000000e+00
0.00000000e+00
0.00000000e+00
0.00000000e+00
2.61006222e-01
5.11938301e-02
2.74726047e-02
0.00000000e+00
0.00000000e+00
0.00000000e+00
0.00000000e+00
0.00000000e+00
0.00000000e+00
0.00000000e+00
0.00000000e+00
0.00000000e+00
0.00000000e+00
0.00000000e+00
0.00000000e+00
0.00000000e+00
0.00000000e+00
0.00000000e+00
0.00000000e+00
0.00000000e+00
0.00000000e+00
0.00000000e+00
0.00000000e+00
0.00000000e+00
0.00000000e+00
0.00000000e+00
-3.60802986e-01
-9.67044132e-02
-1.11841379e+00
0.00000000e+00
0.00000000e+00
0.00000000e+00
-1.37247749e-01
5.30097476e-02
-2.81753185e-03
1.40227538e+00
-2.01916140e+00
-6.21672298e-01
5.47065600e-01
8.34178171e-01
-1.33546661e-02
0.00000000e+00
1.17446696e-01
1.09915516e+00
-1.89517479e+00
7.90218171e-01
8.22036310e-01
-1.23728040e-02
-7.00556458e-01
-1.03287472e+00
1.14167473e-01
-4.62734074e-01
-1.09493100e+00
0.00000000e+00
0.00000000e+00
0.00000000e+00
-3.65431046e-01
2.97072771e-01
-2.24611250e-01
1.40248723e+00
-1.76824370e+00
-9.19655011e-01
4.93035238e-01
-3.61275762e-02
3.80014059e-01
0.00000000e+00
2.93306154e-01
1.50544952e+00
-1.71399492e+00
1.05697811e+00
7.48995533e-02
-4.32350003e-01
-9.06911922e-01
-6.18841632e-01
4.29191450e-01
-4.11980315e-02
3 1
-5.7571e-01 4.5684e-01
3 0
0 1 5 
217
-1.39448531e-01
-1.83530147e-01
7.31116898e-02
-1.23484517e-01
-2.99042932e-01
-2.17538567e-01
-3.54155375e-01
4.37578155e-01
2.83025741e-02
1.28261017e-01
2.42528744e-01
-6.47597776e-01
2.42918458e-01
1.68997964e-02
0.00000000e+00
0.00000000e+00
0.00000000e+00
1.16356946e-01
-2.32569988e-02
7.43199534e-01
4.24532043e-02
-4.49361932e-03
2.85239329e-01
8.45807246e-02
3.24150467e-04
5.94701182e-02
0.00000000e+00
0.00000000e+00
5.75726996e-01
-2.45415413e-02
-1.34550304e-01
-1.08588002e-01
-1.62953049e-01
-2.34651121e-01
0.00000000e+00
0.00000000e+00
0.00000000e+00
-8.66708770e-02
-1.57162338e-01
1.05263043e-01
0.00000000e+00
0.00000000e+00
0.00000000e+00
0.00000000e+00
0.00000000e+00
-8.51279986e-02
-1.54287840e-03
3.26537659e-01
0.00000000e+00
7.30548351e-02
-5.56754832e-01
1.05263043e-01
0.00000000e+00
0.00000000e+00
0.00000000e+00
0.00000000e+00
0.00000000e+00
0.00000000e+00
0.00000000e+00
0.00000000e+00
-1.24954130e-01
-1.54287840e-03
-1.20731635e-02
0.00000000e+00
-5.37182501e-01
-1.12275126e+00
1.05798379e-01
5.77269858e-01
3.13929160e-01
7.76863304e-01
4.74444684e-01
-4.87396206e-01
-1.30494361e-01
8.75069271e-02
-2.73313775e-01
-2.14003935e-01
3.08995926e-02
0.00000000e+00
2.38988423e-01
1.03445048e-01
-1.11578243e-01
-8.11206184e-02
-2.66858710e-01
-1.06615506e-01
0.00000000e+00
0.00000000e+00
0.00000000e+00
0.00000000e+00
0.00000000e+00
0.00000000e+00
0.00000000e+00
0.00000000e+00
0.00000000e+00
0.00000000e+00
0.00000000e+00
0.00000000e+00
0.00000000e+00
0.00000000e+00
0.00000000e+00
0.00000000e+00
0.00000000e+00
0.00000000e+00
0.00000000e+00
0.00000000e+00
0.00000000e+00
0.00000000e+00
0.00000000e+00
0.00000000e+00
0.00000000e+00
0.00000000e+00
0.00000000e+00
0.00000000e+00
0.00000000e+00
0.00000000e+00
0.00000000e+00
0.00000000e+00
0.00000000e+00
0.00000000e+00
0.00000000e+00
-7.82933937e-01
-4.18217789e-01
-6.97052534e-01
0.00000000e+00
0.00000000e+00
0.00000000e+00
1.74139791e-01
4.81040461e-01
1.15816161e-01
-7.70827363e-02
-8.50594766e-01
-3.48540068e-01
8.88374427e-01
-1.05133812e-01
2.05827190e-01
0.00000000e+00
1.40005503e-01
5.85958302e-01
-9.05476765e-01
5.43328136e-01
2.33273410e-01
-4.33660747e-01
-7.83816538e-02
-2.64644634e-01
-1.56371975e-01
-8.44928760e-01
-2.58268064e-01
0.00000000e+00
0.00000000e+00
0.00000000e+00
-1.25040379e-01
-3.76846588e-01
-2.98661920e-01
6.97681205e-01
-2.20191227e-01
-2.96003785e-01
-1.37379320e-01
1.55512627e-01
-7.49827453e-02
0.00000000e+00
-6.62109442e-02
1.14163571e-01
-3.92056209e-01
6.79978416e-02
7.84626793e-02
4.88276048e-02
-2.64043337e-01
1.57494608e-01
3.02522683e-01
3.70485571e-01
-5.71988139e-01
0.00000000e+00
0.00000000e+00
0.00000000e+00
-1.48008754e-01
-1.54932780e-01
-1.74621953e-01
1.14478934e+00
-5.83868037e-01
-1.54586554e+00
1.32102779e+00
1.51033640e-01
6.70978885e-01
0.00000000e+00
-6.63282806e-01
-3.07800998e-01
-6.82171014e-01
6.22205773e-01
5.32599187e-01
-3.21543412e-01
-1.95609662e-01
-9.03609578e-02
2.71515667e-01
-4.18072511e-01
-2.39494846e-01
0.00000000e+00
0.00000000e+00
0.00000000e+00
-2.56782995e-01
1.21974071e-01
-1.79586301e-01
-4.89838136e-02
-9.05221993e-01
8.47386811e-01
-1.01904943e-01
-4.20302170e-02
-1.62933757e-01
0.00000000e+00
3.16009297e-01
7.23982214e-01
-9.64623003e-01
-9.64458875e-02
3.03158134e-01
1.05471249e-01
4.29786600e-02
-9.13258543e-02
1.55650866e-01
-6.26738339e-03
136
4.69572187e-01
1.45124291e-01
-1.06159143e-04
3.68024498e-01
-5.90715612e-03
9.38314890e-02
5.76554526e-04
-1.37408092e-01
7.27311866e-04
0.00000000e+00
0.00000000e+00
3.13953920e-01
1.12017975e-01
-1.42018551e-01
-6.35229645e-02
4.57026313e-02
3.20309322e-01
0.00000000e+00
0.00000000e+00
0.00000000e+00
-1.63583898e-02
1.02261897e-01
3.84059845e-01
0.00000000e+00
0.00000000e+00
0.00000000e+00
0.00000000e+00
0.00000000e+00
-9.61686512e-02
7.98102614e-02
1.57777883e-01
0.00000000e+00
1.27574699e-01
-1.83090685e-01
3.84059845e-01
0.00000000e+00
0.00000000e+00
0.00000000e+00
0.00000000e+00
0.00000000e+00
0.00000000e+00
0.00000000e+00
0.00000000e+00
0.00000000e+00
0.00000000e+00
0.00000000e+00
0.00000000e+00
-1.03567895e-02
5.30227989e-01
-1.75971422e-01
-4.99844268e-01
-1.04712400e-01
1.35727282e-01
4.03195607e-02
-5.26422378e-02
-3.76264992e-01
0.00000000e+00
1.21187239e-01
-1.91919625e-01
-1.84715130e-02
3.77519442e-01
7.98102614e-02
3.14060478e-02
0.00000000e+00
0.00000000e+00
0.00000000e+00
0.00000000e+00
0.00000000e+00
0.00000000e+00
0.00000000e+00
0.00000000e+00
0.00000000e+00
0.00000000e+00
0.00000000e+00
0.00000000e+00
0.00000000e+00
0.00000000e+00
0.00000000e+00
0.00000000e+00
0.00000000e+00
0.00000000e+00
0.00000000e+00
0.00000000e+00
0.00000000e+00
0.00000000e+00
0.00000000e+00
-3.58432634e-01
1.06019736e-02
-1.12002697e+00
0.00000000e+00
0.00000000e+00
0.00000000e+00
-2.00083179e-01
7.26880449e-02
-5.09784993e-02
1.29591283e+00
-2.12486753e+00
-6.47011826e-01
6.44818613e-01
8.88389830e-01
5.99806174e-02
0.00000000e+00
2.04024514e-01
1.05134718e+00
-1.94295202e+00
8.35078200e-01
8.87248216e-01
3.58453369e-02
-6.97221917e-01
-1.20359732e+00
1.77696946e-01
-4.06344999e-01
-1.05979628e+00
0.00000000e+00
0.00000000e+00
0.00000000e+00
-3.64058791e-01
5.28853077e-01
-1.41359245e-01
1.38359825e+00
-1.71818129e+00
-7.80918836e-01
2.71352142e-01
-9.95384930e-03
2.42478865e-01
0.00000000e+00
3.04188022e-01
1.43525082e+00
-1.55541050e+00
1.02356151e+00
-4.92272281e-02
-4.85858097e-01
-9.53132636e-01
-5.24609214e-01
4.03875682e-01
-7.02449525e-02
6 2
-7.9730e-01 4.8490e-01
4 -1
0 1 5 3 
217
2.22705627e-03
1.70056402e-01
-3.00616150e-01
-4.80811105e-02
-3.72692149e-01
-3.11298773e-01
-2.12611537e-01
4.93383978e-01
4.30122057e-01
-2.13864764e-02
2.80245779e-01
-2.56695368e-01
-1.22837094e-01
-9.35765302e-01
0.00000000e+00
0.00000000e+00
0.00000000e+00
-2.24326666e-01
1.62723469e-02
-2.76638790e-01
3.63734436e-01
-3.16877119e-03
2.64199873e-02
-2.11505127e-01
1.91139485e-03
1.38967503e-01
0.00000000e+00
0.00000000e+00
6.65674844e-01
1.35296711e-01
-1.04903500e-01
1.32871321e-01
-4.27138580e-01
-2.85210907e-01
0.00000000e+00
0.00000000e+00
0.00000000e+00
-3.34758068e-02
-4.93638322e-02
5.33648365e-02
3.17018588e-02
0.00000000e+00
0.00000000e+00
0.00000000e+00
0.00000000e+00
-6.85982691e-02
3.51224622e-02
2.48270236e-01
0.00000000e+00
-1.34044814e-01
1.44577302e-01
-6.03197316e-02
0.00000000e+00
-1.08489743e-01
-1.99676814e-01
2.32195175e-01
0.00000000e+00
1.05101483e-01
0.00000000e+00
3.17018588e-02
1.73135936e-01
3.51224622e-02
-2.06031342e-01
2.37288334e-02
-2.67317973e-01
-5.55523318e-01
7.48712550e-02
6.70329890e-01
1.70944941e-01
3.92307675e-01
-8.53137356e-02
-1.20717607e-01
-3.04093500e-01
4.12673203e-01
-3.85533917e-01
-2.04414804e-01
-3.52497808e-01
1.23070420e-01
1.57526273e-02
1.05771239e-01
-7.58450993e-02
2.09966525e-01
-6.07508921e-02
-1.45586112e-01
1.27724142e-01
3.72830441e-02
-7.18384684e-01
-2.35118760e-01
-3.18986831e-01
7.23386309e-02
3.89350383e-02
0.00000000e+00
0.00000000e+00
0.00000000e+00
0.00000000e+00
0.00000000e+00
0.00000000e+00
0.00000000e+00
0.00000000e+00
0.00000000e+00
0.00000000e+00
0.00000000e+00
0.00000000e+00
0.00000000e+00
0.00000000e+00
0.00000000e+00
0.00000000e+00
0.00000000e+00
0.00000000e+00
0.00000000e+00
0.00000000e+00
0.00000000e+00
0.00000000e+00
0.00000000e+00
0.00000000e+00
0.00000000e+00
0.00000000e+00
0.00000000e+00
0.00000000e+00
-8.78002202e-01
-4.84293473e-01
-7.21896075e-01
0.00000000e+00
0.00000000e+00
0.00000000e+00
-3.13508216e-01
-2.65803983e-01
-1.19960459e+00
1.58823244e+00
-9.83809058e-01
-9.76950713e-03
5.07670739e-01
5.96528239e-01
-5.18501401e-01
0.00000000e+00
-5.24918911e-01
1.11587027e+00
-6.88927384e-01
2.81401652e-01
4.85090131e-01
4.38389349e-01
-2.39754394e-01
-8.57098192e-01
6.29829330e-01
-7.63212591e-01
-2.92052629e-01
0.00000000e+00
0.00000000e+00
0.00000000e+00
1.59455641e-01
-5.33907592e-01
5.38063984e-01
2.36452985e-01
-2.72633311e-01
-3.23924725e-01
2.94384041e-01
-2.28272741e-01
3.83605003e-01
0.00000000e+00
1.82620300e-01
3.44165800e-03
-8.33446342e-01
1.59863302e-01
-1.62307170e-03
-1.40097148e-01
5.49762262e-02
-7.37151163e-02
-2.14514059e-01
3.17218338e-01
-6.20899598e-01
0.00000000e+00
0.00000000e+00
0.00000000e+00
-5.56773375e-01
2.16040080e-01
-1.81154838e-01
1.37792421e+00
-1.94317871e-01
-3.24715459e-01
-3.88462887e-01
3.03267939e-01
1.78157469e-01
0.00000000e+00
-3.83069631e-01
9.57488281e-01
-5.79065746e-01
2.35307398e-01
-1.07202930e+00
-1.69879491e-01
-4.69507382e-01
-1.95947498e-01
9.17947620e-01
-2.92109117e-01
-2.17672540e-01
0.00000000e+00
0.00000000e+00
0.00000000e+00
1.89254807e-01
-5.76948955e-02
-3.32802304e-02
-1.53142025e-01
-1.00232163e+00
-2.16950658e-02
2.52327715e-01
-3.15176321e-02
3.39153514e-01
0.00000000e+00
9.65787910e-02
3.40594700e-01
-7.92657854e-01
4.14101275e-01
9.58517147e-01
-4.68363041e-02
-1.76260570e-01
-1.18420718e-02
-4.19999020e-01
-6.09531927e-02
136
3.88928546e-01
-1.89199294e-01
2.23276860e-02
1.73604713e-01
-5.26547700e-04
1.77193841e-01
1.31351989e-03
2.27329286e-01
2.65119775e-03
0.00000000e+00
0.00000000e+00
-1.97828884e-01
-9.44487473e-02
-1.15375308e-02
1.01993984e-01
2.64435114e-01
5.15812509e-01
0.00000000e+00
0.00000000e+00
0.00000000e+00
-5.63729304e-02
-4.38991852e-03
1.96546251e-01
2.58465547e-01
0.00000000e+00
0.00000000e+00
0.00000000e+00
0.00000000e+00
-6.42189512e-02
8.07248018e-03
1.81939199e-01
0.00000000e+00
2.72416463e-02
2.21959671e-03
2.38941555e-01
0.00000000e+00
-1.14413802e-01
-1.01376559e-01
3.10995214e-01
0.00000000e+00
-3.31440306e-02
-3.20246488e-01
2.58465547e-01
0.00000000e+00
0.00000000e+00
0.00000000e+00
-8.08248037e-02
-3.36053028e-01
4.93215940e-01
-1.70237402e-01
-6.31185277e-01
-1.79356035e-01
-1.07259646e-02
6.03376813e-02
-2.79697639e-02
-3.03975114e-01
1.67693323e-01
4.77573957e-02
-1.82425642e-01
1.48185312e-02
1.16485416e-01
1.82354024e-01
2.98319823e-02
-4.45674425e-01
1.52050580e-01
-1.86574079e-01
0.00000000e+00
0.00000000e+00
0.00000000e+00
0.00000000e+00
0.00000000e+00
0.00000000e+00
0.00000000e+00
0.00000000e+00
0.00000000e+00
0.00000000e+00
0.00000000e+00
0.00000000e+00
0.00000000e+00
0.00000000e+00
0.00000000e+00
0.00000000e+00
0.00000000e+00
0.00000000e+00
0.00000000e+00
0.00000000e+00
-3.30928183e-01
-4.16019116e-02
-1.08043964e+00
0.00000000e+00
0.00000000e+00
0.00000000e+00
-1.67059524e-01
1.09447334e-01
-3.84807895e-02
1.19099446e+00
-2.00540193e+00
-7.07862046e-01
5.16187848e-01
8.14586339e-01
7.53370747e-02
0.00000000e+00
1.59572772e-01
1.03911113e+00
-1.87174784e+00
8.91257176e-01
7.94493317e-01
3.47541343e-02
-7.61285808e-01
-9.98884044e-01
2.31487444e-01
-3.86946683e-01
-1.06568524e+00
0.00000000e+00
0.00000000e+00
0.00000000e+00
-4.99932392e-01
5.66848144e-01
-2.11676245e-01
1.26903417e+00
-1.74525788e+00
-4.79275937e-01
5.06179552e-01
-2.46705467e-02
2.13306087e-01
0.00000000e+00
3.11739112e-01
1.30081117e+00
-1.69463941e+00
9.52586127e-01
-6.55472132e-02
-4.55552606e-01
-8.04113986e-01
-5.73945426e-01
4.34087927e-01
-6.56658794e-02
4 1
-7.9784e-01 4.8011e-01
5 1
0 1 5 3 6 
217
3.95528531e-02
7.62992119e-02
-4.87263325e-02
-1.11440489e-01
-2.51987739e-01
-2.20575872e-01
-3.74875297e-01
5.86486728e-01
5.11704692e-01
-1.72292641e-01
5.43706991e-01
-1.41322899e-01
-3.88995794e-01
-1.00378963e+00
5.71640670e-02
1.52409715e-02
-2.47232471e-01
-1.01900839e-01
2.20496817e-02
-4.55239551e-01
1.76932161e-01
-1.59040631e-02
3.11342543e-01
-9.26425359e-02
3.69504144e-04
1.63307044e-01
0.00000000e+00
0.00000000e+00
4.75355459e-01
2.07420624e-01
-1.35167329e-01
-3.22549597e-01
-1.70761179e-01
1.25055682e-02
0.00000000e+00
0.00000000e+00
0.00000000e+00
3.41252221e-02
-5.63468505e-02
-1.18669480e-01
1.02420677e-01
7.80232844e-02
0.00000000e+00
0.00000000e+00
0.00000000e+00
3.38111337e-02
-1.82741000e-01
3.72849828e-01
0.00000000e+00
-9.72357675e-02
-6.54889903e-02
1.57192544e-01
0.00000000e+00
-3.30680007e-03
-3.83925587e-02
1.42428012e-01
0.00000000e+00
-2.07795331e-01
-7.75171294e-02
5.74891186e-03
-1.89089567e-02
3.32988574e-01
-2.74526765e-01
2.64247011e-01
-6.28386689e-01
-3.75559478e-01
2.84402681e-01
6.03060476e-01
1.19289851e-01
3.16677110e-01
0.00000000e+00
-2.72517533e-01
-3.47809614e-01
1.07812452e-01
-2.38302845e-01
2.06267166e-01
-3.98973209e-03
4.29585840e-01
-1.04937224e-01
1.19454417e-01
-1.49149849e-01
-1.36597041e-02
-1.35945913e-01
-1.01978334e-01
4.29585840e-01
-2.11198092e-01
-1.69401421e-01
-6.72363196e-02
-5.38796581e-01
-1.11598575e-01
-3.43395223e-01
0.00000000e+00
-2.49646701e-01
-6.64894382e-02
-2.84083564e-01
2.00196655e-01
3.95464284e-01
-1.66644639e-01
0.00000000e+00
0.00000000e+00
0.00000000e+00
0.00000000e+00
0.00000000e+00
0.00000000e+00
0.00000000e+00
0.00000000e+00
0.00000000e+00
0.00000000e+00
0.00000000e+00
0.00000000e+00
0.00000000e+00
0.00000000e+00
0.00000000e+00
0.00000000e+00
0.00000000e+00
0.00000000e+00
0.00000000e+00
0.00000000e+00
0.00000000e+00
-6.96415414e-01
-4.91692264e-01
-7.90572848e-01
0.00000000e+00
0.00000000e+00
0.00000000e+00
1.52224616e-01
6.03276296e-02
-3.51808496e-01
1.29901537e+00
-5.09116592e-01
-3.05033104e-01
2.00653460e-01
2.86582438e-01
-1.38775361e+00
0.00000000e+00
-1.20296070e-01
6.07236315e-01
-7.92941519e-01
3.51398588e-01
3.63158844e-01
-3.06266488e-01
-3.62423358e-01
8.84809781e-02
2.68268864e-01
-3.32280708e-01
-1.93064686e-01
0.00000000e+00
0.00000000e+00
0.00000000e+00
-2.30504894e-02
-1.31793488e-01
2.39517256e-01
1.34096285e-01
-1.07595156e+00
-4.24568649e-01
2.90601505e-01
2.96517973e-01
7.42996111e-01
0.00000000e+00
2.44251121e-01
8.05725683e-02
-1.03628152e+00
2.68243286e-01
-2.27126444e-01
3.54835014e-01
1.94133019e-01
-3.01661511e-01
7.13721525e-02
1.10232685e-01
-7.46109189e-01
0.00000000e+00
0.00000000e+00
0.00000000e+00
-4.15491087e-01
-2.20652052e-01
3.36414217e-01
1.16328675e+00
-5.02617868e-01
-6.29475077e-01
3.25074461e-03
2.30713202e-01
3.31368682e-01
0.00000000e+00
-1.32280603e-01
1.18188193e+00
-6.47208794e-01
1.17339433e-01
3.35600404e-01
-3.37541173e-01
-2.17140243e-01
-1.65280515e+00
4.33511037e-01
-1.24263534e-01
-1.66542807e-01
0.00000000e+00
0.00000000e+00
0.00000000e+00
-1.60271215e-01
-1.75778935e-01
-3.33351757e-01
-1.17587878e-01
-8.50225136e-01
2.29744079e-01
1.32423587e-01
-5.17198104e-02
9.46206967e-02
0.00000000e+00
2.63520758e-01
1.55775643e-01
-6.60841817e-01
4.99424521e-01
1.70968994e-01
-1.50155120e-01
-1.91220477e-01
8.42607300e-01
1.30368234e-01
5.15552775e-03
136
1.91714390e-01
-1.16748114e-03
9.42308040e-03
-1.20739802e-01
7.28672764e-03
3.85875927e-02
3.94409313e-03
2.75034081e-01
4.72017121e-04
0.00000000e+00
0.00000000e+00
3.21195416e-01
7.15239862e-02
-1.29092387e-01
-1.68529232e-01
-7.16696832e-02
2.42226031e-01
0.00000000e+00
0.00000000e+00
0.00000000e+00
1.81641068e-01
-1.53402824e-01
-8.29126580e-02
6.92457297e-02
1.89814690e-01
0.00000000e+00
0.00000000e+00
0.00000000e+00
-2.77733897e-01
1.46343712e-02
7.95955456e-02
0.00000000e+00
1.17840476e-01
3.55589972e-02
2.15210721e-01
0.00000000e+00
-2.17677829e-03
4.88332318e-02
2.20094184e-01
0.00000000e+00
1.03145708e-01
-2.08322929e-01
-1.42293625e-01
0.00000000e+00
0.00000000e+00
0.00000000e+00
4.52527709e-02
-1.67220716e-01
5.64668351e-01
-1.05364658e-01
-5.51840999e-01
5.05587278e-02
-1.22154834e-01
3.94113018e-02
-9.01792064e-03
-3.16514646e-01
1.03644184e-01
-3.30691425e-02
-1.72343215e-01
1.17305581e-02
2.08322627e-01
1.16230395e-02
9.04299430e-03
-3.51273910e-01
1.16967781e-01
-1.37091299e-01
3.14613475e-02
2.55111977e-02
3.35327344e-02
6.19561430e-02
-7.84818586e-02
0.00000000e+00
0.00000000e+00
0.00000000e+00
0.00000000e+00
0.00000000e+00
0.00000000e+00
0.00000000e+00
0.00000000e+00
0.00000000e+00
0.00000000e+00
0.00000000e+00
0.00000000e+00
0.00000000e+00
0.00000000e+00
0.00000000e+00
-3.35779035e-01
8.47197129e-02
-1.08678673e+00
0.00000000e+00
0.00000000e+00
0.00000000e+00
-1.91374078e-01
8.06877572e-02
-5.04868460e-02
1.30512058e+00
-1.91027439e+00
-5.66217304e-01
4.80547019e-01
8.46918385e-01
-1.33601749e-02
0.00000000e+00
1.08113851e-01
1.02456363e+00
-1.81594792e+00
8.17145948e-01
9.03056975e-01
-1.31410914e-01
-7.81403822e-01
-1.02000368e+00
2.17242473e-01
-3.89704208e-01
-1.01757025e+00
0.00000000e+00
0.00000000e+00
0.00000000e+00
-4.68187073e-01
5.84773137e-01
-1.87689193e-01
1.30389679e+00
-1.69566586e+00
-5.55596761e-01
5.00797873e-01
-3.52567952e-02
2.98561643e-01
0.00000000e+00
2.55098482e-01
1.32267703e+00
-1.67245504e+00
9.23019707e-01
3.69901590e-03
-4.28500488e-01
-7.45565245e-01
-7.29464962e-01
4.11585121e-01
-1.03297615e-01
7 1
-8.6760e-01 4.9549e-01
6 1
0 1 5 3 6 4 
217
-1.93873754e-01
-1.17005670e-01
3.14798996e-01
-1.74224919e-01
-2.50230898e-01
-2.58568116e-01
-4.85357628e-01
7.98515067e-01
1.88052121e-01
1.13407207e-01
3.40639356e-01
-6.59122899e-01
1.30232956e-02
-3.49871938e-01
1.27953124e-01
4.19118842e-02
2.57070653e-01
8.78832497e-02
2.08162486e-03
4.69740823e-02
-2.30467647e-01
1.22801254e-02
-2.00973363e-01
-1.79242481e-01
-1.04074144e-03
5.06045813e-01
0.00000000e+00
0.00000000e+00
2.96002018e-01
2.26374607e-01
-3.46445038e-01
9.65047805e-02
-1.98559934e-01
-2.67750187e-01
0.00000000e+00
0.00000000e+00
0.00000000e+00
2.43200078e-01
-4.13864379e-01
-4.28226090e-01
-2.17872477e-01
5.83509147e-01
3.93799668e-02
0.00000000e+00
0.00000000e+00
-4.20028489e-01
-3.14247078e-02
3.55678998e-01
0.00000000e+00
-1.21729246e-02
-2.47941204e-01
2.97286307e-01
0.00000000e+00
-9.04705036e-02
3.89239968e-02
1.57663139e-01
0.00000000e+00
-8.01093009e-02
0.00000000e+00
-3.92624748e-02
3.46993625e-02
-6.09001105e-01
3.80427989e-01
-1.03290123e-01
-2.59168382e-01
-8.87354790e-01
1.73853163e-01
6.76048689e-01
-5.26841198e-03
3.12757444e-01
0.00000000e+00
-7.43646893e-01
3.00311411e-02
3.84246398e-01
-2.18231376e-01
2.46610666e-02
2.06883184e-01
3.90219851e-02
-2.86795522e-02
-5.23037382e-01
-7.25105076e-02
-3.01348081e-01
-1.31705679e-01
-2.81064464e-01
3.90219851e-02
-9.76240052e-02
4.81690826e-02
8.58412695e-02
-7.48332046e-01
-2.21113003e-01
-3.01583052e-01
0.00000000e+00
-1.99795882e-01
-9.52325368e-02
4.29937262e-01
-8.69301029e-01
-4.52563030e-01
2.00372630e-02
0.00000000e+00
-3.91623906e-01
-1.34082980e-01
-1.13149658e-03
-1.81320582e-01
1.98881649e-01
2.87733742e-01
0.00000000e+00
0.00000000e+00
0.00000000e+00
0.00000000e+00
0.00000000e+00
0.00000000e+00
0.00000000e+00
0.00000000e+00
0.00000000e+00
0.00000000e+00
0.00000000e+00
0.00000000e+00
0.00000000e+00
0.00000000e+00
-1.05829719e+00
-3.36959512e-01
-1.13304440e+00
0.00000000e+00
0.00000000e+00
0.00000000e+00
-8.59008473e-02
4.16811232e-02
-1.38580980e-01
8.89027817e-03
-5.76056231e-01
-2.59085555e-01
3.54439389e-01
2.50549467e-01
-8.90865613e-02
0.00000000e+00
3.77088542e-01
8.15905249e-01
-5.47291051e-01
-3.64100963e-02
2.48342881e-01
-4.14414562e-01
-1.36263451e-01
-6.05842560e-01
2.72126915e-02
-3.68222121e-01
-1.58331901e-01
0.00000000e+00
0.00000000e+00
0.00000000e+00
1.27159588e-01
-6.12618824e-02
1.31285511e-01
7.13278902e-01
-7.87205221e-01
-2.85792736e-01
2.91184838e-01
3.36951823e-01
1.91174867e-01
0.00000000e+00
-6.84260240e-02
-9.65896998e-02
-9.39026207e-01
5.35071728e-01
-7.83411926e-02
6.05402073e-02
-2.27092991e-01
2.76574204e-02
-1.81118589e-02
-1.07889704e-02
-4.99952499e-01
0.00000000e+00
0.00000000e+00
0.00000000e+00
-2.37093629e-01
-8.07376038e-02
-1.45860884e-01
1.14682495e+00
-5.41358800e-01
-3.88811078e-01
1.95804829e-01
1.13676754e-01
1.39081995e-01
0.00000000e+00
1.60700500e-01
1.01239607e+00
-5.90290504e-01
2.15018802e-01
-2.31962395e-01
-1.10685997e-01
3.58081125e-02
-4.50807488e-01
1.65900026e-01
-9.07556165e-01
-2.94456244e-01
0.00000000e+00
0.00000000e+00
0.00000000e+00
3.18328395e-03
-1.54708258e-01
-2.51725751e-01
1.09769060e-02
-1.03863975e+00
2.27389139e-02
-8.46814007e-03
2.63052481e-02
1.13356788e-01
0.00000000e+00
4.60089811e-02
1.08483329e-01
-6.36274788e-01
4.53626077e-01
5.02088379e-01
-1.89641310e-01
-3.77758037e-01
2.65886041e-01
2.37599782e-01
5.72506056e-01
136
7.92738200e-02
-7.32380217e-03
4.32587868e-03
-1.16799835e-01
5.14440834e-03
6.28203638e-02
1.71064264e-04
1.40577093e-01
5.03654907e-04
0.00000000e+00
0.00000000e+00
2.77355998e-01
5.22909363e-02
-9.93149174e-02
-1.84892921e-01
-9.81437823e-02
1.97866724e-01
0.00000000e+00
0.00000000e+00
0.00000000e+00
1.03428551e-01
-1.62622407e-01
-1.20608027e-01
6.55043709e-03
2.54214780e-01
-1.64965811e-03
0.00000000e+00
0.00000000e+00
-2.21995262e-01
-1.75792478e-02
1.01182269e-01
0.00000000e+00
5.76974203e-02
-3.95626959e-02
1.81790236e-01
0.00000000e+00
-1.00172026e-01
8.41808348e-02
1.38449916e-01
0.00000000e+00
3.01554494e-02
-1.23967889e-01
-1.08397249e-02
0.00000000e+00
0.00000000e+00
0.00000000e+00
1.46864862e-01
-2.43859320e-01
5.56062644e-01
-1.12450341e-01
-3.29769427e-01
3.61267775e-02
-2.70506655e-01
6.85614970e-02
6.28356023e-02
-4.35434679e-01
2.04551978e-01
-2.20550954e-01
-1.46465514e-01
-3.85099644e-02
-8.55199855e-03
-5.16641609e-02
3.34830355e-01
-1.89105259e-01
1.54796626e-01
-2.51558640e-01
3.11455866e-02
-7.06983177e-02
4.41136656e-03
5.11476507e-02
8.03630875e-03
0.00000000e+00
1.21073459e-01
9.97728169e-02
5.27764501e-02
-3.73988237e-02
0.00000000e+00
0.00000000e+00
0.00000000e+00
0.00000000e+00
0.00000000e+00
0.00000000e+00
0.00000000e+00
0.00000000e+00
0.00000000e+00
0.00000000e+00
-1.89214299e-01
-1.19097301e-01
-1.02218811e+00
0.00000000e+00
0.00000000e+00
0.00000000e+00
-2.18996657e-01
1.08146461e-03
-1.31599469e-01
1.29609571e+00
-1.90173206e+00
-6.84137595e-01
5.61865156e-01
6.98119209e-01
4.37322134e-02
0.00000000e+00
1.50611708e-01
1.03261631e+00
-1.81771384e+00
7.74290362e-01
7.99421017e-01
4.15534181e-02
-6.25711522e-01
-1.01544962e+00
2.67901939e-01
-2.94135862e-01
-1.10188150e+00
0.00000000e+00
0.00000000e+00
0.00000000e+00
-4.19890614e-01
5.93496633e-01
-1.81557477e-01
1.35080220e+00
-1.78364998e+00
-6.07410397e-01
5.21127491e-01
-1.19884378e-02
3.30730369e-01
0.00000000e+00
2.53864553e-01
1.34694665e+00
-1.72868371e+00
9.07700025e-01
3.28140094e-03
-3.73703430e-01
-8.46757809e-01
-6.77043963e-01
4.01546921e-01
-1.80691917e-01
2 1
-9.9244e-01 4.9489e-01
7 1
0 1 5 3 6 4 7 
217
9.40656102e-02
-4.74126053e-02
-3.67774744e-01
4.70975061e-02
-2.87746059e-01
-2.62242273e-01
-3.79586850e-02
3.85133479e-01
2.98646840e-01
1.80585887e-01
4.60300780e-01
-5.93658412e-01
-3.39177265e-01
-8.95706205e-02
5.95029160e-03
-2.74694911e-02
6.62156846e-02
-1.95643748e-01
3.06928396e-02
-1.12518183e-01
-2.44232175e-01
1.69670345e-02
7.07044253e-02
5.27991242e-01
-1.58061871e-04
1.79374407e-01
0.00000000e+00
0.00000000e+00
5.31468017e-01
4.33314492e-01
-2.12456302e-01
-3.43763957e-01
-2.07031680e-01
-6.17405810e-02
0.00000000e+00
0.00000000e+00
0.00000000e+00
-1.87515873e-02
-2.75912328e-01
-1.37695186e-01
-3.33712041e-02
2.00398029e-01
3.74431268e-01
0.00000000e+00
0.00000000e+00
-3.06485330e-01
5.35858270e-01
2.70142726e-01
0.00000000e+00
-2.65526890e-01
-5.87888448e-01
2.32159707e-02
0.00000000e+00
-2.70738211e-01
-5.02814650e-01
2.80013503e-01
0.00000000e+00
3.05832554e-01
-1.41648884e-01
7.54105000e-01
4.41478511e-01
-4.53022641e-01
1.05609740e-01
-1.86288427e-01
-5.10205286e-01
-4.38248413e-01
4.60898838e-01
7.24275874e-01
3.29660485e-01
7.14678892e-01
0.00000000e+00
-4.96827296e-01
-1.83257035e-01
4.02218068e-01
2.09404531e-01
2.28765420e-01
6.63945543e-01
-1.78254369e-01
1.84230677e-01
-3.96935257e-01
3.13398300e-02
4.24648871e-02
5.67494726e-02
7.31924545e-02
-1.54890271e-01
-1.75793431e-01
-3.14873034e-01
1.14364290e-01
-9.73457126e-01
3.10385022e-01
4.12016139e-01
0.00000000e+00
8.48260358e-02
1.87307198e-01
-2.41734312e-02
6.86560550e-02
-2.14449859e-01
-4.00387999e-01
0.00000000e+00
1.24283809e-01
1.47440611e-01
-1.98995756e-03
4.25490788e-01
1.12081086e-02
4.63226638e-03
0.00000000e+00
-1.87064987e-01
-7.80830436e-02
7.83015373e-03
-3.96698077e-01
3.13391024e-01
-1.86484734e-01
0.00000000e+00
0.00000000e+00
0.00000000e+00
0.00000000e+00
0.00000000e+00
0.00000000e+00
0.00000000e+00
-7.32059394e-01
-9.00479971e-01
-5.78966078e-01
0.00000000e+00
0.00000000e+00
0.00000000e+00
2.23781562e-02
-1.85886484e-01
7.89278561e-01
4.64042580e-01
6.56201113e-02
-5.16131718e-01
7.11658212e-01
-3.06740071e-01
-6.79675228e-01
0.00000000e+00
-5.13958471e-02
1.14014901e+00
-5.10079877e-01
3.82167862e-01
1.85512108e-01
4.04406594e-01
-4.26423796e-01
-9.20629255e-01
-1.55391585e-01
-9.91825416e-01
-2.79518366e-01
0.00000000e+00
0.00000000e+00
0.00000000e+00
-5.74940761e-02
-3.74940295e-01
-4.59406274e-01
1.44777588e-01
-6.63785501e-01
-2.05499611e-01
1.17388313e-01
4.68842477e-01
5.14997922e-01
0.00000000e+00
2.05535195e-01
-6.34659664e-01
-8.91021739e-01
3.53434642e-01
3.01083706e-01
-1.52679658e-01
-1.38255597e-01
4.07899883e-01
3.22871554e-01
4.61392770e-01
-1.15159046e+00
0.00000000e+00
0.00000000e+00
0.00000000e+00
-6.22397921e-01
6.53556450e-01
6.97760961e-01
1.51944274e+00
-3.18165056e-01
-1.53153317e+00
2.24758219e-01
-5.45035175e-02
1.02639983e+00
0.00000000e+00
2.65140962e-01
3.84235754e-01
-7.72753969e-01
6.65364481e-01
-6.38174561e-01
-4.12553656e-01
-4.07647060e-01
-8.51488227e-01
-6.94395836e-01
-2.84636884e-01
-5.49127405e-02
0.00000000e+00
0.00000000e+00
0.00000000e+00
-1.52669641e-01
-1.16569607e-01
-3.24178492e-01
-6.52385055e-02
-8.13249216e-01
3.52963445e-01
1.94456565e-01
2.01426133e-01
-3.06683755e-01
0.00000000e+00
2.84214951e-02
4.38349348e-01
-4.30875269e-01
1.00134786e-01
4.87458995e-01
-8.37786907e-02
-2.25210164e-01
1.18106509e-01
5.19770904e-01
2.24524209e-02
136
5.07699166e-02
-5.08467168e-02
-4.13489846e-03
-4.11764156e-02
1.03250484e-03
2.15125899e-01
-5.41101151e-03
-7.23328499e-02
1.92152547e-04
0.00000000e+00
0.00000000e+00
2.23586229e-01
1.28093393e-02
-8.76003632e-02
-1.26031231e-01
-9.19797327e-02
1.67707499e-01
0.00000000e+00
0.00000000e+00
0.00000000e+00
2.13626619e-01
-1.14552254e-01
-2.01145452e-01
-1.60373959e-01
1.22522102e-01
2.02614704e-01
2.71860882e-04
0.00000000e+00
-2.49762772e-01
-1.38343473e-01
1.39080591e-01
0.00000000e+00
6.76488879e-02
2.37730503e-03
1.91527336e-01
0.00000000e+00
-4.95643320e-02
7.89073387e-02
1.80992865e-01
0.00000000e+00
8.79504227e-02
-9.91261740e-02
-1.48219636e-01
0.00000000e+00
0.00000000e+00
0.00000000e+00
1.41002105e-01
-3.09885550e-01
4.97951557e-01
-1.43131596e-01
-3.99003183e-01
3.34049975e-02
-1.89831233e-01
-4.15254173e-02
1.33261047e-01
-3.19031837e-01
1.70628632e-01
-2.22016857e-01
-1.61841196e-01
-8.70002581e-03
1.74029890e-02
-7.91211928e-02
4.02659599e-01
-1.81548969e-01
1.77388803e-01
-1.38998000e-01
2.90291323e-02
-5.98899369e-02
8.08775645e-02
3.06280217e-02
-6.93643268e-02
0.00000000e+00
1.06049910e-01
2.72015013e-02
9.85640811e-02
-7.22325398e-02
0.00000000e+00
2.30013370e-01
-5.46770078e-02
1.60138915e-01
-7.79876242e-02
0.00000000e+00
0.00000000e+00
0.00000000e+00
0.00000000e+00
0.00000000e+00
-1.96389460e-01
3.50976673e-02
-1.03942311e+00
0.00000000e+00
0.00000000e+00
0.00000000e+00
-2.03010318e-01
1.48792681e-01
-4.02148210e-02
1.46725403e+00
-2.11014324e+00
-6.52005783e-01
5.10706630e-01
7.22712310e-01
1.58527451e-02
0.00000000e+00
9.25332292e-02
1.13107478e+00
-1.81574480e+00
8.10840922e-01
8.32500266e-01
6.77048138e-02
-6.75974510e-01
-1.15096141e+00
2.11596579e-01
-4.02937216e-01
-1.03583549e+00
0.00000000e+00
0.00000000e+00
0.00000000e+00
-4.03791149e-01
5.04222973e-01
-2.72838104e-01
1.34686744e+00
-1.75386274e+00
-5.08881975e-01
5.29927417e-01
-8.11944516e-02
3.42708946e-01
0.00000000e+00
2.57794890e-01
1.29376374e+00
-1.77793410e+00
8.87275980e-01
4.88919887e-02
-4.79933197e-01
-8.47884816e-01
-4.67617681e-01
4.35803223e-01
-8.91538718e-02
10 2
-1.3509e+00 5.2413e-01
8 -1
0 1 5 3 6 4 7 2 
217
2.02291335e-01
1.16943293e-01
3.36834254e-01
-3.21505387e-02
-3.22644610e-01
-2.89976715e-01
-2.60809640e-01
1.05565503e+00
7.01099479e-01
4.94144913e-01
5.07196523e-01
-1.20123637e-01
-4.22550418e-01
-1.10942552e-01
0.00000000e+00
0.00000000e+00
0.00000000e+00
4.39837357e-02
-9.92603877e-03
2.41261357e-01
-1.50280094e-01
-7.05958774e-04
8.40569493e-02
-2.66449685e-02
-8.61125791e-04
-2.06305007e-05
0.00000000e+00
0.00000000e+00
1.85783060e-01
2.07206596e-01
-1.03636117e-01
-9.18326214e-02
7.70838442e-02
-7.13426667e-02
0.00000000e+00
0.00000000e+00
0.00000000e+00
2.16675449e-01
-1.78647599e-01
-2.58910942e-01
-2.66727804e-01
1.01168624e-01
2.06756997e-01
3.81976610e-01
0.00000000e+00
-8.68532882e-02
8.37011438e-02
4.21053120e-02
0.00000000e+00
5.43559329e-03
-6.73057551e-02
2.37883449e-01
0.00000000e+00
-2.28550344e-01
1.25219110e-01
2.89766815e-01
0.00000000e+00
9.17617278e-02
0.00000000e+00
-1.47554937e-01
2.02217231e-01
-4.23293887e-01
4.23367990e-01
0.00000000e+00
-2.03046708e-01
-9.71913413e-01
3.63926442e-01
5.40299510e-01
-1.59932114e-01
-1.79536170e-01
-2.68273717e-01
4.98804995e-02
-1.82044569e-01
3.68701264e-01
-5.02682867e-01
5.19832884e-02
-4.90745496e-01
0.00000000e+00
2.36536413e-02
-1.17001531e-01
-1.38619537e-01
3.24631583e-01
1.15709029e-01
4.95301908e-02
0.00000000e+00
1.32313470e-02
-1.04430443e-01
-2.40602339e-01
-6.56589037e-01
2.28114126e-01
3.04029903e-01
0.00000000e+00
-2.34571319e-02
0.00000000e+00
-1.95043687e-01
-2.60658154e-01
1.97291616e-01
5.22538195e-02
2.28067599e-01
-1.62583469e-01
7.79475790e-02
1.68136738e-01
-3.44608587e-02
-3.13295325e-02
-3.42971387e-01
1.30154043e-01
-7.02958736e-01
-4.20957762e-01
3.69925346e-01
-7.63089814e-01
4.05170682e-01
4.72561930e-01
2.33182471e-01
-9.96459551e-01
-7.94068188e-02
3.90682947e-01
9.17254233e-02
5.74885467e-01
4.44963638e-01
-1.20017331e+00
-8.53876885e-01
-1.23224456e+00
0.00000000e+00
0.00000000e+00
0.00000000e+00
8.46539785e-01
7.46946082e-01
2.26367892e-01
4.88644325e-01
-1.27239952e+00
-4.00575600e-01
1.55195291e-01
7.84020685e-01
2.42191700e-01
0.00000000e+00
-4.78792425e-01
-1.86352144e-02
-7.90020636e-01
-1.06781715e-01
7.57903031e-01
-5.84139617e-01
-2.77682281e-01
-9.05317410e-01
-1.41902836e-01
-5.03806094e-01
-1.53279960e-01
0.00000000e+00
0.00000000e+00
0.00000000e+00
-3.45672726e-01
-1.60113713e-01
-1.76595217e-01
7.24235828e-01
-2.71799062e-01
-3.57249618e-01
2.25017816e-01
-6.19168235e-02
1.51367009e-02
0.00000000e+00
2.46529834e-01
2.39039571e-01
-9.35183934e-01
3.94610818e-01
-5.03726831e-03
1.04224283e-01
9.76694665e-02
1.54735111e-03
1.20618680e-01
-8.34194636e-03
-8.27275664e-01
0.00000000e+00
0.00000000e+00
0.00000000e+00
-5.53440071e-01
-6.24566221e-01
-7.68352336e-02
6.51617103e-01
-3.93897518e-01
-1.15055468e+00
7.12319436e-01
3.25764576e-01
3.16646573e-01
0.00000000e+00
-6.47161799e-03
1.09845797e+00
-4.76511374e-01
6.81418012e-01
-4.91476764e-01
-2.38915749e-01
-3.53438892e-02
-3.94713856e-01
2.73321041e-01
-4.44093404e-01
-2.58281425e-01
0.00000000e+00
0.00000000e+00
0.00000000e+00
4.52586458e-02
3.03407794e-01
-3.40429971e-01
1.98108433e-01
-7.23763632e-01
2.33500476e-01
-1.48641760e-01
-9.63106873e-02
-1.90136812e-01
0.00000000e+00
1.08437919e-01
-1.87258925e-01
-7.09879132e-01
2.92132038e-01
6.24995368e-01
3.60606975e-02
-3.76894365e-01
1.23699384e-01
1.27176387e-01
4.22256716e-01
136
3.49003547e-02
2.15533252e-02
3.82882407e-03
-2.62399278e-02
-7.69364559e-04
6.40563400e-02
4.26386688e-04
-2.44693828e-02
8.03628463e-04
0.00000000e+00
0.00000000e+00
3.30064507e-01
9.36942978e-02
-4.22695455e-02
-1.39254770e-01
-1.11965895e-01
5.21348053e-02
0.00000000e+00
0.00000000e+00
0.00000000e+00
1.21893797e-01
-1.75251329e-01
-2.41299658e-01
-1.99399842e-01
1.58435553e-01
2.59515124e-01
1.11336782e-01
0.00000000e+00
-4.19223739e-01
-1.35117430e-01
1.07237876e-01
0.00000000e+00
3.61030646e-02
7.50753086e-02
3.18354919e-01
0.00000000e+00
-8.03318541e-02
9.36399056e-02
2.91147343e-01
0.00000000e+00
5.67055170e-02
-3.00116407e-01
1.03259850e-02
0.00000000e+00
0.00000000e+00
0.00000000e+00
4.88838546e-02
-3.34302612e-01
5.20010608e-01
-1.51360388e-01
-5.15154058e-01
-1.58012750e-02
-4.09845871e-01
8.11672860e-02
3.85523052e-02
-3.31207344e-01
2.22263590e-01
-3.83811622e-01
-1.88140855e-01
-8.65994075e-02
8.17578472e-02
-2.04414595e-02
7.04743485e-01
-1.44141733e-01
2.14239804e-01
-1.86144542e-01
1.45452402e-02
-1.57973684e-01
-1.20283884e-02
3.51780287e-02
-1.07510815e-02
-8.48376135e-02
-1.83843735e-03
3.91899643e-02
5.89721375e-02
-2.06222867e-01
-9.24224864e-02
3.08666037e-01
-2.33902005e-02
1.76755179e-01
-2.17825419e-01
-1.04248620e-01
-7.03525198e-02
-4.68358065e-02
2.63952475e-01
5.84756987e-03
-1.36521481e-01
5.29726343e-02
-9.92243131e-01
0.00000000e+00
0.00000000e+00
0.00000000e+00
-1.97787713e-01
-4.36177077e-02
-3.61823193e-02
1.31304293e+00
-1.99783762e+00
-6.36398535e-01
5.02955717e-01
7.84376208e-01
1.59634054e-02
0.00000000e+00
9.03943105e-02
1.13173420e+00
-1.79095490e+00
8.06768138e-01
8.62020384e-01
7.13119037e-02
-7.13135772e-01
-1.05971157e+00
2.28397298e-01
-3.23581477e-01
-1.04128880e+00
0.00000000e+00
0.00000000e+00
0.00000000e+00
-4.27779217e-01
5.61386987e-01
-1.98249626e-01
1.31000006e+00
-1.81533643e+00
-5.61690205e-01
5.15352244e-01
-2.57729983e-02
4.37675316e-01
0.00000000e+00
2.18537850e-01
1.33522640e+00
-1.72240573e+00
8.95680914e-01
4.33658243e-02
-4.53544220e-01
-8.26585636e-01
-6.08610336e-01
3.96092509e-01
-1.14632508e-01
8 1
-1.4379e+00 5.3403e-01
8 1
0 1 5 3 6 4 7 2 
217
5.87679590e-02
-1.76514536e-01
-8.52504155e-02
-4.21744603e-01
-2.72004760e-01
-3.62309928e-01
-5.62219878e-02
3.31906994e-01
1.08191425e-01
5.19618988e-01
2.97824990e-01
-3.01728888e-01
-1.90217081e-02
-8.84154642e-01
0.00000000e+00
0.00000000e+00
0.00000000e+00
0.00000000e+00
0.00000000e+00
0.00000000e+00
-4.70811750e-01
8.10886808e-03
4.37084494e-01
4.80930570e-01
5.26773477e-04
2.72947441e-01
0.00000000e+00
0.00000000e+00
4.51637339e-01
3.09990171e-01
-1.97236924e-01
-3.80815468e-01
-2.97072606e-01
1.72265446e-01
0.00000000e+00
0.00000000e+00
0.00000000e+00
2.54792370e-01
-1.73189336e-01
-5.37633929e-01
-3.96931245e-01
-1.50672153e-01
2.26164917e-01
0.00000000e+00
0.00000000e+00
-5.06931107e-01
1.20140689e-01
2.55534512e-01
0.00000000e+00
-1.65802969e-01
-1.31717726e-01
2.43399509e-01
0.00000000e+00
-3.50673906e-02
-1.81029414e-01
3.72054453e-01
0.00000000e+00
6.26847484e-01
0.00000000e+00
-3.82718279e-01
2.79098177e-01
-4.75557476e-01
2.55227258e-01
0.00000000e+00
2.61427056e-02
-6.47801944e-01
3.40781897e-01
7.91581819e-01
6.65343143e-02
2.24830060e-01
0.00000000e+00
-2.73351814e-01
-8.41014998e-01
1.16386744e-02
3.74385690e-01
1.28083267e-01
4.95344177e-02
0.00000000e+00
3.39924192e-01
8.07850322e-02
5.80609833e-03
2.68138548e-01
2.82601188e-02
-2.84130665e-01
0.00000000e+00
1.29845358e-01
-3.34254341e-02
9.01307606e-02
-2.73884633e-01
1.54014291e-01
1.24911354e-02
0.00000000e+00
-2.60937356e-01
-3.35052159e-03
7.31839298e-01
-9.44796768e-01
6.13483591e-02
-4.56798962e-01
0.00000000e+00
-1.28107355e-01
-5.42068741e-01
7.14762360e-02
3.90888896e-01
1.36505250e-01
1.91287722e-01
0.00000000e+00
-4.75845264e-01
-1.54155344e-01
3.35313641e-01
-8.15505207e-01
2.20405754e-01
-9.49953356e-02
0.00000000e+00
-5.60239994e-01
-4.22588839e-01
2.95454999e-01
-3.66432848e-01
3.31319079e-01
2.19888033e-01
-6.72345774e-01
-4.98842751e-01
-5.39211961e-01
0.00000000e+00
0.00000000e+00
0.00000000e+00
-2.55516535e-01
8.12437948e-02
1.40602145e+00
-8.13523723e-01
-9.84826613e-01
-2.19443481e+00
5.24004430e-01
1.32841533e+00
-2.59683706e-01
0.00000000e+00
9.18117879e-02
1.18347779e+00
-9.62549301e-01
1.18107716e+00
4.71046656e-01
4.66467058e-01
-1.01434689e+00
-2.03156090e-01
-5.55980534e-01
-2.87592177e-02
-3.68777511e-01
0.00000000e+00
0.00000000e+00
0.00000000e+00
3.05518325e-01
-2.13260558e-01
-7.83592381e-01
1.07454625e+00
-2.11530079e-01
6.32131086e-01
-1.66565898e-02
-1.83943886e-01
1.34602286e-01
0.00000000e+00
-8.39717306e-03
-1.69630486e-01
-1.05098528e+00
1.54382402e-02
-1.51804046e-01
-3.18052352e-01
3.21537021e-01
-3.28964512e-01
5.26360370e-01
5.79062529e-02
-8.92691506e-01
0.00000000e+00
0.00000000e+00
0.00000000e+00
1.48125653e-02
6.10642048e-01
-2.38471714e-01
1.10411397e+00
-1.18204574e+00
-5.39300587e-01
7.20714666e-01
8.33228293e-01
-1.72690116e-02
0.00000000e+00
-3.28146467e-01
1.02100136e+00
-1.18831610e+00
6.53232855e-01
-1.09220041e-01
-3.79225944e-01
-4.10945086e-01
-5.65301545e-01
-5.19929599e-01
-3.72265431e-01
-2.13497837e-01
0.00000000e+00
0.00000000e+00
0.00000000e+00
-2.00226520e-01
-2.00375408e-01
1.12599322e-01
2.35071890e-01
-3.13674219e-01
-2.06906022e-01
-2.84266823e-01
-4.59507165e-01
2.41794671e-02
0.00000000e+00
2.95215318e-01
2.77583317e-01
-2.13204848e-01
4.47115142e-01
3.43069377e-01
-8.82097757e-02
-7.40694554e-01
-1.18676729e-01
5.81717646e-01
2.95692748e-01
136
3.27186210e-02
-7.74110992e-02
-4.54288109e-04
-9.05813453e-04
-1.35177294e-03
7.40481635e-02
-1.85020921e-03
3.69873701e-02
3.49955763e-04
0.00000000e+00
0.00000000e+00
2.93633538e-01
7.49809861e-02
-1.02130060e-01
-1.86158519e-01
-1.12947568e-01
1.11990164e-01
0.00000000e+00
0.00000000e+00
0.00000000e+00
1.95278149e-01
-1.55020954e-01
-2.33959219e-01
-1.70780754e-01
1.44875682e-01
1.60419056e-01
9.35673438e-02
0.00000000e+00
-3.08199915e-01
-1.34648482e-01
1.85884790e-01
0.00000000e+00
-1.52402158e-02
3.68324390e-02
2.10359397e-01
0.00000000e+00
-7.47182997e-02
3.35706191e-02
2.13571172e-01
0.00000000e+00
7.75291926e-02
-8.61658222e-02
-1.04395570e-01
0.00000000e+00
0.00000000e+00
0.00000000e+00
1.77608036e-01
-3.29679967e-01
4.86900446e-01
-1.42992905e-01
-4.07658853e-01
-7.14662328e-03
-3.15143298e-01
1.87874030e-02
7.06977180e-02
-2.20979796e-01
2.38031013e-01
-3.24231812e-01
-1.49691359e-01
-3.62311975e-02
1.67629816e-02
-2.06153048e-02
5.63406026e-01
-1.35363010e-01
2.06866826e-01
-1.25203522e-01
3.89532065e-02
-1.16521570e-01
1.43138009e-02
4.11084618e-02
-3.90555939e-03
-7.98323575e-02
7.49604719e-02
5.86681752e-02
7.95322447e-02
-1.14073843e-01
-8.32404779e-02
2.47527255e-01
-3.52543316e-02
1.74397455e-01
-2.14723722e-01
-5.87558281e-02
-1.93023319e-02
3.95922638e-02
2.30991046e-01
-2.57689940e-01
-2.58470918e-01
7.47601196e-03
-1.05570916e+00
0.00000000e+00
0.00000000e+00
0.00000000e+00
-1.71329066e-01
6.40097907e-02
-7.26867281e-02
1.43428543e+00
-1.99644394e+00
-6.95205935e-01
5.74126960e-01
7.65667723e-01
8.25218537e-02
0.00000000e+00
9.97784861e-02
1.11096879e+00
-1.86366881e+00
7.85705789e-01
8.54032506e-01
-1.92281513e-02
-7.19488982e-01
-1.04648251e+00
1.85317643e-01
-4.27590007e-01
-1.06745906e+00
0.00000000e+00
0.00000000e+00
0.00000000e+00
-3.91771788e-01
4.99213455e-01
-2.73134848e-01
1.25559292e+00
-1.83372358e+00
-5.72215818e-01
5.12925826e-01
3.00312464e-02
3.80969727e-01
0.00000000e+00
2.46979757e-01
1.33690719e+00
-1.77280869e+00
8.78505283e-01
6.04999345e-02
-4.37253615e-01
-7.74368240e-01
-4.49986621e-01
3.82258609e-01
-1.46079808e-01
9 1
-1.6181e+00 5.6036e-01
8 1
0 1 5 3 6 4 7 2 
217
1.88320782e-01
-5.03976935e-02
-1.12688151e-01
-2.02832534e-01
-9.72681419e-02
-6.94618875e-02
-4.67508947e-02
1.16986560e-01
7.29772286e-02
3.64809308e-01
1.95245958e-01
3.67328510e-01
6.41166324e-02
-8.44496995e-01
0.00000000e+00
0.00000000e+00
0.00000000e+00
0.00000000e+00
0.00000000e+00
0.00000000e+00
4.05772029e-01
-9.24890335e-03
6.41059460e-01
6.54646443e-01
3.84258481e-04
1.53648275e-01
0.00000000e+00
0.00000000e+00
4.69423141e-01
2.40025359e-02
9.79042960e-02
-2.85820479e-01
-1.01367452e-01
7.22921307e-02
0.00000000e+00
0.00000000e+00
0.00000000e+00
1.46777108e-01
1.63821487e-01
-1.63199869e-01
7.23575707e-02
-3.20796064e-01
-8.92220285e-01
0.00000000e+00
0.00000000e+00
-2.14918818e-01
8.12114427e-02
3.65562373e-01
0.00000000e+00
-5.16776499e-01
7.01091743e-01
-3.60255963e-01
0.00000000e+00
1.16422205e-01
-4.87581133e-01
2.31427209e-01
0.00000000e+00
5.18303923e-01
0.00000000e+00
3.03646923e-01
-2.32411118e-01
-1.42315625e-01
5.63047526e-01
0.00000000e+00
-5.35382097e-01
-5.78274908e-01
2.69840009e-01
7.85369427e-01
1.73571344e-01
7.11210637e-01
0.00000000e+00
-6.10916008e-01
-1.06541847e-01
3.21477362e-01
1.27504036e-01
-3.61873905e-02
-1.66270547e-01
0.00000000e+00
-1.84399869e-01
-3.75061959e-01
2.06342073e-01
-1.90025555e-01
-1.10144568e-01
-4.47720406e-01
0.00000000e+00
-2.20608867e-01
-4.67948358e-01
-1.52966386e-01
-2.98885267e-01
2.85372890e-01
-1.35187192e-02
0.00000000e+00
-3.89886379e-01
0.00000000e+00
2.28767988e-01
-6.50938377e-01
1.66579630e-01
4.35172128e-02
0.00000000e+00
-1.95911311e-01
5.72361490e-01
3.37618889e-01
-2.37134762e-02
-4.67333615e-01
-1.14115327e+00
0.00000000e+00
-4.37354698e-01
2.01790029e-01
2.67186980e-01
-1.96666732e-01
-1.55458319e-01
1.36483415e-01
0.00000000e+00
-6.69515630e-01
1.90619802e-01
3.70175550e-01
-8.42150019e-01
-6.67482556e-02
-3.57177369e-01
-3.65371652e-02
-3.74305512e-01
-7.46455087e-01
0.00000000e+00
0.00000000e+00
0.00000000e+00
-3.01902492e-01
-6.91820959e-02
-4.23252911e-02
1.06349725e+00
-3.68872023e-01
4.78022117e-01
8.55717936e-01
1.44723096e+00
3.27887282e-02
0.00000000e+00
7.74882490e-01
1.47103820e+00
-9.72934907e-03
3.33312614e-01
4.07944260e-01
2.52695613e-01
8.80090826e-01
-3.54264103e-01
9.36431883e-01
-6.93095572e-01
-9.27543092e-01
0.00000000e+00
0.00000000e+00
0.00000000e+00
1.08156035e+00
7.11084683e-01
5.81415758e-01
9.19976954e-01
2.96697920e-02
3.39077834e-01
8.80215408e-01
5.33420503e-01
1.17659976e+00
0.00000000e+00
8.22890938e-01
8.45965328e-01
-1.74363778e-02
1.27722997e+00
1.10762429e+00
9.17034722e-01
1.94861789e-01
8.46541055e-01
7.11740634e-01
1.38931642e+00
-9.06566611e-01
0.00000000e+00
0.00000000e+00
0.00000000e+00
-3.57324251e-02
4.47325284e-01
2.76982989e-01
9.58657308e-01
-4.30435607e-02
-1.49939064e-01
7.80725394e-01
3.61460347e-01
5.90658673e-01
0.00000000e+00
5.13652641e-01
1.43711794e-01
-2.34593503e-01
5.53056880e-01
1.86976558e-01
-3.93572758e-01
4.34569883e-01
-2.29473673e-01
1.33130739e-01
8.92550931e-01
-8.41826940e-01
0.00000000e+00
0.00000000e+00
0.00000000e+00
5.27096683e-01
6.30087070e-01
5.35777939e-01
9.60168380e-01
-8.77169767e-02
6.69587307e-01
6.30736033e-01
3.58398431e-01
6.67469214e-01
0.00000000e+00
7.32932340e-01
1.25165897e+00
-2.68457604e-02
1.09249457e+00
9.41222940e-01
8.94723561e-01
4.65720587e-02
6.81191265e-01
8.22835684e-01
-3.97027031e-02
136
3.57500927e-02
-9.66065464e-02
2.74061529e-03
-8.01883228e-02
-1.40150370e-03
1.44886480e-01
-1.21960181e-03
6.76584815e-02
3.53978319e-04
0.00000000e+00
0.00000000e+00
2.58788889e-01
8.47630487e-02
-9.56238070e-02
-1.56231320e-01
-1.08038994e-01
1.19028598e-01
0.00000000e+00
0.00000000e+00
0.00000000e+00
1.87218644e-01
-1.14881557e-01
-2.18517865e-01
-2.35330588e-01
1.48251172e-01
2.52662072e-01
1.70921653e-02
0.00000000e+00
-2.94796104e-01
-1.13460669e-01
1.41609499e-01
0.00000000e+00
4.60767350e-02
2.30376048e-02
2.01643613e-01
0.00000000e+00
-5.96327351e-02
-1.99874464e-02
2.80335164e-01
0.00000000e+00
5.14370535e-02
-4.98985749e-02
-1.69870097e-01
0.00000000e+00
0.00000000e+00
0.00000000e+00
1.54420783e-01
-3.15473819e-01
4.58771101e-01
-1.59224434e-01
-4.28375382e-01
-2.31358068e-02
-2.34523194e-01
3.92634392e-02
8.66132928e-02
-2.36253951e-01
1.88843951e-01
-2.55520193e-01
-1.56989031e-01
-1.46939434e-02
1.53920614e-02
-1.67885144e-01
4.91770835e-01
-1.50410164e-01
1.73264237e-01
-7.93102017e-03
4.27941127e-02
-8.88744316e-02
4.24372581e-02
4.12327218e-02
2.29622988e-02
-6.19078158e-02
1.11875860e-01
4.67532863e-02
8.84444166e-02
-9.56287557e-02
-7.14342953e-02
1.70206629e-01
-5.46778334e-02
1.71782630e-01
-2.08676537e-01
-3.04448551e-02
-2.93059714e-02
9.52163637e-02
2.07147042e-01
1.66709911e-02
-3.26647625e-01
3.08637027e-02
-1.07575618e+00
0.00000000e+00
0.00000000e+00
0.00000000e+00
-2.04126999e-01
8.75419071e-02
-2.07466791e-02
1.32899187e+00
-1.95019949e+00
-6.94116918e-01
5.09037587e-01
8.06793020e-01
9.67635312e-02
0.00000000e+00
9.22961561e-02
1.05035453e+00
-1.81569365e+00
7.83877456e-01
7.98668017e-01
-1.15059365e-02
-7.18119880e-01
-1.04819245e+00
2.01868023e-01
-3.69246273e-01
-1.02160569e+00
0.00000000e+00
0.00000000e+00
0.00000000e+00
-4.44864745e-01
5.26724197e-01
-2.38362707e-01
1.28576251e+00
-1.74223483e+00
-5.55074571e-01
5.01472101e-01
-3.42750465e-02
3.36679189e-01
0.00000000e+00
2.14929454e-01
1.33419166e+00
-1.73715227e+00
9.09225078e-01
6.15430034e-02
-4.65644818e-01
-7.81615266e-01
-5.41728341e-01
4.30186410e-01
-8.13666974e-02
