1 6 -999999999 -1 -1
1 2 0 -1 -1
0.124 0.2119
356
1.76503511e-01
-1.69443056e-01
0.00000000e+00
6.22401690e-01
-2.72157207e-01
0.00000000e+00
0.00000000e+00
0.00000000e+00
0.00000000e+00
0.00000000e+00
0.00000000e+00
0.00000000e+00
0.00000000e+00
4.77547463e-01
3.88912090e-01
-2.44057863e-01
0.00000000e+00
0.00000000e+00
0.00000000e+00
0.00000000e+00
0.00000000e+00
0.00000000e+00
0.00000000e+00
0.00000000e+00
0.00000000e+00
0.00000000e+00
0.00000000e+00
0.00000000e+00
0.00000000e+00
0.00000000e+00
0.00000000e+00
0.00000000e+00
0.00000000e+00
0.00000000e+00
0.00000000e+00
0.00000000e+00
0.00000000e+00
0.00000000e+00
0.00000000e+00
0.00000000e+00
0.00000000e+00
0.00000000e+00
0.00000000e+00
0.00000000e+00
0.00000000e+00
0.00000000e+00
0.00000000e+00
0.00000000e+00
0.00000000e+00
0.00000000e+00
0.00000000e+00
-3.58173539e-01
9.09911771e-02
-1.26725276e+00
0.00000000e+00
0.00000000e+00
0.00000000e+00
0.00000000e+00
2.73243049e-01
6.91665421e-02
-7.68941034e-04
-3.47269738e-01
-3.49128484e-01
4.73028405e-01
1.93769357e-01
1.85563211e-01
5.93885295e-02
6.22540867e-01
-5.15090004e-01
2.16420543e-02
7.20467282e-02
9.01046759e-02
3.48384561e-03
2.38784405e-01
2.99797838e-01
4.63673108e-04
4.72523430e-01
3.01691000e-01
-1.85108540e-03
3.39511005e-01
1.23273942e-01
4.94533906e-02
1.65495358e-02
0.00000000e+00
0.00000000e+00
0.00000000e+00
0.00000000e+00
0.00000000e+00
0.00000000e+00
0.00000000e+00
-5.06490869e-01
-2.81960002e-01
-9.77373515e-01
-3.07004282e-01
-9.18572268e-01
-4.28649054e-01
-1.85133492e-01
4.40896595e-03
-3.42127482e-01
-2.48837926e-02
3.16486234e-01
3.43796484e-01
0.00000000e+00
0.00000000e+00
3.00024318e+00
2.05505390e+00
5.24631922e-01
5.95801425e-01
3.87626044e-01
1.93829929e-02
-3.52416008e-01
-8.35726392e-01
4.20966483e-01
3.54389354e-01
-3.54740352e-01
-6.68134921e-01
-1.39641495e+00
-1.51910528e+00
0.00000000e+00
0.00000000e+00
0.00000000e+00
0.00000000e+00
0.00000000e+00
0.00000000e+00
2.26998399e-02
-3.22717837e-01
-1.88922822e-01
-3.83075745e-01
-1.07116908e-01
-8.99416912e-01
5.06652604e+00
5.39669554e+00
5.37565152e+00
5.38881456e+00
5.32831447e+00
5.43637399e+00
1.69744272e-01
3.24909026e-01
2.70877129e-01
1.83440750e-01
2.35459643e-01
1.80323476e-01
-7.44600981e-01
-5.12016446e-01
-4.66437758e-01
-5.18690916e-01
-9.38850841e-01
-6.61632948e-01
3.39299984e-01
0.00000000e+00
0.00000000e+00
0.00000000e+00
0.00000000e+00
0.00000000e+00
0.00000000e+00
0.00000000e+00
-1.62796473e-01
0.00000000e+00
-1.55189966e+00
0.00000000e+00
-8.01035626e-01
-1.09603392e+00
-4.70804389e-01
-7.82516469e-01
-1.27184001e+00
0.00000000e+00
0.00000000e+00
0.00000000e+00
-3.53949966e-01
2.24650185e-01
-1.75212692e-01
4.53153396e-01
-8.02023364e-01
-2.60824973e-01
-2.44289475e-01
-3.79417457e-01
-8.96124563e-01
0.00000000e+00
2.20861215e-01
1.04684825e+00
-1.92640628e-01
6.88083767e-01
-6.73033265e-01
1.90944716e-01
-3.52850236e-02
-9.05134378e-01
7.90250755e-01
3.13034899e-02
2.95496362e-02
0.00000000e+00
0.00000000e+00
0.00000000e+00
1.77036988e-01
-1.17271365e-01
-5.49346727e-02
-5.99980815e-02
-2.05565348e-01
-3.03835567e-02
7.77289740e-02
1.99669994e-01
-2.55401092e-01
0.00000000e+00
-1.38941844e-01
4.47880094e-02
-1.90944106e-01
9.96988082e-02
-1.88416306e-01
-6.22200780e-03
1.89041414e-01
4.22328409e-01
1.48328820e-01
-8.09934020e-02
-5.13601471e-01
-4.39904086e-01
1.75310295e-01
-1.16202767e-01
2.12356097e-02
4.43263818e-01
-5.71655020e-01
-3.11512883e-01
-3.02956979e-01
0.00000000e+00
0.00000000e+00
0.00000000e+00
-6.17455951e-01
1.04737006e+00
3.13980623e-01
4.57172424e-01
2.55598999e-01
4.52240688e-01
-2.20166568e-01
5.54335049e-02
5.53853778e-01
0.00000000e+00
-1.38094501e-03
-3.81382872e-01
-3.78986036e-01
-6.24766851e-01
1.30871292e-01
-1.97280083e-01
-4.30664157e-01
-3.21981236e-01
-1.14987188e-01
-2.80426458e-01
-7.36973855e-02
6.84775433e-01
-2.45735931e-01
-7.46631570e-01
-7.58238544e-01
-3.61131540e-01
-4.37809657e-01
-3.37633937e-01
0.00000000e+00
8.01134335e-02
-5.93112423e-01
0.00000000e+00
-3.97107004e-01
5.31171373e-01
0.00000000e+00
0.00000000e+00
-1.87855039e+00
0.00000000e+00
0.00000000e+00
0.00000000e+00
-1.09628849e+00
-1.81700343e-01
-1.35780577e-01
1.31888622e+00
-8.74870433e-01
7.32849600e-02
5.60263259e-02
-3.31809737e-03
-1.58035643e+00
0.00000000e+00
2.13322010e-01
6.44115850e-01
-1.10423747e+00
7.06456450e-01
1.18058204e+00
3.03656477e-01
-3.07950589e-01
-8.81893906e-01
4.30284985e-01
-6.38769364e-01
1.18155526e-01
0.00000000e+00
0.00000000e+00
0.00000000e+00
3.37604833e-01
-3.45223301e-01
-2.95968939e-02
-7.44066122e-03
-1.47237230e-01
2.81789038e-02
1.47955858e-01
1.11665137e-01
-8.09706305e-02
0.00000000e+00
-7.84639586e-02
2.06285751e-01
1.61646897e-01
2.31245742e-01
-6.63617235e-01
-1.42804303e-01
-9.56792102e-02
2.95917436e-02
1.30130544e-01
3.24883538e-01
-8.26650336e-01
-4.81390211e-01
0.00000000e+00
-2.45648960e-01
-5.88501419e-02
4.53592660e-01
-8.61555065e-01
-7.34278054e-02
-3.24427929e-01
0.00000000e+00
0.00000000e+00
0.00000000e+00
4.21411319e-02
-1.14489585e+00
-2.58984887e-01
-7.30691805e-01
3.65243960e-01
-2.25858856e-01
-1.48848978e-01
-9.85518866e-02
-8.09672980e-01
0.00000000e+00
1.02023896e-01
5.26407890e-01
4.00697899e-01
1.11055457e-01
9.16803890e-01
2.34601470e-01
1.92028209e-01
3.37046529e-01
-5.68671588e-02
-7.81058561e-02
-3.45260125e-01
0.00000000e+00
2.89412407e-01
-3.68784276e-01
-1.05190005e+00
-6.14643705e-01
0.00000000e+00
0.00000000e+00
-1.33743622e-01
1.94695053e-01
-9.93936239e-01
1.84597481e-01
-4.37256344e-01
0.00000000e+00
0.00000000e+00
1.25932552e-01
247
-3.12879694e-02
-3.12879694e-02
0.00000000e+00
2.49740073e-01
-2.81028042e-01
1.81556900e-01
0.00000000e+00
0.00000000e+00
0.00000000e+00
0.00000000e+00
0.00000000e+00
0.00000000e+00
0.00000000e+00
0.00000000e+00
0.00000000e+00
0.00000000e+00
0.00000000e+00
0.00000000e+00
0.00000000e+00
0.00000000e+00
0.00000000e+00
0.00000000e+00
0.00000000e+00
0.00000000e+00
0.00000000e+00
0.00000000e+00
0.00000000e+00
0.00000000e+00
0.00000000e+00
0.00000000e+00
0.00000000e+00
0.00000000e+00
0.00000000e+00
0.00000000e+00
0.00000000e+00
0.00000000e+00
0.00000000e+00
0.00000000e+00
0.00000000e+00
0.00000000e+00
0.00000000e+00
-9.74262991e-01
3.17127568e-02
1.90785411e-01
5.09125971e-03
5.86745776e-01
-2.66530764e-03
1.65443835e-01
-3.24131721e-03
6.97370936e-01
1.56717902e-01
1.04419784e-01
0.00000000e+00
0.00000000e+00
0.00000000e+00
0.00000000e+00
0.00000000e+00
0.00000000e+00
0.00000000e+00
4.70429955e+00
2.50524916e+00
9.33164686e-01
7.77717501e-01
3.01589806e-01
-1.23067783e-01
-3.85586548e-01
-7.69381542e-01
-2.81627829e-01
9.44157648e-02
-5.29532129e-01
-1.13448344e+00
-1.55631383e+00
-2.06248218e+00
0.00000000e+00
0.00000000e+00
0.00000000e+00
0.00000000e+00
0.00000000e+00
0.00000000e+00
-4.25414687e-01
-4.40759823e-01
-5.31053559e-01
-2.85927548e-01
-2.81809898e-01
-5.71571610e-01
7.01426403e+00
7.08162749e+00
7.16050374e+00
7.38513389e+00
7.30877016e+00
7.16875892e+00
0.00000000e+00
-4.82180410e-02
-1.34390378e-02
-5.74354683e-02
-4.18103501e-01
-4.48964147e-02
4.08323967e-01
-2.41667831e-01
2.04971681e-01
-6.21086265e-01
-4.24246737e-01
-6.48447973e-01
7.34436121e-01
0.00000000e+00
0.00000000e+00
0.00000000e+00
-7.65724091e-01
0.00000000e+00
-3.27531130e+00
0.00000000e+00
-7.90875040e-01
-6.69401171e-01
-1.59738279e+00
-9.39154334e-01
-1.46027621e+00
0.00000000e+00
0.00000000e+00
0.00000000e+00
-1.14134389e-01
1.33211740e-02
-3.90307878e-01
7.96960331e-01
-4.68898132e-01
-1.66677108e-01
-6.47808289e-01
-4.47830351e-01
-6.64723632e-01
0.00000000e+00
2.00641201e-01
9.32374749e-01
-4.79489841e-01
1.85431527e-01
7.40382811e-01
-1.91436652e-01
1.02789836e-01
-5.28781560e-01
7.53977473e-02
-4.07487756e-01
-4.94822794e-01
-5.62004243e-01
-2.31762656e-01
-1.05922400e+00
-6.23889085e-01
4.12753887e-01
0.00000000e+00
0.00000000e+00
0.00000000e+00
-2.17435260e-01
0.00000000e+00
-2.19527208e-01
-5.56813220e-01
7.83336497e-03
6.41156369e-02
8.59125459e-03
1.18374541e-01
0.00000000e+00
0.00000000e+00
1.02260997e-01
-2.04123914e-01
-3.95672083e-01
-1.18724175e-01
7.36448269e-02
-1.20833035e-01
-1.62374690e-01
0.00000000e+00
1.48285677e-03
-1.36612703e-01
6.71814489e-02
-3.26634308e-01
-6.47265467e-01
-4.75979560e-01
-9.65453418e-01
-2.28870797e-01
-5.73554883e-01
-7.50068377e-01
0.00000000e+00
-7.36582620e-01
-2.50041908e-01
0.00000000e+00
0.00000000e+00
-2.53653713e+00
0.00000000e+00
0.00000000e+00
0.00000000e+00
-5.61382484e-01
-1.25565196e+00
-5.95988660e-02
8.10535388e-01
-6.02531842e-01
1.53552192e-02
4.30180451e-01
1.31020978e-01
-1.23806125e+00
0.00000000e+00
4.69978573e-01
2.89500343e-01
-1.37968531e+00
1.08854692e+00
6.77047675e-01
-7.06303964e-02
-2.44570654e-01
-1.25370723e+00
5.61392270e-01
-3.44274952e-01
-1.25565197e+00
-7.50694199e-01
0.00000000e+00
5.93849570e-01
1.35084107e-01
3.77548702e-01
0.00000000e+00
0.00000000e+00
0.00000000e+00
9.05693199e-02
2.69876660e-01
3.42275962e-02
3.31989927e-01
-3.51123967e-01
-1.10438753e-01
-1.51044070e-01
-1.37580983e-02
2.50488320e-01
0.00000000e+00
-6.28912492e-02
1.14620852e-01
1.83125644e-01
1.17856501e-01
-3.10811093e-01
-1.27969953e-01
-9.43846834e-02
2.10598968e-01
1.12008126e-01
-1.15391345e-01
-5.04957767e-01
0.00000000e+00
1.70068647e-01
-8.68248898e-02
-1.28088516e+00
-8.46688593e-01
0.00000000e+00
0.00000000e+00
-2.71433819e-01
-4.34196567e-01
0.00000000e+00
0.00000000e+00
-8.92611980e-01
0 -999999999 10 1 -1
1 0 2 1 -1
-3.9991e-02 5.0889e-01
356
1.80917559e-01
0.00000000e+00
0.00000000e+00
0.00000000e+00
0.00000000e+00
0.00000000e+00
0.00000000e+00
0.00000000e+00
0.00000000e+00
0.00000000e+00
0.00000000e+00
0.00000000e+00
0.00000000e+00
0.00000000e+00
0.00000000e+00
0.00000000e+00
1.87175134e-01
-6.25757532e-03
5.27263349e-02
0.00000000e+00
0.00000000e+00
0.00000000e+00
0.00000000e+00
0.00000000e+00
0.00000000e+00
0.00000000e+00
0.00000000e+00
0.00000000e+00
-4.12704974e-02
1.74399332e-01
-8.04024996e-02
1.23527955e-01
5.73896034e-02
-5.03339348e-01
-3.10563491e-02
-3.55643390e-01
-2.86877656e-02
3.55782362e-01
4.11843455e-01
2.71084941e-01
2.04648605e-01
0.00000000e+00
0.00000000e+00
0.00000000e+00
0.00000000e+00
0.00000000e+00
0.00000000e+00
0.00000000e+00
0.00000000e+00
0.00000000e+00
0.00000000e+00
-4.80931066e-01
-6.03721971e-02
-5.50324600e-01
0.00000000e+00
0.00000000e+00
0.00000000e+00
0.00000000e+00
1.64259649e-01
1.50334582e-01
-7.59247376e-02
4.77499649e-01
3.39027967e-01
-1.20616520e-01
-2.36856054e-02
-4.43419649e-02
-2.22759714e-01
3.66773050e-01
2.65024415e-01
2.41506728e-03
6.31734533e-02
1.11330673e-01
-3.72882092e-04
4.23787519e-02
-5.15556287e-02
-3.83078984e-03
1.52236873e-01
-1.43881901e-01
3.20857358e-04
2.11895244e-01
6.67422726e-02
1.75344528e-01
-2.73236769e-03
0.00000000e+00
0.00000000e+00
0.00000000e+00
0.00000000e+00
0.00000000e+00
0.00000000e+00
0.00000000e+00
-7.12527984e-01
-1.61435052e-01
-1.19049898e+00
-3.50680629e-01
-5.12849471e-01
-3.46458562e-01
-7.78372836e-02
-1.64458625e-01
1.91339153e-01
8.69806549e-02
1.00955424e-01
1.74367109e-01
0.00000000e+00
0.00000000e+00
3.18195755e+00
2.07795192e+00
6.24553794e-01
7.27107332e-01
2.66307910e-01
3.96069934e-01
-2.53119319e-01
-8.39554851e-01
2.03790038e-01
2.30823296e-02
-1.16161266e-01
-7.50581269e-01
-1.06230241e+00
-2.22023221e+00
0.00000000e+00
0.00000000e+00
0.00000000e+00
0.00000000e+00
0.00000000e+00
0.00000000e+00
-1.12542958e-01
-5.13181526e-01
-4.14358117e-01
-2.51227960e-01
-1.15713792e-01
-4.90010013e-01
4.44668504e+00
4.58123072e+00
4.47369200e+00
4.60253544e+00
4.53285196e+00
4.47098663e+00
9.10818783e-01
4.83182126e-01
3.44727690e-01
6.51777227e-02
4.64443662e-01
9.45650901e-02
-2.81947301e-01
-4.65422066e-01
-9.69643191e-02
-6.01090537e-01
-1.12428948e+00
-6.30683705e-01
9.21364800e-01
0.00000000e+00
0.00000000e+00
0.00000000e+00
0.00000000e+00
0.00000000e+00
0.00000000e+00
0.00000000e+00
-7.40447242e-01
0.00000000e+00
-1.94187310e+00
0.00000000e+00
-3.48997976e-01
-4.97513270e-01
-7.10168922e-01
-1.39952110e+00
-1.05916690e+00
0.00000000e+00
0.00000000e+00
0.00000000e+00
-4.17085783e-01
1.13795000e+00
-4.14569519e-01
5.11235317e-01
-8.44599759e-01
-2.37548803e-01
4.05767475e-01
-9.92717900e-01
-3.52918249e-01
0.00000000e+00
3.36330236e-01
1.39857690e+00
-4.96966884e-01
6.69515183e-01
-6.46103241e-01
-3.85591464e-01
-5.03627384e-01
-6.80522115e-01
3.85395481e-01
6.83136210e-02
1.12301974e-01
0.00000000e+00
0.00000000e+00
0.00000000e+00
-1.04825090e-02
4.86887550e-02
7.18973520e-02
1.40468269e-01
8.60353765e-02
-1.77454934e-01
1.02555187e-03
3.94906140e-01
-3.90405327e-01
0.00000000e+00
-3.12568984e-01
-4.98743709e-02
-1.57079206e-01
-2.57219867e-02
2.33620915e-01
1.54016928e-01
3.68383940e-02
9.86197135e-02
1.72348860e-01
-2.02576965e-01
-2.85367621e-01
3.28258101e-02
2.28222055e-01
3.38067427e-01
-3.25859369e-01
6.52034949e-01
-6.90167697e-02
-5.50192370e-01
-3.29404791e-02
0.00000000e+00
0.00000000e+00
0.00000000e+00
9.16154878e-03
-3.04869608e-01
-2.89747269e-01
-1.02585413e-02
4.92697948e-01
8.76255452e-02
2.60808542e-01
-9.42354661e-01
4.49254536e-01
0.00000000e+00
2.20365664e-01
3.64275419e-02
4.08409639e-01
1.48474943e-01
-7.52498381e-01
-2.16712773e-01
-1.82440809e-01
2.16171908e-01
-1.44696496e-01
4.81240241e-01
-3.18193431e-01
3.76405969e-01
6.44446582e-01
8.54621197e-02
-7.73799277e-01
-3.81823786e-01
4.54226650e-01
-6.63396223e-01
2.75074829e-01
5.60138723e-01
-6.88445295e-01
0.00000000e+00
-3.91975491e-01
1.86454327e-01
2.42858209e-01
1.22665574e-01
-1.89703437e+00
0.00000000e+00
0.00000000e+00
0.00000000e+00
1.31765533e-01
-2.86965133e-01
-8.24829171e-02
1.59381596e+00
-2.39378362e+00
-8.74657969e-01
-3.90285606e-02
1.29304647e+00
-8.26744838e-01
0.00000000e+00
-5.47925423e-02
1.34154238e+00
-1.74537255e+00
8.84386535e-01
-8.43713971e-02
4.02587054e-01
-3.06125990e-01
-9.07948958e-01
1.27313886e-01
-6.92177056e-02
2.01785079e-01
0.00000000e+00
0.00000000e+00
0.00000000e+00
-4.54991083e-02
-3.77099808e-01
7.53555815e-02
-3.90858457e-03
5.56211086e-01
2.26305728e-01
1.54098127e-01
-3.59769762e-01
-2.19878705e-01
0.00000000e+00
-1.06678696e-01
-2.70823593e-01
1.80657865e-01
4.82908832e-02
3.02111835e-01
4.74981353e-02
4.14434308e-02
-1.66510935e-02
5.69891933e-02
-8.68674364e-02
-7.58569305e-01
-1.88065576e-01
0.00000000e+00
4.52907184e-02
-5.63368186e-02
5.58297796e-01
-2.89768053e-01
-4.56595318e-01
-4.51257042e-01
0.00000000e+00
0.00000000e+00
0.00000000e+00
8.01977348e-02
1.49452839e-01
6.78589589e-02
-1.40634746e-01
-1.65523926e-01
-4.63190567e-01
-3.39900929e-01
1.12880363e+00
-1.62773131e-01
0.00000000e+00
-4.08452689e-02
-2.62134602e-01
-2.70748503e-01
-2.37146118e-01
4.36704089e-01
-3.70662617e-02
1.58973682e-01
-1.27742082e-01
1.39520657e-01
-3.65062492e-01
-5.70503729e-01
0.00000000e+00
2.70607280e-01
7.53681770e-02
-1.13846506e+00
-3.09447694e-01
0.00000000e+00
0.00000000e+00
-8.22223630e-02
4.40048899e-01
-3.14537065e-01
-4.34959529e-01
-8.29017367e-01
0.00000000e+00
0.00000000e+00
-4.03076826e-01
247
-2.95684696e-01
0.00000000e+00
0.00000000e+00
0.00000000e+00
0.00000000e+00
0.00000000e+00
0.00000000e+00
0.00000000e+00
0.00000000e+00
0.00000000e+00
0.00000000e+00
0.00000000e+00
0.00000000e+00
0.00000000e+00
4.56572954e-02
-3.41341991e-01
4.42898992e-01
-3.97241697e-01
0.00000000e+00
0.00000000e+00
0.00000000e+00
0.00000000e+00
0.00000000e+00
0.00000000e+00
0.00000000e+00
0.00000000e+00
0.00000000e+00
-2.95684696e-01
0.00000000e+00
-4.88211561e-01
0.00000000e+00
0.00000000e+00
4.10871111e-01
-1.14844479e-01
0.00000000e+00
0.00000000e+00
0.00000000e+00
0.00000000e+00
0.00000000e+00
0.00000000e+00
0.00000000e+00
-7.45953295e-01
2.93188692e-02
7.58664890e-03
1.27066766e-03
9.76643627e-02
-7.44863230e-05
3.45017587e-01
-3.00639140e-04
-1.99832219e-01
8.30912608e-02
-9.43596779e-02
0.00000000e+00
0.00000000e+00
0.00000000e+00
0.00000000e+00
0.00000000e+00
0.00000000e+00
0.00000000e+00
2.85947533e+00
1.97926304e+00
1.18611398e-01
4.22641546e-01
4.56943833e-01
9.16484709e-02
-2.15135850e-01
-5.04621771e-01
-5.12787209e-01
-2.14251567e-01
-4.31865940e-01
-3.22323146e-01
-1.60902734e+00
-4.34992459e-01
0.00000000e+00
0.00000000e+00
0.00000000e+00
0.00000000e+00
0.00000000e+00
0.00000000e+00
5.37364206e-02
-3.64134956e-01
-3.39768111e-01
-3.53413673e-01
-5.18704491e-01
-7.52662928e-01
4.66608474e+00
5.11208271e+00
4.82907697e+00
4.82986402e+00
4.69517306e+00
4.90036133e+00
7.74613890e-01
4.09545500e-01
3.89173395e-01
2.23562443e-01
-1.44794470e-01
6.41569743e-02
0.00000000e+00
-3.89802101e-01
-3.22158947e-01
-5.34243453e-02
-1.15527649e-01
-5.85756675e-01
3.70087628e-01
0.00000000e+00
0.00000000e+00
0.00000000e+00
-6.65772324e-01
0.00000000e+00
-2.20396108e+00
0.00000000e+00
-2.16798892e-01
-7.34400056e-01
-4.34433839e-01
-1.28209524e+00
-9.51198948e-01
0.00000000e+00
0.00000000e+00
0.00000000e+00
-2.34430247e-01
2.09359464e-01
-1.27813764e-01
1.07985314e+00
-3.51275864e-01
1.00652934e-01
2.28120816e-02
-8.27533892e-02
-7.35437186e-01
0.00000000e+00
1.88973715e-01
1.17571566e+00
-7.98948917e-01
5.20870745e-01
-1.62792488e+00
1.60476278e-01
2.21622444e-02
-7.89399375e-01
3.00041752e-01
1.58666578e-02
-2.30724038e-01
4.91727101e-02
2.03213449e-01
1.01146279e-01
5.67523118e-02
-3.70814031e-01
0.00000000e+00
0.00000000e+00
0.00000000e+00
6.31845317e-01
0.00000000e+00
2.58398007e-01
4.51642093e-01
0.00000000e+00
-9.81503434e-02
4.77448555e-03
8.50001835e-01
0.00000000e+00
0.00000000e+00
2.90639106e-01
8.76162048e-02
0.00000000e+00
5.05334879e-01
8.15356604e-01
7.07868038e-02
3.08225734e-01
0.00000000e+00
2.94394808e-01
0.00000000e+00
-2.79896748e-01
2.66139051e-01
6.75254466e-02
-8.97133010e-02
-7.20474910e-01
-2.65971602e-01
4.05444204e-01
2.98346899e-01
0.00000000e+00
-4.54503308e-01
1.26403374e-01
-1.81542442e-01
1.74566831e-01
-1.71652908e+00
0.00000000e+00
0.00000000e+00
0.00000000e+00
-3.65042510e-01
-1.52238740e-02
6.06274776e-02
1.42400181e+00
-1.21320203e+00
2.40618061e-01
3.32885174e-02
-1.06074023e-01
-1.88717124e+00
0.00000000e+00
-2.14627467e-01
1.71543318e+00
-7.78675194e-01
3.59833464e-01
-1.34476947e+00
3.97502357e-01
1.57556311e-01
-8.14175176e-01
3.20924703e-01
3.12646030e-01
-6.85549250e-01
-8.23241141e-02
0.00000000e+00
2.85814785e-01
6.47710669e-02
1.28803681e-01
0.00000000e+00
0.00000000e+00
0.00000000e+00
-1.79188656e-01
9.27828987e-02
-1.11801018e-01
3.89665969e-02
-5.19397444e-03
2.87739120e-01
3.56307042e-01
-4.03473304e-01
3.32323756e-01
0.00000000e+00
1.91966447e-01
-2.94849265e-01
6.63659554e-02
1.77168149e-01
7.12763069e-02
-1.54015064e-01
-2.13610200e-01
-7.56659606e-02
-1.04705548e-01
5.64104001e-02
-6.03225136e-01
0.00000000e+00
5.57174792e-01
1.20322908e-03
-1.03097983e+00
-3.52109725e-01
0.00000000e+00
0.00000000e+00
2.40010462e-01
-6.78870105e-01
0.00000000e+00
0.00000000e+00
-3.80436858e-02
2 1
1.0657e-01 1.5151e-01
2 1
1 0 
217
3.31371116e-01
-2.87496391e-01
-3.50433307e-01
-3.81829997e-01
2.59304882e-03
2.97987996e-02
6.93785208e-02
1.50057195e-01
1.68343142e-01
1.28537964e-01
2.25133628e-01
-1.21039744e-01
-1.34077223e-01
-2.27303650e-01
5.77295253e-01
4.14280753e-03
1.45136950e-01
-5.45586986e-02
-6.58877439e-03
2.44157621e-01
-2.28137638e-01
5.13026427e-04
8.15323552e-02
3.67722001e-02
-1.39164979e-03
3.43804339e-02
1.89319776e-01
-1.40190165e-02
1.61909516e-01
0.00000000e+00
0.00000000e+00
0.00000000e+00
0.00000000e+00
0.00000000e+00
0.00000000e+00
0.00000000e+00
0.00000000e+00
-1.71533627e-01
5.02904744e-01
0.00000000e+00
0.00000000e+00
0.00000000e+00
0.00000000e+00
0.00000000e+00
0.00000000e+00
-1.29350517e-01
-4.21831104e-02
5.02904744e-01
0.00000000e+00
0.00000000e+00
0.00000000e+00
0.00000000e+00
0.00000000e+00
0.00000000e+00
0.00000000e+00
0.00000000e+00
0.00000000e+00
0.00000000e+00
0.00000000e+00
0.00000000e+00
5.02904744e-01
-1.29350517e-01
-4.21831104e-02
0.00000000e+00
-4.21831104e-02
-5.54810248e-01
2.70232343e-01
2.80847984e-01
1.03321884e-01
9.74846190e-01
1.77304985e-01
-3.06655502e-01
-7.46993092e-01
2.68517815e-01
5.59614201e-01
1.92203818e-01
5.06214645e-01
0.00000000e+00
0.00000000e+00
0.00000000e+00
0.00000000e+00
0.00000000e+00
0.00000000e+00
0.00000000e+00
0.00000000e+00
0.00000000e+00
0.00000000e+00
0.00000000e+00
0.00000000e+00
0.00000000e+00
0.00000000e+00
0.00000000e+00
0.00000000e+00
0.00000000e+00
0.00000000e+00
0.00000000e+00
0.00000000e+00
0.00000000e+00
0.00000000e+00
0.00000000e+00
0.00000000e+00
0.00000000e+00
0.00000000e+00
0.00000000e+00
0.00000000e+00
0.00000000e+00
0.00000000e+00
0.00000000e+00
0.00000000e+00
0.00000000e+00
0.00000000e+00
0.00000000e+00
0.00000000e+00
0.00000000e+00
0.00000000e+00
0.00000000e+00
0.00000000e+00
0.00000000e+00
0.00000000e+00
4.29096412e-01
-1.02408326e+00
-3.80806455e-01
0.00000000e+00
0.00000000e+00
0.00000000e+00
-3.06908326e-01
3.27111694e-01
7.27134471e-02
1.68405343e+00
-1.30800375e+00
5.94392809e-01
9.70305834e-01
-9.62600523e-01
-8.22020361e-01
0.00000000e+00
4.35676575e-01
6.94740476e-01
6.39539182e-02
-4.24818499e-01
-3.34807508e-02
8.71605815e-01
4.01230322e-01
-1.09590485e+00
-1.54182137e+00
-1.03235378e-03
9.68970443e-02
0.00000000e+00
0.00000000e+00
0.00000000e+00
4.39263386e-01
-5.65565755e-01
-2.83001332e-02
-3.72181703e-01
3.61581783e-01
-6.59281924e-01
-2.13317223e-01
4.18518164e-01
3.40991002e-01
0.00000000e+00
9.30407503e-02
-4.94703772e-01
-4.10653364e-01
5.21183399e-01
-4.85822219e-01
-2.61550682e-02
-9.76194058e-03
1.16272592e-01
9.75688053e-01
9.61010164e-02
-1.49791572e+00
0.00000000e+00
0.00000000e+00
0.00000000e+00
5.11886429e-02
7.88573787e-02
-8.17129619e-01
5.62202852e-01
-1.11559366e+00
1.39571027e-02
-1.78489905e-01
1.80222832e-01
-1.19701024e-01
0.00000000e+00
1.51667986e-01
6.10689130e-01
-5.52758403e-01
1.77969709e-01
-2.12822944e-01
-4.99972643e-02
-4.97404716e-01
-3.74972657e-01
2.81209424e-01
3.12989413e-01
-2.67347487e-02
0.00000000e+00
0.00000000e+00
0.00000000e+00
-7.08486338e-02
-4.18556729e-01
3.26238348e-01
2.74384064e-01
-1.02280295e-01
1.24077332e-01
3.40884781e-01
1.26296597e-01
-5.07395742e-01
0.00000000e+00
-6.31179548e-02
4.19204687e-03
-2.78190735e-01
2.43540741e-01
2.58949930e-01
-7.19900397e-02
2.83185472e-02
-1.63309846e-01
2.92827977e-02
-1.07209959e-01
136
1.22662880e-01
-1.00829378e+00
3.93680389e-02
3.14590383e-03
4.94968141e-03
4.07785744e-01
2.02084283e-03
7.20025009e-01
2.13962299e-03
5.67636021e-01
-9.14540692e-02
-3.48458711e-01
0.00000000e+00
0.00000000e+00
0.00000000e+00
0.00000000e+00
0.00000000e+00
0.00000000e+00
0.00000000e+00
0.00000000e+00
-4.03938616e-01
1.52043437e-01
0.00000000e+00
0.00000000e+00
0.00000000e+00
0.00000000e+00
0.00000000e+00
0.00000000e+00
1.15337942e-01
-5.19276558e-01
1.52043437e-01
0.00000000e+00
0.00000000e+00
0.00000000e+00
0.00000000e+00
0.00000000e+00
0.00000000e+00
0.00000000e+00
0.00000000e+00
0.00000000e+00
0.00000000e+00
0.00000000e+00
0.00000000e+00
0.00000000e+00
0.00000000e+00
0.00000000e+00
0.00000000e+00
9.65254240e-01
2.36549431e-01
-1.43172426e-01
-8.07769197e-01
4.71829601e-01
1.80663999e-02
5.62879283e-01
3.82404437e-02
-9.46425633e-01
0.00000000e+00
0.00000000e+00
0.00000000e+00
0.00000000e+00
1.52043437e-01
1.15337942e-01
-5.19276558e-01
0.00000000e+00
0.00000000e+00
0.00000000e+00
0.00000000e+00
0.00000000e+00
0.00000000e+00
0.00000000e+00
0.00000000e+00
0.00000000e+00
0.00000000e+00
0.00000000e+00
0.00000000e+00
0.00000000e+00
0.00000000e+00
0.00000000e+00
0.00000000e+00
0.00000000e+00
0.00000000e+00
0.00000000e+00
0.00000000e+00
0.00000000e+00
0.00000000e+00
0.00000000e+00
-1.11114164e-01
9.63865392e-02
-7.06782745e-01
0.00000000e+00
0.00000000e+00
0.00000000e+00
1.17376866e-01
3.33122475e-01
1.44234880e-01
1.02631602e+00
-1.08503805e+00
-2.56656284e-02
3.44285637e-01
6.01456590e-01
-1.41598961e+00
0.00000000e+00
2.14576810e-01
9.84974176e-01
-6.09684591e-01
3.84899300e-01
-2.78801630e-01
2.45791979e-01
-3.81845653e-02
-1.22602905e+00
-2.50424404e-01
-1.73999959e-01
-1.15236199e+00
0.00000000e+00
0.00000000e+00
0.00000000e+00
2.51992703e-03
-8.09777267e-01
2.84539648e-02
1.14608404e+00
-1.20317385e+00
1.98776456e-02
2.19899447e-01
-8.21650903e-03
-1.32676052e+00
0.00000000e+00
4.60730260e-01
7.23216591e-01
-8.24154466e-01
8.87935175e-01
6.55883118e-02
1.16608852e-01
-3.47237443e-01
-8.10571054e-01
3.77968252e-01
1.28646656e-01
4 1
-1.5774e-01 3.0080e-01
3 1
1 0 2 
217
-2.28729148e-02
-3.44582416e-01
-6.77272751e-02
-1.86001697e-01
-1.07637981e-01
1.51190476e-01
-4.17119321e-01
6.68919453e-01
2.26826897e-01
-1.98370780e-01
3.28731436e-02
5.07255037e-01
2.42184346e-01
-1.30438198e-01
7.79523725e-02
4.09796221e-03
5.00014828e-01
-4.06094358e-01
8.19022844e-03
3.90147441e-01
2.44009890e-01
-5.34856448e-03
6.14439780e-01
6.12591807e-02
1.27122350e-03
5.97845229e-01
8.50442101e-01
-3.14654425e-01
-5.57535235e-01
0.00000000e+00
0.00000000e+00
0.00000000e+00
0.00000000e+00
0.00000000e+00
0.00000000e+00
0.00000000e+00
0.00000000e+00
-3.14044485e-01
-2.60079014e-01
5.51250584e-01
0.00000000e+00
0.00000000e+00
0.00000000e+00
0.00000000e+00
0.00000000e+00
-2.95817068e-01
-1.82274164e-02
1.68149858e-01
0.00000000e+00
1.35800250e-02
-4.41808897e-01
5.51250584e-01
0.00000000e+00
0.00000000e+00
0.00000000e+00
0.00000000e+00
0.00000000e+00
0.00000000e+00
0.00000000e+00
0.00000000e+00
2.77591545e-01
-2.82237043e-01
-1.82274164e-02
0.00000000e+00
-4.60036314e-01
-4.59283005e-01
6.75807359e-02
2.94484092e-01
3.69582663e-01
1.02412290e+00
1.97782132e-01
-4.80019175e-01
-7.40328369e-01
7.59067055e-02
5.19226387e-01
1.83457423e-01
6.32599263e-01
-2.35911921e-01
9.00172946e-02
5.46389523e-03
-4.04382279e-02
2.29955682e-01
1.63459939e-01
2.02265699e-01
0.00000000e+00
0.00000000e+00
0.00000000e+00
0.00000000e+00
0.00000000e+00
0.00000000e+00
0.00000000e+00
0.00000000e+00
0.00000000e+00
0.00000000e+00
0.00000000e+00
0.00000000e+00
0.00000000e+00
0.00000000e+00
0.00000000e+00
0.00000000e+00
0.00000000e+00
0.00000000e+00
0.00000000e+00
0.00000000e+00
0.00000000e+00
0.00000000e+00
0.00000000e+00
0.00000000e+00
0.00000000e+00
0.00000000e+00
0.00000000e+00
0.00000000e+00
0.00000000e+00
0.00000000e+00
0.00000000e+00
0.00000000e+00
0.00000000e+00
0.00000000e+00
0.00000000e+00
-2.80676164e-01
-1.71614295e-01
-3.52348543e-01
0.00000000e+00
0.00000000e+00
0.00000000e+00
8.54762708e-01
6.88524143e-02
-5.64763507e-02
8.82314591e-01
-1.28913249e+00
-4.22079060e-01
-2.62517550e-01
5.38030435e-01
-5.81359200e-01
0.00000000e+00
3.72663158e-01
1.47242297e-01
-5.33162173e-01
3.78283691e-01
3.23572398e-01
4.53248114e-03
-6.86847601e-01
-1.05491388e-01
-2.27461498e-01
2.41924597e-01
-1.92542298e-01
0.00000000e+00
0.00000000e+00
0.00000000e+00
-3.11836562e-01
-5.66394843e-01
3.10881497e-02
2.26958646e-02
-1.34333227e-01
4.28609284e-02
5.98613609e-01
-6.78171898e-02
-2.16790832e-01
0.00000000e+00
-7.79891742e-03
2.54466722e-01
-2.57593068e-01
5.32461679e-02
-3.43840554e-01
3.15997630e-01
5.36856125e-01
-4.29437219e-01
1.32351361e-01
1.55123555e-01
-9.80160686e-01
0.00000000e+00
0.00000000e+00
0.00000000e+00
-3.07213173e-01
3.76410253e-02
1.06612647e-01
4.31122720e-01
-4.15630143e-01
-6.74825991e-01
3.04185494e-01
-5.70015770e-01
-3.57359708e-01
0.00000000e+00
2.25246788e-01
9.01459727e-03
-6.27937770e-01
4.34670776e-01
4.51422206e-02
9.25690545e-02
4.34073637e-03
8.86278900e-02
5.48926777e-01
-3.55278858e-01
-1.42174178e-01
0.00000000e+00
0.00000000e+00
0.00000000e+00
1.83897309e-01
-6.29064459e-01
5.53635092e-02
4.04060634e-01
-1.71918613e-01
3.33500814e-01
-2.41529867e-02
3.82499991e-01
-6.66080978e-01
0.00000000e+00
1.47884868e-01
3.05970354e-01
-2.95310385e-01
3.12356930e-01
1.00027991e-02
-3.55149746e-02
-3.12501256e-01
-2.98154002e-01
7.47319506e-03
1.47513073e-01
136
6.21147243e-01
-1.36662562e-01
2.45066417e-02
2.42799768e-01
-2.79090627e-03
1.60647541e-01
1.77587481e-03
3.54362496e-01
3.64494775e-03
6.76014540e-01
7.30314851e-02
-5.46898225e-02
0.00000000e+00
0.00000000e+00
0.00000000e+00
0.00000000e+00
0.00000000e+00
0.00000000e+00
0.00000000e+00
0.00000000e+00
-6.91185443e-01
1.90368895e-02
1.09873206e+00
0.00000000e+00
0.00000000e+00
0.00000000e+00
0.00000000e+00
0.00000000e+00
-3.27597874e-01
-3.63587569e-01
3.83612158e-01
0.00000000e+00
-9.51265547e-02
-2.69448714e-01
1.09873206e+00
0.00000000e+00
0.00000000e+00
0.00000000e+00
0.00000000e+00
0.00000000e+00
0.00000000e+00
0.00000000e+00
0.00000000e+00
0.00000000e+00
0.00000000e+00
0.00000000e+00
0.00000000e+00
9.76900938e-01
3.47288573e-01
-1.06891978e-01
-1.27654151e+00
5.27262276e-02
-2.80886920e-01
3.05390635e-01
-1.43537898e-01
-7.96914446e-01
-4.21864363e-01
3.08854814e-01
7.35732466e-02
-1.38454293e-01
-3.80938243e-01
-4.22724429e-01
-3.63587569e-01
0.00000000e+00
0.00000000e+00
0.00000000e+00
0.00000000e+00
0.00000000e+00
0.00000000e+00
0.00000000e+00
0.00000000e+00
0.00000000e+00
0.00000000e+00
0.00000000e+00
0.00000000e+00
0.00000000e+00
0.00000000e+00
0.00000000e+00
0.00000000e+00
0.00000000e+00
0.00000000e+00
0.00000000e+00
0.00000000e+00
0.00000000e+00
0.00000000e+00
0.00000000e+00
2.69163437e-01
-1.95478496e-01
-4.13755079e-01
0.00000000e+00
0.00000000e+00
0.00000000e+00
2.15054763e-01
-3.79311347e-02
4.75096401e-02
1.08704966e+00
-6.97214814e-01
-1.44783142e-01
4.77630964e-02
2.71930389e-01
-1.17052765e+00
0.00000000e+00
4.54654788e-01
8.16356193e-01
-5.86310916e-01
7.13789078e-01
-3.94153803e-01
9.04845605e-02
-2.75104513e-01
-1.00068937e+00
2.78418784e-01
-1.30050689e-01
-1.24150340e+00
0.00000000e+00
0.00000000e+00
0.00000000e+00
-4.20151657e-02
-7.27249308e-01
-7.24388586e-02
1.12490904e+00
-1.44314891e+00
1.50996070e-01
3.51876533e-01
7.00039742e-02
-1.26107103e+00
0.00000000e+00
2.81128203e-01
8.46716043e-01
-8.66389609e-01
8.11764491e-01
2.04996787e-01
1.86793469e-02
-3.46965636e-01
-7.20875414e-01
2.98452043e-01
7.91280067e-02
3 1
-2.2856e-01 3.2891e-01
4 0
1 0 2 4 
217
-1.23819776e-01
-3.37662317e-01
-2.31754990e-02
6.15571138e-02
-2.56270989e-01
-2.57734376e-01
4.95715606e-02
1.04900267e-01
1.01826054e-02
1.38514054e-01
1.06786221e-01
7.02001142e-02
-3.40891744e-02
-4.41665285e-01
-1.35722301e-01
-1.47101113e-02
2.07079132e-01
-3.92375732e-01
3.38736636e-03
1.17956778e-02
1.02018192e-01
-1.84060540e-03
-1.59359083e-01
3.02260064e-01
6.26012750e-04
-1.91362216e-01
2.23803976e-01
-1.10465859e-01
-2.36991613e-01
0.00000000e+00
0.00000000e+00
0.00000000e+00
0.00000000e+00
0.00000000e+00
0.00000000e+00
0.00000000e+00
0.00000000e+00
-3.13553882e-01
-3.78839356e-01
1.13414975e-01
4.55158487e-01
0.00000000e+00
0.00000000e+00
0.00000000e+00
0.00000000e+00
-4.37032422e-01
1.23478540e-01
-3.75403237e-02
0.00000000e+00
-3.87039570e-02
-3.71959196e-01
7.20657821e-01
0.00000000e+00
9.98196610e-02
-3.04555405e-02
3.60552542e-02
0.00000000e+00
-2.26581844e-01
-4.16716256e-01
4.55158487e-01
3.55200245e-01
-6.02498562e-01
1.23478540e-01
-5.65303847e-01
-1.30348606e-01
-8.53142001e-01
3.38927243e-01
1.43662696e-01
2.32905433e-01
4.16621840e-01
-3.74229843e-01
-2.28268719e-01
-8.14365899e-01
2.53693712e-01
5.57934889e-01
2.24985073e-01
2.17297400e-01
-6.48135149e-02
-1.80861316e-01
0.00000000e+00
8.87855175e-02
3.34948486e-01
3.30695373e-02
1.98244703e-01
1.49345493e-02
-5.60340872e-02
-3.25284236e-01
-1.87856844e-01
-9.31083194e-02
1.05136606e-01
2.52061624e-01
0.00000000e+00
0.00000000e+00
0.00000000e+00
0.00000000e+00
0.00000000e+00
0.00000000e+00
0.00000000e+00
0.00000000e+00
0.00000000e+00
0.00000000e+00
0.00000000e+00
0.00000000e+00
0.00000000e+00
0.00000000e+00
0.00000000e+00
0.00000000e+00
0.00000000e+00
0.00000000e+00
0.00000000e+00
0.00000000e+00
0.00000000e+00
0.00000000e+00
0.00000000e+00
0.00000000e+00
0.00000000e+00
0.00000000e+00
0.00000000e+00
0.00000000e+00
9.25836901e-02
-1.30142148e-01
-4.50471002e-01
0.00000000e+00
0.00000000e+00
0.00000000e+00
-7.23479331e-01
1.00333335e-01
-1.01909620e-03
1.73693063e-01
-7.63983523e-01
2.17616689e-01
3.49817852e-01
-8.20566353e-01
-5.56064301e-01
0.00000000e+00
1.13930507e-01
8.04784600e-01
-4.57469510e-01
3.36263940e-01
2.34595341e-01
-2.89186466e-01
-9.56555158e-02
-1.87185303e-01
4.32879219e-01
6.80223850e-01
-4.09347877e-02
0.00000000e+00
0.00000000e+00
0.00000000e+00
4.26985400e-01
-1.47712670e-01
4.54477387e-02
8.06377032e-02
-3.11769633e-01
-1.32169663e-01
-5.79229901e-02
3.28028091e-01
-1.45518109e-01
0.00000000e+00
2.30669357e-01
2.25741489e-01
3.82046815e-03
1.59076649e-01
-4.13213678e-01
2.04207380e-01
8.34493525e-02
-2.69429960e-01
-1.61952812e-01
-1.89308900e-01
-1.18743169e+00
0.00000000e+00
0.00000000e+00
0.00000000e+00
1.12102578e-01
-1.91554385e-01
-2.86999694e-01
9.85454938e-01
-4.01873681e-01
-3.45424650e-01
5.48762708e-01
2.35323166e-01
-3.14246055e-01
0.00000000e+00
2.93415040e-01
-4.45071585e-01
-5.96041363e-01
3.61005508e-01
4.25798931e-01
-2.70228903e-02
-6.18312605e-01
-2.09546575e-01
-1.21972391e-01
-5.91228687e-01
-2.73139715e-02
0.00000000e+00
0.00000000e+00
0.00000000e+00
-1.93688820e-01
-2.00488714e-01
1.60815361e-01
6.92968799e-02
-3.26799857e-01
3.21110792e-01
1.03104382e-01
-6.78819653e-02
-3.61017633e-01
0.00000000e+00
1.78516441e-02
3.62825808e-01
-3.22766450e-01
2.07364207e-01
2.60440408e-01
1.99028316e-01
9.53013167e-02
-4.89678943e-01
7.64373095e-02
6.14319858e-02
136
2.07473702e-01
-2.39014183e-01
1.19645840e-02
2.54188493e-01
-3.45026602e-03
1.31149178e-01
-2.94823819e-03
6.11502139e-02
1.06725495e-04
6.28655753e-01
-1.56088855e-01
-2.52634705e-01
0.00000000e+00
0.00000000e+00
0.00000000e+00
0.00000000e+00
0.00000000e+00
0.00000000e+00
0.00000000e+00
0.00000000e+00
-1.30498708e-01
-2.62579130e-01
2.12184124e-02
5.03448498e-01
0.00000000e+00
0.00000000e+00
0.00000000e+00
0.00000000e+00
-3.46392198e-01
2.15893490e-01
1.62530209e-04
0.00000000e+00
-3.25801606e-01
9.00107443e-02
3.88004602e-01
0.00000000e+00
2.36436149e-01
-2.63386947e-01
6.33103758e-02
0.00000000e+00
-1.06717523e-01
-3.23379042e-01
5.03448498e-01
0.00000000e+00
0.00000000e+00
0.00000000e+00
1.99402530e-01
-4.04379654e-01
4.61569615e-01
-5.72897934e-02
-7.70573740e-01
-2.61362518e-01
-2.05228030e-01
5.84794018e-01
4.40104685e-02
-7.56319066e-01
-7.28004399e-02
5.47084699e-02
1.78917056e-01
1.41495521e-02
9.03131589e-03
-1.23330438e-01
-1.05489058e-01
-3.84435554e-02
-2.66043349e-02
-1.35876925e-01
0.00000000e+00
0.00000000e+00
0.00000000e+00
0.00000000e+00
0.00000000e+00
0.00000000e+00
0.00000000e+00
0.00000000e+00
0.00000000e+00
0.00000000e+00
0.00000000e+00
0.00000000e+00
0.00000000e+00
0.00000000e+00
0.00000000e+00
0.00000000e+00
0.00000000e+00
0.00000000e+00
0.00000000e+00
0.00000000e+00
-5.39698489e-02
-9.72400878e-02
-5.92155538e-01
0.00000000e+00
0.00000000e+00
0.00000000e+00
3.58314470e-02
-4.27021516e-02
3.52441321e-02
1.03588032e+00
-9.03676099e-01
-1.75844531e-01
2.42790466e-01
1.99967434e-01
-1.00965464e+00
0.00000000e+00
4.01631672e-01
6.53319806e-01
-8.90636322e-01
5.50620713e-01
-2.31911384e-01
3.12476609e-01
-1.24053351e-01
-9.08203030e-01
2.40539383e-01
-1.37760171e-02
-1.21350468e+00
0.00000000e+00
0.00000000e+00
0.00000000e+00
-9.27080909e-02
-5.10892145e-01
-1.42485360e-01
1.19815811e+00
-1.16253230e+00
2.61475053e-02
1.70414523e-01
1.51162906e-02
-1.30404196e+00
0.00000000e+00
3.22644183e-01
8.72984605e-01
-8.30120649e-01
8.20363338e-01
-2.40724778e-01
7.87876944e-02
-2.26363643e-01
-8.04604213e-01
4.44473239e-01
1.51878983e-01
6 2
-2.5389e-01 3.4229e-01
5 -1
1 0 2 4 3 
217
2.45619582e-01
3.46622031e-01
-9.13269768e-01
-3.09637510e-01
-1.18330819e-01
-8.00754035e-02
6.78778583e-02
9.77854758e-02
1.28514720e-01
-3.75360709e-01
-3.62075100e-01
-4.59098052e-01
5.29632923e-01
-1.19604127e-01
0.00000000e+00
0.00000000e+00
0.00000000e+00
0.00000000e+00
0.00000000e+00
0.00000000e+00
0.00000000e+00
0.00000000e+00
0.00000000e+00
2.45619582e-01
1.21967516e-03
4.20860875e-01
4.49207419e-01
-3.13177127e-01
1.10384791e-01
0.00000000e+00
0.00000000e+00
0.00000000e+00
0.00000000e+00
0.00000000e+00
0.00000000e+00
0.00000000e+00
0.00000000e+00
-3.21592604e-01
-3.25587839e-01
1.03710702e-01
6.89545502e-01
9.95438217e-02
0.00000000e+00
0.00000000e+00
0.00000000e+00
-5.41827050e-01
1.02595699e-01
3.69280653e-02
0.00000000e+00
-9.80192477e-02
-8.20196980e-02
7.28754016e-01
0.00000000e+00
-3.70213840e-01
1.70644773e-01
-7.83543223e-02
0.00000000e+00
-5.72205174e-02
-2.56099883e-01
6.90451587e-01
-3.52545925e-01
4.95569809e-01
1.02595699e-01
5.29435186e-01
-5.94314294e-01
-9.34779394e-01
2.36526659e-01
6.70805654e-01
7.39720315e-02
4.14754836e-01
-4.16126715e-01
-6.51153940e-01
-1.20882730e+00
8.79305073e-01
2.67880395e-01
4.33595164e-01
3.15644686e-02
-5.83289014e-01
-9.69376611e-02
-1.03139064e-01
5.99474058e-01
2.28943570e-01
3.26372199e-01
1.71503936e-01
7.52225425e-02
7.11892420e-02
-3.28728332e-01
-2.24008108e-01
4.11714970e-01
3.23215906e-01
7.69412940e-01
6.85402275e-02
2.31267398e-01
7.19290579e-01
-5.90528624e-02
-3.74436996e-01
4.86481864e-03
1.77154746e-01
0.00000000e+00
0.00000000e+00
0.00000000e+00
0.00000000e+00
0.00000000e+00
0.00000000e+00
0.00000000e+00
0.00000000e+00
0.00000000e+00
0.00000000e+00
0.00000000e+00
0.00000000e+00
0.00000000e+00
0.00000000e+00
0.00000000e+00
0.00000000e+00
0.00000000e+00
0.00000000e+00
0.00000000e+00
0.00000000e+00
0.00000000e+00
2.41465603e-01
-9.29728646e-02
-5.93800523e-01
0.00000000e+00
0.00000000e+00
0.00000000e+00
4.90439508e-02
-2.56369619e-01
-1.34850739e-01
1.69127802e+00
-1.02130565e+00
-4.92202708e-01
4.02780369e-01
6.32167433e-01
-1.08338880e-01
0.00000000e+00
-5.81038554e-01
8.36036020e-01
-1.30716495e+00
3.85100336e-01
4.63306345e-01
-2.21433853e-01
-5.47849830e-01
-4.52700522e-01
-3.89276575e-01
4.59018889e-01
5.01960722e-02
0.00000000e+00
0.00000000e+00
0.00000000e+00
1.12003937e-01
-2.55117824e-01
7.01677104e-03
-2.40320611e-01
-4.13276453e-01
-2.17509863e-01
1.88861233e-01
-2.09221851e-01
-1.08129410e-01
0.00000000e+00
5.75907184e-01
-1.83055269e-01
2.28656156e-01
2.44794998e-01
-6.51989868e-02
2.40361587e-01
2.36128795e-01
-1.93449317e-01
2.42559073e-01
-1.40814074e-01
-8.49711908e-01
0.00000000e+00
0.00000000e+00
0.00000000e+00
-5.53370037e-02
-6.58354055e-03
-1.29062627e-01
1.26952736e+00
-6.10695908e-01
-9.63470684e-01
8.49569259e-02
7.17058115e-01
-5.36673666e-01
0.00000000e+00
-2.36350940e-01
-3.23009947e-01
-3.83517526e-01
4.52112480e-01
4.87760649e-01
-4.76774718e-02
-1.15302073e-01
-5.48916630e-01
-1.35374787e-01
2.30845369e-01
-2.48737784e-01
0.00000000e+00
0.00000000e+00
0.00000000e+00
-2.14435340e-01
-1.67125458e-01
-3.11418050e-03
1.74255077e-02
-1.92984017e-01
3.71168780e-01
8.85350144e-03
-1.67603687e-01
-3.24500126e-01
0.00000000e+00
1.87698717e-01
3.94340754e-01
-3.66545462e-01
2.50564113e-01
4.79724436e-01
-6.97859859e-03
-4.71611816e-02
-1.60593089e-01
1.03677598e-01
-4.11150051e-01
136
2.33286648e-01
1.02162691e-02
8.85359069e-02
1.48647176e-01
1.44522053e-02
1.55774350e-02
9.97554168e-03
5.88457680e-02
1.56572865e-03
4.82786640e-01
-8.38562700e-02
-1.21418795e-01
0.00000000e+00
0.00000000e+00
0.00000000e+00
0.00000000e+00
0.00000000e+00
0.00000000e+00
0.00000000e+00
0.00000000e+00
-4.78482778e-01
-1.41990739e-01
7.16129781e-02
3.29614131e-01
3.21209247e-01
0.00000000e+00
0.00000000e+00
0.00000000e+00
-1.08002939e-01
1.38204692e-01
-1.21699293e-01
0.00000000e+00
-4.37945251e-01
-7.12046578e-02
5.09305454e-01
0.00000000e+00
-6.30950398e-02
-3.05834224e-01
3.75274875e-03
0.00000000e+00
9.67269920e-02
-3.72128539e-01
8.33882895e-01
0.00000000e+00
0.00000000e+00
0.00000000e+00
5.74756428e-02
-5.37114562e-01
3.42468073e-01
-6.93417250e-02
-6.88829760e-01
-6.36876966e-02
-3.17304732e-01
5.83972231e-01
4.56602107e-02
-6.26550724e-01
-2.45673542e-01
-7.96767033e-02
1.71142495e-01
-5.37947510e-02
-2.38956516e-01
-5.88866959e-02
-9.49689442e-02
1.54506012e-03
-5.26867405e-02
-1.48520810e-01
2.56997150e-02
-9.01441320e-02
-3.45465212e-01
5.32130382e-02
-7.18578385e-02
0.00000000e+00
0.00000000e+00
0.00000000e+00
0.00000000e+00
0.00000000e+00
0.00000000e+00
0.00000000e+00
0.00000000e+00
0.00000000e+00
0.00000000e+00
0.00000000e+00
0.00000000e+00
0.00000000e+00
0.00000000e+00
0.00000000e+00
-1.69612144e-02
-5.83660953e-02
-6.00018002e-01
0.00000000e+00
0.00000000e+00
0.00000000e+00
6.56249503e-02
-8.56968434e-02
9.71012600e-02
9.84193967e-01
-8.96679761e-01
-2.33732885e-01
3.59586533e-01
1.96371593e-01
-1.12779375e+00
0.00000000e+00
5.05520586e-01
6.71157462e-01
-7.84847806e-01
5.93307966e-01
-4.66736501e-01
3.28082556e-01
-7.34207472e-02
-1.03801152e+00
2.65735451e-01
4.02194855e-02
-1.22444838e+00
0.00000000e+00
0.00000000e+00
0.00000000e+00
1.56821314e-02
-5.53101764e-01
-6.55634233e-02
1.07731258e+00
-1.26493337e+00
1.15277617e-01
3.51154882e-01
1.68179883e-01
-1.35185446e+00
0.00000000e+00
3.05362758e-01
7.65796547e-01
-9.89893630e-01
8.17637392e-01
-1.83627257e-01
1.46542682e-01
-3.05723132e-01
-7.46588329e-01
3.99572576e-01
7.43179323e-02
5 1
-4.2401e-01 3.7744e-01
6 0
1 0 2 4 3 6 
217
-9.84448196e-02
-1.13479402e-01
8.10724793e-03
1.58453404e-02
-3.55027067e-02
1.11034124e-03
-3.78526407e-01
3.65401586e-01
1.03752913e-01
3.17938104e-01
5.53424757e-01
-5.98311463e-01
-3.41593375e-01
5.91772499e-02
-8.41580465e-02
-1.84899064e-02
2.75460021e-01
-6.96504214e-01
7.46955704e-03
1.18468621e-01
2.32337081e-01
-4.94759221e-03
-2.41491380e-02
4.49880360e-01
4.10725641e-04
-1.01583498e-01
-4.08405564e-03
-7.56256837e-02
-1.87350803e-02
0.00000000e+00
0.00000000e+00
0.00000000e+00
0.00000000e+00
0.00000000e+00
0.00000000e+00
0.00000000e+00
0.00000000e+00
-4.76419678e-01
-1.82940386e-01
-6.50257603e-03
1.51218796e-01
6.01514489e-01
-1.84592398e-01
0.00000000e+00
0.00000000e+00
-3.87266131e-01
1.01367781e-03
4.63588824e-02
0.00000000e+00
-1.28400438e-01
-3.74231620e-01
7.81460192e-01
0.00000000e+00
-1.36970820e-01
-1.89959299e-01
2.72114972e-01
0.00000000e+00
-9.34606076e-01
1.12510659e-01
8.40254249e-01
-4.14632667e-01
3.15897237e-01
1.01367781e-03
1.95673551e-01
-6.47063201e-01
-4.83159497e-01
2.22142604e-01
1.11331978e-01
1.30802226e-01
3.76049655e-01
-7.76530397e-01
-8.11436135e-01
-5.42075842e-01
6.22538254e-01
4.56998448e-01
8.66983458e-01
6.32132619e-01
-4.14518825e-02
-3.53979902e-01
-7.23178833e-01
3.28401224e-01
1.83719342e-01
-3.14142589e-02
4.71415883e-01
1.04252344e-01
-1.66040849e-01
-6.78258326e-01
2.89909371e-02
-7.53457242e-02
-6.56472523e-02
-2.29808095e-01
0.00000000e+00
1.64354335e-01
2.94217252e-01
-2.86589678e-01
-1.81097280e-01
2.37905241e-02
-4.20638762e-01
0.00000000e+00
9.84681530e-02
-7.03570917e-02
9.83561512e-02
-3.75754328e-01
-2.95269124e-01
-3.05259788e-01
0.00000000e+00
0.00000000e+00
0.00000000e+00
0.00000000e+00
0.00000000e+00
0.00000000e+00
0.00000000e+00
0.00000000e+00
0.00000000e+00
0.00000000e+00
0.00000000e+00
0.00000000e+00
0.00000000e+00
0.00000000e+00
-2.22439970e-01
-2.25925071e-01
-3.75933051e-01
0.00000000e+00
0.00000000e+00
0.00000000e+00
-1.52790764e-01
-3.61649398e-01
-4.88082030e-01
2.50384157e-01
-1.04862336e+00
1.43330763e-01
6.35468772e-01
2.67480615e-02
-6.57479207e-01
0.00000000e+00
-5.98892047e-03
1.35410542e+00
-1.22409353e+00
-7.35392380e-02
6.83270166e-01
4.04914298e-01
2.80867035e-01
-3.84590741e-01
4.49614267e-01
-2.07798799e-01
-1.17449268e-01
0.00000000e+00
0.00000000e+00
0.00000000e+00
1.76924146e-01
-9.16027803e-02
2.09546142e-01
1.36752083e-01
3.65472069e-02
-2.18550550e-01
-2.34294571e-01
-7.18839403e-02
-1.27855589e-01
0.00000000e+00
3.05382970e-01
-2.16164724e-03
3.55839311e-01
3.30773710e-01
-6.01160141e-01
-1.26017882e-01
-2.37073327e-01
-2.10380508e-01
7.20708729e-03
2.44559011e-01
-9.44388244e-01
0.00000000e+00
0.00000000e+00
0.00000000e+00
-5.41658615e-02
-2.78798879e-01
-1.59163364e-01
7.56372403e-01
-5.30931035e-01
-3.70338288e-01
2.76391247e-02
-6.71705555e-02
-4.41502803e-01
0.00000000e+00
4.94109871e-01
-1.01437112e-02
-4.84827424e-01
8.02707931e-01
-1.05456991e-01
-1.38905812e-01
-4.02311953e-01
-7.38072105e-02
5.60619813e-01
-4.68313499e-01
-1.59471103e-01
0.00000000e+00
0.00000000e+00
0.00000000e+00
-3.30431704e-02
6.58696449e-02
1.91672543e-01
1.31451512e-01
-2.22146364e-01
4.35409364e-01
2.02329856e-01
7.07876111e-02
-6.35903419e-01
0.00000000e+00
-2.53136989e-01
9.99172650e-03
-3.15660343e-01
-9.25885447e-02
3.46362833e-01
1.27136938e-01
6.77268393e-02
-3.86291017e-01
-1.32559978e-01
2.63119853e-01
136
-1.79755343e-01
1.67732346e-01
-7.87054154e-03
4.66578344e-03
-3.45577349e-03
-1.53907161e-01
-2.27216189e-03
-1.98246311e-01
1.28297562e-04
5.71241315e-01
-2.90041683e-01
-4.53592957e-01
0.00000000e+00
0.00000000e+00
0.00000000e+00
0.00000000e+00
0.00000000e+00
0.00000000e+00
0.00000000e+00
0.00000000e+00
-4.88550340e-01
-3.23928819e-01
-9.40823513e-02
2.35639082e-01
3.63194919e-01
3.39270955e-02
0.00000000e+00
0.00000000e+00
-4.00818318e-01
3.30212998e-01
-6.98485371e-02
0.00000000e+00
-5.65928687e-01
-1.10006315e-01
5.53673171e-01
0.00000000e+00
-4.70197122e-02
-4.26355881e-01
9.83983724e-02
0.00000000e+00
-1.69566204e-01
-4.08115967e-01
8.96926191e-01
0.00000000e+00
0.00000000e+00
0.00000000e+00
1.91404155e-02
-4.94712035e-01
3.79222166e-01
-1.10786749e-01
-6.21438261e-01
-6.15618646e-01
-4.29020728e-01
4.14333988e-01
-5.69425229e-02
-7.28669095e-01
-2.93909654e-01
-8.28278777e-02
1.59478807e-01
-6.16864245e-02
-1.02283053e-01
-4.28900988e-01
-4.08616372e-01
-1.33396611e-01
-7.50013559e-02
-4.15144474e-01
0.00000000e+00
2.53261412e+00
2.57980711e-01
4.24561218e-01
-2.17149186e-01
0.00000000e+00
-1.34743689e-01
-6.58877202e-03
-8.27024708e-02
2.61958888e-02
0.00000000e+00
0.00000000e+00
0.00000000e+00
0.00000000e+00
0.00000000e+00
0.00000000e+00
0.00000000e+00
0.00000000e+00
0.00000000e+00
0.00000000e+00
5.32783292e-02
6.16622871e-02
-5.95494142e-01
0.00000000e+00
0.00000000e+00
0.00000000e+00
2.99019369e-02
2.39285789e-02
8.90491671e-03
1.02297360e+00
-9.50881475e-01
-1.26738990e-01
3.11736672e-01
1.65175931e-01
-9.82161293e-01
0.00000000e+00
4.40094147e-01
7.37848314e-01
-9.26207067e-01
5.32140325e-01
-2.30851985e-01
3.09404770e-01
-7.35798200e-02
-9.88436122e-01
1.45266863e-01
-4.40134485e-02
-1.14277261e+00
0.00000000e+00
0.00000000e+00
0.00000000e+00
-6.26763731e-02
-8.03406161e-01
-2.53080412e-01
1.21262513e+00
-1.18273588e+00
-6.19260231e-02
2.40304341e-01
3.93183867e-02
-1.15392201e+00
0.00000000e+00
3.71333764e-01
9.17817553e-01
-8.12363395e-01
8.35498248e-01
-4.84110730e-02
1.40055136e-01
-2.29372312e-01
-7.27261188e-01
3.90625269e-01
4.48043865e-02
7 1
-5.8385e-01 3.9580e-01
7 1
1 0 2 4 3 6 5 
217
1.10838914e-02
-3.86192751e-01
-5.86496233e-02
-2.15682058e-01
-2.06234376e-01
-1.31111870e-01
-3.24475955e-01
4.50327172e-01
-8.47558196e-02
2.02530546e-01
2.79036208e-01
-7.36912526e-01
3.47513835e-01
-2.65351562e-01
-4.25706235e-01
4.15880208e-02
3.27451096e-01
3.14467746e-01
-2.63037217e-03
2.28395154e-01
3.29871074e-01
4.61376520e-04
2.10966718e-01
-2.07548694e-01
-1.00171037e-03
4.85845160e-01
1.28929277e-01
-1.99039200e-02
-9.79414655e-02
0.00000000e+00
0.00000000e+00
0.00000000e+00
0.00000000e+00
0.00000000e+00
0.00000000e+00
0.00000000e+00
0.00000000e+00
-2.99979219e-01
-1.45171937e-01
-4.65558171e-02
1.73822914e-02
6.03422709e-02
4.06570208e-02
0.00000000e+00
0.00000000e+00
-2.74389073e-01
1.68062395e-01
1.59936326e-02
0.00000000e+00
-4.82542030e-01
-2.68657482e-01
7.64719514e-01
0.00000000e+00
-4.41637932e-01
-1.78878817e-01
4.89822905e-01
0.00000000e+00
-2.19611377e-01
-5.79762460e-01
1.01796462e+00
-2.75162121e-01
1.18183617e-01
1.68062395e-01
0.00000000e+00
-8.59236364e-01
-4.58295661e-01
5.58774943e-01
4.31074506e-01
3.11545312e-01
3.50644755e-01
-5.32829423e-01
-8.85350988e-01
-9.64122613e-01
8.62204203e-01
4.29017128e-01
5.67060100e-01
5.69626633e-01
-4.35287876e-02
-1.77498101e-01
-5.42721636e-01
9.10332229e-02
-3.07246955e-02
1.41077557e-01
2.72704682e-01
0.00000000e+00
-2.33280463e-01
-9.52628662e-01
2.12197055e-01
-1.79063673e-01
-1.24300120e-01
6.26447234e-01
2.09593020e-01
7.27265029e-04
2.45680801e-02
-1.53123411e-02
-5.84195295e-01
-1.83924052e-01
-7.44791720e-02
0.00000000e+00
4.87155186e-02
2.74911251e-01
8.92618129e-02
-3.96379274e-01
-1.05272676e-01
7.45045432e-02
-3.84806800e-02
-1.22147482e-01
6.01091942e-02
2.76995104e-01
-3.78883364e-01
-1.05283050e-01
3.34159855e-02
0.00000000e+00
0.00000000e+00
0.00000000e+00
0.00000000e+00
0.00000000e+00
0.00000000e+00
0.00000000e+00
2.97477590e-01
-2.96255919e-01
-1.22743609e-01
0.00000000e+00
0.00000000e+00
0.00000000e+00
-5.36191502e-01
2.00563128e-01
-1.16097383e+00
1.23360637e+00
-1.90067858e+00
-7.51028892e-01
1.70567918e+00
9.23613858e-01
-9.07725636e-01
0.00000000e+00
-2.17589666e-02
8.27670797e-02
-2.82346867e-01
1.17770888e+00
4.97881255e-01
8.56303122e-01
8.49345105e-01
-8.57618457e-01
-5.44306600e-01
-6.87582249e-01
-1.70590508e-01
0.00000000e+00
0.00000000e+00
0.00000000e+00
2.36174924e-01
8.49824568e-02
6.44437905e-01
-2.45400728e-01
2.89093298e-01
4.53154136e-01
-3.57454073e-01
-4.68476320e-01
-1.05582980e-01
0.00000000e+00
2.62389211e-01
8.22888370e-02
-1.00094461e-01
-2.34888425e-01
-4.66785639e-01
-4.84065653e-01
-6.54065125e-01
2.22752380e-01
4.78621946e-01
1.92327803e-01
-1.69218157e+00
0.00000000e+00
0.00000000e+00
0.00000000e+00
-1.18369873e-01
-2.14960090e-01
7.53227224e-01
1.03884685e+00
-4.67459752e-01
8.02761228e-01
9.64220843e-01
8.09278372e-01
-2.08563551e-02
0.00000000e+00
7.79889694e-02
2.53722567e-01
-5.30405787e-01
4.32451574e-01
1.24466218e-01
-5.12241100e-01
-3.61891583e-02
-1.69223934e-01
1.87020499e-01
-1.11807135e+00
-3.52082944e-01
0.00000000e+00
0.00000000e+00
0.00000000e+00
6.77276925e-01
-7.80354210e-02
-4.46339600e-02
4.52177032e-01
4.49139603e-02
1.73348499e-01
2.47936213e-02
2.90082161e-01
-3.68205373e-02
0.00000000e+00
5.12409781e-01
8.95918718e-01
2.63026878e-01
7.50220630e-01
4.96159077e-01
7.50858815e-01
-9.71183696e-03
3.57706565e-01
5.87514583e-01
1.00804765e+00
136
-2.29702858e-02
8.61651829e-03
7.12236327e-03
1.37418484e-02
-2.96765326e-03
9.31854156e-03
5.14727385e-04
-5.46471940e-02
5.50902265e-03
3.88759878e-01
-8.93340936e-02
-2.92997566e-01
0.00000000e+00
0.00000000e+00
0.00000000e+00
0.00000000e+00
0.00000000e+00
0.00000000e+00
0.00000000e+00
0.00000000e+00
-4.44477729e-01
-2.21291504e-01
-1.59651375e-01
-7.43505782e-03
4.88982850e-02
5.90846791e-01
1.21683918e-01
0.00000000e+00
1.20016996e-01
-1.75137489e+00
3.65876898e-01
0.00000000e+00
-4.73279962e-01
3.84912452e-01
6.77087961e-01
0.00000000e+00
-7.50104992e-02
2.90124897e-01
1.74267459e-01
0.00000000e+00
-3.31942143e-01
-1.19316781e-01
6.00189484e-01
0.00000000e+00
0.00000000e+00
0.00000000e+00
0.00000000e+00
-4.78701709e-01
4.08801978e-01
-1.04045109e-02
-6.25109189e-01
-2.63575892e-01
-3.81161878e-01
4.27516437e-01
-5.05483418e-02
-5.40039809e-01
-4.53911196e-01
-3.06710100e-01
2.39976716e-01
-2.91598446e-03
-1.03090921e+00
-1.29449762e+00
1.63803498e+00
4.42791237e-01
2.80055942e-01
8.40932382e-03
-1.20884183e-01
-1.52981498e-01
-2.28172992e-01
1.41075961e-02
8.11307221e-02
0.00000000e+00
-7.10561375e-03
1.52817525e-01
-1.00203671e-01
-1.03449259e-01
1.22428267e-01
-1.27325802e-01
-2.46480506e-01
7.49830096e-02
-3.98872579e-02
0.00000000e+00
0.00000000e+00
0.00000000e+00
0.00000000e+00
0.00000000e+00
2.40253295e-01
7.31888528e-02
-5.00750006e-01
0.00000000e+00
0.00000000e+00
0.00000000e+00
2.76574363e-01
-3.48889845e-01
-1.38886119e-01
9.26950349e-01
-8.65585665e-01
-3.11482668e-01
3.05411367e-01
3.95971767e-01
-8.20115155e-01
0.00000000e+00
4.44291484e-01
6.95050165e-01
-7.74786339e-01
5.83580535e-01
-3.60490612e-01
4.04446245e-01
8.14822293e-03
-1.18338444e+00
1.77674548e-01
8.47717889e-02
-1.15369628e+00
0.00000000e+00
0.00000000e+00
0.00000000e+00
-6.48853252e-02
-7.02090676e-01
-2.27732230e-02
1.17116770e+00
-1.30898928e+00
8.27241220e-02
3.59472243e-01
5.13720417e-02
-1.18048403e+00
0.00000000e+00
3.15535430e-01
5.43595089e-01
-9.01953590e-01
8.32090144e-01
1.28039694e-01
1.25119947e-01
-2.61348156e-01
-8.25685523e-01
3.57130356e-01
1.48266768e-01
8 1
-8.7351e-01 4.1982e-01
8 1
1 0 2 4 3 6 5 7 
217
-2.44480230e-02
-4.87707497e-01
-2.60034243e-02
-7.13816005e-01
-4.14837449e-01
5.25267131e-02
-4.89777637e-02
7.68500377e-01
3.39959730e-01
-3.41814457e-01
4.44631207e-02
-7.72630607e-01
5.49443386e-02
1.43767843e-01
2.00689477e+00
-1.43224702e-02
-8.40044803e-01
-8.01868140e-01
-1.06156695e-03
5.64221983e-01
-1.48775947e+00
-7.37554180e-03
1.02949414e+00
2.58284816e-01
-1.64733125e-02
8.07869618e-02
1.69033148e-01
-8.35182024e-02
-1.09962969e-01
0.00000000e+00
0.00000000e+00
0.00000000e+00
0.00000000e+00
0.00000000e+00
0.00000000e+00
0.00000000e+00
0.00000000e+00
-9.79558556e-02
-1.33264617e-01
-2.15470114e-01
-8.14774531e-02
3.40242073e-01
6.24320895e-01
-4.60842952e-01
0.00000000e+00
-5.63513276e-01
-6.57096812e-02
3.54966241e-01
0.00000000e+00
-4.35790564e-01
-1.76849274e-01
6.74344348e-01
0.00000000e+00
-3.50148779e-01
-4.56568164e-03
6.05680803e-01
0.00000000e+00
2.50459191e-02
-7.74436685e-01
6.90451205e-01
-4.16227926e-02
6.57702308e-02
-4.85954613e-02
0.00000000e+00
-1.02548392e+00
-2.77764398e-02
5.30123637e-01
3.41476682e-01
4.70912260e-01
9.54405601e-01
-8.61838522e-01
-4.66490776e-01
-1.14779767e+00
8.41997703e-01
6.45232283e-01
4.61883572e-01
3.88942482e-01
0.00000000e+00
-2.72129731e-02
-1.68004518e+00
1.76219751e-01
9.94810924e-02
-1.73454801e-01
-4.19981686e-01
0.00000000e+00
-2.16474804e-01
1.29986057e+00
1.27854678e-01
1.86613638e-01
6.41721030e-02
1.00971458e+00
5.46638962e-01
-3.13918807e-02
-3.30584948e-01
-1.21939751e-02
-4.15444982e-01
-5.27501129e-01
-3.84011600e-01
0.00000000e+00
1.85570997e-01
-8.95841444e-01
-3.13652725e-01
3.75017150e-01
1.03633706e-01
5.10998903e-02
4.54260524e-01
-2.23172609e-01
-3.05778139e-02
-3.30156234e-02
-4.82091751e-01
-2.22520315e-01
3.15734469e-02
0.00000000e+00
-2.44606712e-01
1.13591832e-01
1.33443460e-01
-1.10952490e-01
8.67152291e-02
1.28128480e-01
4.38543417e-01
-5.09049532e-01
-4.81491340e-01
0.00000000e+00
0.00000000e+00
0.00000000e+00
1.42597565e+00
2.17673098e+00
1.22167501e+00
1.24094973e+00
-4.00305150e-01
-1.55970491e+00
-4.53065770e-01
7.45885057e-01
-9.07946599e-01
0.00000000e+00
7.64919312e-01
-1.46308527e+00
-1.98302306e+00
-6.93325157e-01
-3.81174433e-01
4.96473752e-01
-1.22938013e-01
-9.58688951e-01
4.41916672e-01
-7.27601800e-02
-2.96686597e-02
0.00000000e+00
0.00000000e+00
0.00000000e+00
-6.48941657e-01
-1.19034981e+00
-2.48794010e-01
-3.20129187e-01
4.30983172e-01
5.25524523e-01
5.99051611e-01
-4.65370512e-01
-6.46444405e-01
0.00000000e+00
-4.95622227e-02
8.13933327e-01
4.11075406e-01
8.90067255e-01
-3.33902305e-01
-4.42001544e-01
-1.83980867e-01
4.56979075e-01
3.36680117e-01
3.55133769e-02
-1.43077483e+00
0.00000000e+00
0.00000000e+00
0.00000000e+00
3.20022784e-01
-1.62338384e-01
3.81368216e-02
1.41230514e+00
-5.83758350e-01
-9.31437999e-01
9.24256883e-01
4.33088566e-01
-2.60936234e-02
0.00000000e+00
1.13666130e+00
4.72255762e-01
5.58726618e-03
8.19721863e-01
7.53190701e-01
-1.88970285e-01
-1.00985953e+00
-1.01469266e-01
1.62816714e-01
9.67712009e-01
-8.27238961e-01
0.00000000e+00
0.00000000e+00
0.00000000e+00
5.21008222e-01
1.58356617e-01
5.57014530e-01
7.59639742e-01
4.82594271e-01
1.23326222e+00
4.35741509e-01
4.35500183e-01
-4.78609318e-02
0.00000000e+00
3.09670311e-01
5.52092245e-01
1.77703170e-01
8.78479921e-01
4.53941240e-01
9.03516277e-01
5.96424397e-01
-1.58469409e-01
9.88845160e-01
2.98804532e-01
136
-4.28035787e-01
-1.93047054e-01
6.11334590e-03
-1.24852775e-01
1.21276325e-04
9.73662619e-02
-5.00987968e-04
-2.07502220e-01
7.86323198e-03
-1.30360893e-01
-8.12042758e-02
-2.13405762e-01
0.00000000e+00
0.00000000e+00
0.00000000e+00
0.00000000e+00
0.00000000e+00
0.00000000e+00
0.00000000e+00
0.00000000e+00
-6.09161195e-01
-3.97235540e-01
-2.61369100e-01
-7.34549753e-02
6.05460600e-02
6.85992996e-01
4.51235970e-02
0.00000000e+00
-4.54835874e-01
-2.50895480e-01
-1.50265336e-01
0.00000000e+00
-3.42626008e-01
-2.08271951e-01
7.13637773e-01
0.00000000e+00
-2.50947052e-01
-4.08676712e-01
-9.62348440e-02
0.00000000e+00
1.94242087e-01
-4.08444525e-01
9.93532345e-01
0.00000000e+00
0.00000000e+00
0.00000000e+00
0.00000000e+00
-7.93713667e-01
2.74318372e-01
-1.53288098e-01
-6.42308566e-01
-2.63766265e-01
-3.48650790e-01
4.32149136e-01
-5.40995895e-02
-6.73211661e-01
0.00000000e+00
1.90185960e+00
5.58915342e-01
2.31694519e-01
-4.68962093e-01
-6.53416309e-01
-1.66381595e-01
4.47328372e-03
-6.63644814e-02
-3.13165278e-01
-1.77026613e-01
-4.22977993e-01
-3.16729293e-01
-3.29980521e-02
9.20389250e-02
0.00000000e+00
-4.32941209e-01
2.72322729e-02
-1.37704024e-01
-5.85349996e-03
-1.34102520e-01
-2.70703100e-01
-2.56224425e-01
4.00471333e-02
-1.52217662e-02
0.00000000e+00
1.22562714e+00
2.13827901e-01
2.73133481e-01
-5.25096114e-02
5.59084744e-01
2.24018341e-01
-3.18215030e-01
0.00000000e+00
0.00000000e+00
0.00000000e+00
5.29258464e-01
-1.71306065e-01
-1.73930349e-01
9.48839175e-01
-1.17170802e+00
-3.74537678e-01
3.51020297e-01
6.43545866e-01
-1.23818375e+00
0.00000000e+00
4.83793846e-01
6.42689300e-01
-7.85374756e-01
4.25812673e-01
-1.99977010e-01
4.93750555e-01
3.66199067e-02
-1.01387196e+00
1.34055899e-01
1.21288579e-01
-1.03689504e+00
0.00000000e+00
0.00000000e+00
0.00000000e+00
-9.72983698e-02
-5.53286912e-01
-4.13618061e-03
1.20308835e+00
-1.27678352e+00
1.62171434e-01
3.44571587e-01
1.07292333e-01
-1.11269750e+00
0.00000000e+00
2.85386764e-01
7.00825287e-01
-9.59185795e-01
8.77634477e-01
1.64990725e-01
-4.17717772e-02
-3.86698431e-01
-7.53564001e-01
2.44271908e-01
5.82945721e-02
9 1
-9.1071e-01 4.3356e-01
8 1
1 0 2 4 3 6 5 7 
217
-1.60437674e-01
-2.80432299e-01
7.11338256e-02
-9.38988051e-02
-9.01034652e-02
-1.46172770e-01
-5.68233903e-01
7.69570614e-01
2.47882558e-01
6.76803959e-02
4.34538133e-01
-2.71179785e-01
-1.84520997e-01
8.84970528e-02
1.38481225e-01
-1.62765771e-02
1.75265584e-01
-9.37292935e-01
9.45730073e-03
4.00555772e-01
4.61139657e-01
-5.26227884e-04
2.83767663e-01
1.77234379e-01
1.37284608e-02
1.41868113e-01
9.62916806e-01
-3.88522751e-01
-4.49148235e-01
0.00000000e+00
0.00000000e+00
0.00000000e+00
0.00000000e+00
0.00000000e+00
0.00000000e+00
0.00000000e+00
0.00000000e+00
-9.69214889e-02
-1.02978212e-01
-8.45925636e-02
-1.45097949e-01
-2.86451959e-01
5.20647552e-01
4.93485637e-02
0.00000000e+00
-1.01898771e-01
-1.44535012e-01
-1.83098378e-02
0.00000000e+00
-1.76554507e-01
-3.47443220e-01
5.88018025e-01
0.00000000e+00
2.24122393e-01
-3.22870446e-01
-3.16709568e-02
0.00000000e+00
-4.52264352e-01
-6.41876398e-02
7.01548269e-01
-3.02707358e-01
-8.13796020e-01
9.70457322e-01
0.00000000e+00
-8.93427936e-01
-1.16649426e-01
4.43033419e-01
6.16365362e-01
2.89956843e-01
6.13914534e-01
2.35145222e-01
-7.56132077e-01
-1.35886189e-01
4.53252672e-01
3.08156320e-01
-9.27034909e-02
4.28229058e-01
0.00000000e+00
-4.09554249e-01
0.00000000e+00
1.85408719e-01
1.06130750e-01
6.37078561e-02
2.39136005e-01
0.00000000e+00
-2.15114942e-01
1.36560965e-01
2.91200158e-01
3.05713872e-01
-2.36522890e-01
-6.25539238e-01
5.23404630e-02
2.12286592e-02
-3.45677922e-01
-3.67677319e-01
1.64833683e-01
1.33670523e-01
-6.40204647e-02
0.00000000e+00
-1.40041503e-01
4.41119675e-01
-1.93023861e-01
3.20753877e-02
1.72627690e-01
-7.88283666e-02
6.82088743e-02
2.05434664e-02
-8.11723020e-02
9.71498377e-02
-1.88051436e-01
-3.46339852e-01
-5.92644279e-02
0.00000000e+00
-3.90578178e-01
-1.06446507e-01
3.88496511e-01
-3.19718647e-01
-1.58356008e-01
-1.60689210e-02
6.56187606e-01
-1.80107255e-01
-2.11681791e-02
0.00000000e+00
0.00000000e+00
0.00000000e+00
1.24068670e+00
7.39118027e-02
1.31879923e-02
7.68102056e-01
-7.75315435e-01
-6.37558761e-01
3.14034656e-01
-2.91034685e-01
-5.39894884e-01
0.00000000e+00
1.32413017e+00
1.47966573e-01
-3.32891673e-01
3.25420077e-02
-1.70849887e-01
-4.75543839e-01
1.73529357e-01
-3.04003783e-01
1.00740211e-01
-6.82906755e-01
-1.67567310e-01
0.00000000e+00
0.00000000e+00
0.00000000e+00
-4.10712722e-01
-5.55674643e-01
-1.79054152e-01
2.34908990e-01
-1.75005974e-01
3.79551715e-02
4.86887337e-01
5.17991500e-01
-5.21394979e-01
0.00000000e+00
-5.63007642e-01
-2.01712277e-01
-4.20621499e-01
3.08041987e-01
4.85539956e-02
5.78759390e-01
9.07094574e-02
-4.63977076e-01
2.15411994e-01
8.04373832e-01
-5.64647207e-01
0.00000000e+00
0.00000000e+00
0.00000000e+00
9.43233768e-01
1.24810703e-01
7.91103947e-01
8.82276342e-01
-7.69539432e-01
1.70964714e-01
4.65010795e-01
-8.59503985e-01
-6.23843561e-01
0.00000000e+00
-6.46402185e-01
6.51275493e-02
-7.47208647e-01
1.51730764e-01
-3.65529314e-01
-3.83892324e-02
4.64596699e-02
-1.28691504e-01
9.35899860e-02
-1.19847585e-01
-4.32416782e-01
0.00000000e+00
0.00000000e+00
0.00000000e+00
-4.55369522e-01
-6.34104343e-01
-1.56980107e-01
9.49524214e-02
-3.09203646e-01
5.71133666e-02
9.48635962e-02
8.14263797e-01
-1.84323539e-01
0.00000000e+00
5.86713812e-01
3.17062368e-01
-5.97464531e-01
2.87533404e-01
4.05520758e-01
-3.22603663e-02
-1.85893036e-01
-8.54322300e-01
2.39257563e-01
8.02235223e-02
136
-3.29441590e-01
-2.15304336e-01
5.14718436e-03
-1.95831727e-01
4.23678246e-04
3.33806015e-02
1.35731730e-04
4.83138723e-02
2.17810390e-03
-9.12000821e-02
-3.35414144e-03
-2.16990859e-01
0.00000000e+00
0.00000000e+00
0.00000000e+00
0.00000000e+00
0.00000000e+00
0.00000000e+00
0.00000000e+00
0.00000000e+00
-6.97485100e-01
-4.60634416e-01
-3.52823036e-01
8.57074954e-03
2.34382689e-01
7.92039610e-01
4.99436603e-02
0.00000000e+00
-4.14818799e-01
-4.77077798e-01
-1.17401707e-01
0.00000000e+00
-4.46263844e-01
-2.35434294e-01
7.56176690e-01
0.00000000e+00
-1.78467314e-01
-3.47089506e-01
1.50050373e-01
0.00000000e+00
-1.04959348e-02
-2.43467991e-01
1.07540425e+00
0.00000000e+00
0.00000000e+00
0.00000000e+00
0.00000000e+00
-8.59274429e-01
2.28944041e-01
-1.64848555e-01
-7.87452412e-01
-4.36784948e-01
-4.53816656e-01
4.12863563e-01
-8.97902363e-02
-6.82609007e-01
0.00000000e+00
2.15115650e+00
5.66038717e-01
3.03580321e-01
-4.48743282e-01
-7.36990837e-01
-7.12429785e-02
-4.02809346e-02
-5.67688303e-02
-1.19959255e-01
-2.54738648e-01
-4.49373940e-01
-3.21185453e-01
-3.54601495e-02
-3.20985900e-02
0.00000000e+00
-2.56227666e-01
7.19881626e-03
-1.00985996e-01
-2.16582785e-02
-1.53265846e-01
-3.45320217e-01
-2.55897436e-01
-2.63156668e-03
-6.43288045e-02
0.00000000e+00
1.20499112e+00
2.00487787e-01
2.60011654e-01
-1.74326250e-01
5.23396227e-01
1.57181559e-01
-3.44083663e-01
0.00000000e+00
0.00000000e+00
0.00000000e+00
4.58829441e-01
8.08597698e-02
1.78619343e-02
9.31677158e-01
-8.78673765e-01
-3.75539451e-01
1.98405214e-01
5.55861699e-01
-1.26006048e+00
0.00000000e+00
4.77449325e-01
4.90422495e-01
-8.20388007e-01
5.68611739e-01
-3.04239828e-01
4.01900792e-01
-9.95802178e-03
-9.92469024e-01
1.12539420e-01
2.82592967e-03
-1.10681893e+00
0.00000000e+00
0.00000000e+00
0.00000000e+00
-4.87839648e-02
-7.18212564e-01
-7.07607598e-02
1.28682844e+00
-1.20738974e+00
8.81315021e-02
3.25113021e-01
3.51935062e-02
-1.20702640e+00
0.00000000e+00
3.59116412e-01
6.04603091e-01
-9.28256098e-01
8.23934460e-01
1.33032761e-01
6.34526260e-02
-4.77537227e-01
-7.20033294e-01
4.04366525e-01
1.47408778e-01
10 2
-2.2811e+00 5.1785e-01
8 -1
1 0 2 4 3 6 5 7 
217
-4.32428767e-01
-8.58123384e-01
2.86945216e-01
0.00000000e+00
-3.27541306e-01
1.33102619e+00
1.37967630e-01
-3.01412837e-01
3.59395209e-01
4.68456438e-01
3.19567530e-02
8.32012576e-01
0.00000000e+00
0.00000000e+00
-1.18891593e+00
1.42112279e-03
1.02150772e+00
7.56487162e-01
3.50169779e-02
-4.40193972e-01
0.00000000e+00
0.00000000e+00
0.00000000e+00
0.00000000e+00
0.00000000e+00
0.00000000e+00
0.00000000e+00
1.17627253e+00
1.61005151e+00
0.00000000e+00
0.00000000e+00
0.00000000e+00
0.00000000e+00
0.00000000e+00
0.00000000e+00
0.00000000e+00
0.00000000e+00
1.59676330e-02
-1.13245317e-01
-6.49885814e-01
-3.82783197e-01
-6.12960611e-01
1.32709122e+00
0.00000000e+00
0.00000000e+00
-5.53663149e-01
6.37599127e-01
-3.36910171e-01
0.00000000e+00
-3.86807808e-01
-3.40358626e-01
3.39356365e-01
0.00000000e+00
-3.85059680e-01
-5.27394600e-01
6.41682476e-01
0.00000000e+00
-4.12262823e-02
0.00000000e+00
1.51029054e+00
2.36582427e-02
-5.53103401e-01
9.70163919e-02
0.00000000e+00
-1.22009105e+00
-5.88465423e-01
1.95610118e-01
1.02354652e-01
5.92052168e-01
1.55770066e+00
-1.02686173e+00
-3.39895186e-01
0.00000000e+00
1.12799015e-01
4.88773353e-01
8.21529137e-01
1.30658669e+00
0.00000000e+00
-5.23745996e-01
0.00000000e+00
2.55158635e-01
1.71640988e-01
-1.63841405e-01
-7.27662408e-01
0.00000000e+00
-6.40784262e-01
-2.13496811e+00
4.36506125e-01
-1.26812471e+00
-2.28150629e-01
6.81381276e-01
-1.64626727e+00
2.51891896e-01
0.00000000e+00
1.22190222e+00
-3.11023425e-01
-2.59955612e-01
-3.61363731e-01
0.00000000e+00
5.44102919e-01
0.00000000e+00
-1.06676068e+00
1.42172936e+00
9.02289959e-02
1.43691918e+00
1.54614263e+00
-1.29848362e+00
-3.91169107e-01
-2.31562980e-01
-8.24970059e-01
-4.48524798e-01
1.32885137e-01
0.00000000e+00
-1.95580727e-01
0.00000000e+00
-5.88033562e-01
7.59281620e-01
3.51185523e-01
9.74304637e-01
7.66022528e-01
-3.67875731e-01
-8.88413477e-01
0.00000000e+00
0.00000000e+00
0.00000000e+00
2.76290875e+00
-1.26290816e-03
1.42595568e+00
1.75665984e+00
-6.77349092e-02
-8.31835851e-01
2.56361074e-01
2.92240229e+00
0.00000000e+00
0.00000000e+00
2.12264941e+00
-3.27604959e+00
1.01307467e+00
7.15492915e-01
-7.56844587e-03
2.72709943e+00
1.56166633e+00
-7.62197858e-03
2.65666480e-01
-1.11633229e+00
-1.29332122e+00
0.00000000e+00
0.00000000e+00
0.00000000e+00
8.50897804e-01
-1.66158018e-03
1.05212844e+00
9.16886475e-01
-1.21663760e-01
1.73072754e+00
1.87223033e+00
6.68144707e-01
0.00000000e+00
0.00000000e+00
7.49604291e-01
2.84314785e+00
1.19153901e-01
1.61597085e+00
-1.01220723e-02
4.66666893e-01
4.38923703e-01
-1.30353698e-02
2.38829315e+00
1.78420484e+00
-1.97748939e+00
0.00000000e+00
0.00000000e+00
0.00000000e+00
4.62274689e-01
0.00000000e+00
1.62140381e+00
2.23095046e+00
-4.33150747e-01
2.83546561e+00
2.70548230e+00
2.37218101e+00
-1.16038418e-03
0.00000000e+00
-1.28588473e+00
-3.11432884e+00
-6.37782622e-03
-1.01953095e+00
1.59490602e+00
9.78409899e-01
-3.20708741e-02
-6.99798246e-04
1.55806849e+00
3.10150974e+00
-6.55314961e-01
0.00000000e+00
0.00000000e+00
0.00000000e+00
4.65561375e-01
0.00000000e+00
-2.65536483e-01
1.94194936e-01
-6.71285678e-01
-5.98285621e-01
-1.32936187e+00
-7.19608559e-01
-1.90387440e-03
0.00000000e+00
1.44371678e+00
2.87209172e+00
-1.07081483e-02
1.80290765e+00
-5.25398908e-02
3.05724367e-01
-5.88163855e-02
-2.68958022e-03
-2.94704018e-01
-1.32284752e+00
136
-1.56578517e-01
-2.91149465e-01
6.56597171e-03
-8.44168336e-02
1.06959520e-03
0.00000000e+00
0.00000000e+00
0.00000000e+00
0.00000000e+00
-9.51220830e-01
4.62751071e-01
3.40857498e-01
0.00000000e+00
0.00000000e+00
0.00000000e+00
0.00000000e+00
0.00000000e+00
0.00000000e+00
0.00000000e+00
0.00000000e+00
-8.09332856e-01
-5.42158576e-01
-3.41236876e-01
-5.68571607e-02
1.87083486e-01
8.25851823e-01
4.42112111e-01
0.00000000e+00
-7.95855145e-01
-4.52715721e-01
-3.12360344e-02
0.00000000e+00
-3.03532693e-01
-3.14665799e-01
1.25561486e+00
0.00000000e+00
-6.90921978e-01
-6.23311335e-01
9.92900228e-02
0.00000000e+00
9.36300220e-02
-3.59842555e-02
1.51221702e+00
0.00000000e+00
0.00000000e+00
0.00000000e+00
0.00000000e+00
-9.63789398e-01
2.77198854e-01
-2.32608506e-01
-9.76124535e-01
-7.49613197e-01
-8.16174077e-01
3.33870743e-01
-2.01256064e-01
-6.36801627e-01
0.00000000e+00
9.76863709e-01
2.09914040e-01
-3.01723149e-02
-2.15951527e-01
-2.98726736e-01
8.41881985e-02
8.45247002e-02
-4.79447370e-02
-2.99870160e-01
3.22929525e-02
-2.71215809e-01
-3.42418406e-01
-1.15167729e-02
1.52083979e-01
0.00000000e+00
2.58722702e-01
7.85524299e-02
-6.62938368e-04
6.77871114e-03
-6.58131212e-02
-2.12477930e-01
-1.54096519e-01
-5.16488626e-03
-4.72585825e-02
0.00000000e+00
9.51397473e-01
1.58376273e-01
2.07079264e-01
-1.42157659e-01
7.61739195e-01
3.88791997e-01
-2.73687849e-01
0.00000000e+00
0.00000000e+00
0.00000000e+00
3.52834233e-01
-1.15048142e-01
-7.59241871e-02
9.34158528e-01
-7.23794936e-01
-2.71880825e-01
4.99066824e-01
1.94036698e-01
-1.39967106e+00
0.00000000e+00
3.09429065e-01
6.03962818e-01
-8.90289888e-01
6.11463606e-01
3.17534747e-02
1.42504544e-01
5.91653125e-02
-7.43239981e-01
1.19195433e-01
8.85906283e-02
-9.92090882e-01
0.00000000e+00
0.00000000e+00
0.00000000e+00
-9.56251122e-02
-5.72614575e-01
-2.80569609e-02
1.31770591e+00
-1.19682358e+00
2.15602945e-01
3.48140868e-01
8.67710003e-02
-1.26372534e+00
0.00000000e+00
2.57934764e-01
5.95087609e-01
-9.64176534e-01
8.42916388e-01
7.76979843e-02
1.11715384e-01
-5.16597042e-01
-4.59852004e-01
1.61282241e-01
9.05251712e-02
