0 10 -999999999 -1 -1
1 2 0 -1 -1
0.1306 -0.1364
356
-7.44983463e-03
1.20914697e-01
-1.28364532e-01
-3.41854361e-02
0.00000000e+00
0.00000000e+00
0.00000000e+00
0.00000000e+00
0.00000000e+00
0.00000000e+00
0.00000000e+00
0.00000000e+00
0.00000000e+00
-4.30452290e-01
-2.29600198e-01
6.25867052e-01
0.00000000e+00
0.00000000e+00
0.00000000e+00
0.00000000e+00
0.00000000e+00
0.00000000e+00
0.00000000e+00
0.00000000e+00
0.00000000e+00
0.00000000e+00
0.00000000e+00
0.00000000e+00
0.00000000e+00
0.00000000e+00
0.00000000e+00
0.00000000e+00
0.00000000e+00
0.00000000e+00
0.00000000e+00
0.00000000e+00
0.00000000e+00
0.00000000e+00
0.00000000e+00
0.00000000e+00
0.00000000e+00
0.00000000e+00
0.00000000e+00
0.00000000e+00
0.00000000e+00
0.00000000e+00
0.00000000e+00
0.00000000e+00
0.00000000e+00
0.00000000e+00
0.00000000e+00
-6.99358709e-01
1.96600002e-01
8.70951365e-01
0.00000000e+00
0.00000000e+00
0.00000000e+00
0.00000000e+00
-1.20659912e-01
4.43353082e-02
-3.89879980e-02
1.75259386e-02
-9.54907346e-03
4.37502259e-01
1.88356859e-01
-2.32790869e-01
-2.66097097e-02
-1.63039448e-01
7.56907345e-01
-1.25111750e-02
-3.11676371e-02
1.38393508e-01
-2.01043702e-03
1.19704136e-01
-1.31086593e-02
2.98481083e-03
1.07598187e-01
-8.89642029e-01
4.38208500e-04
3.07944096e-01
3.81522265e-01
2.46272953e-01
1.07055460e-01
-1.78104602e-01
-5.61698394e-01
0.00000000e+00
0.00000000e+00
0.00000000e+00
0.00000000e+00
0.00000000e+00
-8.98834871e-01
-3.47916171e-01
-1.42310472e+00
-5.26951627e-01
-5.04641844e-01
-1.79569795e-01
4.73052921e-01
-1.49035035e-01
5.25409019e-01
2.35785636e-01
3.86231482e-01
2.26910515e-01
0.00000000e+00
0.00000000e+00
2.38173222e+00
1.69924008e+00
-7.96580866e-02
5.89790711e-01
6.11603891e-01
1.39788150e-01
-1.16881972e-01
-4.73546310e-01
-1.13177206e-01
1.18991202e-01
-3.32444363e-01
-1.55602266e+00
-6.09744146e-01
0.00000000e+00
0.00000000e+00
0.00000000e+00
0.00000000e+00
0.00000000e+00
0.00000000e+00
0.00000000e+00
-4.13249583e-01
-2.77803749e-01
-5.57678204e-02
-6.80175659e-02
-6.18240437e-01
-2.69712000e-01
2.60117276e+00
2.77954571e+00
2.60899525e+00
2.63668739e+00
2.75479761e+00
2.74390662e+00
1.05151326e+00
6.24995739e-01
3.36935286e-01
8.32318196e-02
6.98750965e-02
-7.30442464e-02
2.29567837e-01
5.99322318e-01
1.59348867e-01
1.54314773e-01
1.41857470e-01
-1.73710224e-01
6.71096383e-01
0.00000000e+00
0.00000000e+00
0.00000000e+00
0.00000000e+00
0.00000000e+00
0.00000000e+00
0.00000000e+00
-6.75041746e-01
0.00000000e+00
-1.67627811e+00
0.00000000e+00
-2.58872078e-01
-5.94440032e-01
-4.54031872e-01
-1.11224988e+00
-7.12903949e-01
0.00000000e+00
0.00000000e+00
0.00000000e+00
-1.48609956e-01
6.08986902e-01
-1.15692076e-01
-4.84871310e-02
-1.33853155e+00
-6.16866937e-01
-2.93599419e-01
-1.05682435e+00
-3.14189924e-01
0.00000000e+00
7.19177390e-01
1.62738965e+00
-3.05813426e-01
1.15856222e+00
-4.87684174e-01
-1.03000799e-01
-2.91153762e-01
-2.83893759e-01
9.63517176e-01
-3.86190023e-01
-4.09625962e-01
0.00000000e+00
0.00000000e+00
0.00000000e+00
5.54450147e-01
0.00000000e+00
5.40734438e-01
8.02053821e-01
5.00307603e-01
3.70585395e-02
4.95220665e-01
1.04452884e+00
0.00000000e+00
0.00000000e+00
1.92026643e-01
8.45244280e-01
0.00000000e+00
2.62500806e-01
4.80040511e-01
4.50086921e-01
2.47616241e-01
6.33125364e-01
4.92371520e-01
1.04404206e-03
-1.50566644e-01
6.16650552e-02
3.27760957e-02
1.52147233e-01
5.81844992e-01
5.69548934e-01
5.59932358e-02
-5.63877114e-01
8.08464046e-02
0.00000000e+00
0.00000000e+00
0.00000000e+00
-6.32817926e-02
0.00000000e+00
-5.08058653e-02
-3.30657313e-01
6.83159888e-01
6.98185118e-01
5.21197071e-01
-6.52559825e-01
0.00000000e+00
0.00000000e+00
2.02189575e-01
-5.26306074e-01
0.00000000e+00
2.39005172e-01
-1.87364684e-01
-1.97895505e-01
5.48091006e-01
7.31473441e-02
1.29122779e-01
1.22439650e+00
-2.12231699e-01
-2.02103671e-01
-2.55257610e-01
-2.10749106e-01
-5.62337305e-01
-3.20537133e-01
0.00000000e+00
0.00000000e+00
0.00000000e+00
-1.74854260e-02
0.00000000e+00
0.00000000e+00
-2.41800172e-01
-8.86229140e-02
2.52425202e-01
2.00610780e-01
-1.70668992e+00
0.00000000e+00
0.00000000e+00
0.00000000e+00
-8.74590550e-01
9.61569056e-01
-4.72747664e-01
1.26718477e+00
-1.09207260e+00
-7.08231928e-01
-9.26657187e-01
4.61731425e-01
-7.64893153e-01
0.00000000e+00
9.22894176e-01
8.06508659e-01
-9.47835522e-01
1.08530069e+00
-3.72713963e-01
3.65857466e-02
-7.16781897e-01
-2.08171387e-01
-5.42348114e-01
3.78579520e-01
2.67231676e-01
0.00000000e+00
0.00000000e+00
0.00000000e+00
2.93893320e-01
-6.06938177e-01
1.27128239e-01
7.83479126e-02
1.97026444e-01
2.91346113e-02
5.42047077e-01
2.61737541e-02
-8.56245338e-01
0.00000000e+00
-9.85999215e-02
3.29375771e-02
-2.57022336e-01
1.46258305e-02
2.89280110e-01
8.09309658e-02
9.58775401e-02
2.54141215e-01
1.58779845e-01
-1.34286992e-01
-5.78853716e-01
-6.93616872e-02
0.00000000e+00
-1.75203995e-01
2.93729236e-02
5.51836356e-01
2.18882728e-01
-8.40080770e-01
-5.24848357e-01
0.00000000e+00
0.00000000e+00
0.00000000e+00
-4.06039690e-01
7.14954884e-01
-1.32698725e-01
1.80775758e-01
-3.89420732e-01
-6.92655782e-02
-3.14736324e-01
2.68853023e-01
-9.69606957e-02
0.00000000e+00
-2.16473351e-02
2.83265725e-01
3.97861804e-02
-2.83088187e-02
2.50295135e-01
8.53616012e-02
-2.25674879e-01
-2.63316866e-01
-2.08155335e-01
-1.91915687e-01
-5.09492029e-01
0.00000000e+00
-8.14772648e-01
-6.34812945e-02
-1.12783620e+00
-5.25078345e-01
0.00000000e+00
0.00000000e+00
-1.79185660e-01
3.76436813e-01
-1.44812219e-01
-7.56702939e-01
-6.02757855e-01
0.00000000e+00
0.00000000e+00
-4.21137917e-01
247
-3.32034181e-01
-1.60892916e-01
-1.71141265e-01
-2.82891154e-01
1.21998239e-01
0.00000000e+00
0.00000000e+00
0.00000000e+00
0.00000000e+00
0.00000000e+00
0.00000000e+00
0.00000000e+00
0.00000000e+00
0.00000000e+00
0.00000000e+00
0.00000000e+00
0.00000000e+00
0.00000000e+00
0.00000000e+00
0.00000000e+00
0.00000000e+00
0.00000000e+00
0.00000000e+00
0.00000000e+00
0.00000000e+00
0.00000000e+00
0.00000000e+00
0.00000000e+00
0.00000000e+00
0.00000000e+00
0.00000000e+00
0.00000000e+00
0.00000000e+00
0.00000000e+00
0.00000000e+00
0.00000000e+00
0.00000000e+00
0.00000000e+00
0.00000000e+00
0.00000000e+00
0.00000000e+00
-5.23934605e-01
8.95300596e-03
-5.27674629e-01
9.75439553e-03
4.15956716e-02
1.00624602e-02
6.77979381e-01
4.95746649e-04
-1.83379968e-01
-4.82277541e-01
-7.94719035e-01
-6.50471904e-01
1.82176787e+00
0.00000000e+00
0.00000000e+00
0.00000000e+00
0.00000000e+00
0.00000000e+00
3.12755704e+00
2.41752007e+00
5.22070168e-01
4.29827704e-01
6.15263139e-01
4.04442957e-01
-7.08290545e-01
-6.42136030e-01
-4.22676445e-01
-2.09589277e-01
-4.64889288e-01
-5.40868680e-03
0.00000000e+00
0.00000000e+00
0.00000000e+00
0.00000000e+00
0.00000000e+00
0.00000000e+00
0.00000000e+00
0.00000000e+00
3.75445499e-01
-7.58235869e-02
-3.63238141e-01
-8.36830199e-01
-9.80855358e-01
-8.54818053e-01
2.44345981e+00
4.33151236e+00
4.80746438e+00
4.94653008e+00
4.85275265e+00
5.30808531e+00
0.00000000e+00
1.12954044e+00
2.22735780e-02
2.39429810e-01
4.21920905e-02
-3.03982898e-01
0.00000000e+00
5.97133880e-01
2.63896040e-01
3.89435289e-01
7.09060289e-01
-4.91039969e-01
6.21177394e-01
0.00000000e+00
0.00000000e+00
0.00000000e+00
-9.39777158e-01
0.00000000e+00
-1.90133570e+00
0.00000000e+00
-9.59552021e-01
-5.98703499e-01
-5.85026691e-01
-1.40511683e+00
-1.55825552e+00
0.00000000e+00
0.00000000e+00
0.00000000e+00
3.38643534e-01
4.20047779e-01
9.25084400e-02
6.57279671e-01
-7.80744228e-01
1.55364903e-01
-4.94933523e-01
1.44642128e-01
-7.28705925e-01
0.00000000e+00
1.30411396e+00
1.23162451e+00
1.25441380e-01
7.11228429e-01
-1.44437771e+00
6.08595233e-01
2.80555110e-01
0.00000000e+00
-5.33199009e-01
1.18282923e-01
1.40994613e-01
7.88282656e-01
1.55179905e-01
1.97400045e-01
0.00000000e+00
-6.57559014e-01
0.00000000e+00
0.00000000e+00
0.00000000e+00
0.00000000e+00
0.00000000e+00
0.00000000e+00
5.92696907e-01
0.00000000e+00
0.00000000e+00
0.00000000e+00
8.93166526e-01
0.00000000e+00
0.00000000e+00
0.00000000e+00
3.35719144e-01
0.00000000e+00
0.00000000e+00
0.00000000e+00
4.05925916e-01
0.00000000e+00
0.00000000e+00
0.00000000e+00
0.00000000e+00
-6.47288043e-01
2.23139329e-01
-2.95942190e-01
1.25587691e-02
-1.69925013e+00
0.00000000e+00
0.00000000e+00
0.00000000e+00
0.00000000e+00
4.85845444e-02
-1.20454543e-01
0.00000000e+00
5.80240009e-02
-1.99014352e+00
0.00000000e+00
0.00000000e+00
0.00000000e+00
-6.43181062e-01
1.13661662e+00
-2.62595407e-01
3.22311768e-01
-7.35717377e-01
-3.08220703e-01
-1.82997155e-01
-7.31733074e-02
1.88139052e-01
0.00000000e+00
6.59593547e-01
1.03796766e+00
-5.20435048e-01
1.28962427e+00
-1.23922330e+00
3.03367165e-01
9.09256552e-02
0.00000000e+00
7.38150156e-01
-3.51069749e-02
-1.00812756e+00
-4.58364953e-01
0.00000000e+00
5.49591900e-01
2.18508834e-01
4.82151946e-02
0.00000000e+00
0.00000000e+00
0.00000000e+00
3.00207050e-01
2.36192942e-01
2.82454374e-01
2.88192009e-01
2.46334573e-01
3.39901762e-01
3.75666671e-01
5.88751804e-02
0.00000000e+00
0.00000000e+00
2.30239178e-01
1.95400139e-01
2.57599177e-01
2.33159752e-01
2.83613249e-01
1.46450753e-01
3.09692307e-01
0.00000000e+00
2.20156788e-02
2.44743657e-01
-5.49762602e-01
0.00000000e+00
-1.31603450e-01
1.47232096e-01
-9.82015963e-01
-1.26661738e-01
0.00000000e+00
0.00000000e+00
2.97760157e-01
-8.55354225e-01
0.00000000e+00
0.00000000e+00
0.00000000e+00
2 -999999999 -999999999 0 -1
1 0 0 1 -1
-1.4217e-01 1.9561e-01
356
-9.94212465e-01
0.00000000e+00
0.00000000e+00
0.00000000e+00
0.00000000e+00
0.00000000e+00
0.00000000e+00
0.00000000e+00
0.00000000e+00
0.00000000e+00
0.00000000e+00
0.00000000e+00
0.00000000e+00
0.00000000e+00
0.00000000e+00
0.00000000e+00
0.00000000e+00
0.00000000e+00
0.00000000e+00
0.00000000e+00
0.00000000e+00
0.00000000e+00
0.00000000e+00
0.00000000e+00
0.00000000e+00
0.00000000e+00
0.00000000e+00
0.00000000e+00
0.00000000e+00
0.00000000e+00
0.00000000e+00
2.01342883e-01
-1.19555535e+00
-1.31306309e+00
-1.56008725e-01
1.65067221e-01
-1.40667041e-01
1.00754827e+00
8.21852557e-01
5.06857704e-01
8.52442009e-01
0.00000000e+00
0.00000000e+00
0.00000000e+00
0.00000000e+00
0.00000000e+00
0.00000000e+00
0.00000000e+00
0.00000000e+00
0.00000000e+00
0.00000000e+00
-6.11494106e-01
1.55651091e-01
-6.50437168e-01
0.00000000e+00
0.00000000e+00
0.00000000e+00
0.00000000e+00
9.29047002e-01
-3.69328021e-01
4.55178791e-01
-9.32855326e-01
-6.56441054e-01
1.35260614e-01
-7.83162489e-01
4.21826363e-01
-9.38834715e-01
-2.69176372e-01
2.26239320e+00
-7.40171926e-04
5.14150258e-01
8.60657819e-01
9.38598913e-04
9.28873850e-01
0.00000000e+00
0.00000000e+00
0.00000000e+00
0.00000000e+00
0.00000000e+00
0.00000000e+00
0.00000000e+00
-6.72550457e-01
-8.86829076e-01
-5.29721616e-01
0.00000000e+00
0.00000000e+00
0.00000000e+00
0.00000000e+00
0.00000000e+00
0.00000000e+00
-2.30585038e-01
-1.88233054e-01
-2.88904366e-01
-2.48997242e-01
1.85850106e+00
3.30283080e-01
-1.79699119e-01
-8.32448913e-02
-1.89020755e-01
-9.46834835e-02
-9.62255608e-02
5.31619310e-02
0.00000000e+00
0.00000000e+00
4.03594026e+00
2.04574917e+00
5.21794903e-01
1.43598795e+00
5.38948555e-01
9.57763784e-03
-1.03769154e+00
-1.49651249e+00
-3.02614582e-01
-6.94870586e-03
-5.21088930e-01
-1.01658265e+00
-8.97756348e-01
0.00000000e+00
0.00000000e+00
0.00000000e+00
0.00000000e+00
0.00000000e+00
0.00000000e+00
0.00000000e+00
-4.00762465e-01
-4.15333238e-01
-5.27199598e-01
-4.03186158e-01
-7.45466694e-01
-5.48013485e-01
7.12043781e+00
7.20700246e+00
6.73391805e+00
7.34909759e+00
7.40366960e+00
7.02727923e+00
1.72602416e-02
-1.05825172e-01
-1.39420511e-01
-5.03377010e-01
-3.16675045e-01
-3.53132196e-01
0.00000000e+00
5.59819448e-01
-2.30465789e-01
3.37182459e-01
1.43333366e-01
-5.56808191e-01
-2.78949875e-02
0.00000000e+00
0.00000000e+00
0.00000000e+00
0.00000000e+00
0.00000000e+00
0.00000000e+00
0.00000000e+00
-9.66317478e-01
0.00000000e+00
-3.41557642e+00
0.00000000e+00
-1.39375623e+00
-1.84008126e+00
-2.20820078e-01
-9.57073433e-01
-1.61457631e+00
0.00000000e+00
0.00000000e+00
0.00000000e+00
-5.44877199e-01
1.35049870e+00
-1.02963998e+00
-7.58548234e-03
-8.94150804e-01
-7.80455460e-01
-9.38727511e-01
-8.73802151e-01
3.17936370e-01
0.00000000e+00
2.01132093e-02
1.65582402e+00
3.11048447e-01
1.24138664e+00
-1.82922515e+00
2.67856774e-01
-2.42273471e-01
5.65949906e-01
5.38240271e-01
-7.42693440e-01
4.73844927e-02
0.00000000e+00
0.00000000e+00
0.00000000e+00
8.67260003e-01
0.00000000e+00
9.10900732e-01
3.74719310e-01
0.00000000e+00
0.00000000e+00
6.27150239e-01
7.19589043e-01
0.00000000e+00
0.00000000e+00
4.29740778e-01
0.00000000e+00
0.00000000e+00
0.00000000e+00
7.17645737e-01
3.56795846e-01
7.74325929e-01
0.00000000e+00
0.00000000e+00
7.28411069e-01
-6.80095242e-01
-8.72220246e-01
-1.20925179e+00
3.37031540e-01
0.00000000e+00
8.97265196e-01
2.36720747e-01
0.00000000e+00
-8.20046298e-01
0.00000000e+00
0.00000000e+00
0.00000000e+00
1.75961417e-01
0.00000000e+00
8.32425512e-02
8.86777558e-01
0.00000000e+00
0.00000000e+00
4.59115177e-01
-5.80914288e-01
0.00000000e+00
0.00000000e+00
1.16751586e+00
0.00000000e+00
0.00000000e+00
0.00000000e+00
-5.23616509e-01
2.34076695e-01
4.84216219e-01
0.00000000e+00
0.00000000e+00
-3.04238984e-01
1.92125004e-01
-1.05967103e+00
1.25179603e+00
0.00000000e+00
-9.34481064e-01
0.00000000e+00
0.00000000e+00
0.00000000e+00
0.00000000e+00
0.00000000e+00
0.00000000e+00
0.00000000e+00
-4.12945083e-01
-4.12945083e-01
0.00000000e+00
0.00000000e+00
-2.79715469e+00
0.00000000e+00
0.00000000e+00
0.00000000e+00
1.94064321e-02
8.95589770e-01
-2.58908885e-01
1.06202678e+00
-1.55016848e+00
-6.55608018e-01
1.93289832e-02
4.78089472e-01
-1.79878341e+00
0.00000000e+00
1.57360261e-01
8.72513518e-01
-1.29941053e+00
1.35730725e+00
-1.07471038e-01
-1.13950233e-01
-4.70176077e-01
-6.69534092e-01
-4.07722576e-01
-3.27043816e-01
1.09270068e-01
0.00000000e+00
0.00000000e+00
0.00000000e+00
6.35670362e-01
-4.12107235e-01
2.51719602e-01
2.96489990e-01
5.56486897e-01
1.69690628e-01
3.40492066e-01
2.82899448e-01
0.00000000e+00
0.00000000e+00
3.51287177e-01
-1.96515804e-01
2.30257875e-01
2.57269958e-01
-2.07199784e-01
3.72018315e-01
7.22998470e-01
-3.26372940e-01
3.88309250e-01
5.40481760e-01
-9.38645794e-01
-5.72136936e-01
0.00000000e+00
-8.02746631e-01
-4.09224401e-01
6.26423297e-01
-1.47098306e-01
0.00000000e+00
-6.65701973e-01
0.00000000e+00
0.00000000e+00
0.00000000e+00
-1.03358454e+00
1.86128113e+00
1.02441043e+00
7.03105746e-01
2.77665208e-01
2.46566567e-01
-1.06732559e-01
7.33914160e-01
0.00000000e+00
0.00000000e+00
-3.18124032e-01
1.43277042e+00
-4.91239315e-02
-1.62820749e-01
1.07357164e+00
5.28525036e-01
-4.51933992e-01
-3.17199547e+00
-5.59467754e-01
2.74776537e-01
-3.66508858e-01
0.00000000e+00
-4.51679722e-01
-3.25965593e-01
-1.85850890e+00
-1.26794432e+00
0.00000000e+00
0.00000000e+00
-5.90269672e-01
7.63268691e-01
-8.73657442e-01
0.00000000e+00
-5.90564575e-01
0.00000000e+00
0.00000000e+00
-6.38450821e-01
247
-2.74398617e+00
0.00000000e+00
0.00000000e+00
0.00000000e+00
0.00000000e+00
0.00000000e+00
0.00000000e+00
0.00000000e+00
0.00000000e+00
0.00000000e+00
0.00000000e+00
0.00000000e+00
0.00000000e+00
0.00000000e+00
0.00000000e+00
0.00000000e+00
0.00000000e+00
0.00000000e+00
0.00000000e+00
0.00000000e+00
0.00000000e+00
0.00000000e+00
0.00000000e+00
0.00000000e+00
0.00000000e+00
0.00000000e+00
0.00000000e+00
-1.23829263e+00
-1.50569354e+00
-8.89150743e-01
-3.49141889e-01
-5.75727682e-01
7.70805686e-01
-6.34734325e-02
0.00000000e+00
0.00000000e+00
0.00000000e+00
0.00000000e+00
0.00000000e+00
0.00000000e+00
0.00000000e+00
2.24449088e+00
2.63901686e-02
3.02147878e+00
3.58708216e-03
0.00000000e+00
0.00000000e+00
0.00000000e+00
0.00000000e+00
0.00000000e+00
3.35644193e+00
3.23575533e+00
3.54391594e+00
4.35317969e+00
0.00000000e+00
0.00000000e+00
0.00000000e+00
0.00000000e+00
0.00000000e+00
3.60811852e+00
2.33905035e+00
7.31940001e-01
5.23270135e-01
2.74464222e-02
3.07304986e-02
-5.94702174e-01
-9.49259060e-01
-2.40285434e-01
-6.43839393e-02
-7.28883296e-01
-3.52277648e-01
-1.46193613e+00
0.00000000e+00
0.00000000e+00
0.00000000e+00
0.00000000e+00
0.00000000e+00
0.00000000e+00
0.00000000e+00
-4.97391134e-01
-8.67638559e-01
-5.24179385e-01
-8.34760987e-01
-1.07032530e+00
-1.24907700e+00
8.02730243e+00
8.15525706e+00
8.00247677e+00
8.06419312e+00
8.36281685e+00
8.40573033e+00
3.21163757e-01
-5.00014052e-01
-5.04658568e-01
-4.17507269e-01
-9.65937140e-01
-4.48567302e-01
0.00000000e+00
3.72943556e-01
-4.77162130e-01
-3.08795376e-01
-3.28688417e-01
-5.77738885e-01
-2.30574176e-01
0.00000000e+00
0.00000000e+00
0.00000000e+00
-2.51341199e+00
0.00000000e+00
-4.09047954e+00
0.00000000e+00
-1.32010775e+00
-9.41517393e-01
-1.28285694e+00
-1.33731308e+00
-2.26162515e+00
0.00000000e+00
0.00000000e+00
0.00000000e+00
-3.32960900e-01
1.09843901e+00
-3.02177937e-02
4.14428991e-01
-1.35571253e+00
-1.43145504e-01
-8.30474181e-01
-6.50996652e-01
-4.94307793e-01
0.00000000e+00
-1.60969994e-01
1.47721405e+00
-3.89632461e-02
9.93978842e-01
-5.43886312e-01
3.34130794e-01
1.58508258e-01
-1.30308736e+00
-7.28016568e-01
-1.25586249e-01
-5.93101842e-01
-2.17128436e-02
-2.32926717e-01
2.11213874e-01
0.00000000e+00
-1.98846325e-01
0.00000000e+00
0.00000000e+00
0.00000000e+00
3.99089785e-01
0.00000000e+00
5.27019847e-01
4.15396398e-01
0.00000000e+00
0.00000000e+00
0.00000000e+00
7.68394819e-01
0.00000000e+00
0.00000000e+00
3.74217173e-01
0.00000000e+00
0.00000000e+00
0.00000000e+00
7.36813603e-01
8.13210157e-02
1.69197572e-01
0.00000000e+00
0.00000000e+00
1.82605503e-02
-5.71388999e-01
-2.70259162e-01
-3.01129837e-01
0.00000000e+00
-1.66852330e+00
0.00000000e+00
0.00000000e+00
0.00000000e+00
0.00000000e+00
-3.70128395e-01
-3.70128395e-01
0.00000000e+00
0.00000000e+00
-2.62017001e+00
0.00000000e+00
0.00000000e+00
0.00000000e+00
-9.92081511e-01
3.58975150e-01
-6.76107897e-01
1.09027008e+00
-1.79077778e+00
-3.21538488e-01
-1.00963991e-01
-1.04587656e-01
-1.61797360e+00
0.00000000e+00
4.70777959e-01
8.41716808e-01
-1.52762984e+00
1.05980621e+00
7.45745457e-02
2.08684856e-01
-1.78430308e-01
1.35877553e-01
-3.15980604e-02
4.80835953e-01
-1.12518630e+00
-3.98997958e-01
0.00000000e+00
-1.44303525e-01
-5.50927531e-01
-4.80151960e-01
0.00000000e+00
0.00000000e+00
0.00000000e+00
7.81766462e-01
2.69039354e-01
1.93688433e-01
7.66566684e-01
0.00000000e+00
0.00000000e+00
5.83067352e-01
1.29829645e+00
0.00000000e+00
0.00000000e+00
8.84008224e-01
5.96013397e-01
0.00000000e+00
6.11380429e-01
7.60054546e-01
8.11476139e-01
0.00000000e+00
1.09560793e+00
7.67260673e-01
9.47302711e-01
-7.26188337e-01
0.00000000e+00
-1.15951100e-01
-3.99379152e-01
-1.49498372e+00
-8.83858977e-01
0.00000000e+00
0.00000000e+00
-1.52444011e-01
-6.11124740e-01
0.00000000e+00
0.00000000e+00
-8.33049121e-01
1 -999999999 6 0 2
1 0 2 1 1
-1.1538e-01 2.5054e-01
356
-4.33889827e-01
0.00000000e+00
0.00000000e+00
0.00000000e+00
0.00000000e+00
0.00000000e+00
0.00000000e+00
0.00000000e+00
0.00000000e+00
0.00000000e+00
0.00000000e+00
0.00000000e+00
0.00000000e+00
0.00000000e+00
0.00000000e+00
0.00000000e+00
-1.66082099e-02
0.00000000e+00
1.20634941e-01
1.08519602e-01
3.13838373e-01
3.57568954e-01
0.00000000e+00
0.00000000e+00
0.00000000e+00
0.00000000e+00
0.00000000e+00
0.00000000e+00
-2.45734386e-01
1.11640644e-01
2.54728682e-01
2.72832666e-01
-7.06722493e-01
-1.15164011e+00
-5.34539644e-01
-5.75802584e-02
-2.03403387e-01
7.35248420e-01
6.36732589e-01
6.89224356e-01
5.44948753e-01
6.68935906e-02
-5.00783417e-01
-4.20863218e-01
1.37110602e-01
4.27654600e-01
2.07780633e-01
3.31347288e-01
6.69822242e-02
1.56409521e-01
1.30645657e-01
-4.57657187e-01
2.66245215e-01
-4.90597506e-01
0.00000000e+00
0.00000000e+00
0.00000000e+00
0.00000000e+00
-2.47615913e-01
3.26088726e-01
-5.16214053e-02
1.99535712e-01
1.29956031e-01
-7.78695905e-02
1.31977830e-01
-3.06987899e-01
-3.96586370e-01
5.92333427e-01
1.37423994e+00
-4.95777686e-03
2.64928733e-01
-4.88459062e-01
3.99565368e-03
8.44367791e-01
-2.05833582e-01
-4.12737193e-02
1.00502932e+00
0.00000000e+00
0.00000000e+00
0.00000000e+00
-9.14138814e-02
-5.68001799e-01
-8.47792017e-01
-1.86883881e-01
1.26421947e+00
0.00000000e+00
0.00000000e+00
0.00000000e+00
0.00000000e+00
0.00000000e+00
-3.01680964e-01
-1.48882472e-01
-4.25038653e-01
-3.04021556e-01
-5.67701773e-01
-1.63842490e-01
-3.18725662e-02
-2.22739148e-01
-1.91218317e-01
6.72275969e-02
4.26457386e-01
2.20515469e-01
0.00000000e+00
0.00000000e+00
2.88247874e+00
1.76872530e+00
7.40558499e-01
9.21539748e-01
5.34242289e-01
8.59167937e-02
-7.15368704e-01
-1.28374576e+00
-2.81810972e-01
1.63989080e-01
-9.44957222e-01
-6.89911929e-01
-1.14253066e+00
0.00000000e+00
0.00000000e+00
0.00000000e+00
0.00000000e+00
0.00000000e+00
0.00000000e+00
0.00000000e+00
4.41911958e-01
-7.29133096e-03
-1.83317988e-01
-6.74270514e-01
-6.31323397e-01
-8.52879774e-01
5.25486419e+00
5.63980008e+00
5.40151846e+00
5.55598344e+00
5.84182604e+00
5.59446903e+00
1.97301248e-01
1.63791242e-04
-1.84197238e-01
-4.90590220e-01
-5.91567265e-01
-2.00908883e-01
0.00000000e+00
-6.30211641e-01
-8.52480827e-01
-9.66479899e-01
-3.19623485e-01
-9.51738867e-01
2.83142863e-01
0.00000000e+00
0.00000000e+00
0.00000000e+00
0.00000000e+00
0.00000000e+00
0.00000000e+00
0.00000000e+00
-4.44539903e-01
0.00000000e+00
-1.90834137e+00
0.00000000e+00
-9.78069179e-01
-1.08034107e+00
-4.29958014e-01
-1.04195281e+00
-1.40802719e+00
0.00000000e+00
0.00000000e+00
0.00000000e+00
-5.10525948e-01
7.25763572e-01
2.20390777e-01
2.63587371e-01
-1.05438826e+00
-5.01780701e-02
-5.79188893e-01
-1.57765219e-01
-2.08763108e-01
0.00000000e+00
5.22301343e-02
1.50940859e+00
-2.22280163e-01
9.07989601e-01
-1.87010607e+00
-2.64472177e-01
2.57783296e-02
-1.13858654e-01
4.12614764e-01
-4.94263778e-01
-4.33130066e-01
0.00000000e+00
0.00000000e+00
0.00000000e+00
7.97533477e-01
0.00000000e+00
1.32614709e-01
8.45169650e-01
0.00000000e+00
-2.28165838e-01
1.88634972e-01
7.91996464e-01
0.00000000e+00
0.00000000e+00
3.80213658e-01
0.00000000e+00
5.32741802e-01
5.30616506e-01
1.13544267e+00
8.93144474e-01
6.80609234e-01
0.00000000e+00
0.00000000e+00
4.97978409e-01
-6.51091503e-01
-3.49718943e-01
-4.13975701e-01
6.42567587e-02
0.00000000e+00
1.23897624e+00
7.57464686e-01
0.00000000e+00
-3.08319855e-01
0.00000000e+00
0.00000000e+00
0.00000000e+00
-7.45695467e-01
0.00000000e+00
1.32173710e+00
5.09392374e-01
0.00000000e+00
1.62863603e+00
6.06278453e-01
-3.09281719e-01
0.00000000e+00
0.00000000e+00
-2.51339905e-01
0.00000000e+00
-4.98951254e-01
4.87454727e-01
-1.47845769e+00
-4.30216431e-01
-2.83688539e-01
0.00000000e+00
0.00000000e+00
-1.25012048e-01
-3.01372560e-01
-4.33180327e-03
-2.97040757e-01
0.00000000e+00
-7.56935691e-01
0.00000000e+00
0.00000000e+00
0.00000000e+00
0.00000000e+00
0.00000000e+00
0.00000000e+00
0.00000000e+00
-1.28585454e-01
-1.28585454e-01
0.00000000e+00
0.00000000e+00
-2.12229388e+00
0.00000000e+00
0.00000000e+00
0.00000000e+00
-1.27523889e+00
1.30693352e-01
-5.42210204e-01
7.45399222e-01
-1.34455414e+00
-7.07266163e-01
-3.28092957e-01
-6.36750337e-01
-8.31269844e-01
0.00000000e+00
7.60936066e-02
1.83553933e+00
-1.61431992e+00
9.95005851e-01
8.61683540e-01
4.57874910e-01
4.21940133e-01
-3.72234106e-01
2.01010743e-01
-1.95598011e-01
-2.88927869e-01
0.00000000e+00
0.00000000e+00
0.00000000e+00
6.08739284e-01
1.16410928e-01
4.64848558e-01
2.72219822e-01
2.29170017e-01
4.05750071e-01
3.69856304e-01
6.09565943e-01
0.00000000e+00
0.00000000e+00
3.11256748e-01
-1.22421016e-01
8.09581392e-01
4.96471261e-01
-2.73304082e-01
2.04706221e-01
1.06905592e-01
7.44250995e-01
2.98721452e-01
6.41319191e-01
-1.16502506e+00
-3.49167822e-01
0.00000000e+00
-5.62618814e-01
-5.99866650e-01
9.37784203e-01
4.07654156e-02
-1.32771744e+00
-4.02022589e-01
0.00000000e+00
0.00000000e+00
0.00000000e+00
1.05146669e-01
-3.09204133e-01
-1.30957482e-01
-4.94709984e-01
4.03623057e-01
-1.99664143e-01
1.88179227e-01
-7.92531462e-02
0.00000000e+00
0.00000000e+00
3.15083895e-01
3.73903803e-01
-1.31423947e-01
-1.88221399e-01
4.41131678e-01
-7.78679986e-02
-2.11535716e-01
-6.10445502e-01
1.41333404e-01
-2.16107290e-01
-8.15857238e-01
0.00000000e+00
3.62311117e-01
-2.56225287e-01
-9.57268824e-01
-7.31173247e-01
0.00000000e+00
1.75382535e-01
2.72422857e-02
5.53652444e-01
-1.42219184e-01
0.00000000e+00
-2.26095576e-01
0.00000000e+00
0.00000000e+00
-2.69162304e-01
247
-3.48753124e-01
0.00000000e+00
0.00000000e+00
0.00000000e+00
0.00000000e+00
0.00000000e+00
0.00000000e+00
0.00000000e+00
0.00000000e+00
0.00000000e+00
0.00000000e+00
0.00000000e+00
0.00000000e+00
0.00000000e+00
-9.01223946e-01
5.52470822e-01
-4.09824409e-01
-4.91399537e-01
-7.39456047e-01
0.00000000e+00
0.00000000e+00
0.00000000e+00
0.00000000e+00
0.00000000e+00
0.00000000e+00
0.00000000e+00
0.00000000e+00
3.71449736e-01
-7.20202860e-01
1.41072713e+00
-1.03927739e+00
2.46984250e-01
5.36662342e-01
-4.06786002e-01
3.54277224e-01
-7.03030348e-01
1.62383904e+00
-1.26956181e+00
0.00000000e+00
-5.35638256e-01
-4.64808980e-01
1.17880670e+00
9.73832738e-03
1.28674793e+00
-5.96858791e-03
5.96569788e-01
-3.56553544e-02
0.00000000e+00
0.00000000e+00
1.28965771e-01
-2.23857001e-01
-2.63639364e-01
-1.92645001e-01
2.45305898e-01
0.00000000e+00
0.00000000e+00
0.00000000e+00
0.00000000e+00
0.00000000e+00
3.59684161e+00
2.22586404e+00
4.23966055e-02
4.35756715e-01
4.27747756e-01
1.95778031e-01
-2.44480905e-01
-3.64086257e-01
-8.60368463e-01
-3.17103228e-01
-9.88406939e-01
-1.19598145e+00
-5.68174196e-01
0.00000000e+00
0.00000000e+00
0.00000000e+00
0.00000000e+00
0.00000000e+00
0.00000000e+00
0.00000000e+00
-2.53212879e-01
-3.57051733e-01
-4.47504829e-01
-2.90677325e-01
-6.33125834e-01
-5.62850283e-01
6.48448270e+00
6.17025000e+00
6.28551393e+00
6.39029493e+00
6.33739552e+00
6.01979865e+00
-3.10554740e-01
-4.89375156e-01
-1.09113651e+00
-7.48519657e-01
-7.87107558e-01
-5.37316930e-01
0.00000000e+00
8.13205270e-01
-3.75479396e-02
3.90263797e-01
1.36795254e-01
-2.96347347e-01
4.93111946e-01
0.00000000e+00
0.00000000e+00
0.00000000e+00
-8.41865071e-01
0.00000000e+00
-2.31605819e+00
0.00000000e+00
-1.21616245e+00
-4.13374100e-01
-1.60003874e+00
-7.04120551e-01
-1.62953655e+00
0.00000000e+00
0.00000000e+00
0.00000000e+00
-1.34894805e-01
5.49801984e-01
-9.18636548e-02
-2.29488033e-01
-1.20666586e+00
-7.15492866e-01
-1.86626495e-01
-7.27300106e-01
-7.66580901e-01
0.00000000e+00
6.80834084e-01
1.49092338e+00
-5.78072095e-01
7.46245106e-01
-4.89992587e-01
3.10224162e-02
2.11485688e-01
5.15467707e-02
2.20584936e-01
-4.85003507e-01
2.79186534e-02
3.58308828e-01
-2.58460784e-01
6.16769612e-01
0.00000000e+00
7.49272452e-02
0.00000000e+00
0.00000000e+00
0.00000000e+00
6.05414525e-02
0.00000000e+00
3.21148206e-01
3.57516612e-01
0.00000000e+00
5.22980073e-01
1.17713329e-01
4.30204835e-02
0.00000000e+00
0.00000000e+00
2.81998328e-01
-3.36868182e-02
0.00000000e+00
0.00000000e+00
7.81125782e-01
3.26113573e-01
2.46994665e-01
0.00000000e+00
0.00000000e+00
1.82408158e-01
-3.30390174e-01
-6.33217691e-01
3.02827517e-01
0.00000000e+00
-1.65745520e+00
0.00000000e+00
0.00000000e+00
0.00000000e+00
0.00000000e+00
-8.29839255e-02
-8.21940977e-02
0.00000000e+00
0.00000000e+00
-2.30415929e+00
0.00000000e+00
0.00000000e+00
0.00000000e+00
-2.35150552e-01
3.27085034e-01
-6.04171017e-01
5.89602572e-01
-1.15979229e+00
-6.26817681e-02
-6.33711444e-01
3.68044728e-01
-1.70882371e+00
0.00000000e+00
1.64899360e-01
1.09559468e+00
-1.51954711e+00
1.21185773e+00
1.76838369e-01
2.65112164e-01
2.02566767e-01
-5.62405401e-01
-1.84164237e-01
-3.53131608e-02
-1.08915264e+00
-9.57571382e-01
0.00000000e+00
5.57068573e-01
1.51416821e-01
6.22896119e-01
0.00000000e+00
0.00000000e+00
0.00000000e+00
2.39405463e-01
5.15646269e-01
2.13939292e-01
1.47092631e-02
5.85141237e-01
-1.35295256e-01
3.80656617e-01
8.73914077e-02
0.00000000e+00
0.00000000e+00
1.82490001e-01
-4.72124913e-02
2.01450579e-01
3.02133451e-01
-6.67521895e-01
-2.01423377e-01
-8.04363823e-02
2.75356794e-01
3.51337028e-01
3.29230951e-02
-1.31581258e-01
0.00000000e+00
-1.01515035e+00
-5.48133348e-01
-1.21500665e+00
-6.42467356e-01
0.00000000e+00
0.00000000e+00
-8.30822808e-01
-5.72539293e-01
0.00000000e+00
0.00000000e+00
-1.03717232e+00
6 2
1.0362e-01 4.0148e-02
3 -1
0 2 1 
217
1.16081230e-02
6.10358185e-01
-1.23563971e+00
1.05709139e-01
1.42798799e-01
1.38939763e-01
-5.18042506e-01
7.33605877e-01
1.59896559e-01
1.37856270e-01
1.91577651e-01
5.22820953e-02
3.53776210e-02
-4.44760908e-01
0.00000000e+00
0.00000000e+00
0.00000000e+00
-2.84754505e-01
-2.43256427e-02
8.52537697e-01
-1.19029172e-02
6.28841208e-03
2.40402968e-01
3.35721402e-01
6.67072291e-03
1.11389021e-01
3.15616853e-01
3.32111737e-01
-2.18426641e-01
-3.86331465e-01
0.00000000e+00
0.00000000e+00
0.00000000e+00
0.00000000e+00
0.00000000e+00
0.00000000e+00
0.00000000e+00
-4.74974297e-01
6.18551507e-04
4.86240061e-01
0.00000000e+00
0.00000000e+00
0.00000000e+00
0.00000000e+00
0.00000000e+00
4.10531146e-01
-7.30897817e-01
-2.73194915e-01
-1.54607626e-01
-3.59484691e-01
6.33298158e-01
4.86240061e-01
0.00000000e+00
0.00000000e+00
0.00000000e+00
0.00000000e+00
0.00000000e+00
0.00000000e+00
0.00000000e+00
0.00000000e+00
-1.46439545e-01
-2.52207285e-01
4.10531146e-01
6.85413318e-01
-9.37896796e-01
0.00000000e+00
2.51187785e-01
5.44511605e-01
1.29038158e-02
3.57117977e-01
5.15936797e-01
-6.19774161e-01
0.00000000e+00
4.62546859e-01
-3.90454455e-02
-3.47101372e-01
1.16526043e-01
-2.01272064e-01
-3.92565715e-01
6.98224588e-01
4.08156415e-01
1.59389154e-01
1.97289487e-01
2.36834172e-01
0.00000000e+00
0.00000000e+00
0.00000000e+00
0.00000000e+00
0.00000000e+00
0.00000000e+00
0.00000000e+00
0.00000000e+00
0.00000000e+00
0.00000000e+00
0.00000000e+00
0.00000000e+00
0.00000000e+00
0.00000000e+00
0.00000000e+00
0.00000000e+00
0.00000000e+00
0.00000000e+00
0.00000000e+00
0.00000000e+00
0.00000000e+00
0.00000000e+00
0.00000000e+00
0.00000000e+00
0.00000000e+00
0.00000000e+00
0.00000000e+00
0.00000000e+00
0.00000000e+00
0.00000000e+00
0.00000000e+00
0.00000000e+00
0.00000000e+00
0.00000000e+00
0.00000000e+00
1.19560750e-02
3.54607250e-01
-4.29190285e-01
0.00000000e+00
0.00000000e+00
0.00000000e+00
-1.49008264e-01
-5.92927330e-02
4.89230286e-02
-1.43278375e-01
-1.00564063e+00
-5.69842958e-01
1.56958387e-01
3.13673619e-01
-3.79324037e-02
0.00000000e+00
2.86460193e-01
-3.21455121e-02
-1.21040758e-01
8.89278447e-01
-4.74572834e-01
4.91058620e-01
-9.00898912e-01
-4.76485788e-01
5.59761138e-01
7.94835450e-01
-3.50365340e-02
0.00000000e+00
0.00000000e+00
0.00000000e+00
7.70440409e-02
8.49255242e-02
-4.31001432e-02
2.78195927e-01
-5.19358286e-01
-1.37755152e-01
1.34653976e-02
5.52131130e-02
-2.51689728e-01
0.00000000e+00
3.25715663e-01
2.07373466e-01
-2.15717853e-01
4.05348288e-01
-4.54385695e-01
-6.44874785e-03
4.45386003e-01
-2.64362743e-01
3.57079214e-01
-3.91964823e-01
-7.12793615e-01
0.00000000e+00
0.00000000e+00
0.00000000e+00
2.73592578e-02
-4.19026579e-01
-4.17728224e-01
3.50349660e-01
-4.19872787e-01
-4.12237244e-01
3.51852797e-01
6.66690996e-02
-3.25235906e-01
0.00000000e+00
1.11779033e+00
1.63164741e-01
-4.16026981e-01
6.03505436e-01
-1.05964152e+00
-4.73907964e-01
-8.72739583e-03
1.41752596e-01
5.80719080e-03
4.11359874e-01
-1.36816767e-01
0.00000000e+00
0.00000000e+00
0.00000000e+00
-2.22890385e-01
-1.04543850e-01
1.24480592e-01
1.72514669e-01
-3.95033985e-01
-4.34454400e-02
-2.12523525e-01
-2.60729944e-01
-5.16248562e-01
0.00000000e+00
-1.19024992e-01
4.44140914e-01
-4.71005379e-01
4.72319749e-01
7.51790889e-01
4.06647994e-01
-5.53227828e-02
-2.14924147e-01
1.45421263e-01
-3.84398455e-02
136
2.84834532e-01
1.41385776e-01
-7.14208321e-03
8.96784241e-01
-9.42005430e-03
-9.91357662e-02
-4.34336355e-03
-6.54199719e-01
3.93528047e-03
4.45702762e-01
2.96486185e-01
-3.11582041e-01
-3.55293796e-01
2.10009389e-01
0.00000000e+00
0.00000000e+00
0.00000000e+00
0.00000000e+00
0.00000000e+00
0.00000000e+00
5.29132006e-02
-9.72997104e-02
3.30282937e-01
0.00000000e+00
0.00000000e+00
0.00000000e+00
0.00000000e+00
0.00000000e+00
3.09282583e-02
2.94761254e-01
5.11173572e-01
-2.72776311e-01
-4.96087706e-01
-1.12385577e-01
3.30282937e-01
0.00000000e+00
0.00000000e+00
0.00000000e+00
0.00000000e+00
0.00000000e+00
0.00000000e+00
0.00000000e+00
0.00000000e+00
0.00000000e+00
0.00000000e+00
0.00000000e+00
7.76865217e-02
-1.69149051e-01
7.74425752e-01
-7.95317870e-02
-4.90372690e-01
-5.28850276e-02
-6.86112626e-01
-9.69684524e-02
-8.66778810e-02
-1.12412612e-01
7.50805076e-01
8.49961134e-02
1.96292130e-01
1.05197895e-01
2.87826113e-02
-9.04006345e-02
3.09282583e-02
0.00000000e+00
0.00000000e+00
0.00000000e+00
0.00000000e+00
0.00000000e+00
0.00000000e+00
0.00000000e+00
0.00000000e+00
0.00000000e+00
0.00000000e+00
0.00000000e+00
0.00000000e+00
0.00000000e+00
0.00000000e+00
0.00000000e+00
0.00000000e+00
0.00000000e+00
0.00000000e+00
0.00000000e+00
0.00000000e+00
0.00000000e+00
0.00000000e+00
0.00000000e+00
-3.56513871e-01
9.81074162e-02
-7.96645133e-01
0.00000000e+00
0.00000000e+00
0.00000000e+00
-2.54368428e-01
-1.08410595e-01
3.39922902e-01
5.25367203e-01
-1.95371620e+00
-2.97062098e-01
2.96188303e-01
1.45020456e-01
-3.83153222e-01
0.00000000e+00
6.99675496e-01
9.16516375e-01
-4.93689841e-01
1.14565269e+00
-7.85897440e-01
4.33041970e-01
-4.21093397e-01
-8.78437858e-01
6.50309918e-01
-3.72511365e-01
-1.20053529e+00
0.00000000e+00
0.00000000e+00
0.00000000e+00
1.50639161e-01
1.43573745e-01
-3.48294333e-01
8.34330095e-01
-1.12781165e+00
-4.36243107e-01
1.17317030e-01
2.55928325e-01
-9.66802133e-01
0.00000000e+00
6.79813061e-01
7.55336582e-01
-1.62179735e+00
1.17514151e+00
-8.96445160e-01
1.93482506e-01
-1.68986978e-01
-2.20841539e-01
-1.33200814e-02
2.94445026e-01
3 1
3.2550e-02 8.0572e-02
4 0
0 2 1 6 
217
-4.82982465e-01
-5.95558020e-01
5.18878728e-01
-1.40426295e-01
-2.06977246e-01
-1.78145055e-01
-4.49959175e-01
-2.44321670e-01
-2.80677494e-01
3.30130420e-01
2.62638551e-01
-4.85409853e-01
1.91992899e-01
3.48947282e-01
7.88513731e-01
-1.41220590e-02
-1.84660511e-02
-4.62833193e-01
2.42802215e-03
3.85662090e-02
-5.07257663e-01
-4.90801360e-05
1.43497934e-01
-3.01405339e-01
-2.50022863e-05
1.52176118e-01
-4.16133143e-02
2.70483401e-02
-5.30331365e-01
-1.53445348e-01
2.15359222e-01
0.00000000e+00
0.00000000e+00
0.00000000e+00
0.00000000e+00
0.00000000e+00
0.00000000e+00
-2.84020963e-01
-4.87101070e-01
-1.47233851e-01
4.35373420e-01
0.00000000e+00
0.00000000e+00
0.00000000e+00
0.00000000e+00
1.48743320e-01
-3.78033032e-01
3.48188795e-01
-5.47312508e-02
-1.33051513e-01
-4.44535619e-01
5.37512327e-01
0.00000000e+00
1.92526109e-02
-2.24801704e-01
-2.29494104e-01
-5.21536400e-02
-7.27966000e-01
2.72713926e-01
4.35373420e-01
2.26321506e-01
-8.77299902e-01
1.67995931e-01
-7.16383894e-01
-1.65157427e-01
-4.30359037e-01
3.52129985e-01
8.24101996e-01
4.64288714e-02
6.63450779e-01
-7.33907338e-02
-7.26515738e-01
0.00000000e+00
2.75472865e-01
-1.53915863e-01
4.14511422e-02
2.59628405e-01
-1.02742083e-01
-2.13402032e-01
-1.00923357e-01
-1.23587738e-01
1.47318293e-01
-4.32506117e-02
1.59625535e-01
0.00000000e+00
2.40930275e-02
6.52488027e-02
-1.37367691e-01
3.22520534e-02
-3.69707801e-01
-3.82915578e-01
0.00000000e+00
0.00000000e+00
0.00000000e+00
0.00000000e+00
0.00000000e+00
0.00000000e+00
0.00000000e+00
0.00000000e+00
0.00000000e+00
0.00000000e+00
0.00000000e+00
0.00000000e+00
0.00000000e+00
0.00000000e+00
0.00000000e+00
0.00000000e+00
0.00000000e+00
0.00000000e+00
0.00000000e+00
0.00000000e+00
0.00000000e+00
0.00000000e+00
0.00000000e+00
0.00000000e+00
0.00000000e+00
0.00000000e+00
0.00000000e+00
0.00000000e+00
-3.27101586e-01
-1.64951067e-01
-1.11981552e+00
0.00000000e+00
0.00000000e+00
0.00000000e+00
2.85111418e-01
-3.40147502e-02
-3.07163655e-01
6.88776023e-02
-6.66288085e-01
-4.14857288e-01
8.40495517e-02
-2.33677144e-01
-1.88075756e-01
0.00000000e+00
3.75555563e-01
2.16261609e-01
-6.68270812e-01
5.07922339e-01
-1.30412965e-02
1.70108287e-01
-2.69848750e-01
-2.01218428e-02
2.69004754e-01
-2.81347263e-01
1.86577619e-01
0.00000000e+00
0.00000000e+00
0.00000000e+00
-2.70482700e-02
-1.83828606e-01
1.52943164e-01
6.61228546e-02
-7.58791985e-01
-1.08405746e-01
-8.56623496e-02
1.82178530e-01
3.92980506e-02
0.00000000e+00
7.89229134e-02
5.38224993e-01
-5.60833885e-02
2.19801522e-01
-5.65582508e-01
1.48750672e-01
8.04589908e-03
5.62323279e-02
3.36988673e-01
1.44470872e-01
-9.90192124e-01
0.00000000e+00
0.00000000e+00
0.00000000e+00
-4.93158251e-02
-1.59439373e-01
-2.79797925e-01
3.84489308e-01
-2.60762897e-01
-3.62682255e-01
-1.07004084e-01
1.40329220e-01
-3.09182470e-01
0.00000000e+00
1.72710903e-02
1.97101962e-01
-4.41144222e-01
8.05510796e-01
-1.33506474e-01
1.78389120e-01
-2.19773889e-01
-1.16694789e-01
9.03930287e-03
-2.83018720e-01
-1.43174363e-01
0.00000000e+00
0.00000000e+00
0.00000000e+00
-1.37967724e-01
-2.02690592e-01
5.94044558e-02
2.66361620e-01
-2.32040508e-01
-5.72482838e-02
2.33677277e-01
1.64561492e-02
-2.86813311e-01
0.00000000e+00
1.71415861e-01
3.04512263e-01
-6.34211411e-01
1.64347836e-01
7.70184994e-02
1.07853153e-01
-6.75264611e-02
-3.62745812e-02
4.58361790e-03
1.05967777e-01
136
1.23106337e-01
4.66362329e-01
-2.41154617e-03
-1.46376634e-01
1.46168977e-03
-3.09529176e-01
5.96395860e-03
1.12649818e-01
4.68114892e-04
7.66039384e-01
9.42448848e-02
-6.46442314e-01
-1.53979373e-01
6.49801673e-02
0.00000000e+00
0.00000000e+00
0.00000000e+00
0.00000000e+00
0.00000000e+00
0.00000000e+00
-8.59724561e-02
-1.52240206e-01
-8.09839567e-02
4.44468541e-01
0.00000000e+00
0.00000000e+00
0.00000000e+00
0.00000000e+00
3.34656020e-02
3.61711281e-02
2.87677825e-01
-1.55495436e-01
-3.10100032e-01
-3.50635979e-01
5.76748221e-01
0.00000000e+00
3.42409839e-01
-9.88343665e-02
-1.89904817e-01
-2.27574928e-02
-4.88140387e-01
2.03130261e-02
4.44468541e-01
0.00000000e+00
0.00000000e+00
0.00000000e+00
-7.74564963e-01
2.01046509e-01
6.60331169e-01
-1.73318059e-02
-3.99043919e-01
-4.91490798e-02
-5.53748161e-01
-5.67553051e-02
-4.06582220e-02
6.09236694e-03
6.02091809e-01
-1.93385933e-01
1.91820839e-01
1.80175233e-02
3.23920264e-01
-1.98878570e-01
2.20345719e-01
1.04430475e-01
-8.08358934e-02
-8.85632580e-02
0.00000000e+00
0.00000000e+00
0.00000000e+00
0.00000000e+00
0.00000000e+00
0.00000000e+00
0.00000000e+00
0.00000000e+00
0.00000000e+00
0.00000000e+00
0.00000000e+00
0.00000000e+00
0.00000000e+00
0.00000000e+00
0.00000000e+00
0.00000000e+00
0.00000000e+00
0.00000000e+00
0.00000000e+00
0.00000000e+00
-1.71177429e-01
1.24410751e-01
-7.88073655e-01
0.00000000e+00
0.00000000e+00
0.00000000e+00
-2.07879583e-01
8.12972119e-02
3.11851577e-01
5.82430495e-01
-2.17541653e+00
-1.64983341e-01
3.49290995e-01
2.43337984e-01
-2.55306210e-01
0.00000000e+00
7.96556814e-01
8.01709606e-01
-3.90801332e-01
1.43017707e+00
-6.93216742e-01
2.91661409e-01
-5.18453193e-01
-1.43163176e+00
6.35073239e-01
-4.73771372e-01
-1.23995254e+00
0.00000000e+00
0.00000000e+00
0.00000000e+00
1.16849744e-01
2.49850271e-01
-3.31824720e-01
6.49159357e-01
-1.37981280e+00
-4.94832622e-01
-1.45235618e-01
2.22482223e-01
-1.33354570e+00
0.00000000e+00
7.37309924e-01
7.58846969e-01
-1.33003369e+00
1.15794861e+00
-5.09149300e-01
2.34861572e-01
7.22139661e-02
-2.96958701e-01
3.74009002e-02
3.44517078e-01
5 1
-4.8438e-01 2.5141e-01
5 0
0 2 1 6 3 
217
-3.96941190e-01
-8.44709341e-01
4.51804521e-01
1.45531274e-01
-1.34010808e-01
-1.66299600e-02
-3.18195017e-01
1.58537500e-01
1.77399724e-03
3.90676702e-01
8.98050284e-02
2.95780833e-01
-3.63143906e-02
-9.54848261e-02
7.42505706e-01
-1.67354210e-02
9.92949318e-02
-3.07831699e-01
-6.29723802e-03
2.96898916e-01
-7.75779547e-01
6.73732917e-03
1.72513585e-01
-5.58356508e-02
6.91618729e-04
-2.63166839e-02
6.60119493e-01
3.02475279e-01
-5.10085393e-01
-2.61789561e-01
0.00000000e+00
0.00000000e+00
0.00000000e+00
0.00000000e+00
0.00000000e+00
0.00000000e+00
0.00000000e+00
-4.09983353e-01
-3.24742616e-01
1.07993948e-02
9.05416250e-02
2.36443759e-01
0.00000000e+00
0.00000000e+00
0.00000000e+00
3.49304382e-01
-1.75025112e-01
1.60637109e-01
-3.73666744e-01
9.19457640e-02
-8.81254362e-01
7.75380828e-01
0.00000000e+00
-2.64712711e-01
1.74597023e-01
-6.61422628e-01
-2.35206332e-01
-3.17964405e-01
2.34720411e-01
7.25725587e-01
-5.34344951e-01
5.28120903e-02
8.45916705e-02
-7.98284604e-01
-4.57550512e-01
-1.33028544e-01
4.75956531e-01
8.53228906e-01
3.82937395e-01
6.62474232e-01
1.40698570e-02
-7.64369903e-01
0.00000000e+00
2.92623111e-01
-5.65280450e-02
6.07357439e-02
2.42908088e-01
-1.67529411e-01
-2.49092527e-01
3.95621148e-01
-6.30851548e-02
1.48692055e-01
8.27659023e-02
1.27620997e-01
0.00000000e+00
-5.26781353e-02
-2.23449119e-02
4.28479882e-02
-2.32690418e-01
-3.87111043e-01
-3.38420296e-01
0.00000000e+00
-2.65856127e-02
-5.17103550e-02
-2.20892322e-01
-2.02232779e-01
-1.49463256e-01
-2.70135332e-01
0.00000000e+00
0.00000000e+00
0.00000000e+00
0.00000000e+00
0.00000000e+00
0.00000000e+00
0.00000000e+00
0.00000000e+00
0.00000000e+00
0.00000000e+00
0.00000000e+00
0.00000000e+00
0.00000000e+00
0.00000000e+00
0.00000000e+00
0.00000000e+00
0.00000000e+00
0.00000000e+00
0.00000000e+00
0.00000000e+00
0.00000000e+00
-3.10722557e-01
6.64412890e-02
-6.45737469e-01
0.00000000e+00
0.00000000e+00
0.00000000e+00
-5.01098528e-01
-2.70241993e-01
-1.78887827e-01
9.58594870e-02
-8.22727971e-01
-1.01818054e-01
5.65228708e-01
-1.38798373e-01
1.88566281e-02
0.00000000e+00
6.40075369e-01
6.73547284e-01
-1.19306179e+00
8.58479220e-01
3.60906854e-02
1.91494534e-01
-6.43505164e-01
1.06763180e-01
6.91122069e-01
-6.73114935e-01
-1.05353218e-02
0.00000000e+00
0.00000000e+00
0.00000000e+00
2.65984654e-01
-4.38850426e-01
5.01188276e-02
1.97224320e-01
-5.17241043e-01
-2.77121936e-01
-2.51313590e-01
2.29403538e-02
-8.72658838e-02
0.00000000e+00
2.41223536e-02
1.35853571e-01
3.72779187e-01
1.50172742e-01
-4.70507887e-01
5.94820637e-02
2.02154595e-01
-1.89637222e-01
5.02006533e-01
2.38563466e-01
-9.89788780e-01
0.00000000e+00
0.00000000e+00
0.00000000e+00
1.04214321e-02
-2.10059606e-02
-1.04266111e-01
6.22408941e-01
5.60455207e-02
-3.38834184e-01
3.11033314e-02
-3.50227366e-02
-2.56768061e-01
0.00000000e+00
-5.20086982e-01
1.87382229e-01
-4.37747508e-01
1.75929134e-01
-6.98889981e-02
-1.32553561e-02
-4.54195409e-02
5.76141059e-02
-8.66708437e-02
-2.01727191e-01
-1.04612074e-01
0.00000000e+00
0.00000000e+00
0.00000000e+00
-1.61953736e-01
1.96368693e-01
1.83817136e-01
1.92410218e-01
-3.68534411e-01
1.50109832e-01
-1.17099857e-01
7.87997757e-02
-6.30926172e-01
0.00000000e+00
3.81123309e-01
2.69921611e-01
-7.18485564e-01
2.83684333e-01
1.79850441e-04
1.42778625e-01
-1.65024580e-01
1.97023753e-01
1.03052755e-03
-1.98354177e-02
136
-3.62074385e-01
6.34927914e-01
-1.71664644e-02
-4.49522879e-01
1.85601956e-03
-4.80035354e-01
4.32489552e-03
-6.74440650e-02
2.01971766e-04
4.59057714e-01
-4.64944287e-02
-7.99255772e-01
-3.06086646e-01
3.42261972e-01
0.00000000e+00
0.00000000e+00
0.00000000e+00
0.00000000e+00
0.00000000e+00
0.00000000e+00
-2.62548381e-01
-2.77376800e-01
-2.86207000e-01
8.26288799e-03
4.55794908e-01
0.00000000e+00
0.00000000e+00
0.00000000e+00
6.04250787e-02
-7.70810836e-02
2.52710022e-01
-1.37788716e-01
-4.33312731e-01
-4.24659338e-01
4.70636262e-01
0.00000000e+00
2.41933066e-01
-3.92897214e-01
-1.55137863e-01
9.46943135e-02
-6.43940673e-01
2.39435184e-01
5.42944158e-01
0.00000000e+00
0.00000000e+00
0.00000000e+00
-7.86380693e-01
8.80489876e-02
6.98563880e-01
-4.07155164e-02
-3.53621883e-01
-1.75916544e-01
-6.42107969e-01
-4.87992326e-02
-5.60052661e-02
7.80500243e-02
2.60422053e-01
-3.30504897e-01
1.34853739e-01
-1.52248828e-02
1.80179013e-02
-4.55958639e-01
-2.29905090e-01
1.04606466e-01
-1.95344263e-01
-1.46906557e-01
0.00000000e+00
1.96796162e+00
2.23198471e-01
4.42829294e-01
4.38803007e-02
0.00000000e+00
0.00000000e+00
0.00000000e+00
0.00000000e+00
0.00000000e+00
0.00000000e+00
0.00000000e+00
0.00000000e+00
0.00000000e+00
0.00000000e+00
0.00000000e+00
0.00000000e+00
0.00000000e+00
0.00000000e+00
0.00000000e+00
-1.46322423e-01
8.90297919e-02
-7.57760258e-01
0.00000000e+00
0.00000000e+00
0.00000000e+00
-1.47111710e-01
1.09018620e-01
3.42977545e-01
4.17445316e-01
-1.94938693e+00
-2.86566692e-01
1.85663434e-01
2.74587823e-01
-1.92540389e-01
0.00000000e+00
6.97906235e-01
8.71490249e-01
-6.42694781e-01
1.31527895e+00
-7.21993393e-01
3.55043312e-01
-5.48657253e-01
-9.50951629e-01
5.46225224e-01
-4.33494187e-01
-1.24388967e+00
0.00000000e+00
0.00000000e+00
0.00000000e+00
1.14912744e-01
2.57409167e-02
-5.06833392e-01
7.81743572e-01
-1.30556346e+00
-7.06285915e-01
1.62325409e-01
2.88621938e-01
-1.19182577e+00
0.00000000e+00
7.50287488e-01
8.93008038e-01
-1.51130894e+00
1.27184398e+00
-4.89917816e-01
2.67700310e-01
-6.25973924e-02
-4.21141283e-01
6.85626385e-04
3.94714286e-01
9 1
-8.8277e-01 2.5484e-01
6 2
0 2 1 6 3 5 
217
-9.29850293e-01
-2.03133331e-01
3.14716654e-01
3.66460625e-02
-3.61790625e-01
-1.01662869e+00
-9.90267114e-01
1.03226507e+00
4.59726708e-01
-6.88328320e-02
1.49921361e-01
-9.63875014e-02
0.00000000e+00
0.00000000e+00
6.92154170e-01
-2.99529350e-02
1.21032780e-01
-1.03168339e+00
1.42843468e-02
3.89236395e-01
0.00000000e+00
0.00000000e+00
0.00000000e+00
0.00000000e+00
0.00000000e+00
0.00000000e+00
0.00000000e+00
9.65438685e-02
-5.86216433e-01
-3.83593297e-01
0.00000000e+00
0.00000000e+00
0.00000000e+00
0.00000000e+00
0.00000000e+00
0.00000000e+00
0.00000000e+00
-4.00963682e-01
-3.54750462e-01
-1.48686648e-01
-1.67927218e-01
5.66565043e-02
8.58212127e-02
0.00000000e+00
0.00000000e+00
1.14315984e-01
1.65432103e-01
8.48407855e-01
-4.65644426e-01
-8.55800335e-01
-6.17106200e-01
4.30647673e-01
0.00000000e+00
-5.22413179e-01
0.00000000e+00
3.21192196e-01
0.00000000e+00
-1.06782907e+00
4.27760455e-01
3.14613038e-01
-3.67686843e-01
-1.54066255e-01
-4.08097195e-01
2.53468424e-01
-7.66452880e-01
-1.51306670e-01
1.23381142e-01
7.77686487e-01
-5.40246979e-01
8.75653603e-01
0.00000000e+00
-8.56010019e-01
0.00000000e+00
2.53561541e-02
-1.66578852e-01
-9.91964280e-02
1.55506864e+00
0.00000000e+00
-1.03785244e+00
0.00000000e+00
2.93692799e-01
3.05669278e-01
-1.85690657e-01
1.74586643e-01
0.00000000e+00
-3.79747346e-01
-1.60013709e-01
-4.43216442e-01
5.17208455e-02
-1.06886504e-01
-1.48323908e-01
-4.92426212e-01
-3.91180389e-01
-2.22239404e-01
1.64042132e-02
-7.21700113e-02
-6.26479053e-02
4.07308821e-01
8.18979184e-02
-5.60775196e-01
5.99653986e-02
-3.08498709e-01
-1.34996630e-01
-1.42474306e-01
1.04775642e-01
0.00000000e+00
0.00000000e+00
0.00000000e+00
0.00000000e+00
0.00000000e+00
0.00000000e+00
0.00000000e+00
0.00000000e+00
0.00000000e+00
0.00000000e+00
0.00000000e+00
0.00000000e+00
0.00000000e+00
0.00000000e+00
1.43400738e+00
3.19623755e-01
4.55071758e-01
0.00000000e+00
0.00000000e+00
0.00000000e+00
1.96796537e+00
3.05236694e+00
6.19009824e-01
1.41886081e+00
-1.85110689e+00
-3.00385046e+00
8.17012147e-01
2.66027010e-02
-1.45741097e-01
0.00000000e+00
1.30683589e+00
-1.28026796e-01
-5.24683566e-01
1.06981617e+00
-2.12066938e-01
2.32393723e+00
1.11775012e+00
-4.93837703e-03
9.74871522e-01
5.15648583e-01
-1.34474442e+00
0.00000000e+00
0.00000000e+00
0.00000000e+00
4.67988880e-01
-5.30569783e-01
5.91760072e-01
1.28468390e+00
1.00363305e+00
2.33435698e+00
1.31720372e+00
1.51717955e+00
-2.49660883e-01
0.00000000e+00
9.87658626e-01
-2.30222050e-01
1.08428100e+00
1.41013710e+00
1.43610082e-01
5.56527444e-02
5.71385773e-01
-8.43580786e-03
1.38297933e+00
8.69463790e-01
-1.66645146e+00
0.00000000e+00
0.00000000e+00
0.00000000e+00
-3.74351461e-01
-6.10415183e-01
-6.08735904e-01
1.75953473e+00
-9.02801334e-01
-1.46282936e-01
9.90479265e-01
5.96805614e-01
-1.28956738e-02
0.00000000e+00
2.89365473e-02
-6.03789632e-01
7.13630151e-02
9.16981238e-01
7.84711827e-01
5.38830460e-01
-4.02445647e-01
8.06707441e-02
1.18817571e-01
6.99276067e-01
-2.58821377e-01
0.00000000e+00
0.00000000e+00
0.00000000e+00
5.26792994e-01
3.68841709e-01
8.77810942e-01
1.69382646e-01
-3.57484191e-01
5.02790667e-01
4.73036047e-02
3.37214061e-01
-1.79361085e-02
0.00000000e+00
8.17048988e-01
1.31136066e+00
-6.28507455e-01
8.44904247e-01
-1.35472556e-02
4.37813769e-01
5.53265519e-01
-7.64352870e-02
7.46797512e-01
2.92964273e-01
136
-1.37111925e+00
2.11318771e+00
4.62156632e-03
2.34299904e+00
-2.67337166e-03
0.00000000e+00
0.00000000e+00
0.00000000e+00
0.00000000e+00
0.00000000e+00
-8.96923636e-02
-2.93630059e-01
5.33507213e-02
6.19651446e-01
0.00000000e+00
0.00000000e+00
0.00000000e+00
0.00000000e+00
0.00000000e+00
0.00000000e+00
-9.53945601e-01
-5.76989476e-01
-3.80433670e-01
-1.09585707e-01
1.47712719e-01
5.34831756e-01
0.00000000e+00
0.00000000e+00
-2.69951614e-01
1.47352076e-01
4.16803876e-01
-9.65774676e-01
-9.46489631e-01
-1.26001347e-01
1.21417323e+00
0.00000000e+00
-3.18272451e-01
-4.50342214e-01
-4.59995035e-01
-1.05637415e+00
-1.26876795e+00
1.34218346e+00
1.40349078e+00
0.00000000e+00
0.00000000e+00
0.00000000e+00
-5.63144272e-01
-5.78966185e-01
5.22422271e-01
-2.44259925e-01
-4.51480231e-01
0.00000000e+00
2.31565963e+00
2.72326556e-01
1.66281847e-01
0.00000000e+00
0.00000000e+00
-2.60329361e-02
9.61922725e-02
4.10507538e-03
-5.11986513e-01
-6.57041885e-01
-1.09600496e+00
-4.46750949e-02
-4.13559822e-01
9.80887766e-01
-2.69290165e-01
-4.46998228e-01
-1.85505094e-01
-6.15714143e-02
1.34377864e-01
-2.07287527e-01
-3.20744418e-02
-1.09293862e-01
-4.27266075e-02
-1.24660061e-01
0.00000000e+00
0.00000000e+00
0.00000000e+00
0.00000000e+00
0.00000000e+00
0.00000000e+00
0.00000000e+00
0.00000000e+00
0.00000000e+00
0.00000000e+00
5.94409464e-01
7.71604294e-01
-2.18590471e-01
0.00000000e+00
0.00000000e+00
0.00000000e+00
1.14833968e-01
3.97566696e-01
2.50049880e-02
2.26582992e-01
-1.61543682e+00
-9.37364344e-01
-4.57609486e-01
6.74379112e-01
-4.90455372e-01
0.00000000e+00
6.29424088e-01
9.84987648e-01
-1.02353919e+00
1.08043206e+00
-6.97984313e-01
4.35815174e-01
-3.66839064e-01
-2.57476094e-01
1.20700407e+00
-1.47916581e-01
-9.51127372e-01
0.00000000e+00
0.00000000e+00
0.00000000e+00
-3.24415393e-01
2.60510383e-01
-1.85334266e-01
9.39391279e-01
-1.63947576e+00
-4.48137115e-01
8.08791764e-02
1.56966511e-01
-1.39941217e+00
0.00000000e+00
7.17110321e-01
9.25255735e-01
-1.50088002e+00
1.33494212e+00
3.39323670e-02
1.10454538e-01
-2.97071473e-01
8.58202245e-02
-8.11181149e-02
2.79454278e-01
4 1
-8.7181e-01 3.1342e-01
7 2
0 2 1 6 3 5 9 
217
-1.01623918e+00
-2.21233088e-01
5.41807359e-01
-6.84946884e-01
-1.84584439e-01
-2.03732211e-01
-8.92278531e-01
9.48764622e-01
2.56780664e-01
-2.54179146e-01
-5.69539921e-02
2.87437493e-01
-1.39202885e-01
-6.59869630e-01
4.58891732e-01
-6.25136150e-04
3.27494911e-01
-8.63346114e-01
1.03812835e-02
3.70495895e-01
0.00000000e+00
0.00000000e+00
0.00000000e+00
0.00000000e+00
0.00000000e+00
0.00000000e+00
0.00000000e+00
-3.73696281e-01
-6.39500640e-01
2.02385910e-02
0.00000000e+00
0.00000000e+00
0.00000000e+00
0.00000000e+00
0.00000000e+00
0.00000000e+00
0.00000000e+00
-4.20767988e-01
-1.71035152e-01
-2.63508099e-01
-3.62837972e-01
-3.41456340e-01
-2.84943674e-01
8.28310041e-01
0.00000000e+00
-5.56957982e-01
-4.03657582e-01
7.41190743e-01
-4.93066742e-01
3.11128499e-01
-6.98040713e-01
9.00931301e-01
0.00000000e+00
-6.95678490e-01
0.00000000e+00
-7.40827029e-02
0.00000000e+00
-3.03195457e-01
7.01411219e-01
1.50469820e-01
-9.90348093e-01
-3.10242257e-01
2.84351167e-01
-5.61342367e-01
-9.28702547e-01
-6.98036739e-01
3.15057895e-01
5.72702525e-01
1.58747836e-01
8.79127243e-01
-1.49890607e+00
-5.17083910e-01
0.00000000e+00
3.20072508e-01
2.97746638e-01
6.79678291e-01
6.98464520e-01
0.00000000e+00
-1.30765730e+00
-2.19452566e-01
1.86442895e-01
1.36349055e-02
1.04975222e-01
1.40912606e-01
0.00000000e+00
-1.98472475e-01
-1.98520095e-01
-1.49733138e-01
6.32837431e-01
-6.68033570e-01
-8.92248795e-01
-1.33323660e-01
-6.46405504e-01
-1.35501633e-01
-1.96789483e-01
-3.53695620e-01
-3.97205364e-02
1.72325083e-01
-2.96678781e-01
-2.18248062e-02
7.14408423e-02
-3.37875429e-02
-1.68858273e-01
-6.63948053e-01
-3.66190713e-01
-1.01783113e-01
-2.78005816e-01
0.00000000e+00
-1.39016121e-01
-1.10658499e+00
-4.97434132e-01
-8.12084062e-01
0.00000000e+00
0.00000000e+00
0.00000000e+00
0.00000000e+00
0.00000000e+00
0.00000000e+00
0.00000000e+00
8.58683110e-01
4.36347298e-01
-6.06577131e-01
0.00000000e+00
0.00000000e+00
0.00000000e+00
-6.44798819e-01
-2.35324218e-03
-1.31106799e+00
9.82569898e-01
-2.37553681e+00
-1.07958176e+00
-1.46274893e-01
1.61298719e+00
5.18747442e-02
0.00000000e+00
-6.94881880e-02
-8.61850645e-02
4.04234270e-01
1.53467086e+00
-2.82250967e-01
1.14069386e+00
-6.83362753e-01
3.29162444e-03
2.27633954e-01
-1.37371964e-01
1.70552976e-01
0.00000000e+00
0.00000000e+00
0.00000000e+00
5.29065732e-01
-5.26306355e-03
5.99333932e-01
-9.42700048e-02
2.36386144e-01
2.93847593e-01
3.12192606e-01
-7.96093523e-01
3.21821249e-02
0.00000000e+00
3.04966480e-01
5.60588901e-01
-5.56879072e-01
-4.39981995e-02
-1.13175484e+00
4.82132691e-02
5.41597713e-01
-8.26273351e-01
1.92935515e-01
-1.72687281e-02
-6.80975251e-01
0.00000000e+00
0.00000000e+00
0.00000000e+00
-9.35072462e-01
8.38251299e-01
1.10023390e+00
2.03949503e+00
-1.15799959e-02
-8.74703540e-01
-2.38859231e-01
4.43533619e-01
-3.22680884e-03
0.00000000e+00
7.19275543e-01
7.75902923e-01
-5.14436047e-01
1.84234395e+00
-2.09022220e-01
6.14739254e-01
1.80498617e+00
1.45005648e+00
-2.25161982e-01
-1.32409552e-01
-1.18078743e+00
0.00000000e+00
0.00000000e+00
0.00000000e+00
1.23026136e+00
3.68204143e-01
4.78685431e-01
5.60820920e-01
-2.60402962e-02
1.18882465e+00
1.18244973e+00
8.59602027e-01
-6.25691357e-03
0.00000000e+00
1.00873260e+00
1.25361403e+00
9.33910870e-01
9.41717345e-01
9.52102026e-01
1.03090554e+00
-1.93625830e-01
6.17104665e-01
1.35725963e+00
1.10918327e+00
136
-1.14122645e+00
9.16581963e-01
-3.15889638e-05
6.11693124e-01
-6.19591657e-03
2.04219445e-01
-1.43741689e-01
0.00000000e+00
0.00000000e+00
0.00000000e+00
1.22388450e+00
9.47902570e-01
1.30070786e+00
1.89692740e+00
0.00000000e+00
0.00000000e+00
0.00000000e+00
0.00000000e+00
0.00000000e+00
0.00000000e+00
-5.20621436e-01
-3.06823087e-01
-3.61230236e-01
-2.74029569e-01
-1.25056982e-01
2.01247480e-01
2.54365500e-01
0.00000000e+00
-5.81478912e-01
-1.56249739e-01
2.80324488e-01
-2.33117116e-01
-5.45322404e-01
-2.95427496e-01
7.26872711e-01
0.00000000e+00
-6.37405045e-01
-2.91717190e-01
-1.39255139e-01
-5.84578968e-01
-6.13683387e-01
9.34821310e-01
1.00406856e+00
0.00000000e+00
0.00000000e+00
0.00000000e+00
-3.35898146e-01
-2.99449174e-01
5.89592970e-01
-1.48084362e-01
-8.27621180e-02
-1.96547764e+00
-1.23918631e+00
-2.51907688e-01
-2.21966977e-01
-3.99687729e-01
0.00000000e+00
1.86635769e+00
5.30693782e-01
3.68978238e-01
-2.61302363e-01
-7.50241326e-01
1.72229650e-01
1.38344535e-01
-1.29399344e-01
-1.32308916e-01
1.70989990e-01
-1.01786371e-01
-1.15241991e-01
5.48927981e-02
-1.83364869e-02
-1.63313654e-01
-3.21887480e-02
-7.84829874e-02
9.76896531e-03
-2.98467803e-02
-2.03294880e-01
-5.19325855e-01
-2.87710785e-01
-6.50051743e-02
-1.17275824e-01
0.00000000e+00
0.00000000e+00
0.00000000e+00
0.00000000e+00
0.00000000e+00
1.65931191e-01
3.70460342e-01
-5.58994030e-01
0.00000000e+00
0.00000000e+00
0.00000000e+00
-1.64595724e-01
5.83169760e-02
-1.57683341e-02
4.20155703e-01
-1.84251820e+00
-3.52276432e-01
2.14290900e-01
2.63886762e-01
-4.37752493e-01
0.00000000e+00
7.08808092e-01
8.25691123e-01
-3.38252298e-01
1.27335112e+00
-7.07824081e-01
2.77391721e-01
-5.20124940e-01
-7.81565816e-01
8.40795039e-01
-2.81003155e-01
-1.16151553e+00
0.00000000e+00
0.00000000e+00
0.00000000e+00
7.33429827e-02
1.96393502e-01
-3.34892746e-01
8.58224242e-01
-1.69636875e+00
-3.42736314e-01
1.16396909e-01
2.82014785e-01
-9.82333623e-01
0.00000000e+00
6.25423354e-01
7.94261657e-01
-1.70907672e+00
1.33261456e+00
-2.03637933e-01
1.00114223e-01
-1.16365323e-01
-5.29215650e-01
3.90158812e-02
3.35309441e-01
8 1
-1.2550e+00 3.0787e-01
8 2
0 2 1 6 3 5 9 4 
217
-2.29202443e+00
3.31333865e-01
3.25838403e-01
5.24062610e-01
9.65787411e-02
-5.92129085e-01
-1.88448023e-01
8.55352956e-01
3.33523105e-01
4.89600136e-01
2.12992420e-01
-6.31870267e-01
0.00000000e+00
0.00000000e+00
3.31620173e+00
-3.51430072e-02
6.87451267e-01
1.01796428e+00
-4.91457793e-03
1.16415671e+00
0.00000000e+00
0.00000000e+00
0.00000000e+00
0.00000000e+00
0.00000000e+00
0.00000000e+00
0.00000000e+00
-5.39646126e-01
-9.29413616e-01
-9.55050333e-01
0.00000000e+00
0.00000000e+00
0.00000000e+00
0.00000000e+00
0.00000000e+00
0.00000000e+00
0.00000000e+00
-4.80581900e-01
-6.11371755e-01
-5.59314246e-01
-9.28308442e-01
-7.95279670e-01
9.39694664e-02
9.88862118e-01
0.00000000e+00
2.37557388e-01
-9.67723174e-01
3.48827873e-01
-5.95964479e-01
4.74232339e-02
-5.06957910e-01
5.25326345e-01
0.00000000e+00
-1.16567357e+00
0.00000000e+00
-1.03925960e+00
0.00000000e+00
-4.15177342e-02
0.00000000e+00
1.00439454e-01
-8.80925419e-01
-8.81185562e-01
-5.29913447e-01
-2.79883520e-02
-1.27715946e+00
-1.91536876e+00
-2.60963158e-01
1.04696823e+00
-7.25913459e-01
1.18492963e+00
0.00000000e+00
-1.41112772e+00
0.00000000e+00
-4.67813301e-01
-1.37886295e-02
-4.13083410e-01
5.70346033e-01
0.00000000e+00
-1.88339396e+00
0.00000000e+00
-2.60222757e-01
-4.56561321e-01
-1.48407716e-01
1.54320116e+00
0.00000000e+00
-9.09577928e-01
0.00000000e+00
-4.92945159e-01
1.52735780e-01
-8.87568547e-01
1.91649353e-01
-1.10123429e+00
-7.80585127e-01
6.90770124e-02
-2.25799238e-01
-4.49615358e-01
-1.84405770e-01
3.30063503e-01
-1.10123429e+00
-1.49355159e-01
-1.68646649e-01
-3.82642148e-01
3.99974806e-02
-6.58792828e-01
9.61990006e-01
0.00000000e+00
2.34443600e+00
0.00000000e+00
1.30223904e+00
-6.55391648e-01
1.60869658e+00
-1.79176767e+00
0.00000000e+00
-8.35159605e-01
0.00000000e+00
-5.36360812e-01
-9.22721850e-01
-9.20504011e-01
-2.45903147e-01
1.13287470e+00
9.37994483e-01
-1.79236286e-01
0.00000000e+00
0.00000000e+00
0.00000000e+00
-9.39366111e-01
1.39898162e+00
-1.18576497e+00
-1.50147451e-01
-4.77351082e+00
-1.25713568e+00
-2.68768337e+00
2.03471118e+00
1.95080251e+00
0.00000000e+00
5.38828508e-03
7.91853324e-01
1.78509834e+00
2.90550695e-01
-1.25320947e+00
1.13283106e+00
2.25239103e+00
3.74782053e-01
2.85445910e+00
-2.80426762e+00
-2.54867637e-01
0.00000000e+00
0.00000000e+00
0.00000000e+00
6.41056292e-01
-9.79226527e-01
1.06388782e+00
5.27270150e-01
1.94386814e+00
4.24113263e-01
1.10995995e+00
-1.24474789e+00
-5.79529834e-01
0.00000000e+00
1.94993824e-01
-1.87007731e-01
-2.02086868e+00
6.02826598e-01
-4.31451340e-01
-6.48142226e-01
-1.65726338e+00
-2.23257084e-01
-1.92204735e-01
1.40085576e+00
-1.17507112e+00
0.00000000e+00
0.00000000e+00
0.00000000e+00
7.82147939e-01
-6.59263692e-02
-2.07273034e+00
2.36721865e+00
3.44076501e-02
-2.55244008e-01
3.76884598e+00
1.53429241e+00
-2.43732507e-03
0.00000000e+00
1.84093485e+00
5.77435476e-01
-3.32103809e-02
1.20439960e+00
7.01010982e-02
-2.78630137e-01
5.78768616e-03
7.36319055e-01
8.59000929e-01
-8.47030788e-01
-9.58736480e-01
0.00000000e+00
0.00000000e+00
0.00000000e+00
1.23472310e-01
-7.75818356e-02
1.73562841e+00
5.90515222e-01
1.87129889e-01
8.64481311e-01
-5.29926997e-01
5.33251824e-01
-5.74332258e-03
0.00000000e+00
5.72749798e-01
1.08172208e+00
-4.36112898e-02
1.31426890e+00
9.72349744e-01
9.52668404e-01
8.96030283e-01
1.19550799e+00
8.59560270e-01
1.72526670e+00
136
-1.95885640e+00
2.59417590e+00
-8.03469117e-03
2.24066137e+00
-1.73976081e-03
0.00000000e+00
0.00000000e+00
0.00000000e+00
0.00000000e+00
0.00000000e+00
-3.54527482e-01
-6.04568349e-01
-1.58627726e-01
7.19115431e-01
0.00000000e+00
0.00000000e+00
0.00000000e+00
0.00000000e+00
0.00000000e+00
0.00000000e+00
-9.87597145e-01
-6.66418671e-01
-7.01211195e-01
-4.62388568e-01
-2.46101267e-01
4.66733703e-02
1.05818707e+00
0.00000000e+00
-1.25191687e+00
-2.29497165e-01
4.44024557e-01
-1.04966024e+00
-6.01567356e-01
-5.59730746e-01
1.13228421e+00
0.00000000e+00
-9.75579515e-01
-1.47776623e-02
4.59375829e-02
-9.45373578e-01
-5.48782138e-01
1.16804376e+00
1.42982142e+00
0.00000000e+00
0.00000000e+00
0.00000000e+00
-8.22398808e-01
-8.10679484e-01
3.73007391e-01
-3.25163414e-01
7.78288139e-02
0.00000000e+00
1.38757326e+00
1.84523330e-01
1.16278112e-01
-1.64457845e-01
0.00000000e+00
-5.33698920e-01
1.03404396e-01
-7.55361041e-02
-1.16172010e+00
-1.34564103e+00
-2.41054261e-02
1.02620679e-01
-2.20375531e-01
-3.13333604e-01
6.54336402e-02
-3.27963938e-01
-1.32907766e-01
-2.50242343e-02
5.56472722e-02
-5.28939472e-01
-5.77858883e-01
-2.09670278e-01
-1.05710474e-01
-1.02073089e-01
-1.16915659e+00
1.33676726e-01
-4.95619643e-01
2.62951485e-01
0.00000000e+00
0.00000000e+00
2.17154371e+00
3.25209801e-01
4.15284446e-01
-7.15724718e-01
5.76073668e-01
8.92262208e-01
-2.05826083e-01
0.00000000e+00
0.00000000e+00
0.00000000e+00
3.62470843e-02
1.19257874e-01
-2.64554654e-01
4.25018168e-01
-1.73661726e+00
-7.54652977e-01
-2.27316141e-01
4.15180611e-01
-4.18379542e-01
0.00000000e+00
6.11573103e-01
1.00406170e+00
-8.13042536e-01
1.14534017e+00
-6.56876539e-01
4.48072969e-01
-2.19705383e-01
-2.96781839e-01
1.15785279e+00
-1.80503678e-01
-9.47954391e-01
0.00000000e+00
0.00000000e+00
0.00000000e+00
-1.71173637e-01
2.08180663e-01
-1.03582984e-01
1.15911220e+00
-1.87534500e+00
-3.09436833e-01
4.79144205e-02
1.40191347e-01
-1.22807664e+00
0.00000000e+00
7.23119272e-01
9.42503118e-01
-1.38882979e+00
1.40392177e+00
-2.53354642e-03
1.18219807e-01
-2.76818446e-01
-6.95693210e-01
5.97985280e-02
3.00574574e-01
7 1
-1.3217e+00 3.8041e-01
8 2
0 2 1 6 3 5 9 4 
217
-1.17744702e+00
-2.91235214e-01
3.79035915e-01
5.68997935e-01
-3.63437993e-01
3.83390744e-01
-5.13509986e-01
8.73113961e-01
2.27069643e-02
8.10710859e-02
2.81980243e-01
1.26968627e+00
-6.05186244e-01
-1.91989820e+00
2.81603641e-01
2.58321393e-02
2.77317069e-01
-2.98779971e-01
-6.19371764e-03
8.36091292e-01
0.00000000e+00
0.00000000e+00
0.00000000e+00
0.00000000e+00
0.00000000e+00
0.00000000e+00
0.00000000e+00
-7.04024506e-02
-3.22596127e-01
-1.58484066e+00
0.00000000e+00
0.00000000e+00
0.00000000e+00
0.00000000e+00
0.00000000e+00
0.00000000e+00
0.00000000e+00
-5.49830958e-02
-1.81240991e-01
2.85456930e-02
-3.28811591e-01
-7.15984916e-01
-8.27212851e-01
9.02240735e-01
0.00000000e+00
-5.20158558e-01
4.17744154e-01
1.73730142e-01
-1.09798656e-01
-6.63550471e-03
-8.14208804e-01
5.21846519e-01
0.00000000e+00
-6.97330469e-01
0.00000000e+00
2.34682090e-01
0.00000000e+00
-1.90554172e-01
0.00000000e+00
6.13340801e-01
-6.80360664e-01
-7.45749419e-01
2.48663067e-01
-6.42521590e-01
-6.63846273e-01
-7.41871768e-01
4.59574604e-01
8.55627249e-01
-3.30653757e-01
2.58744027e-01
-6.62792484e-01
-6.69966815e-01
0.00000000e+00
2.14131923e-02
3.41027899e-01
1.33899091e-01
8.84028568e-01
0.00000000e+00
-1.11221650e+00
0.00000000e+00
1.00264413e-01
4.52724074e-02
-1.65494930e-01
7.40619826e-01
0.00000000e+00
-3.37480708e-01
7.43086693e-01
-4.32962695e-01
-2.22104643e-01
-4.07003612e-01
4.18064809e-01
-1.20349421e-01
-4.38175351e-01
-2.41774645e-04
-1.20690714e-01
-1.62935119e-01
-4.98231530e-01
-2.36074496e-01
-1.20349421e-01
1.22431728e-01
-3.09808459e-01
-1.30698494e-01
6.29121152e-02
-1.04883083e+00
-1.41695658e+00
-6.92210997e-01
-5.57282947e-01
0.00000000e+00
-2.59308760e-01
-8.25599382e-01
3.31355689e-01
6.24341827e-01
0.00000000e+00
-5.27243468e-01
0.00000000e+00
-4.31180432e-01
-4.78073318e-01
-8.69096441e-01
-3.15592632e-01
1.21892143e+00
1.16743417e+00
-3.35972163e-02
0.00000000e+00
0.00000000e+00
0.00000000e+00
6.19103404e-01
8.34325025e-01
-7.50424578e-01
7.83525684e-01
-1.35617589e+00
-1.43367365e+00
-1.78700636e-01
-3.82030553e-01
-1.11181111e+00
0.00000000e+00
-4.78112614e-01
1.53601441e+00
-5.64579963e-01
2.03983411e+00
-3.75925564e-01
-9.79761591e-02
4.45721596e-01
-1.05147101e+00
1.93354515e+00
-4.44784861e-01
-9.76166119e-02
0.00000000e+00
0.00000000e+00
0.00000000e+00
-1.67187402e-01
-4.08180092e-01
4.27623895e-01
1.27248087e-01
-4.38791848e-01
4.88719227e-01
2.35414937e-01
2.42062874e-01
5.32979683e-01
0.00000000e+00
5.63561578e-01
-2.55783858e-01
3.21346421e-02
-6.37138645e-01
-6.58159606e-01
-6.99619136e-02
-5.70185074e-01
8.48657079e-01
-4.77430377e-01
8.68002026e-02
-1.18792926e+00
0.00000000e+00
0.00000000e+00
0.00000000e+00
-2.27097969e-02
-1.38564247e-02
1.64012706e+00
4.77553155e-01
-1.56468711e+00
-8.60428814e-01
2.07416103e+00
-1.99149899e-01
-2.16643968e-03
0.00000000e+00
-1.22878474e-01
1.52272023e+00
-1.78809371e+00
-7.95848208e-01
1.22567043e+00
-8.39274444e-01
3.20923736e-01
1.61996136e+00
3.82747581e-01
1.13301449e+00
-4.79555078e-01
0.00000000e+00
0.00000000e+00
0.00000000e+00
2.38076558e-01
-2.01416594e-02
-1.31343896e-01
9.57248507e-01
7.14535638e-01
6.65256719e-01
-4.79087375e-01
8.93308577e-01
-4.48847559e-03
0.00000000e+00
1.17731539e+00
9.29256584e-02
1.14992387e+00
1.54069704e+00
2.44720741e-01
8.88454723e-01
1.81405950e-01
5.51721590e-01
5.62766024e-01
1.33781137e-01
136
-1.53002688e+00
1.19312548e+00
-3.27272386e-02
-4.55948531e-01
-2.60355876e-03
-4.24878153e-01
-1.62090694e-01
0.00000000e+00
0.00000000e+00
0.00000000e+00
3.10910691e-02
-2.54484914e-01
2.24198554e-01
8.23469760e-01
0.00000000e+00
0.00000000e+00
0.00000000e+00
0.00000000e+00
0.00000000e+00
0.00000000e+00
-6.95700143e-01
-4.71512173e-01
-5.07919520e-01
-3.50588879e-01
-2.36204527e-01
1.49796069e-01
6.67013826e-01
0.00000000e+00
-5.13019168e-01
-3.41449922e-01
2.79505277e-01
-3.01009100e-01
-5.05901862e-01
-5.41146639e-01
5.35633404e-01
0.00000000e+00
-4.72125180e-01
-2.91136916e-01
-7.23251839e-02
-4.83083316e-01
-6.11051391e-01
1.08808779e+00
7.83956413e-01
0.00000000e+00
0.00000000e+00
0.00000000e+00
-4.67352681e-01
-4.87346503e-01
5.07107035e-01
-1.87486390e-01
-5.65167813e-02
-1.73373181e+00
-1.23741929e+00
-1.79150757e-01
-1.84336571e-01
2.15820572e-01
0.00000000e+00
3.54122728e-01
2.89546570e-01
1.49026006e-01
-1.97184282e-01
-5.80439779e-01
4.31084949e-01
2.11048314e-01
-9.63704468e-02
-2.57967910e-01
6.06758757e-02
-3.22851646e-01
-1.14142453e-01
1.66626243e-03
2.58409932e-02
-5.54509894e-01
-3.74479702e-01
-1.58133225e-01
-5.58623116e-02
-8.78215962e-02
-8.16676196e-01
-4.79045929e-01
-5.37763663e-01
4.57177917e-02
0.00000000e+00
0.00000000e+00
4.34649923e+00
6.45290982e-01
8.00077601e-01
-1.05962238e+00
1.11349664e-01
3.11713715e-01
-5.62290844e-01
0.00000000e+00
0.00000000e+00
0.00000000e+00
-1.42023470e-01
-9.34634953e-02
-1.15844109e-01
4.77027379e-01
-1.78484595e+00
-4.34002315e-01
1.54817278e-01
2.28928481e-01
-3.37108915e-01
0.00000000e+00
6.83189517e-01
8.81626078e-01
-5.04949200e-01
1.27438048e+00
-6.38610224e-01
4.84843741e-01
-2.72416669e-01
-1.02469724e+00
8.61912697e-01
-2.61054914e-01
-1.16153758e+00
0.00000000e+00
0.00000000e+00
0.00000000e+00
5.94767623e-02
2.18402372e-01
-3.08585219e-01
8.61137395e-01
-1.87128016e+00
-2.89271545e-01
1.14290819e-01
2.65066318e-01
-1.06820482e+00
0.00000000e+00
6.09499827e-01
7.98160368e-01
-1.59643633e+00
1.29647421e+00
-3.33480995e-01
2.65019652e-01
-3.68129031e-02
-4.86106554e-01
7.90480895e-02
2.62065133e-01
10 2
-1.9104e+00 3.6242e-01
8 -1
0 2 1 6 3 5 9 4 
217
-6.66622123e-01
7.38783381e-01
-3.47753931e-01
0.00000000e+00
-1.62481510e-01
-9.02096735e-01
-2.82765975e-01
-8.06477053e-01
-6.16394018e-01
2.00548541e+00
1.19022079e+00
9.35124796e-01
0.00000000e+00
0.00000000e+00
-6.61860762e-01
-8.68119993e-03
1.10885184e-01
0.00000000e+00
0.00000000e+00
0.00000000e+00
0.00000000e+00
0.00000000e+00
0.00000000e+00
0.00000000e+00
0.00000000e+00
0.00000000e+00
0.00000000e+00
-5.67233405e-03
-4.76903958e-01
-1.79284470e-01
0.00000000e+00
0.00000000e+00
0.00000000e+00
0.00000000e+00
0.00000000e+00
0.00000000e+00
0.00000000e+00
2.08579618e-01
5.25762263e-01
-5.48161511e-01
-1.63002935e+00
-2.12041620e+00
-3.43110401e+00
0.00000000e+00
0.00000000e+00
1.33104728e+00
-4.93127250e-02
-1.23686522e-01
-1.62393263e+00
-5.64160114e-01
-1.11655068e+00
1.51148002e+00
0.00000000e+00
0.00000000e+00
0.00000000e+00
0.00000000e+00
0.00000000e+00
3.08570658e-01
0.00000000e+00
9.14692316e-01
-3.60807364e-02
-3.04954130e-01
-3.25587256e-01
0.00000000e+00
2.43946728e+00
1.89732576e+00
2.43512874e+00
1.27037423e+00
1.82094662e+00
8.20251712e-01
0.00000000e+00
-1.46234750e+00
0.00000000e+00
6.13680506e-01
2.50657198e-01
1.82044867e-01
6.36748117e-02
0.00000000e+00
-1.92204457e+00
0.00000000e+00
8.08650931e-01
-6.29169581e-02
4.46771512e-01
1.01153117e-01
0.00000000e+00
-6.35115363e-01
0.00000000e+00
-7.19826526e-01
1.82597609e-01
6.88319767e-01
2.17316386e+00
0.00000000e+00
-3.82537188e-01
0.00000000e+00
1.05365411e+00
-1.41956693e-01
-1.21656107e+00
6.50592792e-02
0.00000000e+00
-8.78389133e-01
-1.79606008e-01
3.50337023e-01
-3.54881246e-01
-1.73920372e-02
4.16184809e-01
0.00000000e+00
-1.40608866e+00
0.00000000e+00
4.61231374e-01
-1.51648612e+00
2.78235158e-01
1.81186359e+00
0.00000000e+00
-6.49949531e-01
0.00000000e+00
-3.78625070e-01
4.29329154e-01
3.61952478e-01
9.37202154e-01
3.04493875e+00
1.39959716e+00
-2.10972410e+00
0.00000000e+00
0.00000000e+00
0.00000000e+00
1.07377806e+00
0.00000000e+00
2.74589111e+00
2.42847244e+00
-1.13937997e-01
-1.37808228e+00
-7.60345309e+00
7.07254569e+00
0.00000000e+00
0.00000000e+00
4.80163663e+00
2.14190432e+00
1.73318131e+00
-2.43025568e+00
0.00000000e+00
1.67987509e+00
1.88400124e+00
0.00000000e+00
5.30721044e+00
4.60259157e+00
2.89222269e-01
0.00000000e+00
0.00000000e+00
0.00000000e+00
9.19301336e-01
0.00000000e+00
2.72953888e-01
3.90560938e-01
-3.28690326e-01
8.84011433e-01
5.00577375e+00
-1.39779109e+00
0.00000000e+00
0.00000000e+00
-8.01718546e-01
1.11723499e-01
-1.30537847e-01
1.90403640e+00
0.00000000e+00
1.24561805e+00
5.83332610e-01
0.00000000e+00
-5.17813671e-01
-1.99418273e+00
-2.23254326e+00
0.00000000e+00
0.00000000e+00
0.00000000e+00
-2.61130535e-01
-1.40292712e-01
1.29051111e+00
0.00000000e+00
-8.92869310e-03
-2.73093096e+00
-3.69196201e-01
3.43731264e+00
-1.75381762e-01
0.00000000e+00
3.04067231e+00
-1.00351858e+00
0.00000000e+00
1.18527763e+00
3.64966348e+00
0.00000000e+00
5.62734299e-01
-5.87117651e-01
1.98728207e-01
-1.67662298e+00
-1.26654273e-01
0.00000000e+00
0.00000000e+00
0.00000000e+00
-5.11713629e-01
-2.45647368e-01
-1.67144736e-02
0.00000000e+00
-2.03614412e-02
1.71785821e+00
1.24843149e+00
-8.59015864e-01
-3.69566028e-01
0.00000000e+00
-2.21065561e-01
9.49227133e-01
0.00000000e+00
1.23598368e+00
-7.89877715e-01
0.00000000e+00
2.53142636e-01
-7.91397580e-01
1.10313340e+00
1.23894101e+00
136
-4.75070207e+00
1.88654661e+00
1.25296437e-02
0.00000000e+00
0.00000000e+00
0.00000000e+00
0.00000000e+00
0.00000000e+00
0.00000000e+00
0.00000000e+00
-5.69109790e-01
-5.32553993e-01
-5.49613023e-01
0.00000000e+00
0.00000000e+00
0.00000000e+00
0.00000000e+00
0.00000000e+00
0.00000000e+00
0.00000000e+00
-1.12366937e-01
-3.23249732e-01
-6.97416786e-01
-9.69014130e-01
-1.16368132e+00
-9.85054134e-01
-4.99919026e-01
0.00000000e+00
-3.96143698e-01
-5.36908119e-01
6.89567127e-02
-1.35927809e+00
-1.12968077e-01
-1.76390090e+00
6.82161956e-01
0.00000000e+00
-3.49248140e-01
0.00000000e+00
-3.68405957e-01
-8.55346736e-01
-4.51575410e-02
-7.53687709e-01
6.92926703e-01
0.00000000e+00
0.00000000e+00
0.00000000e+00
-3.77319274e+00
-1.14963129e+00
3.76606553e-01
-4.30932147e-01
-3.96712419e-01
0.00000000e+00
2.68662633e-01
2.73066951e-01
4.00143778e-02
-3.71801656e-01
0.00000000e+00
-9.27888147e-01
1.94420584e-01
9.71605065e-03
-1.15307071e+00
-1.24393853e+00
-3.71616763e-01
-6.29314934e-03
-1.54298842e-01
1.90876331e-02
1.79609230e+00
2.31279792e+00
4.17680345e-01
5.32061846e-01
-1.27515736e-02
1.28546985e+00
-2.72699786e+00
-4.72608917e-01
-4.81680575e-01
-2.71236741e-01
0.00000000e+00
3.59203234e+00
2.12887243e-01
8.72745805e-01
-6.48239722e-01
0.00000000e+00
7.77030760e-01
1.88115242e-01
2.22431906e-01
-4.04125968e-01
1.37947775e+00
1.49009198e+00
5.48101037e-02
0.00000000e+00
0.00000000e+00
0.00000000e+00
4.15259682e-01
-3.94270825e-01
8.81761485e-02
6.64252200e-01
-1.55117659e+00
-5.79773696e-01
-5.33024298e-02
4.87804328e-01
-4.83594747e-01
0.00000000e+00
8.52966794e-01
1.27073027e+00
-1.16400997e+00
7.34527145e-01
-1.70683922e-01
8.21180767e-01
-2.02982958e-01
-7.56049818e-01
1.43690055e-02
6.13887204e-02
-5.38962340e-01
0.00000000e+00
0.00000000e+00
0.00000000e+00
-6.28200579e-01
-1.66519909e-01
-6.74638686e-02
9.69355857e-01
-1.84617682e+00
-4.53904342e-01
2.12118605e-01
6.33725948e-02
-1.30572021e+00
0.00000000e+00
8.86043232e-01
8.82325175e-01
-1.44075603e+00
1.37942680e+00
1.12251582e-01
1.06781903e-01
-2.49343655e-01
6.14567274e-01
7.38876896e-02
3.18992368e-01
