0 10 -999999999 -1 -1
1 2 0 -1 -1
0.2168 -0.01215
356
1.31133369e-01
4.98073160e-01
-3.66939792e-01
3.27665380e-01
2.61432457e-01
0.00000000e+00
0.00000000e+00
0.00000000e+00
0.00000000e+00
0.00000000e+00
0.00000000e+00
0.00000000e+00
0.00000000e+00
3.08223369e-01
1.21640111e-01
-1.02198100e-01
0.00000000e+00
0.00000000e+00
0.00000000e+00
0.00000000e+00
0.00000000e+00
0.00000000e+00
0.00000000e+00
0.00000000e+00
0.00000000e+00
0.00000000e+00
0.00000000e+00
0.00000000e+00
0.00000000e+00
0.00000000e+00
0.00000000e+00
0.00000000e+00
0.00000000e+00
0.00000000e+00
0.00000000e+00
0.00000000e+00
0.00000000e+00
0.00000000e+00
0.00000000e+00
0.00000000e+00
0.00000000e+00
0.00000000e+00
0.00000000e+00
0.00000000e+00
0.00000000e+00
0.00000000e+00
0.00000000e+00
0.00000000e+00
0.00000000e+00
0.00000000e+00
0.00000000e+00
-3.09825110e-01
-2.56430475e-01
8.57569621e-01
0.00000000e+00
0.00000000e+00
0.00000000e+00
0.00000000e+00
2.45885889e-01
3.17998277e-01
3.37479157e-01
-6.97194085e-01
-2.74295393e-01
1.06531290e-01
-1.45480644e-01
1.49427060e-01
-3.24556390e-02
-5.90342492e-02
-3.70886807e-01
9.75298555e-03
-2.05352492e-01
-1.49721018e-02
1.31648370e-03
-1.54506765e-01
3.06840029e-01
5.56088013e-03
-3.46431784e-01
2.10152248e-01
-2.55184540e-05
-2.53356784e-01
0.00000000e+00
0.00000000e+00
1.16514863e+00
1.04787189e+00
5.07621214e-01
-7.34191083e-01
-6.96743070e-01
-1.15370141e-01
0.00000000e+00
0.00000000e+00
-9.54416019e-01
-4.07285590e-01
-1.02369220e+00
-4.02717367e-01
-5.36554789e-01
-3.20454468e-01
2.19003132e-01
1.15084377e-03
5.21109726e-02
5.75774027e-02
7.06590533e-02
1.55395392e-01
0.00000000e+00
0.00000000e+00
3.28035397e+00
2.65617426e+00
0.00000000e+00
-6.86440884e-03
0.00000000e+00
5.73409695e-01
1.85188495e-01
-5.98081185e-02
-3.89711806e-01
-9.05841091e-03
-6.71495593e-01
-5.68820668e-01
-7.09254045e-01
-1.37008201e+00
0.00000000e+00
0.00000000e+00
0.00000000e+00
2.50966000e-02
-5.46213484e-02
5.27622328e-02
-7.75821401e-01
-7.87091193e-01
-4.69193057e-01
-1.75914523e-01
-1.61480890e-01
-2.28563265e-01
3.84435426e+00
3.77885676e+00
3.90765044e+00
3.93454641e+00
4.08317513e+00
4.18518610e+00
4.35002910e-02
6.22052326e-01
2.56235916e-01
-1.86461864e-02
2.87418563e-01
-6.05650105e-01
2.65424799e-01
4.52107563e-01
5.45283362e-02
2.69779180e-01
3.31734952e-02
-2.71437681e-01
5.69201929e-01
0.00000000e+00
0.00000000e+00
0.00000000e+00
7.30234368e-02
0.00000000e+00
0.00000000e+00
0.00000000e+00
-5.11697629e-01
0.00000000e+00
-2.14484836e+00
-1.05327649e+00
-3.43850484e-01
-9.17242309e-01
-6.60521753e-01
-5.54522092e-01
-1.00437224e+00
0.00000000e+00
0.00000000e+00
0.00000000e+00
8.28915473e-02
8.95142466e-01
-5.79096069e-01
3.92294495e-01
-1.52377691e+00
3.66254469e-01
-3.04825891e-01
2.28125292e-01
-3.92400944e-01
0.00000000e+00
1.06925899e+00
9.53613812e-01
-2.01225794e+00
1.16727141e+00
-7.14013194e-01
2.17427081e-02
-1.43902520e-02
-1.06433169e+00
-2.19612089e-02
4.46086676e-01
3.52896207e-01
0.00000000e+00
0.00000000e+00
0.00000000e+00
-2.59590798e-02
-2.34798503e-01
2.49364327e-01
2.57295297e-01
2.50148279e-01
-1.45533731e-01
1.95112882e-01
-1.11055156e-01
1.58198425e-01
0.00000000e+00
-2.78830779e-01
-1.83327377e-03
1.90500329e-01
1.27672596e-02
1.79632467e-01
-7.16476073e-02
-8.14739352e-02
5.93565705e-02
-4.55625588e-03
-2.43791310e-01
-3.81002414e-01
-3.45142019e-01
-8.32759910e-01
-6.31282196e-01
-2.33663673e-01
9.36927848e-01
-1.53562125e-01
-1.12850774e+00
-3.32520712e-01
0.00000000e+00
0.00000000e+00
0.00000000e+00
2.40745858e-01
-3.36117846e-01
-1.33343451e-01
1.78744503e-01
-9.90442391e-02
2.11479741e-01
1.20259391e-01
-2.95260710e-01
-7.43021133e-01
0.00000000e+00
2.65309819e-01
-2.05736215e-01
5.87550275e-02
9.36174003e-02
-5.63626328e-01
1.31652975e-01
3.03063808e-01
-9.78966949e-02
-4.36180037e-02
5.81515386e-01
-3.58603951e-02
2.74489978e-01
-8.97868910e-01
-2.60052413e-01
-6.23369824e-01
1.29153470e-03
-9.81072902e-01
-5.74755785e-01
-5.53281518e-02
9.90405120e-01
-3.14482231e-01
-6.74631355e-01
-6.24661358e-01
3.17579432e-01
-1.63205260e-01
-2.55366430e-01
-1.47176440e+00
0.00000000e+00
0.00000000e+00
0.00000000e+00
-1.40292467e+00
1.86922966e+00
-1.09776928e+00
9.00889264e-01
-1.73221539e+00
-1.86526869e-01
-2.39020158e-01
3.61874666e-02
6.11181295e-01
0.00000000e+00
9.21386910e-01
1.74201836e+00
-1.81960755e+00
1.00880166e+00
8.05065660e-01
-3.06421804e-01
-1.32004936e+00
-9.36838215e-01
-1.85435662e-01
-1.39715717e-01
4.17876988e-01
0.00000000e+00
0.00000000e+00
0.00000000e+00
4.02235171e-01
-8.48015604e-01
3.45973178e-01
2.01256521e-01
1.72673362e-01
7.59166653e-02
2.83572976e-01
-7.91434139e-03
-1.83707550e-01
0.00000000e+00
-1.90698740e-01
-3.00401016e-01
-3.91371717e-02
1.64832444e-01
-6.53626908e-02
1.36990088e-01
2.76806554e-01
-1.12959078e-01
1.03546360e-01
2.26985933e-03
-5.22230279e-01
-4.11633972e-01
1.37618807e+00
8.19873690e-01
1.68402364e-01
9.95673233e-01
-8.71517457e-02
-1.32015546e+00
-3.54957667e-01
0.00000000e+00
0.00000000e+00
0.00000000e+00
-5.96948390e-01
1.11181272e+00
-4.06331375e-01
-5.62573924e-01
2.30651435e-01
-1.01020464e-01
-4.47386857e-01
4.15564552e-01
5.55228877e-01
0.00000000e+00
-1.14744387e-01
4.31232225e-01
1.19068022e-02
-3.78322206e-01
4.75270769e-01
-3.82774097e-01
-4.98339994e-01
3.51381508e-01
4.47254272e-02
-4.94290285e-01
-1.10596307e-01
5.11208102e-01
6.59729375e-01
3.35358739e-01
-9.49534122e-01
-5.05608336e-01
6.50698388e-01
4.93480609e-01
-1.27822290e-01
8.45290105e-01
-5.29245863e-01
-8.21652578e-01
-4.43925785e-01
5.03398056e-01
1.89287977e-01
6.94829953e-01
247
-1.62985319e+00
-3.49783291e-01
-1.28006990e+00
1.01772178e-01
-4.51555469e-01
-4.48688539e-01
0.00000000e+00
0.00000000e+00
0.00000000e+00
0.00000000e+00
0.00000000e+00
0.00000000e+00
0.00000000e+00
0.00000000e+00
0.00000000e+00
0.00000000e+00
0.00000000e+00
0.00000000e+00
0.00000000e+00
0.00000000e+00
0.00000000e+00
0.00000000e+00
0.00000000e+00
0.00000000e+00
0.00000000e+00
0.00000000e+00
0.00000000e+00
0.00000000e+00
0.00000000e+00
0.00000000e+00
0.00000000e+00
0.00000000e+00
0.00000000e+00
0.00000000e+00
0.00000000e+00
0.00000000e+00
0.00000000e+00
0.00000000e+00
0.00000000e+00
0.00000000e+00
0.00000000e+00
-8.75591409e-01
1.93538774e-02
-9.80251077e-01
1.46741235e-02
-1.07304822e-01
1.00097181e-02
3.33294120e-01
3.23134115e-05
0.00000000e+00
0.00000000e+00
9.36874617e-02
4.32524767e-02
1.89253534e-01
-4.22350892e-01
-9.70793611e-02
7.27505637e-01
0.00000000e+00
0.00000000e+00
2.72951549e+00
4.55127223e+00
0.00000000e+00
0.00000000e+00
0.00000000e+00
0.00000000e+00
0.00000000e+00
1.32478235e+00
-2.28576042e-01
-6.10407457e-01
-1.01883291e+00
-9.79409674e-01
-6.98978273e-01
-1.14979842e+00
0.00000000e+00
0.00000000e+00
0.00000000e+00
0.00000000e+00
0.00000000e+00
-7.15155521e-01
-2.08316695e-01
-5.18819552e-01
-7.05524015e-01
-8.88332394e-01
-1.56937967e+00
-1.39171693e+00
5.25336942e+00
5.15881243e+00
5.14738547e+00
5.25618103e+00
5.61456211e+00
5.69933620e+00
5.62420642e-01
1.44037406e-01
6.58858290e-02
-4.44542509e-01
-4.48933920e-01
-4.14012433e-02
4.12994092e-02
-1.17487751e+00
-9.05860214e-01
-8.97474855e-01
-7.39815735e-01
-5.84491016e-01
3.26634106e-01
-8.99036170e-01
0.00000000e+00
0.00000000e+00
-1.05755460e+00
0.00000000e+00
-3.22517255e+00
0.00000000e+00
6.43997595e-03
-1.14063610e+00
-1.15455220e-01
-5.45773250e-01
-1.13419613e+00
0.00000000e+00
0.00000000e+00
0.00000000e+00
1.21180549e-01
6.36648630e-01
1.15854709e-01
1.34854659e+00
-2.14002275e+00
3.54538452e-01
6.82481606e-01
1.14611739e+00
-8.75804420e-01
0.00000000e+00
3.01873792e-01
6.93831502e-01
-2.23724721e+00
8.72782471e-01
1.27823557e-01
2.85282711e-01
-1.19241493e+00
-1.24452753e+00
-2.21541698e-01
9.04004433e-02
-3.60811336e-01
8.38716659e-02
-2.80873749e-01
-5.98462724e-01
1.00274123e-01
-2.20249823e-01
0.00000000e+00
0.00000000e+00
0.00000000e+00
-6.10445686e-01
5.33917548e-01
-3.57350026e-01
-4.65437007e-01
-4.10955866e-01
-1.49411527e-01
-5.34468793e-01
-3.77193536e-02
7.22581615e-01
0.00000000e+00
5.38696011e-02
5.70244965e-01
8.39210464e-02
-1.35451619e-01
4.20464719e-01
-1.94135629e-02
4.13149487e-01
-3.33808073e-01
-1.28333930e-02
4.88961019e-02
-4.44683002e-01
-8.49259222e-01
-4.63010326e-01
-4.94400479e-01
-7.73384791e-01
-7.74316899e-02
0.00000000e+00
-1.45113770e+00
-8.75608615e-01
-6.95953101e-01
-4.33539013e-01
-4.72186462e-02
-5.22339689e-01
-6.61228470e-01
0.00000000e+00
0.00000000e+00
0.00000000e+00
-1.10574741e-01
4.88967909e-01
-6.19389174e-02
9.16616472e-01
-1.20880931e+00
1.73988110e-01
4.32503103e-01
7.36861303e-01
-1.10376421e+00
0.00000000e+00
1.01991923e-01
8.94699967e-01
-1.45370417e+00
1.17687318e+00
-8.42412762e-02
-4.83947105e-02
-1.99672823e+00
-8.55080634e-03
6.66670179e-01
-1.73694245e-01
-1.21644722e-01
2.91302857e-01
1.70206589e-01
9.16294811e-01
2.69121635e-01
-3.66701493e-01
0.00000000e+00
0.00000000e+00
0.00000000e+00
1.14348415e-01
2.96061499e-02
4.90070192e-02
4.83310379e-01
6.90880709e-02
1.49634828e-01
2.96346946e-01
-2.55108539e-01
0.00000000e+00
0.00000000e+00
4.99783115e-01
2.28091160e-02
-9.63070192e-02
3.72945949e-01
-4.56342524e-01
1.54005959e-01
9.39587990e-01
2.06982950e-01
1.59487716e-01
5.94916900e-01
-4.12947579e-01
0.00000000e+00
2.44533432e-01
4.84659786e-02
-5.39583748e-01
-4.06758077e-01
6.71208702e-01
3.58623048e-01
4.07254602e-01
-1.32825671e-01
8.60885435e-02
3.87865220e-01
-4.14190047e-01
1 -999999999 6 0 -1
1 0 2 1 -1
-8.2895e-02 7.1792e-01
356
-4.84860926e-01
0.00000000e+00
0.00000000e+00
0.00000000e+00
0.00000000e+00
0.00000000e+00
0.00000000e+00
0.00000000e+00
0.00000000e+00
0.00000000e+00
0.00000000e+00
0.00000000e+00
0.00000000e+00
0.00000000e+00
0.00000000e+00
0.00000000e+00
-3.76278783e-01
-1.08582143e-01
-1.71108063e-01
-2.22137436e-01
0.00000000e+00
0.00000000e+00
0.00000000e+00
0.00000000e+00
0.00000000e+00
0.00000000e+00
0.00000000e+00
0.00000000e+00
-6.98371134e-02
-1.19372389e-02
-8.93337108e-02
-1.12196729e-02
-4.73641253e-01
-8.37280947e-01
-6.23574004e-01
2.17917073e-01
-9.41834675e-02
5.91846835e-01
8.17044634e-01
2.34214440e-01
-5.45604548e-02
0.00000000e+00
0.00000000e+00
0.00000000e+00
0.00000000e+00
0.00000000e+00
0.00000000e+00
0.00000000e+00
0.00000000e+00
0.00000000e+00
0.00000000e+00
5.82133023e-02
-1.34425807e-01
-8.31243841e-01
0.00000000e+00
0.00000000e+00
0.00000000e+00
0.00000000e+00
-5.98615558e-01
-4.10082075e-01
-5.50327498e-01
8.34990017e-01
3.28315034e-01
7.83735721e-02
4.98589004e-01
-8.45313093e-01
-1.62821908e-01
-1.85390306e+00
0.00000000e+00
0.00000000e+00
0.00000000e+00
-1.52159532e-01
7.22393752e-03
-2.21664578e-01
-4.81863362e-01
2.01528907e-03
5.10807452e-01
8.96602978e-01
-5.20910503e-04
1.42115856e-01
0.00000000e+00
0.00000000e+00
2.75684365e-01
5.86085859e-03
-3.11850558e-01
2.89523278e-01
1.14027009e-01
2.00718439e-01
0.00000000e+00
0.00000000e+00
-4.33668159e-02
-2.47927214e-01
-5.96278780e-01
-1.30579155e-01
-5.62070355e-01
-8.68084942e-02
2.87901287e-02
1.60205883e-02
4.32210925e-02
2.42400323e-01
1.97766956e-01
-3.75489346e-02
0.00000000e+00
0.00000000e+00
2.04995135e+00
1.93862110e+00
0.00000000e+00
-3.20797738e-02
0.00000000e+00
5.23246398e-01
2.14443004e-01
-1.19358198e-02
-5.94338645e-01
-2.02478137e-01
-4.42453325e-01
-2.47115708e-01
-4.00060113e-01
-1.14402709e+00
0.00000000e+00
0.00000000e+00
0.00000000e+00
0.00000000e+00
-4.01758663e-02
5.56304532e-02
1.86318312e-02
-4.20351210e-01
-4.03274183e-01
-3.84504301e-01
-4.21539267e-01
-5.91256786e-01
3.88643464e+00
3.79537321e+00
3.82263501e+00
3.89222898e+00
3.99723450e+00
4.18392894e+00
3.31966675e-01
6.43804517e-01
5.29696786e-01
4.13280150e-01
-1.50420503e-02
2.46926827e-02
1.04761222e-01
5.29950525e-02
3.29664454e-01
3.45564386e-01
4.30364951e-01
-3.56341855e-02
4.95660740e-01
0.00000000e+00
0.00000000e+00
0.00000000e+00
-2.21188108e-01
0.00000000e+00
0.00000000e+00
0.00000000e+00
-7.59554279e-01
0.00000000e+00
-1.43036519e+00
-8.88200808e-01
-6.00354944e-01
-8.58873940e-01
-5.04092144e-01
-6.76407274e-01
-1.10444709e+00
0.00000000e+00
0.00000000e+00
0.00000000e+00
-3.22615413e-01
2.28532691e+00
-2.50248789e-01
1.21020866e+00
-1.15833666e+00
-5.38143479e-01
-1.29479799e-01
-4.30622872e-02
5.86783088e-01
0.00000000e+00
7.66457953e-01
1.19884488e+00
-2.05876941e+00
1.18846264e+00
-9.79649407e-01
-6.33177563e-01
-8.13050859e-01
-1.12792595e+00
-2.57317084e-01
-2.87545168e-02
-8.43200731e-03
0.00000000e+00
0.00000000e+00
0.00000000e+00
2.01128781e-01
-1.03229531e+00
7.64991111e-02
4.57816427e-02
1.63887003e-02
4.00070914e-02
2.56900221e-01
1.80611993e-01
-4.62789351e-01
0.00000000e+00
-1.25345837e-01
-2.59466370e-01
-7.40865674e-02
-4.32650159e-02
4.04376508e-01
2.05104495e-01
2.51595585e-01
1.98687843e-01
1.11048660e-01
6.85815777e-04
-4.81332171e-01
-3.62738411e-01
-8.57399376e-02
1.49755394e-01
2.72187235e-01
1.23877001e+00
-2.93654240e-01
-1.30785418e+00
7.70130593e-02
0.00000000e+00
0.00000000e+00
0.00000000e+00
2.98382578e-01
1.84462894e+00
-1.25582645e-01
-1.10594739e-01
-2.29179206e-01
1.63392896e-01
-5.50152682e-02
-6.30036655e-01
9.59648306e-01
0.00000000e+00
1.51936025e-01
-2.96769458e-01
-2.67804248e-01
3.66490916e-02
-1.24879001e+00
-4.64026219e-01
2.93055017e-01
-2.36886805e-01
-1.40320964e-02
8.03755344e-03
-1.18593760e-01
7.25650922e-01
-2.16392516e-01
-6.69975736e-01
-6.23114917e-01
-2.37616534e-01
-1.09525076e+00
-1.11273709e+00
-5.55030572e-01
1.14655250e+00
-8.40216650e-01
-5.43952382e-01
-3.85498383e-01
-5.38571878e-01
-1.03682335e+00
-5.78279763e-01
-1.53528121e+00
0.00000000e+00
0.00000000e+00
0.00000000e+00
-8.47542376e-01
4.42161542e-01
-3.04489953e-01
1.41142935e+00
-1.44593592e+00
-2.65566826e-01
-1.44570757e-01
4.41582893e-01
-8.64051625e-01
0.00000000e+00
2.89955297e-01
1.76296443e+00
-1.91949992e+00
1.24840059e+00
1.33078174e+00
-1.14256259e-01
-1.10140918e+00
-7.33075219e-01
1.71349576e-02
-7.39293976e-01
2.53467776e-01
0.00000000e+00
0.00000000e+00
0.00000000e+00
1.70321066e-01
-3.73665756e-01
-8.66448200e-03
-1.29051629e-01
1.14523962e-01
4.76207395e-02
1.31219094e-01
-4.20496349e-02
2.81478120e-01
0.00000000e+00
-1.37428160e-01
-2.20152783e-01
1.00216326e-01
-1.94546884e-02
-3.09954130e-01
7.64240663e-02
1.26607646e-01
-4.59364169e-03
1.39274251e-01
3.10797411e-01
-5.20648867e-01
-3.56807959e-01
2.73672400e-01
7.01842362e-02
-2.66720690e-01
1.02784714e+00
-1.29793682e-01
-1.25486142e+00
-2.29759230e-01
0.00000000e+00
0.00000000e+00
0.00000000e+00
-4.05786194e-01
-7.39167397e-01
-1.87653649e-02
-1.48541865e-02
1.96086437e-01
-4.49561264e-02
-5.79911788e-01
5.84054507e-01
-6.56562874e-01
0.00000000e+00
1.41282285e-01
4.29320307e-01
6.15405761e-01
7.44454370e-02
8.44720071e-01
-1.31319413e-01
-5.49097621e-01
2.96925664e-01
-3.77940902e-02
-2.33784642e-01
-1.63840909e-01
-2.56834775e-02
-7.25688844e-01
-6.80235541e-01
-1.01463235e+00
-5.02065981e-01
-1.38637349e-01
5.16894929e-01
1.70120793e-01
8.45895344e-01
-7.73970178e-01
-5.73991147e-01
-5.12566366e-01
-3.37941737e-01
-3.47560012e-01
-1.53296529e-01
247
-6.31297705e-01
0.00000000e+00
0.00000000e+00
0.00000000e+00
0.00000000e+00
0.00000000e+00
0.00000000e+00
0.00000000e+00
0.00000000e+00
0.00000000e+00
0.00000000e+00
0.00000000e+00
0.00000000e+00
0.00000000e+00
-3.95949803e-01
-2.35347901e-01
-2.18826090e-01
-1.77123713e-01
3.73916424e-02
0.00000000e+00
0.00000000e+00
0.00000000e+00
0.00000000e+00
0.00000000e+00
0.00000000e+00
0.00000000e+00
0.00000000e+00
-4.12104355e-01
0.00000000e+00
5.30096498e-01
-9.42200853e-01
0.00000000e+00
2.84579230e-01
-3.38161229e-01
0.00000000e+00
0.00000000e+00
0.00000000e+00
0.00000000e+00
0.00000000e+00
0.00000000e+00
0.00000000e+00
0.00000000e+00
0.00000000e+00
-2.02161203e-01
-4.43882457e-03
2.82493738e-01
-5.63539304e-05
2.18683484e-01
1.09003337e-03
0.00000000e+00
0.00000000e+00
4.29961572e-01
2.46545153e-01
2.34964291e-01
2.48846429e-01
7.00939273e-02
-4.32902019e-01
0.00000000e+00
0.00000000e+00
2.11840572e+00
2.30185457e+00
0.00000000e+00
1.35385577e-01
0.00000000e+00
2.38429407e-01
5.03566954e-02
2.37334696e-01
-3.74057366e-01
3.28835259e-02
-3.66694099e-01
-3.54292750e-01
-7.05390706e-01
-1.32848254e+00
0.00000000e+00
2.57156999e-03
0.00000000e+00
-1.83129718e-01
7.77389542e-02
-1.58226023e-01
-2.01941520e-01
-3.32784868e-01
-5.26205715e-01
-4.98303877e-01
-4.67005453e-01
-5.91939250e-01
4.27737414e+00
4.28986088e+00
4.23886244e+00
4.37685257e+00
4.32672953e+00
4.31689486e+00
-3.12405209e-01
2.81929968e-01
8.36833977e-02
-1.27733408e-01
3.01184457e-01
-7.73601824e-01
-2.55921727e-01
-1.14585561e-01
-4.79069788e-01
-2.05963216e-01
-1.65080008e-01
-3.39392836e-01
3.46330510e-01
-3.14971597e-01
0.00000000e+00
0.00000000e+00
-6.62656618e-01
0.00000000e+00
-1.91905044e+00
-1.92577825e+00
-4.14931292e-01
-4.15721690e-01
-3.62641122e-01
-6.44732906e-01
-8.30652982e-01
0.00000000e+00
0.00000000e+00
0.00000000e+00
-1.41583311e-01
2.14862835e-01
4.20991023e-02
1.11588352e+00
-5.74947326e-01
4.45278341e-02
-2.99380378e-02
1.64786785e-01
-6.61893216e-01
0.00000000e+00
7.34361113e-02
9.64888593e-01
-1.59995415e+00
6.67593654e-01
-9.94267383e-02
-2.88822571e-01
-1.65784564e-01
-4.62491062e-01
2.34005406e-01
-3.27895848e-01
-3.04422259e-01
1.73281354e-01
-2.83631767e-01
-4.36957430e-01
1.02170757e-01
-2.43971762e-01
0.00000000e+00
0.00000000e+00
0.00000000e+00
-8.15384106e-02
-2.62158417e-01
-8.40490010e-02
-2.10778582e-01
-3.26281070e-01
-1.25871294e-01
-1.66843320e-02
6.73719197e-02
-1.43103428e-01
0.00000000e+00
2.92955385e-01
2.00229679e-01
-2.22387136e-01
2.10802228e-01
9.47198302e-01
3.44947682e-03
-3.12803770e-01
6.73707668e-02
-1.14906540e-01
-1.32787538e-01
-4.77703613e-01
-7.58140999e-01
-4.69483669e-01
-9.28182132e-02
-5.26230724e-01
-5.88212646e-01
-8.95565527e-01
-1.99286761e-02
4.14498992e-02
6.19819226e-02
-1.23728661e+00
-8.59297543e-01
-6.88369488e-01
-1.00737403e+00
0.00000000e+00
0.00000000e+00
0.00000000e+00
-3.53913385e-01
4.23733260e-01
-1.00272622e-01
1.06706273e+00
-9.12724097e-01
-8.00079197e-02
3.11992842e-02
1.48769069e-01
-2.20276153e-01
0.00000000e+00
-1.09063626e-01
1.11939269e+00
-1.67974679e+00
7.08785621e-01
-1.59996446e-01
-4.24837256e-02
-1.99248609e-01
-9.27843654e-01
3.30173889e-01
-5.09135529e-02
-2.07361970e-01
3.20977137e-01
8.28495049e-01
7.29707563e-01
3.21287773e-01
-4.86989518e-01
0.00000000e+00
0.00000000e+00
0.00000000e+00
-9.06854275e-02
7.25741507e-01
-7.04812178e-02
-1.71889668e-02
-2.73321534e-01
-3.55650556e-02
-1.53160568e-03
-2.76742303e-01
4.86776346e-01
0.00000000e+00
2.90908547e-01
9.58523500e-02
7.83898908e-02
4.35741138e-02
-2.60740833e-01
-3.68847575e-01
-2.82257766e-01
-3.28728537e-01
-1.67502134e-01
-3.46393174e-02
-5.28339106e-01
6.85265385e-01
1.77067321e-01
1.22937612e-01
-8.00012059e-01
-6.83618259e-01
6.97322000e-01
5.42609401e-01
2.52627567e-01
-1.16393800e-01
3.89334325e-01
1.65278399e-01
-1.15687117e-01
3 1
-6.0962e-02 3.9760e-01
2 0
0 1 
217
-3.15205218e-02
-2.04896641e-01
-9.31642568e-03
1.91995006e-01
-2.20817112e-01
-1.34082307e-01
-1.05818233e-01
1.75864798e-01
1.37176004e-01
4.35325698e-02
1.76674801e-01
-4.56032102e-02
-1.87359817e-02
-3.80987180e-01
8.93749856e-02
-2.53342187e-02
1.41481977e-01
5.20749448e-01
-8.17611266e-03
-2.38434112e-02
-1.71673472e-01
5.58200494e-04
5.35364004e-02
-4.69971483e-01
6.87005485e-04
1.11163956e-01
0.00000000e+00
0.00000000e+00
3.89985413e-01
3.08127284e-01
-5.97061748e-02
-7.24207230e-03
4.81889965e-02
-2.32388342e-01
0.00000000e+00
0.00000000e+00
-1.01770836e-02
-1.98306795e-01
1.76963357e-01
0.00000000e+00
0.00000000e+00
0.00000000e+00
0.00000000e+00
0.00000000e+00
-1.01770836e-02
-9.86324625e-02
-9.96743328e-02
1.76963357e-01
0.00000000e+00
0.00000000e+00
0.00000000e+00
0.00000000e+00
0.00000000e+00
0.00000000e+00
0.00000000e+00
0.00000000e+00
0.00000000e+00
0.00000000e+00
0.00000000e+00
0.00000000e+00
1.76963357e-01
-9.96743328e-02
-9.86324625e-02
0.00000000e+00
-7.83478140e-02
-7.23048503e-01
-1.40790320e-01
6.47232750e-01
2.19121215e-01
5.17128615e-01
0.00000000e+00
-8.49012004e-02
-1.06689380e-02
1.65427319e-01
-2.01620635e-01
-8.81382950e-02
2.57067575e-01
0.00000000e+00
0.00000000e+00
0.00000000e+00
0.00000000e+00
0.00000000e+00
0.00000000e+00
0.00000000e+00
0.00000000e+00
0.00000000e+00
0.00000000e+00
0.00000000e+00
0.00000000e+00
0.00000000e+00
0.00000000e+00
0.00000000e+00
0.00000000e+00
0.00000000e+00
0.00000000e+00
0.00000000e+00
0.00000000e+00
0.00000000e+00
0.00000000e+00
0.00000000e+00
0.00000000e+00
0.00000000e+00
0.00000000e+00
0.00000000e+00
0.00000000e+00
0.00000000e+00
0.00000000e+00
0.00000000e+00
0.00000000e+00
0.00000000e+00
0.00000000e+00
0.00000000e+00
0.00000000e+00
0.00000000e+00
0.00000000e+00
0.00000000e+00
0.00000000e+00
0.00000000e+00
0.00000000e+00
-5.90727489e-01
-3.56353411e-01
-5.13115613e-01
0.00000000e+00
0.00000000e+00
0.00000000e+00
-3.13243369e-01
-3.02713317e-01
-4.15258649e-02
8.70122376e-01
-5.73591758e-01
-1.88950884e-01
1.94789054e-01
-3.66648416e-01
1.30738299e-01
0.00000000e+00
-6.98483257e-01
4.10237991e-01
-7.77569699e-01
3.10171691e-01
7.66767701e-01
1.70529444e-01
6.47722377e-02
-4.40696449e-01
3.44234843e-01
-7.20562381e-02
-2.99733208e-01
0.00000000e+00
0.00000000e+00
0.00000000e+00
8.66052065e-02
-3.52766531e-01
-8.68464509e-03
2.12308312e-01
-5.88595199e-02
-1.39283934e-01
-1.60353634e-02
2.95551793e-01
-2.60312053e-01
0.00000000e+00
4.92752208e-01
1.09128261e-01
-4.97147088e-01
3.41086348e-01
-1.68136288e-01
-4.11074330e-02
-1.76729059e-01
-1.01557417e-01
-7.70320511e-02
6.04860468e-02
-4.87517252e-01
0.00000000e+00
0.00000000e+00
0.00000000e+00
-1.55276320e-01
6.37010935e-02
-7.56914901e-01
8.17937084e-01
-2.89451185e-01
-3.56425392e-01
1.91153505e-01
-1.82738896e-01
-2.71755856e-01
0.00000000e+00
-9.65726677e-02
5.44541027e-01
-6.24881150e-01
8.83615151e-01
-3.11124220e-01
-1.68189201e-01
-1.05442742e-01
1.15374552e-03
5.08530337e-01
-1.79376661e-01
-2.25626989e-01
0.00000000e+00
0.00000000e+00
0.00000000e+00
-3.49101971e-01
2.30329185e-02
1.61330172e-01
9.18538744e-02
-3.96630908e-01
1.82952501e-01
2.68444396e-01
1.55020897e-01
3.01671808e-01
0.00000000e+00
6.82791528e-02
2.41456632e-01
-8.65692845e-01
1.28376147e-02
4.67615143e-01
6.06480368e-04
-1.26640324e-01
-3.88980881e-01
-6.19919648e-02
-1.16896835e-02
136
2.89190248e-01
-1.31480805e-01
2.60588707e-02
3.16122273e-01
-2.85534144e-03
-3.91777849e-02
3.31888940e-03
1.43726566e-01
8.93468965e-04
0.00000000e+00
0.00000000e+00
1.18221777e-01
1.15671276e-01
8.86624008e-02
4.00820274e-01
3.60982588e-01
4.68845808e-01
0.00000000e+00
0.00000000e+00
-1.40444587e-01
8.39811263e-02
3.45653709e-01
0.00000000e+00
0.00000000e+00
0.00000000e+00
0.00000000e+00
0.00000000e+00
-1.40444587e-01
9.37786457e-02
-9.79751943e-03
3.45653709e-01
0.00000000e+00
0.00000000e+00
0.00000000e+00
0.00000000e+00
0.00000000e+00
0.00000000e+00
0.00000000e+00
0.00000000e+00
0.00000000e+00
0.00000000e+00
0.00000000e+00
0.00000000e+00
0.00000000e+00
0.00000000e+00
0.00000000e+00
0.00000000e+00
3.79949441e-02
3.82608251e-01
-2.57366152e-01
-5.46099774e-01
0.00000000e+00
-8.45011639e-03
-4.15346765e-02
-3.87183095e-03
-1.67094004e-01
0.00000000e+00
0.00000000e+00
0.00000000e+00
0.00000000e+00
3.45653709e-01
-9.79751943e-03
9.37786457e-02
0.00000000e+00
0.00000000e+00
0.00000000e+00
0.00000000e+00
0.00000000e+00
0.00000000e+00
0.00000000e+00
0.00000000e+00
0.00000000e+00
0.00000000e+00
0.00000000e+00
0.00000000e+00
0.00000000e+00
0.00000000e+00
0.00000000e+00
0.00000000e+00
0.00000000e+00
0.00000000e+00
0.00000000e+00
0.00000000e+00
0.00000000e+00
0.00000000e+00
0.00000000e+00
-6.83951813e-01
9.39894155e-02
-1.16895808e+00
0.00000000e+00
0.00000000e+00
0.00000000e+00
-2.66213243e-01
3.53764070e-01
-3.20164031e-01
1.23813449e+00
-1.56993101e+00
-4.81793462e-01
2.74676146e-01
6.52285877e-01
-1.47031029e-01
0.00000000e+00
2.89976933e-01
9.44032409e-01
-2.07964833e+00
8.42477706e-01
9.73890433e-01
-1.07284881e-01
-6.34928097e-01
-1.00443909e+00
2.38737088e-03
-1.29150333e-01
-9.02305169e-01
0.00000000e+00
0.00000000e+00
0.00000000e+00
-2.52166028e-01
7.51545785e-01
-3.53157506e-01
1.14653821e+00
-1.33165736e+00
-3.64590777e-01
-1.88387791e-01
-9.79076094e-02
-1.32046652e-01
0.00000000e+00
5.32425545e-01
1.19460919e+00
-1.65711251e+00
1.10542364e+00
-1.87448410e-02
-1.85892987e-01
-6.24121686e-01
-8.75957442e-01
2.94149950e-01
1.54745691e-01
4 1
-2.9440e-01 4.3861e-01
3 1
0 1 3 
217
-5.82948856e-01
6.33165977e-02
2.08060458e-01
1.13780946e-02
-2.96718480e-01
-2.81023850e-01
-7.36972416e-01
9.08581521e-01
7.18755200e-02
1.70092690e-01
2.29225760e-01
-2.35833743e-01
1.49640759e-01
-5.90435425e-01
0.00000000e+00
0.00000000e+00
0.00000000e+00
-1.09881836e-01
-6.30921148e-03
3.96336580e-01
-5.16153168e-01
3.93290881e-03
2.84957349e-01
1.74127964e-01
-7.43496363e-04
2.37645854e-01
0.00000000e+00
0.00000000e+00
3.64999136e-01
-7.20246824e-02
-3.30138130e-01
-1.97381694e-02
-2.75662953e-01
-6.94663906e-02
0.00000000e+00
0.00000000e+00
-1.43027459e-01
-1.64425084e-01
-2.45624126e-01
-2.98721871e-02
0.00000000e+00
0.00000000e+00
0.00000000e+00
0.00000000e+00
-1.43027459e-01
-6.38445697e-02
-9.87869041e-02
2.19113862e-01
0.00000000e+00
-2.72709759e-01
-1.92028229e-01
-2.98721871e-02
0.00000000e+00
0.00000000e+00
0.00000000e+00
0.00000000e+00
0.00000000e+00
0.00000000e+00
0.00000000e+00
0.00000000e+00
-2.78655380e-03
-9.87869041e-02
-3.38347939e-01
0.00000000e+00
-4.27670478e-01
-2.07791463e-01
-1.14375018e-01
7.23858971e-01
-3.29376359e-02
3.30418213e-01
0.00000000e+00
-4.81375398e-01
1.79107703e-01
7.08906018e-02
-2.97348167e-01
-1.72464060e-01
5.53126172e-02
0.00000000e+00
-8.36098137e-02
1.00745729e-01
1.77344259e-01
-6.83861914e-01
-6.73748044e-01
-7.42999307e-01
0.00000000e+00
0.00000000e+00
0.00000000e+00
0.00000000e+00
0.00000000e+00
0.00000000e+00
0.00000000e+00
0.00000000e+00
0.00000000e+00
0.00000000e+00
0.00000000e+00
0.00000000e+00
0.00000000e+00
0.00000000e+00
0.00000000e+00
0.00000000e+00
0.00000000e+00
0.00000000e+00
0.00000000e+00
0.00000000e+00
0.00000000e+00
0.00000000e+00
0.00000000e+00
0.00000000e+00
0.00000000e+00
0.00000000e+00
0.00000000e+00
0.00000000e+00
0.00000000e+00
0.00000000e+00
0.00000000e+00
0.00000000e+00
0.00000000e+00
0.00000000e+00
0.00000000e+00
-7.14797294e-01
-6.29694460e-01
-1.03134789e+00
0.00000000e+00
0.00000000e+00
0.00000000e+00
-2.86953324e-01
1.51344014e-01
-3.52681091e-01
1.30659769e+00
-6.18367300e-01
-5.50178819e-01
3.60416920e-01
4.10897086e-01
-2.26456034e-01
0.00000000e+00
1.30985834e-02
6.41082862e-01
-6.01521897e-01
4.33838082e-01
3.10553298e-02
-2.81504246e-01
-5.63397486e-01
-4.29377171e-01
-1.30890028e-01
-3.38351066e-01
-1.03043265e-02
0.00000000e+00
0.00000000e+00
0.00000000e+00
2.25302316e-01
-1.35369679e-01
8.15338785e-03
-1.15235814e-01
-5.70090133e-01
-2.02980919e-02
9.87324486e-02
-1.88699349e-02
3.01847726e-03
0.00000000e+00
2.36220443e-01
5.11223777e-02
-8.07922820e-01
2.79950962e-01
-8.90257754e-02
1.73567766e-01
3.01233664e-01
2.00053668e-04
1.19809995e-01
2.49196031e-01
-9.89020931e-01
0.00000000e+00
0.00000000e+00
0.00000000e+00
-9.78715436e-02
3.09228554e-01
-5.94821892e-01
4.80161416e-01
-2.73271642e-01
-1.33390405e-03
2.58532919e-01
1.74682264e-01
-3.94951837e-01
0.00000000e+00
1.27870807e-02
7.74257547e-01
-5.72538121e-01
3.28227373e-02
-4.41887370e-01
1.07103398e-01
-1.51821771e-01
-9.63699293e-02
-5.82205313e-02
-4.55508305e-01
-6.35520697e-02
0.00000000e+00
0.00000000e+00
0.00000000e+00
-4.33969307e-02
-4.07714583e-01
1.60725529e-01
2.71221854e-01
-4.40785209e-01
-2.22923761e-01
-8.40105880e-02
-3.66519788e-03
5.14220189e-02
0.00000000e+00
1.31499875e-01
1.70546940e-01
-4.65380462e-01
5.52713295e-01
4.76396456e-01
-1.68363132e-01
-2.33880650e-01
-1.90814681e-01
2.45875222e-01
1.36981934e-01
136
2.55017565e-01
0.00000000e+00
0.00000000e+00
-1.15991861e-01
9.90556144e-03
6.36095422e-01
4.89913942e-04
7.38325970e-01
6.40444362e-06
0.00000000e+00
0.00000000e+00
2.36353370e-01
2.23974786e-01
1.06344678e-01
3.38854167e-01
3.33635453e-01
3.50588275e-01
0.00000000e+00
0.00000000e+00
-1.89380948e-01
-6.21498525e-02
-2.23445793e-02
5.28892945e-01
0.00000000e+00
0.00000000e+00
0.00000000e+00
0.00000000e+00
-1.89380948e-01
-1.45021844e-01
-7.35321868e-02
3.10210558e-01
1.56404178e-01
-4.67797272e-03
-3.27877165e-01
5.28892945e-01
0.00000000e+00
0.00000000e+00
0.00000000e+00
0.00000000e+00
0.00000000e+00
0.00000000e+00
0.00000000e+00
0.00000000e+00
0.00000000e+00
0.00000000e+00
0.00000000e+00
-7.67696561e-02
-3.57616465e-01
3.88247833e-01
-2.60326936e-01
-7.61364240e-01
0.00000000e+00
-9.91054712e-02
-1.36227670e-02
-6.52955587e-03
-3.15685718e-01
-7.69205515e-02
-2.08038693e-02
-3.13733030e-01
1.10993821e-02
8.35972918e-02
-7.35321868e-02
6.70436151e-03
0.00000000e+00
0.00000000e+00
0.00000000e+00
0.00000000e+00
0.00000000e+00
0.00000000e+00
0.00000000e+00
0.00000000e+00
0.00000000e+00
0.00000000e+00
0.00000000e+00
0.00000000e+00
0.00000000e+00
0.00000000e+00
0.00000000e+00
0.00000000e+00
0.00000000e+00
0.00000000e+00
0.00000000e+00
0.00000000e+00
0.00000000e+00
0.00000000e+00
0.00000000e+00
-5.34545634e-01
1.83819131e-01
-1.13499555e+00
0.00000000e+00
0.00000000e+00
0.00000000e+00
-3.72697573e-01
3.38884026e-01
-2.66784602e-01
1.29029965e+00
-1.21074137e+00
-3.01697786e-01
1.19170323e-01
5.48270102e-01
-2.58700313e-01
0.00000000e+00
2.76401125e-01
9.04735688e-01
-1.99480496e+00
8.08886393e-01
1.05473517e+00
-7.04859115e-02
-8.43406839e-01
-1.12771045e+00
7.76658596e-02
-1.07014080e-01
-8.58885341e-01
0.00000000e+00
0.00000000e+00
0.00000000e+00
-4.05300686e-01
8.41180914e-01
-4.05949981e-01
1.06829370e+00
-1.26927472e+00
-1.98021898e-01
1.63774042e-01
-1.32615840e-01
8.10645635e-02
0.00000000e+00
4.40788721e-01
1.12891491e+00
-1.92884227e+00
9.86469068e-01
1.62659411e-03
-1.09469690e-01
-5.17968323e-01
-9.62469694e-01
2.88522412e-01
7.03928302e-02
2 1
-5.0395e-01 4.4511e-01
4 1
0 1 3 4 
217
-7.98692880e-01
1.23706486e-01
-3.93473987e-02
-3.14565747e-01
-5.57205732e-01
-3.19362182e-01
-4.89874196e-01
7.10666375e-01
1.41108081e-01
1.94004150e-01
-1.10552800e-01
1.39246785e-01
2.17831767e-01
-1.60208223e+00
0.00000000e+00
0.00000000e+00
0.00000000e+00
-3.58761793e-01
-3.72148058e-03
9.05174100e-01
-3.55098626e-01
5.37561245e-03
6.88239373e-01
9.94153893e-01
-3.60129781e-05
3.20712672e-01
0.00000000e+00
0.00000000e+00
2.06513670e-01
-1.15922926e-01
-5.15267005e-02
2.08878306e-01
3.18805183e-01
1.77695765e-01
0.00000000e+00
0.00000000e+00
-7.02381043e-02
-2.06375537e-01
-5.62456076e-01
-1.22344472e-01
1.62721310e-01
0.00000000e+00
0.00000000e+00
0.00000000e+00
-7.02381043e-02
-4.09439884e-01
-3.31789770e-01
5.58168402e-01
4.01989987e-01
-2.84637147e-01
-5.21549785e-01
5.30575877e-01
1.32864131e-01
-1.35303775e-01
-1.61294047e-01
1.32490877e-01
0.00000000e+00
-3.37238205e-01
-4.48173020e-01
1.62721310e-01
-7.61480452e-02
-3.60219686e-01
-2.92087045e-01
-3.33342002e-01
-6.82688332e-01
-1.06224140e+00
-8.04073072e-03
1.05577429e+00
2.25378183e-01
7.60206795e-01
0.00000000e+00
-7.19842724e-01
-6.86722914e-02
1.11892022e-01
1.14248824e-02
-1.90742178e-01
3.26705517e-01
-2.76542491e-01
-7.99967983e-03
3.40786564e-01
-6.62526129e-02
-4.78192524e-01
-4.47898097e-01
-3.88819793e-01
0.00000000e+00
-1.26920425e-01
-9.32851877e-02
-2.43309722e-01
-3.55905590e-01
-4.28462733e-01
-1.52842749e-01
0.00000000e+00
0.00000000e+00
0.00000000e+00
0.00000000e+00
0.00000000e+00
0.00000000e+00
0.00000000e+00
0.00000000e+00
0.00000000e+00
0.00000000e+00
0.00000000e+00
0.00000000e+00
0.00000000e+00
0.00000000e+00
0.00000000e+00
0.00000000e+00
0.00000000e+00
0.00000000e+00
0.00000000e+00
0.00000000e+00
0.00000000e+00
0.00000000e+00
0.00000000e+00
0.00000000e+00
0.00000000e+00
0.00000000e+00
0.00000000e+00
0.00000000e+00
-1.02166205e+00
-3.56538546e-01
-1.72213839e+00
0.00000000e+00
0.00000000e+00
0.00000000e+00
-2.89947662e-01
2.47714510e+00
-8.00885265e-01
-7.09384475e-01
-1.75315710e+00
-5.82237291e-01
2.86179856e-01
2.16324640e-01
3.98731129e-01
0.00000000e+00
9.13507563e-01
1.76139541e-01
-6.24410623e-01
4.01702312e-01
6.92029044e-01
-2.11010175e-01
-4.58570815e-01
-8.24299648e-01
-1.15401638e+00
1.24021859e-01
1.20508656e-01
0.00000000e+00
0.00000000e+00
0.00000000e+00
6.23072092e-02
-1.07570364e+00
8.13325226e-02
3.84840498e-01
3.91589541e-01
-1.41184213e-01
4.12812915e-02
2.01831725e-01
2.60187025e-01
0.00000000e+00
-1.55564238e-01
-1.19216163e-01
-1.00359619e+00
3.07446157e-01
-1.90322234e-01
-1.30169332e-01
1.05476602e-01
3.31243392e-01
7.13044306e-01
5.56844022e-02
-1.07280213e+00
0.00000000e+00
0.00000000e+00
0.00000000e+00
-1.10854073e+00
3.70173347e-04
-5.46507249e-01
9.36052291e-01
-1.39802408e+00
-7.19517069e-01
2.22378889e-01
-7.27707015e-02
-1.64023447e-01
0.00000000e+00
8.94593473e-01
1.22696909e+00
-1.01060502e+00
6.75595320e-01
-2.89460796e-01
-2.87781403e-02
-4.28900043e-01
-2.05773683e-01
7.17512388e-01
2.26627217e-01
2.07163278e-02
0.00000000e+00
0.00000000e+00
0.00000000e+00
2.59012889e-01
1.70050692e-01
1.10776882e-01
4.68968117e-02
8.21121890e-02
2.22927281e-01
5.17157366e-02
4.82382944e-02
-3.27955794e-02
0.00000000e+00
-2.33476823e-01
-4.53536659e-02
-2.14616554e-01
1.37555795e-01
2.68212626e-01
-1.83292299e-01
-2.02153734e-01
-8.40068651e-02
-1.50994004e-01
-2.30093345e-01
136
-4.43556571e-02
0.00000000e+00
0.00000000e+00
-1.43460212e-01
4.19287692e-03
1.80346650e-01
1.06197498e-03
2.78811469e-01
-8.30829098e-06
0.00000000e+00
0.00000000e+00
1.68534199e-01
8.83166414e-02
-1.85662598e-02
1.83012188e-01
6.49741616e-02
1.16128294e-01
0.00000000e+00
0.00000000e+00
1.30254950e-01
-9.99359354e-02
-2.37709065e-01
4.41075678e-02
1.18926825e-01
0.00000000e+00
0.00000000e+00
0.00000000e+00
1.30254950e-01
-8.11165278e-02
-4.24767419e-02
1.49297880e-01
0.00000000e+00
-8.68893041e-03
-1.79250546e-01
2.53097975e-01
0.00000000e+00
-3.34057532e-01
1.34990064e-01
-4.93840361e-02
0.00000000e+00
-4.40389186e-02
-1.15567453e-01
1.18926825e-01
0.00000000e+00
0.00000000e+00
0.00000000e+00
6.48964454e-02
-1.13288838e-01
4.37265779e-01
-1.51932050e-01
-4.34322188e-01
0.00000000e+00
-2.68293547e-01
-1.27287608e-01
1.68376254e-01
-1.90141888e-01
-2.05008476e-02
-7.19910967e-02
-2.89087090e-01
5.61879519e-02
4.63952067e-02
-7.46980657e-02
3.45838658e-01
-1.86879496e-02
1.54328667e-01
-5.51857073e-03
0.00000000e+00
0.00000000e+00
0.00000000e+00
0.00000000e+00
0.00000000e+00
0.00000000e+00
0.00000000e+00
0.00000000e+00
0.00000000e+00
0.00000000e+00
0.00000000e+00
0.00000000e+00
0.00000000e+00
0.00000000e+00
0.00000000e+00
0.00000000e+00
0.00000000e+00
0.00000000e+00
0.00000000e+00
0.00000000e+00
-4.69190716e-01
1.75304411e-01
-1.11000437e+00
0.00000000e+00
0.00000000e+00
0.00000000e+00
-2.00617270e-01
3.45741758e-01
-1.33821384e-01
1.39752740e+00
-1.60720782e+00
-2.93056617e-01
2.74004830e-01
5.73354821e-01
-7.77317377e-01
0.00000000e+00
3.04809797e-01
1.10842958e+00
-1.94206264e+00
8.93657079e-01
1.00019330e+00
7.04231208e-02
-5.20667358e-01
-1.14063183e+00
-2.72628265e-01
-1.90135487e-01
-8.23212983e-01
0.00000000e+00
0.00000000e+00
0.00000000e+00
-3.37272033e-01
7.74344571e-01
-3.57549026e-01
1.13653109e+00
-1.31967309e+00
-2.67572243e-01
8.23055964e-02
-1.42492424e-01
8.13960765e-02
0.00000000e+00
5.23744292e-01
1.12071913e+00
-1.94315726e+00
1.12273376e+00
1.44671638e-02
-1.40747094e-01
-4.69726324e-01
-1.02083912e+00
2.50956164e-01
6.86177934e-02
5 1
-3.9185e-01 4.5134e-01
5 0
0 1 3 4 2 
217
2.95822215e-01
-3.74785362e-01
-1.85430652e-01
3.78134575e-02
-1.60267203e-02
-2.44547245e-02
2.14264806e-01
-5.12630716e-02
6.81816137e-03
1.39143629e-01
1.85242101e-01
-3.17939598e-02
-9.44761328e-02
-1.63649054e-02
-1.48825732e-01
8.60831413e-03
-4.34456987e-02
7.19879341e-01
-6.68452868e-03
9.62668725e-02
3.93970007e-01
-3.85712154e-04
-1.42235404e-02
-6.69201401e-01
1.06292678e-03
3.82392235e-01
0.00000000e+00
0.00000000e+00
2.93612249e-01
1.58679447e-01
1.07468280e-01
9.93487427e-02
2.16829359e-01
-1.28175626e-02
0.00000000e+00
0.00000000e+00
0.00000000e+00
3.77286202e-01
-5.80281210e-01
-7.68437940e-01
4.98151423e-03
1.20898128e+00
0.00000000e+00
0.00000000e+00
0.00000000e+00
-7.01735935e-01
-4.07065744e-01
6.00085958e-01
0.00000000e+00
4.77396628e-02
-1.31071148e-01
6.55826013e-01
0.00000000e+00
2.06503788e-03
6.68746981e-01
3.57064835e-01
0.00000000e+00
5.19275744e-01
-5.44616942e-01
-5.57866545e-01
-1.83929601e-02
3.57508432e-03
2.57347721e-01
0.00000000e+00
-5.86131941e-01
-9.20082283e-02
3.55081162e-01
8.07024396e-01
5.67373608e-01
7.39870625e-01
0.00000000e+00
-3.41111901e-01
-2.99287106e-01
4.66150520e-01
-3.64331905e-01
1.74952888e-01
1.51854186e-01
0.00000000e+00
3.18728244e-01
3.01619913e-01
5.93893272e-02
-4.69349302e-01
-7.79144619e-02
-3.08142090e-01
0.00000000e+00
-7.87631050e-02
-4.07839894e-01
2.90489406e-01
-2.27598189e-01
1.27767808e-01
9.43632143e-02
0.00000000e+00
-6.70691232e-01
-2.86960949e-01
3.68863244e-01
-7.82086245e-02
6.44088914e-01
6.66728506e-01
0.00000000e+00
0.00000000e+00
0.00000000e+00
0.00000000e+00
0.00000000e+00
0.00000000e+00
0.00000000e+00
0.00000000e+00
0.00000000e+00
0.00000000e+00
0.00000000e+00
0.00000000e+00
0.00000000e+00
0.00000000e+00
0.00000000e+00
0.00000000e+00
0.00000000e+00
0.00000000e+00
0.00000000e+00
0.00000000e+00
0.00000000e+00
-4.09664770e-01
-2.39187208e-02
-6.78018445e-01
0.00000000e+00
0.00000000e+00
0.00000000e+00
9.33319508e-02
-2.65420776e-01
-3.07916860e-01
1.05248897e+00
-8.49967140e-01
6.05697441e-02
7.07431982e-01
-3.24298385e-01
-3.85577115e-01
0.00000000e+00
-3.37440395e-01
6.83295635e-01
-1.03014367e+00
-1.54132897e-01
7.24034186e-01
3.55764613e-01
-1.26148827e-01
-2.89738752e-01
-2.03304884e-01
-8.08458134e-02
-1.83664115e-01
0.00000000e+00
0.00000000e+00
0.00000000e+00
3.57982622e-02
-3.76301162e-02
1.13732290e-01
-3.18539261e-03
4.83279998e-02
-1.34308851e-01
-2.43570777e-01
3.15296478e-01
-1.49597145e-01
0.00000000e+00
2.66980370e-01
5.03560137e-03
-3.40166504e-01
5.07521925e-01
-8.85844150e-02
-1.45791152e-01
-3.04094340e-01
-1.59277275e-01
1.59495801e-01
-2.96468759e-02
-5.65169036e-01
0.00000000e+00
0.00000000e+00
0.00000000e+00
-5.56469718e-01
1.67050614e+00
2.11256993e-01
6.61252957e-01
-4.96130989e-01
-6.57535637e-01
2.56428775e-01
-1.06787115e-01
-2.14879084e-01
0.00000000e+00
9.51334975e-02
6.12884494e-02
-8.58081618e-01
7.68664377e-01
-1.51400116e-01
-5.66018100e-01
-7.39467150e-01
-4.78852922e-01
7.51673199e-01
-2.15750978e-01
-1.43807521e-01
0.00000000e+00
0.00000000e+00
0.00000000e+00
5.62267349e-02
-1.51780455e-01
-6.29565801e-02
1.55080230e-01
-1.60425542e-01
4.78664271e-01
-2.60758008e-01
-1.62640837e-01
5.68643244e-02
0.00000000e+00
-4.66791650e-02
3.56237122e-01
-3.97113150e-01
-1.87207170e-02
1.66092783e-01
1.84933493e-01
4.89242283e-04
1.17829711e-01
-3.79207564e-01
-7.59434160e-02
136
-1.51303797e-01
-2.14005804e-01
2.43468585e-02
2.69792942e-01
-3.08314538e-03
-2.15710790e-01
4.40649947e-03
8.61985574e-03
7.63070787e-04
0.00000000e+00
0.00000000e+00
5.86512727e-02
3.46944330e-02
-2.04328158e-02
2.11597973e-01
1.57829425e-01
2.31080356e-01
0.00000000e+00
0.00000000e+00
1.51430537e-01
6.46102772e-02
-4.65118899e-01
-4.43646463e-01
-2.40429100e-02
5.65463661e-01
0.00000000e+00
0.00000000e+00
-2.17006625e-01
-3.72984841e-01
5.39697360e-02
3.03448546e-01
6.66388923e-02
-6.62463220e-02
-1.24367973e-01
4.12082662e-01
-3.26111094e-02
-7.33756665e-02
3.46268699e-02
1.42598620e-01
0.00000000e+00
1.05240068e-01
-1.35726194e-01
-2.46953163e-01
0.00000000e+00
0.00000000e+00
0.00000000e+00
0.00000000e+00
-2.01816852e-01
4.35534647e-01
-1.47926587e-01
-5.08079615e-01
0.00000000e+00
-5.62103757e-01
-1.82467441e-02
1.39015730e-01
-1.30511482e-01
0.00000000e+00
3.29490676e-02
-2.55422947e-01
1.34029995e-01
-2.03358374e-02
-4.16615028e-01
6.80768193e-01
6.86103105e-02
2.55395637e-01
1.84095824e-01
0.00000000e+00
-9.30655770e-02
1.02204944e-01
1.86959039e-01
-2.36107925e-01
0.00000000e+00
0.00000000e+00
0.00000000e+00
0.00000000e+00
0.00000000e+00
0.00000000e+00
0.00000000e+00
0.00000000e+00
0.00000000e+00
0.00000000e+00
0.00000000e+00
0.00000000e+00
0.00000000e+00
0.00000000e+00
0.00000000e+00
-5.58928851e-01
1.46740034e-01
-1.13930868e+00
0.00000000e+00
0.00000000e+00
0.00000000e+00
-3.24801797e-01
3.67335929e-01
-2.48865820e-01
1.30548371e+00
-1.58936261e+00
-4.06112968e-01
2.69418444e-01
5.82694769e-01
-2.33724420e-01
0.00000000e+00
3.28450650e-01
1.00521432e+00
-2.10536685e+00
8.17117123e-01
9.19066395e-01
-5.40187028e-02
-5.15516009e-01
-1.02102414e+00
-8.17993350e-02
-1.53497368e-01
-8.83029316e-01
0.00000000e+00
0.00000000e+00
0.00000000e+00
-3.15619878e-01
5.13529788e-01
-4.88443257e-01
1.11616359e+00
-1.40382338e+00
-4.44079734e-01
2.07159621e-01
-1.12510769e-02
3.74022957e-02
0.00000000e+00
5.58021735e-01
1.17090767e+00
-1.82895839e+00
1.11289353e+00
1.02745924e-01
-2.08473185e-01
-5.01976104e-01
-9.90236625e-01
3.57271447e-01
1.33736717e-01
7 1
-6.5479e-01 4.9027e-01
6 1
0 1 3 4 2 5 
217
-7.85172734e-01
9.63650302e-02
4.65733029e-01
-8.41529362e-02
-2.75806474e-01
-2.66586534e-01
-1.14385235e+00
9.52864645e-01
-1.69992325e-03
-1.48653911e-02
6.64074240e-02
-3.27446515e-02
5.69778594e-01
1.95639954e-02
0.00000000e+00
0.00000000e+00
0.00000000e+00
-5.22000831e-02
-9.62302766e-04
6.46371623e-01
-6.38524307e-01
4.45122208e-03
8.41188371e-01
3.13440271e-02
-1.97465194e-04
7.15521800e-01
0.00000000e+00
0.00000000e+00
1.18292207e-01
-6.02560806e-02
-7.47908658e-02
-9.18980860e-02
-1.68130608e-01
-2.73934311e-01
0.00000000e+00
0.00000000e+00
0.00000000e+00
-2.13626011e-01
-3.31639478e-01
-2.73034391e-01
-3.01266171e-01
8.92305857e-02
2.46361848e-01
0.00000000e+00
2.18231423e-01
-4.99342045e-01
1.66485170e-02
4.94640428e-01
0.00000000e+00
-9.56552673e-01
-4.21330144e-01
4.98613534e-01
0.00000000e+00
-4.47417889e-02
-9.01909425e-01
1.83985185e-01
0.00000000e+00
2.41144723e-01
4.39428322e-01
-9.54677088e-02
-7.13252004e-01
-6.27586294e-01
5.56864681e-01
0.00000000e+00
-4.29877214e-01
-4.71007475e-01
-1.14199345e-01
8.59724577e-01
-6.35210002e-02
4.70706088e-01
0.00000000e+00
-9.99781442e-01
-2.22050084e-01
3.27106291e-01
-4.02580354e-01
-1.12497584e-01
-8.40524574e-02
0.00000000e+00
-2.41177864e-01
1.17499671e-01
-2.29076457e-02
-2.73928814e-01
-3.04023066e-01
-2.79108915e-01
0.00000000e+00
-6.80715515e-01
5.19523013e-01
9.83036290e-03
-3.46133693e-01
-1.13145372e-01
3.34802497e-01
0.00000000e+00
-9.28173128e-01
-1.10701034e-02
-2.28643187e-03
7.99824555e-02
1.47857819e-01
6.95313582e-02
0.00000000e+00
1.59973487e-01
4.78914363e-02
-1.74641061e-01
-2.18826267e-01
-5.54321775e-01
-6.02188319e-01
0.00000000e+00
0.00000000e+00
0.00000000e+00
0.00000000e+00
0.00000000e+00
0.00000000e+00
0.00000000e+00
0.00000000e+00
0.00000000e+00
0.00000000e+00
0.00000000e+00
0.00000000e+00
0.00000000e+00
0.00000000e+00
-7.49348297e-01
3.97921878e-02
-6.46067927e-01
0.00000000e+00
0.00000000e+00
0.00000000e+00
-2.18894753e-01
1.09931173e+00
-1.13556833e+00
9.90106287e-01
-6.25725264e-01
2.46386444e-01
1.14553285e-01
5.66609863e-01
-7.91077628e-01
0.00000000e+00
1.40881371e-01
3.16779036e-01
-5.95484759e-01
5.77092229e-01
6.76521979e-02
-2.56060460e-01
-2.77730731e-01
-8.49477302e-01
-1.14491184e-01
9.90700345e-02
-3.02178368e-01
0.00000000e+00
0.00000000e+00
0.00000000e+00
3.50822662e-02
-1.68380395e-01
4.86447853e-01
2.77919736e-02
-2.42531708e-01
-2.49903122e-01
5.26857879e-02
-4.27538401e-02
2.17140121e-01
0.00000000e+00
1.58216343e-01
3.88423055e-02
-7.37762784e-01
2.76001665e-01
3.03189336e-02
-2.53902261e-02
-2.61994584e-01
1.14729631e-01
1.22977669e-01
-1.33696259e-01
-5.00896569e-01
0.00000000e+00
0.00000000e+00
0.00000000e+00
-1.81579560e-01
4.40169704e-01
-3.47708999e-01
5.48551307e-01
-6.03840077e-01
7.03368074e-02
-9.91780355e-02
1.86897456e-01
-6.37127390e-02
0.00000000e+00
7.15964508e-01
4.54699292e-01
-1.59663874e+00
8.98110402e-01
-1.30689518e-01
-1.83396525e-01
-1.32519890e-01
-5.25307777e-01
1.71520621e-01
-1.22574812e-01
-1.50812720e-01
0.00000000e+00
0.00000000e+00
0.00000000e+00
-1.68761632e-01
-1.40445458e-01
-1.52086258e-01
1.20729123e-01
-2.00728004e-01
-3.76800964e-01
-9.01206311e-02
-2.81937545e-01
-4.47407628e-02
0.00000000e+00
3.51678824e-02
4.81149783e-01
4.20680879e-02
2.73124551e-01
2.74604027e-01
2.83806046e-02
-4.59213271e-01
2.41527168e-01
2.22405249e-01
4.48653280e-02
136
-1.43447759e-01
0.00000000e+00
0.00000000e+00
-1.24653416e-01
5.10480382e-03
3.19887358e-01
1.09054301e-04
3.62979438e-01
4.47399201e-05
0.00000000e+00
0.00000000e+00
1.30217455e-01
9.21005263e-02
8.66493601e-03
1.94700328e-01
1.32019795e-01
2.01003806e-01
0.00000000e+00
0.00000000e+00
1.57520266e-01
-1.20243670e-01
-3.45512952e-01
-3.32695752e-01
-1.64321628e-01
3.92854479e-01
2.68951499e-01
0.00000000e+00
-1.79284105e-01
-2.71581660e-01
-4.92488724e-02
2.54058267e-01
6.73898675e-02
-2.83468308e-01
2.16698557e-02
3.93281035e-01
-7.06636611e-02
5.00258333e-02
-7.86475840e-02
9.31151141e-02
0.00000000e+00
1.40621080e-01
-1.00198451e-01
-1.26542787e-01
0.00000000e+00
0.00000000e+00
0.00000000e+00
-7.35480635e-02
-3.19408270e-01
4.71935901e-01
-1.34056980e-01
-5.47071959e-01
0.00000000e+00
-4.96536184e-01
-2.10368568e-03
1.35514054e-01
-2.81361544e-01
-1.53422775e-01
-9.88038935e-02
-2.49214058e-01
8.43973868e-02
-1.99334032e-01
-6.39097297e-02
6.78890652e-01
4.65560193e-02
2.62103871e-01
9.49855296e-02
0.00000000e+00
-4.07455366e-02
8.99579483e-02
1.72180563e-01
-1.47243650e-01
-1.59549294e-01
-3.45792927e-01
-1.66180580e-01
4.70898839e-03
-1.64617992e-01
0.00000000e+00
0.00000000e+00
0.00000000e+00
0.00000000e+00
0.00000000e+00
0.00000000e+00
0.00000000e+00
0.00000000e+00
0.00000000e+00
0.00000000e+00
-4.52468714e-01
1.65768984e-01
-1.06320396e+00
0.00000000e+00
0.00000000e+00
0.00000000e+00
-2.11093623e-01
1.33778328e-01
-2.97536868e-01
1.31737939e+00
-1.43526574e+00
-5.09769650e-01
2.03562061e-01
5.81931496e-01
-2.54122978e-01
0.00000000e+00
2.52754792e-01
1.03916745e+00
-2.09473867e+00
7.84104650e-01
1.00097843e+00
4.15807879e-03
-4.78729755e-01
-9.24599239e-01
-7.07829491e-02
-1.04379174e-01
-8.98696758e-01
0.00000000e+00
0.00000000e+00
0.00000000e+00
-3.16555303e-01
8.04058385e-01
-3.28097453e-01
1.17837178e+00
-1.38824591e+00
-1.45629641e-01
2.32115330e-01
-2.07783924e-02
3.92850394e-02
0.00000000e+00
3.71644652e-01
1.04363827e+00
-1.86508856e+00
1.02482238e+00
6.03042583e-02
-2.05121319e-01
-5.35691265e-01
-1.08666249e+00
1.90087178e-01
4.88462878e-02
8 1
-1.0592e+00 5.3512e-01
7 1
0 1 3 4 2 5 7 
217
-2.89553952e-02
2.89131208e-02
-3.97074064e-02
-2.23096067e-01
-3.03435854e-01
-2.71782614e-01
-5.87157533e-01
5.33956236e-01
7.94032253e-02
-2.61745681e-01
3.97184099e-01
-4.64695764e-01
3.85050668e-01
-8.25164610e-01
0.00000000e+00
0.00000000e+00
0.00000000e+00
1.23031785e+00
-1.43602328e-02
3.29240189e-01
-3.71285433e-01
2.45628847e-03
2.79128856e-01
-7.91171946e-01
-6.25230037e-04
6.00051373e-01
0.00000000e+00
0.00000000e+00
-1.53686001e-01
1.25987501e-01
-1.65774507e-02
3.80986855e-01
-1.33960491e-01
2.41497057e-02
0.00000000e+00
0.00000000e+00
0.00000000e+00
1.09609386e-02
-2.61253988e-01
-6.90968286e-02
-1.37348922e-01
-2.12456022e-01
9.23423657e-02
5.49525666e-01
0.00000000e+00
-2.44782234e-01
-9.23314997e-02
3.05398551e-01
0.00000000e+00
-3.11243124e-01
-2.65484199e-01
5.31466432e-01
0.00000000e+00
2.98784548e-03
-3.39791246e-01
3.63890416e-01
0.00000000e+00
-2.16847916e-01
9.22515692e-02
1.32219359e-01
-2.31990831e-01
-1.76067931e-01
3.80731971e-01
0.00000000e+00
-7.15076053e-01
-1.95835921e+00
4.08306883e-01
9.45901150e-01
1.54782446e-01
4.18925036e-01
0.00000000e+00
-7.56574777e-01
-7.28323491e-01
5.41514351e-01
-2.13292888e-01
1.86105031e-01
2.42622287e-01
0.00000000e+00
1.75912659e-03
-9.64457808e-02
-5.01258739e-02
-1.81306311e-01
1.24879943e-02
-2.35650632e-01
0.00000000e+00
-6.17361490e-02
5.67513026e-01
1.07593716e-01
9.16026521e-02
-7.48129626e-02
-4.54756846e-01
0.00000000e+00
-3.20904306e-01
2.23038834e-01
2.10934429e-01
-2.78726496e-01
8.10144824e-02
-2.66833242e-01
0.00000000e+00
-2.43416792e-01
1.89587645e-01
2.43846318e-02
-5.93915121e-01
1.57906004e-01
5.16229179e-01
0.00000000e+00
-3.39084793e-01
-1.85577628e-01
2.78204292e-01
-3.84097176e-01
3.19251061e-02
-1.02876523e-01
0.00000000e+00
0.00000000e+00
0.00000000e+00
0.00000000e+00
0.00000000e+00
0.00000000e+00
0.00000000e+00
-4.78245517e-01
-4.47841734e-01
-8.58687522e-01
0.00000000e+00
0.00000000e+00
0.00000000e+00
-6.41582793e-01
2.12177007e-01
3.66861380e-01
-4.88906961e-01
-1.23245526e+00
-1.20998772e+00
5.10534679e-01
-1.51758794e-01
-1.74332087e-01
0.00000000e+00
1.14950979e+00
6.50105377e-02
-7.52145155e-01
1.52076867e+00
2.23814949e-02
-1.53240840e-01
-2.32567418e-01
-7.83017191e-01
4.64865792e-01
6.49197338e-01
-8.88447406e-02
0.00000000e+00
0.00000000e+00
0.00000000e+00
2.92705780e-01
-4.77935047e-01
-9.68287279e-02
3.74819906e-01
1.30686113e-01
9.47510539e-02
-1.33014567e-01
1.86710439e-01
2.50870139e-01
0.00000000e+00
-2.33560570e-01
2.12421248e-01
-6.21393358e-01
-5.13935167e-02
7.54112086e-02
1.22603085e-01
-8.62403769e-02
1.64947502e-01
5.12175782e-02
-3.45622630e-01
-8.43414506e-01
0.00000000e+00
0.00000000e+00
0.00000000e+00
-1.28279555e+00
7.72558669e-01
-3.73155042e-01
1.03849443e+00
-5.98842552e-01
-4.97672274e-01
5.58729877e-01
-4.66868067e-01
-3.52563661e-01
0.00000000e+00
2.38155816e-01
8.23841461e-01
-1.22353725e+00
1.45387303e+00
7.48989250e-01
-3.96896025e-02
-8.86220298e-01
-1.90914269e-01
1.91080480e-01
-7.56878949e-01
-1.26034721e-01
0.00000000e+00
0.00000000e+00
0.00000000e+00
5.02789386e-01
-2.26616362e-01
-1.19408458e-01
7.30622154e-02
-3.07430300e-01
5.39201476e-02
-2.10735290e-01
2.57025646e-01
-1.33783953e-01
0.00000000e+00
1.16103629e-01
1.88606783e-01
-3.31374795e-02
-1.94806328e-01
-2.09011859e-01
-1.77792177e-01
8.39416138e-02
-1.16942906e-01
1.94331370e-02
3.08747832e-01
136
-1.64345276e-01
0.00000000e+00
0.00000000e+00
-1.62047640e-01
4.75191226e-03
3.85550581e-01
-1.18077973e-03
3.56252600e-01
-1.58510584e-04
0.00000000e+00
0.00000000e+00
1.18822244e-01
1.25192645e-01
5.84823455e-02
2.42315732e-01
1.84100706e-01
2.03575177e-01
0.00000000e+00
0.00000000e+00
1.75254195e-01
-1.39894649e-01
-2.35020338e-01
-2.64706536e-01
-1.31459386e-01
1.48221443e-01
2.75963796e-01
7.29619826e-03
-1.11180988e-01
-1.87459510e-01
4.87538714e-02
1.96044108e-01
5.32476214e-02
-2.34147528e-01
-6.85773714e-02
3.81073120e-01
-6.18030783e-02
-1.25026842e-01
-8.41787982e-02
5.48131110e-02
0.00000000e+00
7.10679353e-02
-6.13035626e-02
-2.17253951e-02
0.00000000e+00
0.00000000e+00
0.00000000e+00
-4.73996819e-03
-2.94244306e-01
4.43576632e-01
-1.30384581e-01
-2.12315423e-01
0.00000000e+00
-5.60296482e-01
-5.85511790e-02
1.18485490e-01
-1.57343445e-01
-1.35530074e-01
-1.34508053e-01
-2.42519095e-01
7.02018119e-02
-1.32621239e-01
-8.12927731e-02
6.33140082e-01
7.63548731e-02
2.26803843e-01
-1.03946585e-01
0.00000000e+00
-1.50232196e-02
1.71442812e-01
1.31374441e-01
-1.05230669e-01
-1.36191310e-01
-3.88546333e-01
-1.75587837e-01
-2.00939516e-02
-1.40652938e-01
0.00000000e+00
2.85177394e-01
-6.56883681e-02
1.91472038e-01
-2.18829924e-01
0.00000000e+00
0.00000000e+00
0.00000000e+00
0.00000000e+00
0.00000000e+00
-5.34556485e-01
1.52250658e-01
-1.13250883e+00
0.00000000e+00
0.00000000e+00
0.00000000e+00
-2.30711582e-01
3.35744133e-01
-2.80325385e-01
1.28935152e+00
-1.44825300e+00
-4.02421744e-01
2.65116621e-01
5.73245135e-01
-3.18406040e-01
0.00000000e+00
2.43218639e-01
9.46834790e-01
-2.05827573e+00
7.81925062e-01
9.21307546e-01
-2.55120371e-02
-5.59872519e-01
-9.66458982e-01
-6.82619335e-02
-1.30753328e-01
-8.73052738e-01
0.00000000e+00
0.00000000e+00
0.00000000e+00
-3.98364853e-01
7.17667433e-01
-3.41746947e-01
1.09590183e+00
-1.32573568e+00
-1.78898203e-01
1.68543659e-01
-7.73088941e-02
9.62361511e-02
0.00000000e+00
4.33909364e-01
1.07450622e+00
-1.91023668e+00
1.02391379e+00
8.43919623e-02
-1.88858088e-01
-5.40989370e-01
-9.87318798e-01
2.81473961e-01
9.98603973e-02
9 1
-1.2620e+00 5.5560e-01
8 1
0 1 3 4 2 5 7 8 
217
-8.38953204e-01
-1.37830324e-02
7.20317311e-01
5.91972623e-02
-4.94313152e-01
-5.72499812e-01
-7.84398538e-01
3.87413312e-01
-5.31378340e-01
5.89504888e-01
3.57722586e-01
7.99686900e-02
6.13414238e-01
-4.88197874e-01
0.00000000e+00
0.00000000e+00
0.00000000e+00
-2.82219040e-01
-3.46428777e-03
8.40699250e-01
1.81105539e-01
4.29632088e-03
5.53188260e-01
-3.17205664e-01
7.58643105e-05
8.34387614e-01
0.00000000e+00
0.00000000e+00
2.48292411e-01
-1.30200346e-01
-1.48326910e-01
4.70616133e-02
-6.34480449e-02
-4.61683792e-02
0.00000000e+00
0.00000000e+00
0.00000000e+00
-2.03994281e-01
-2.68517217e-01
-3.18305095e-01
-3.24994237e-01
-7.75825741e-02
-1.19414430e-01
2.28817016e-01
0.00000000e+00
-4.74413733e-01
1.41475557e-01
-1.28922377e-02
0.00000000e+00
-5.43330044e-01
-1.03208033e-01
4.76241855e-01
0.00000000e+00
-1.20923416e-01
9.35666885e-02
8.22875568e-02
0.00000000e+00
7.28316108e-02
-5.65564423e-01
1.56215568e-01
-7.02700589e-01
-7.96290458e-01
4.15000230e-01
0.00000000e+00
-1.11527448e+00
-8.76307581e-01
-2.02669589e-01
9.48748753e-01
-1.61313251e-01
6.01169947e-01
0.00000000e+00
-1.09078705e+00
-1.56936026e-01
3.00797541e-01
-2.84558217e-01
-3.26750090e-02
3.05015667e-01
0.00000000e+00
-2.47756665e-01
5.09774516e-01
-2.52305969e-01
-3.66334378e-01
-2.54507496e-01
-3.03600300e-02
0.00000000e+00
-4.57946756e-01
8.70982965e-02
-1.55763097e-01
-5.00231965e-02
-2.08954665e-01
7.94375371e-02
0.00000000e+00
-7.83267783e-01
-5.30016894e-02
-1.44627230e-01
-1.58034517e-01
1.05230495e-01
2.35237936e-01
0.00000000e+00
-3.25396565e-01
3.09503815e-02
-2.75290950e-01
-2.72162862e-01
-1.53882615e-01
-8.72384263e-02
0.00000000e+00
-5.14707125e-01
-3.07327204e-01
-2.81126645e-01
-4.57501345e-01
-2.68307478e-02
1.73018089e-01
0.00000000e+00
-5.34038045e-01
9.94313346e-02
-1.29822576e-02
-1.45689186e-01
-2.91932901e-01
-3.80063808e-01
-3.02716151e-02
7.76545331e-02
-4.05586144e-01
0.00000000e+00
0.00000000e+00
0.00000000e+00
-1.24160773e-01
-2.45485242e-01
-9.14883492e-01
1.41163882e+00
-7.23663106e-01
-8.93203863e-01
9.27298829e-01
1.00001806e+00
-6.12489739e-01
0.00000000e+00
-5.81159968e-02
1.33546475e-01
-1.02594112e+00
1.18828876e+00
2.70481171e-02
-1.04852654e+00
6.73608555e-01
-1.19871851e+00
5.62981264e-01
5.15173368e-01
-1.89182064e-01
0.00000000e+00
0.00000000e+00
0.00000000e+00
2.05597813e-01
-5.85967775e-01
2.91256524e-01
-1.23980958e-01
-4.70004744e-01
1.41364398e-01
-1.33973750e-01
-4.36017744e-01
4.89118094e-01
0.00000000e+00
3.73897588e-01
3.47646217e-01
-8.61494796e-01
1.67580247e-01
6.17230045e-04
5.59290977e-01
-4.57353368e-01
4.57802474e-01
1.64454020e-02
-1.71005894e-01
-7.86499694e-01
0.00000000e+00
0.00000000e+00
0.00000000e+00
1.17181927e-01
2.38080899e+00
-6.47712284e-01
2.28538904e+00
-8.37113335e-01
-7.79886301e-01
-5.25264302e-01
-8.03397327e-01
2.05672526e-01
0.00000000e+00
5.24991270e-01
9.81836367e-01
-1.61055551e+00
1.21846927e-01
1.67154861e-01
3.45921519e-01
-3.16968468e-01
-8.58957539e-01
-3.55019931e-03
-1.53389786e+00
5.94821192e-03
0.00000000e+00
0.00000000e+00
0.00000000e+00
-1.78067479e-01
-8.29664478e-01
1.82551225e-01
-6.96412572e-01
-7.56208170e-02
3.09962357e-01
2.76347469e-01
3.10886243e-01
-2.40494339e-01
0.00000000e+00
-5.89841828e-02
1.80507316e-01
1.65207457e-01
4.08382672e-01
9.33948387e-02
-2.94847330e-01
-2.06319253e-01
-3.41916785e-02
1.39488667e-01
5.53822095e-01
136
-1.84872213e-01
0.00000000e+00
0.00000000e+00
1.35025741e-01
6.97333616e-04
2.26615788e-01
-6.34506790e-04
2.46474564e-01
-5.03078679e-05
0.00000000e+00
0.00000000e+00
1.43839218e-01
1.62250117e-01
8.27941259e-02
2.62391285e-01
1.76788866e-01
2.61364223e-01
0.00000000e+00
0.00000000e+00
1.34829354e-01
-7.82817761e-02
-2.35168484e-01
-2.67978419e-01
-2.04430572e-01
2.78647360e-02
2.45461200e-01
1.92831748e-01
-1.73757548e-01
-1.23241253e-01
-6.90608112e-02
2.18346651e-01
7.23102420e-02
-1.60783915e-01
-1.00358301e-01
3.91182246e-01
-3.76132505e-02
-1.52701882e-01
-1.68342216e-01
1.54490220e-01
0.00000000e+00
-1.76612762e-02
1.30730570e-02
-2.81715987e-02
0.00000000e+00
0.00000000e+00
0.00000000e+00
-3.42069989e-02
-4.32124406e-01
4.28529682e-01
-1.39084069e-01
-3.86125566e-01
0.00000000e+00
-5.44923173e-01
-5.85233181e-02
1.03462742e-01
-1.86009826e-01
-2.27424433e-01
-1.24455657e-01
-2.26639211e-01
7.60651878e-02
-8.03345053e-02
6.13501443e-02
4.47989291e-01
2.76625292e-02
1.93140407e-01
-7.91607748e-02
0.00000000e+00
-6.74194785e-02
1.53262274e-01
1.15995387e-01
-5.87495856e-02
-2.20543900e-01
-3.84661349e-01
-1.58396853e-01
-2.59706081e-02
-1.20299993e-01
0.00000000e+00
3.60813271e-01
-6.72718141e-02
2.08555385e-01
-2.10266771e-01
0.00000000e+00
3.43741000e-01
2.35619772e-02
1.93539841e-01
0.00000000e+00
-5.30565057e-01
1.11459879e-01
-1.14079538e+00
0.00000000e+00
0.00000000e+00
0.00000000e+00
-2.45740593e-01
3.51660354e-01
-2.83423015e-01
1.23739425e+00
-1.40538009e+00
-3.74976804e-01
2.51336598e-01
5.40074815e-01
-3.21038571e-01
0.00000000e+00
2.37625699e-01
9.49715420e-01
-1.95902460e+00
7.89960420e-01
9.11665369e-01
3.85752283e-03
-5.51804721e-01
-1.01702901e+00
-1.09564500e-01
-1.46103920e-01
-8.98823405e-01
0.00000000e+00
0.00000000e+00
0.00000000e+00
-3.36460379e-01
7.75544252e-01
-3.68989867e-01
1.12291559e+00
-1.38313459e+00
-2.51524679e-01
1.63255059e-01
-4.02493297e-02
-4.68584802e-04
0.00000000e+00
4.27603939e-01
1.06642138e+00
-1.89722329e+00
1.04930484e+00
9.69304827e-02
-2.09771929e-01
-5.24564555e-01
-9.49658984e-01
2.86497493e-01
7.47497443e-02
6 2
-1.4246e+00 5.6997e-01
8 -1
0 1 3 4 2 5 7 8 
217
-1.12800115e+00
1.03778496e-01
7.07971745e-02
-7.44841363e-01
-7.86374318e-02
-9.23416396e-01
-9.15149786e-01
4.88668100e-01
-4.01281159e-01
3.32244174e-01
-5.25288456e-02
1.28728857e-01
3.19596068e-01
6.72247094e-01
-4.50813916e-01
-4.71346938e-02
-5.24312701e-02
4.38541670e-01
2.58006494e-04
-2.64737319e-01
-3.13511168e-01
4.32219169e-03
7.93163103e-03
-8.02217740e-01
2.63372851e-03
4.10794418e-01
0.00000000e+00
0.00000000e+00
6.00429242e-02
1.90315491e-01
1.55403817e-01
5.85576626e-01
2.43727196e-01
1.20697640e+00
0.00000000e+00
0.00000000e+00
0.00000000e+00
-5.70128363e-01
-6.90100767e-01
-4.67901092e-01
-7.53318862e-02
3.47098525e-01
8.58885393e-01
-4.50482627e-01
1.32292376e-01
-5.65235424e-01
-9.36767153e-01
3.55381138e-01
0.00000000e+00
-8.02428693e-01
4.40397926e-01
4.79831148e-02
0.00000000e+00
4.94185226e-01
-5.00963691e-01
4.12136567e-01
0.00000000e+00
-1.09884757e-03
0.00000000e+00
-2.43006315e-01
-8.27482857e-01
-1.71581195e-01
-4.88967664e-02
0.00000000e+00
-4.70380137e-01
3.28583941e-02
-2.53220198e-01
7.84998218e-01
-4.88630359e-02
4.20041100e-01
0.00000000e+00
-6.13931960e-01
-3.21214439e-01
1.44668465e-01
-6.22963468e-02
-3.21245920e-01
-1.00826142e-01
0.00000000e+00
-4.30476975e-01
6.03396195e-01
-1.38666856e-01
-5.94691775e-01
-2.62776645e-01
-3.79638797e-02
0.00000000e+00
6.43983603e-01
2.93438835e-01
1.37732069e-01
-1.70472063e-01
6.93954795e-02
-1.96407438e-01
0.00000000e+00
2.82572133e-01
0.00000000e+00
6.12466738e-01
2.32429809e-01
4.05844955e-02
-3.72796282e-01
0.00000000e+00
-1.13110618e-01
2.13331213e-01
-4.41091029e-01
1.01902630e-01
-2.77718829e-01
-2.28514811e-01
0.00000000e+00
-8.55427842e-02
6.72917167e-01
6.17340797e-01
-7.50242081e-01
3.19313138e-01
2.75091705e-01
0.00000000e+00
2.90839925e-01
-5.44137023e-01
1.03650348e-01
4.08251410e-01
9.52731433e-01
4.09153698e-01
1.07526535e-01
6.83052049e-01
-7.71924857e-01
0.00000000e+00
0.00000000e+00
0.00000000e+00
-1.87126262e-01
1.39690363e+00
2.26904069e-01
6.84530359e-01
-2.45362741e+00
3.86127663e-01
1.94756268e-01
1.65894902e+00
-1.03922132e+00
0.00000000e+00
2.37509138e-01
1.20330730e+00
-8.81654499e-01
5.09217153e-01
-5.66708326e-01
-9.57613431e-01
1.24788221e+00
-1.28935482e+00
-1.09242562e+00
-5.02799868e-02
-1.09449337e-02
0.00000000e+00
0.00000000e+00
0.00000000e+00
1.34126325e-01
-7.33554205e-01
-4.45318842e-02
3.75180659e-01
3.56637475e-01
-8.65912222e-02
-1.12894644e-01
-5.86485470e-01
-2.46514498e-01
0.00000000e+00
7.06396427e-02
-1.89344517e-01
-3.81815942e-01
1.02097309e-01
4.36331579e-01
4.32036933e-01
-4.02614032e-01
2.00827967e-01
5.61972655e-01
1.03550933e-01
-5.27227765e-01
0.00000000e+00
0.00000000e+00
0.00000000e+00
-5.51973473e-01
6.07906669e-01
-6.96155916e-01
-5.45962661e-01
-1.13877003e+00
5.10374018e-01
5.02634835e-01
9.17295523e-01
-1.36375572e+00
0.00000000e+00
-1.93051712e-01
1.57226612e+00
-3.76497391e-02
6.56455893e-02
-4.86603656e-01
4.15828384e-02
1.63489016e+00
-6.17357562e-01
2.40405369e-01
-9.88948414e-01
-6.17826525e-02
0.00000000e+00
0.00000000e+00
0.00000000e+00
2.46338213e-01
-1.63880817e-01
3.67063811e-02
7.89878582e-01
-7.86263990e-02
-2.94919641e-01
-1.40194278e-01
-7.08587325e-01
7.30667193e-01
0.00000000e+00
2.48978203e-01
-9.33164553e-02
-7.81783358e-01
4.59660533e-01
6.90939077e-01
4.47241009e-02
-8.95809571e-01
-4.46497228e-01
-2.64992671e-01
5.58932807e-01
136
-1.76551728e-01
-2.41146286e-01
2.95707116e-03
5.23752169e-02
-1.23258978e-03
-1.33829384e-01
3.03361788e-03
1.46048726e-01
-2.29456853e-03
0.00000000e+00
0.00000000e+00
2.37304895e-01
1.51580587e-01
1.73391874e-01
3.76170369e-01
2.84939472e-01
4.14205604e-01
0.00000000e+00
0.00000000e+00
4.88276340e-01
-2.32900686e-01
-3.32454484e-01
-4.03106634e-01
-3.31816055e-01
-8.62934325e-02
1.69769444e-01
5.51973780e-01
-2.63689350e-01
-7.28984657e-02
5.61536522e-03
4.38728264e-01
1.07084041e-01
-1.77616535e-01
-5.13789983e-02
5.08488307e-01
-1.85892304e-01
-2.55290899e-01
-2.15641768e-01
2.19510685e-01
0.00000000e+00
-1.81574389e-02
-2.04556511e-01
5.82421042e-03
0.00000000e+00
0.00000000e+00
0.00000000e+00
-2.25527794e-01
-5.99612061e-01
3.79381437e-01
-2.04889117e-01
-4.87679027e-01
0.00000000e+00
-8.36421734e-01
-1.17519904e-01
1.84513722e-02
-1.48837193e-01
-2.99541625e-01
-3.00168494e-02
-1.78629629e-01
9.37598681e-02
3.00436394e-02
1.51061374e-01
6.04268761e-01
9.07832609e-02
2.41777860e-01
6.83904189e-02
0.00000000e+00
-3.64194360e-02
8.83671011e-02
1.51552661e-01
-2.61304615e-01
-2.95559963e-01
-5.30811226e-01
-1.90300097e-01
-4.86219173e-02
-1.39635069e-01
0.00000000e+00
7.13369954e-01
4.85692401e-02
2.44965268e-01
-1.92595196e-01
0.00000000e+00
5.04045090e-01
5.34259198e-02
2.06633905e-01
-2.65602546e-01
-4.98755797e-01
1.24367915e-01
-1.14119374e+00
0.00000000e+00
0.00000000e+00
0.00000000e+00
-2.40759338e-01
2.56233968e-01
-3.31848480e-01
1.21591694e+00
-1.39936828e+00
-4.33851464e-01
2.49601020e-01
5.60440778e-01
-2.18898047e-01
0.00000000e+00
2.95072313e-01
9.43001400e-01
-2.09349974e+00
8.59153178e-01
9.19250651e-01
3.39255747e-02
-6.07274858e-01
-9.22391247e-01
-8.18145695e-02
-1.44083534e-01
-8.76312885e-01
0.00000000e+00
0.00000000e+00
0.00000000e+00
-3.80161743e-01
7.25523533e-01
-3.71153305e-01
1.12849147e+00
-1.35941857e+00
-2.36660010e-01
1.55162188e-01
-4.92739967e-02
9.34138623e-02
0.00000000e+00
4.44684552e-01
1.12876428e+00
-1.87461547e+00
1.08933375e+00
2.64617911e-02
-2.15927364e-01
-6.17418470e-01
-9.03234311e-01
2.75455039e-01
6.42598909e-02
10 2
-1.5458e+00 5.8283e-01
8 -1
0 1 3 4 2 5 7 8 
217
-5.66760649e-01
-4.31075795e-01
3.91465833e-01
3.56545460e-01
-1.04235882e-01
-3.36914104e-02
-2.85415817e-01
1.97869398e-01
-1.85554071e-01
4.04676707e-01
2.71890266e-01
-1.26594193e-01
-2.63445144e-01
4.57088565e-01
-1.05316075e+00
2.66710012e-02
1.69310671e-01
-8.40038706e-01
1.05478272e-02
1.92915502e-01
3.68625704e-01
-6.00810384e-03
-1.37752528e-03
9.57813101e-01
2.35267819e-03
-3.56133319e-01
0.00000000e+00
0.00000000e+00
5.99481603e-01
7.58824747e-01
1.06029466e-01
3.79113017e-01
4.40928275e-01
3.13188075e-01
0.00000000e+00
0.00000000e+00
0.00000000e+00
1.79117644e-01
-2.45668922e-01
-5.04127792e-01
-5.71290423e-01
-4.29647472e-01
8.78425204e-02
9.24805416e-01
-9.01606170e-01
-6.12192509e-02
-6.49805411e-02
1.19598255e-01
0.00000000e+00
3.14537035e-01
-3.43980421e-01
7.53282665e-01
0.00000000e+00
1.17581325e-01
-2.21975598e-02
-8.56776216e-02
0.00000000e+00
8.99626585e-02
-3.73443854e-01
1.59561261e-01
-3.90311853e-01
-1.57369887e-01
-1.12872891e-02
0.00000000e+00
2.93157976e-02
-6.39354895e-02
6.61653883e-01
4.26750485e-01
7.45972444e-01
3.86097071e-01
0.00000000e+00
-7.08922831e-01
-6.74211336e-01
5.76559837e-02
-5.55258000e-02
8.45061988e-02
-3.08291725e-01
0.00000000e+00
2.28335395e-01
0.00000000e+00
5.04983464e-01
-6.77382853e-01
6.23986423e-03
-3.42634984e-01
0.00000000e+00
-2.73064444e-01
-5.06031748e-01
1.21699037e-01
-2.76685992e-01
-4.15395242e-01
-7.18329277e-03
0.00000000e+00
-9.74715061e-01
-2.45454688e-01
2.70652475e-01
-8.40295577e-02
1.37301937e-01
7.84626093e-02
0.00000000e+00
-9.12917998e-02
-2.70653035e-01
2.34832309e-01
3.15519969e-01
4.53114351e-01
1.92988254e-01
0.00000000e+00
-2.73480880e-01
-2.90681216e-01
-3.76318674e-01
-2.77232434e-01
8.30389046e-02
5.22960401e-01
0.00000000e+00
2.07764027e-01
-6.91293693e-02
-3.52592661e-01
6.53347415e-01
-4.21932014e-01
-5.35170536e-01
-8.13765448e-01
3.32990230e-01
-1.15309805e+00
0.00000000e+00
0.00000000e+00
0.00000000e+00
-6.58490426e-01
1.64304981e+00
-9.69542181e-01
5.06417987e-02
-2.43666459e-01
-5.29273523e-01
4.28090938e-02
-5.38901608e-01
3.61160506e-01
0.00000000e+00
-6.98176761e-01
6.25637015e-01
-1.11083547e+00
-8.28810938e-01
1.62235731e+00
-9.67217950e-01
5.87859129e-01
-5.38428476e-01
2.60504546e-02
9.70680627e-01
-3.76334101e-02
0.00000000e+00
0.00000000e+00
0.00000000e+00
2.30464128e-01
-2.75710022e-01
4.95909962e-01
5.69315963e-01
-6.69527343e-01
1.76153011e-01
1.63743913e-01
3.71660233e-01
6.81288838e-02
0.00000000e+00
2.46635515e-01
-2.86242314e-01
-7.54680348e-01
7.89588506e-01
-1.89423632e-01
2.57799648e-01
-4.27394578e-01
-2.60536695e-01
-1.19648031e-01
-4.23870210e-01
-5.56538918e-01
0.00000000e+00
0.00000000e+00
0.00000000e+00
-1.07993705e+00
2.09159216e+00
-1.26909666e+00
1.05428399e+00
-1.00261450e+00
-2.02182647e-01
2.39407182e-01
-2.34582596e-01
-6.59233021e-01
0.00000000e+00
7.51832723e-01
-2.72248889e-01
-5.95979911e-01
8.24666174e-01
7.74425649e-01
-4.17020620e-01
-7.88353576e-01
-5.99587603e-01
8.16042043e-01
1.20482364e-02
-1.24990357e-01
0.00000000e+00
0.00000000e+00
0.00000000e+00
2.65664488e-01
-6.54561533e-01
4.49835915e-01
-7.61959191e-02
-3.51462596e-01
-2.32528693e-01
5.58135511e-02
1.56018609e-01
1.12028229e-01
0.00000000e+00
7.68001482e-02
6.06249722e-01
-4.38644439e-01
1.58068442e-01
-7.38332400e-02
-1.28083551e-01
3.66501750e-01
-2.15008644e-01
-3.65540551e-01
1.63887953e-01
136
-1.50498319e-01
-1.93642793e-01
6.34949813e-03
-2.79585683e-02
2.20377921e-03
-1.07087525e-01
2.02237511e-03
1.78190567e-01
-1.91145641e-03
0.00000000e+00
0.00000000e+00
2.40292465e-01
1.89984459e-01
1.59909872e-01
3.54339846e-01
2.29315182e-01
2.65281397e-01
0.00000000e+00
0.00000000e+00
3.34864180e-01
-2.33358735e-01
-2.95972874e-01
-3.54032142e-01
-2.45802275e-01
2.09166466e-02
3.40066260e-01
2.82820620e-01
-1.43181395e-01
-1.01503773e-01
-6.87865023e-02
3.50847587e-01
1.95505612e-01
-2.04752626e-01
-6.71772651e-02
4.81186305e-01
-1.77803062e-01
-2.97492088e-01
-2.19832674e-01
2.20641972e-01
0.00000000e+00
-1.29560137e-01
1.96903570e-02
-9.48383360e-04
0.00000000e+00
0.00000000e+00
0.00000000e+00
-1.20580116e-01
-3.48337059e-01
4.39673770e-01
-1.63221816e-01
-3.58365474e-01
0.00000000e+00
-7.99352957e-01
-1.00876153e-01
2.02984218e-02
-1.93486387e-01
-3.38621780e-01
-9.84881550e-02
-1.93994693e-01
8.64960690e-02
7.90701862e-02
2.27760026e-01
6.29468417e-01
9.51586651e-02
2.26580459e-01
-4.21397397e-02
0.00000000e+00
-5.48952946e-02
8.28277926e-02
1.28244638e-01
-2.97691170e-01
-3.50984543e-01
-5.91114250e-01
-2.09911259e-01
-6.61062957e-02
-1.00679268e-01
0.00000000e+00
5.35861450e-01
1.97566817e-02
2.10876574e-01
-1.47735776e-01
0.00000000e+00
3.27124739e-01
1.06749007e-02
1.85609876e-01
-3.58861571e-01
-4.22288471e-01
1.56771391e-01
-1.09185098e+00
0.00000000e+00
0.00000000e+00
0.00000000e+00
-2.16526730e-01
2.46078390e-01
-2.99526845e-01
1.17285032e+00
-1.41679264e+00
-4.27064616e-01
2.61245044e-01
6.18304794e-01
-2.79395782e-01
0.00000000e+00
3.03895180e-01
9.92525857e-01
-1.95928346e+00
8.07371402e-01
8.99332753e-01
6.72917170e-03
-5.71008873e-01
-9.95804565e-01
-5.01435602e-02
-1.84636819e-01
-8.80035606e-01
0.00000000e+00
0.00000000e+00
0.00000000e+00
-3.26934742e-01
7.17252880e-01
-3.43549012e-01
1.07505786e+00
-1.35398488e+00
-1.79899962e-01
1.49335878e-01
-7.66147572e-02
5.75131278e-02
0.00000000e+00
4.14316658e-01
1.12416058e+00
-1.86680296e+00
1.02745537e+00
7.12317032e-02
-1.60222594e-01
-6.24389517e-01
-9.09673439e-01
3.19119338e-01
6.59287876e-03
