0 10 -999999999 -1 -1
1 2 0 -1 -1
0.0003847 0.5332
356
8.55343483e-02
-7.27090868e-01
8.12625217e-01
6.17392784e-01
-5.99902123e-01
0.00000000e+00
0.00000000e+00
0.00000000e+00
0.00000000e+00
0.00000000e+00
0.00000000e+00
0.00000000e+00
0.00000000e+00
5.09653480e-01
1.31109063e-01
-2.33697585e-02
0.00000000e+00
0.00000000e+00
0.00000000e+00
0.00000000e+00
0.00000000e+00
0.00000000e+00
0.00000000e+00
0.00000000e+00
0.00000000e+00
0.00000000e+00
0.00000000e+00
0.00000000e+00
0.00000000e+00
0.00000000e+00
0.00000000e+00
0.00000000e+00
0.00000000e+00
0.00000000e+00
0.00000000e+00
0.00000000e+00
0.00000000e+00
0.00000000e+00
0.00000000e+00
0.00000000e+00
0.00000000e+00
0.00000000e+00
0.00000000e+00
0.00000000e+00
0.00000000e+00
0.00000000e+00
0.00000000e+00
0.00000000e+00
0.00000000e+00
0.00000000e+00
0.00000000e+00
1.01048709e-02
-2.82766386e-01
4.22790974e-01
0.00000000e+00
0.00000000e+00
0.00000000e+00
0.00000000e+00
9.32506284e-02
6.17571701e-01
3.07900371e-01
-3.69893090e-01
-1.03992964e-01
1.00365340e-01
-2.05958054e-02
-2.94877780e-01
-1.91027882e-01
4.76127410e-01
6.24105402e-02
1.73451943e-02
-1.26534093e-01
1.04794088e+00
-1.53808742e-02
-4.65627623e-02
-7.94097554e-01
6.91290611e-03
-9.66109913e-02
-2.30719516e-01
4.36608728e-03
7.30169273e-02
0.00000000e+00
0.00000000e+00
0.00000000e+00
0.00000000e+00
-4.01583449e-01
9.67625290e-01
-2.11593620e-02
-3.32343871e-01
-4.23679488e-02
-8.46363109e-02
-7.76570521e-01
-1.88985106e-01
-6.64514299e-01
-2.67284862e-01
-6.99753532e-01
-5.85855186e-01
4.89539204e-02
1.76186891e-01
4.22930488e-01
-1.05972146e-01
-2.96229452e-01
-4.66523865e-01
0.00000000e+00
0.00000000e+00
4.02628990e+00
2.79084806e+00
0.00000000e+00
0.00000000e+00
0.00000000e+00
0.00000000e+00
0.00000000e+00
0.00000000e+00
-6.79968686e-01
-5.75504714e-01
-6.78960276e-01
-4.64344227e-01
-2.68818120e-01
-1.27315953e+00
-1.20919504e+00
4.05706293e-01
-7.11789007e-03
9.39698610e-01
-6.59779865e-01
4.41992171e-01
-2.61769977e-01
-6.45956865e-01
-5.97834883e-02
-5.10376828e-01
-5.72790802e-01
-5.65940030e-01
5.53389493e+00
5.43623768e+00
5.45907205e+00
5.31980147e+00
5.69499273e+00
5.48787865e+00
3.06055900e-01
5.45492406e-01
6.84976927e-01
3.23193410e-01
6.98358366e-01
-5.56525146e-01
1.24088412e-01
-5.05761701e-01
-2.04969283e+00
-7.34060988e-01
-4.47066604e-01
-4.61626529e-01
0.00000000e+00
0.00000000e+00
0.00000000e+00
0.00000000e+00
-8.86957199e-02
0.00000000e+00
0.00000000e+00
0.00000000e+00
1.74230068e-01
0.00000000e+00
0.00000000e+00
-1.37700286e+00
-4.91849554e-01
-7.61988607e-01
-4.19129918e-01
-5.66322245e-01
-9.10979472e-01
0.00000000e+00
0.00000000e+00
0.00000000e+00
1.19861025e+00
-3.86975787e-01
5.26728271e-01
1.80621872e+00
-2.59935488e+00
1.52262198e-01
1.43193852e+00
7.77998819e-01
-2.39081099e+00
0.00000000e+00
1.12286083e+00
-2.69154206e-01
-1.31889528e+00
9.77764624e-01
-2.83744316e+00
8.02112788e-01
-2.19554940e-01
-1.45614290e+00
5.69254573e-01
1.20160307e+00
1.66525541e-01
0.00000000e+00
0.00000000e+00
0.00000000e+00
-5.34630186e-01
2.16998960e-01
-3.44183158e-01
-3.11299362e-01
4.99344696e-01
-6.49661126e-02
-4.47429380e-01
6.48057078e-02
9.19109202e-01
0.00000000e+00
-4.51740768e-01
5.05708982e-01
1.04069837e-01
-2.63840480e-02
9.54124058e-01
-2.92605901e-01
1.70006340e-01
-7.59587075e-02
-3.27639340e-01
-3.90805278e-01
-1.74250456e-01
-3.89627677e-01
0.00000000e+00
-6.44388950e-02
-1.60943302e-01
8.20671222e-01
-1.16977006e+00
-4.05288417e-02
-1.27976634e-02
0.00000000e+00
0.00000000e+00
0.00000000e+00
4.52929537e-01
-8.73294868e-01
3.75386637e-01
1.08841607e+00
-1.16508680e+00
4.17518283e-01
8.72591527e-01
1.37395484e-01
-1.08082485e+00
0.00000000e+00
4.42456655e-01
-8.98840663e-01
5.39865605e-01
1.45664486e-01
-1.40822870e+00
5.52801039e-01
7.04346506e-02
-1.74790173e-01
2.05854932e-01
2.86953483e-01
2.15377221e-01
0.00000000e+00
-1.23988515e+00
9.26802417e-02
-7.36729017e-01
-1.02221877e-01
0.00000000e+00
-6.00776700e-01
1.01811303e-01
1.32768583e+00
-6.38534785e-01
-7.91372921e-01
-6.34507140e-01
0.00000000e+00
0.00000000e+00
8.89118675e-01
-1.32831085e+00
0.00000000e+00
0.00000000e+00
0.00000000e+00
-1.06871140e+00
1.21780953e+00
-1.33330915e-01
8.74455785e-01
-9.94260977e-01
-2.89115726e-01
-1.04722513e+00
-1.14968483e+00
-4.09545994e-01
0.00000000e+00
4.13995115e-01
1.84144586e+00
-1.22027943e-02
6.63849701e-01
2.53994426e-01
1.72107826e-01
-6.10539071e-01
-1.57985902e+00
1.25609392e-01
4.02897370e-01
-2.97442220e-02
0.00000000e+00
0.00000000e+00
0.00000000e+00
5.24639098e-02
-5.20198987e-01
-3.62894167e-01
6.65927885e-02
-3.47538304e-01
-1.38378046e-01
5.36140715e-01
5.26596491e-01
2.49013345e-01
0.00000000e+00
-2.56218668e-01
-1.18499091e-02
-3.22420234e-01
1.99622440e-01
4.93194833e-02
6.32815571e-02
1.19193855e-01
2.95420138e-01
7.55102757e-02
-3.03400904e-01
-5.93908598e-01
-1.47157635e-01
5.24087015e-01
-2.35841871e-01
-9.92210680e-01
9.84122204e-01
-9.15460755e-01
-2.15819084e-01
-3.70104652e-01
0.00000000e+00
0.00000000e+00
0.00000000e+00
-2.26112741e-01
6.78961259e-01
8.34867733e-02
-4.25414185e-01
8.91887078e-01
-1.13832691e-02
-7.91789195e-01
-3.35275988e-01
3.62928712e-01
0.00000000e+00
-8.60383107e-02
6.53066978e-01
-2.33365510e-01
-4.02382722e-01
5.05194564e-01
-4.61110173e-01
-2.21586362e-01
-1.43011902e-01
-1.71064671e-01
-3.70949890e-02
-4.46750963e-01
1.06707314e+00
5.80974599e-01
-2.19774449e-01
-7.34402254e-01
-6.14830972e-01
4.97951920e-01
4.53083664e-01
-6.34300195e-02
6.06270931e-01
-8.96037570e-01
0.00000000e+00
-1.19571282e-01
-1.89131713e-02
-2.77601826e-02
0.00000000e+00
247
-1.83621158e+00
-1.83621158e+00
0.00000000e+00
-6.08064850e-01
-1.22814673e+00
-8.35047968e-01
0.00000000e+00
0.00000000e+00
0.00000000e+00
0.00000000e+00
0.00000000e+00
0.00000000e+00
0.00000000e+00
0.00000000e+00
0.00000000e+00
0.00000000e+00
0.00000000e+00
0.00000000e+00
0.00000000e+00
0.00000000e+00
0.00000000e+00
0.00000000e+00
0.00000000e+00
0.00000000e+00
0.00000000e+00
0.00000000e+00
0.00000000e+00
0.00000000e+00
0.00000000e+00
0.00000000e+00
0.00000000e+00
0.00000000e+00
0.00000000e+00
0.00000000e+00
0.00000000e+00
0.00000000e+00
0.00000000e+00
0.00000000e+00
0.00000000e+00
0.00000000e+00
0.00000000e+00
5.46680792e-01
-5.16425314e-03
8.26953094e-01
-2.15243799e-02
-1.68206278e+00
8.58443389e-03
-1.52778269e+00
8.93769784e-03
0.00000000e+00
0.00000000e+00
0.00000000e+00
0.00000000e+00
0.00000000e+00
0.00000000e+00
1.65690774e+00
2.18854084e+00
2.58338439e+00
1.92527767e+00
5.94775270e+00
3.35075128e+00
0.00000000e+00
0.00000000e+00
0.00000000e+00
0.00000000e+00
0.00000000e+00
0.00000000e+00
-9.86563833e-01
-1.58457477e+00
-1.44480998e+00
-1.23646589e+00
-1.13657934e+00
-1.39497047e+00
-1.26071993e+00
-2.41713791e-01
-3.79060966e-01
1.08244062e+00
-1.41254596e+00
1.01988138e+00
-1.68189845e-01
2.27379050e-01
-9.37531018e-02
-9.65331023e-01
-1.17345191e+00
-1.82189740e+00
6.96238197e+00
7.31699971e+00
7.45265067e+00
7.24302925e+00
7.28647998e+00
7.40419022e+00
0.00000000e+00
3.03781248e-01
1.80648528e-01
2.76942231e-01
-3.70780244e-01
-6.13120763e-01
0.00000000e+00
-1.09183612e+00
0.00000000e+00
-6.02297655e-01
0.00000000e+00
-5.15265509e-01
0.00000000e+00
-1.19171864e+00
0.00000000e+00
0.00000000e+00
-6.44492938e-01
0.00000000e+00
0.00000000e+00
-2.36780549e+00
2.09080528e-01
-4.57574627e-01
-1.33123786e+00
-1.48791952e+00
-2.48494099e-01
0.00000000e+00
0.00000000e+00
0.00000000e+00
2.73240593e-01
-5.64459740e-02
8.60336330e-01
2.59906071e+00
-1.71912190e+00
3.48549695e-01
1.41697657e+00
1.58445461e+00
-2.94162794e+00
0.00000000e+00
4.82320713e-01
-7.28495738e-01
-1.44386145e+00
6.83838760e-01
-1.59187857e+00
8.05548609e-01
-5.15827169e-01
-1.28897665e+00
2.12066812e-01
7.71347893e-01
2.18264594e-01
3.24505667e-01
0.00000000e+00
1.64435205e-01
-6.40314445e-02
-3.24082270e-01
0.00000000e+00
0.00000000e+00
0.00000000e+00
-8.28273488e-01
7.86937655e-01
-6.02776301e-01
-6.50590421e-01
3.62519386e-01
-2.92226957e-01
-9.64243420e-01
-5.81397141e-01
1.49427984e+00
0.00000000e+00
-1.77935685e-01
1.11024205e+00
7.84587141e-02
1.39792013e-01
9.16530540e-01
-2.35534689e-01
-6.27255511e-02
-3.41377842e-01
-1.58552721e-01
-3.17208245e-01
-1.06241073e-01
0.00000000e+00
1.02200227e-01
-3.33185282e-01
-4.66758693e-01
-1.15425138e-01
0.00000000e+00
0.00000000e+00
-8.85680777e-01
-3.51333555e-01
0.00000000e+00
0.00000000e+00
4.84396515e-01
-2.81915738e+00
0.00000000e+00
0.00000000e+00
0.00000000e+00
8.28939049e-01
5.52322684e-01
9.24214937e-01
1.68063045e+00
-6.86433133e-01
1.28168156e-01
1.18509216e+00
6.04561599e-01
0.00000000e+00
0.00000000e+00
2.12315474e+00
1.16315941e+00
2.19170250e-01
1.20762975e+00
4.97274702e-01
1.35739537e+00
1.52428427e+00
-1.60246848e+00
2.63600962e-02
1.54975893e+00
-9.16811078e-01
2.77499864e-01
2.36379403e-02
1.30843281e+00
4.05599164e-01
-1.57617260e+00
0.00000000e+00
0.00000000e+00
0.00000000e+00
1.42338224e+00
0.00000000e+00
1.11953563e+00
1.50731230e+00
0.00000000e+00
1.61489316e+00
1.63299040e+00
9.41215893e-01
0.00000000e+00
0.00000000e+00
9.58278176e-01
1.33575822e+00
1.13411760e+00
1.66404867e+00
0.00000000e+00
7.23049814e-01
8.47549256e-01
0.00000000e+00
2.18655081e+00
1.16890977e+00
-1.19431094e+00
2.06588747e+00
1.38899375e+00
1.03447363e+00
-1.90234630e+00
-1.60873773e+00
1.99982896e+00
1.40636385e+00
0.00000000e+00
-2.93608575e-01
5.86635025e-01
0.00000000e+00
0.00000000e+00
1 -999999999 6 0 -1
1 0 2 1 -1
-1.7336e-01 9.4274e-01
356
6.83596302e-01
0.00000000e+00
0.00000000e+00
0.00000000e+00
0.00000000e+00
0.00000000e+00
0.00000000e+00
0.00000000e+00
0.00000000e+00
0.00000000e+00
0.00000000e+00
0.00000000e+00
0.00000000e+00
0.00000000e+00
0.00000000e+00
0.00000000e+00
7.54188733e-02
6.08177429e-01
5.26680545e-02
0.00000000e+00
0.00000000e+00
0.00000000e+00
0.00000000e+00
0.00000000e+00
0.00000000e+00
0.00000000e+00
0.00000000e+00
0.00000000e+00
1.63211503e-01
2.23369110e-01
-3.33912558e-01
5.12854110e-02
6.32310891e-01
-5.00032903e-01
-5.11106253e-01
1.07201839e-01
-1.77395035e-01
3.16996989e-01
-2.60458905e-01
2.34321324e-01
-1.71480387e-01
0.00000000e+00
0.00000000e+00
0.00000000e+00
0.00000000e+00
0.00000000e+00
0.00000000e+00
0.00000000e+00
0.00000000e+00
0.00000000e+00
0.00000000e+00
-3.58547961e-01
-4.95270938e-01
-9.60061811e-01
0.00000000e+00
0.00000000e+00
0.00000000e+00
0.00000000e+00
1.85245728e-01
2.35526976e-01
3.61115402e-01
1.35143175e-01
5.77649689e-01
-3.44617115e-01
2.43856673e-01
-9.21161694e-01
-6.84271191e-01
-8.56506456e-01
1.87081239e-01
-1.10623634e-02
-4.27231247e-01
4.63089530e-01
-5.33111677e-03
-5.65283115e-01
9.84794897e-02
-4.06502408e-03
-5.33697791e-01
-6.50539568e-02
6.15435774e-04
-7.14502924e-01
0.00000000e+00
0.00000000e+00
0.00000000e+00
0.00000000e+00
0.00000000e+00
0.00000000e+00
-9.60928331e-03
5.04462249e-01
6.03594576e-01
8.22288904e-01
-3.85461934e-01
-4.19147423e-01
-2.81095511e-01
-5.37930469e-01
-1.34392128e+00
-5.59611763e-01
-1.49047481e-01
8.78116485e-02
-4.44761943e-01
-1.87542594e-01
1.36126273e-01
-2.25230721e-03
0.00000000e+00
0.00000000e+00
2.04631397e+00
2.92407709e+00
0.00000000e+00
0.00000000e+00
0.00000000e+00
0.00000000e+00
0.00000000e+00
0.00000000e+00
-5.79720041e-01
-6.67528910e-01
-2.45262776e-01
1.65291702e-01
2.40227493e-01
-2.75725139e-01
-1.43471235e+00
9.32798449e-01
1.33653013e+00
1.45710711e+00
-2.82188206e+00
8.70039942e-01
-3.78427602e-01
3.51141482e-02
-2.12530527e-01
-3.66499453e-01
-7.19998407e-01
-9.38020180e-01
3.88311293e+00
4.04949941e+00
4.25753674e+00
4.06174915e+00
4.32304651e+00
4.37595870e+00
-3.43205389e-01
1.19253377e+00
9.22477022e-01
7.31425946e-01
6.47330771e-01
-4.58213647e-01
-1.31491521e-02
-6.74021020e-02
-1.42812798e+00
-5.97570604e-01
-6.78715456e-02
-2.05695019e-01
0.00000000e+00
0.00000000e+00
0.00000000e+00
0.00000000e+00
3.39881229e-01
0.00000000e+00
0.00000000e+00
0.00000000e+00
3.43715073e-01
0.00000000e+00
0.00000000e+00
-1.50161942e+00
-6.71634084e-01
-1.42580487e-01
-6.91083588e-01
-5.96280884e-01
-1.36271767e+00
0.00000000e+00
0.00000000e+00
0.00000000e+00
4.02682601e-01
1.33125410e+00
-5.34079628e-01
2.60674897e+00
-1.86655782e+00
3.32067788e-01
2.77162277e-01
5.74753141e-01
-6.81715900e-01
0.00000000e+00
1.06662969e-01
8.96186725e-02
-1.92412516e+00
5.84367924e-01
-8.65814710e-01
1.14906753e+00
-2.69413375e-01
-2.18443201e+00
-2.86445961e-01
-2.04519084e-01
2.50471814e-01
0.00000000e+00
0.00000000e+00
0.00000000e+00
-1.23558340e-01
-6.13091228e-01
1.02669668e-01
-4.73497940e-01
2.29808547e-02
-2.49652750e-01
3.34655527e-01
3.24716292e-01
1.88262980e-01
0.00000000e+00
5.44488873e-02
-4.06436174e-02
1.87210925e-01
4.32040910e-02
3.00281320e-03
-1.31638867e-01
1.26397409e-01
1.26232606e-01
2.00989438e-02
3.48673558e-01
-4.95985730e-01
-2.03512016e-01
0.00000000e+00
1.24278214e-01
-3.13485879e-02
6.47931016e-01
-3.69785510e-01
-4.81657522e-01
-3.83694259e-02
0.00000000e+00
0.00000000e+00
0.00000000e+00
5.51642249e-01
1.18329352e+00
7.56766927e-02
7.47615424e-01
-2.98568849e-01
1.92951120e-01
3.19605235e-01
-6.68045405e-01
1.25209323e-02
0.00000000e+00
3.63621893e-01
-3.85934841e-01
-6.30954760e-01
-1.32922093e-01
-1.23759373e+00
-8.93233836e-02
2.75999210e-01
-3.77711932e-01
3.94888384e-02
2.02704569e-02
-2.92473714e-01
0.00000000e+00
-1.09668239e-01
-1.91493210e-01
-8.66731942e-01
-4.68122068e-01
0.00000000e+00
0.00000000e+00
3.68148643e-01
5.16525285e-01
-6.40273314e-01
-3.44374039e-01
-3.98609874e-01
0.00000000e+00
0.00000000e+00
3.18513581e-01
-7.38861370e-01
0.00000000e+00
0.00000000e+00
0.00000000e+00
-2.65223264e-01
3.33947016e-01
-3.56561440e-01
-3.16276561e-01
-5.72216353e-01
-5.85042759e-01
-9.73703756e-01
-2.66671794e-01
-7.76197734e-01
0.00000000e+00
5.21387134e-01
2.02211166e+00
1.03915944e-01
4.27405355e-01
1.05690004e+00
-1.16162226e-02
3.57464306e-01
-1.41857761e+00
-7.34553182e-02
5.35499903e-02
7.10096955e-03
0.00000000e+00
0.00000000e+00
0.00000000e+00
-3.94493620e-02
1.82882894e-01
7.95536166e-03
1.36200348e-01
-5.71683239e-01
1.09402878e-01
4.53942976e-01
1.17431345e-02
4.95910862e-01
0.00000000e+00
-6.44736046e-02
-4.27045613e-01
-2.54965547e-01
4.83447359e-01
-9.72614036e-01
-5.92730723e-02
1.01302081e-01
1.46872117e-01
2.04463581e-01
6.24818496e-02
-2.32188190e-01
-4.30558235e-02
-1.41859352e-01
8.89902426e-02
1.69697337e-01
8.27561621e-01
-3.16576201e-02
-8.38959824e-01
-1.51626274e-01
0.00000000e+00
0.00000000e+00
0.00000000e+00
-1.93970171e-01
-7.03208371e-01
-1.75801956e-01
-1.33870805e+00
5.24184732e-01
1.83036175e-01
-6.35018677e-01
4.73037968e-01
-4.90102618e-02
0.00000000e+00
-8.47504990e-02
1.06486792e+00
4.11138009e-01
-4.39570000e-01
9.76864129e-01
-1.63771194e-02
-4.65394037e-01
2.70642203e-02
3.28765952e-01
-3.87762366e-02
-1.89132367e-01
-2.34090952e-01
-2.21901907e-01
-2.98951622e-01
-5.06673180e-01
-9.95246631e-02
2.39870862e-01
-2.25505314e-01
1.59412444e-01
8.37457436e-01
-7.21402712e-01
0.00000000e+00
-4.07148517e-01
-4.02596108e-01
1.73195256e-01
-2.17431893e-01
247
2.68769860e-01
0.00000000e+00
0.00000000e+00
0.00000000e+00
0.00000000e+00
0.00000000e+00
0.00000000e+00
0.00000000e+00
0.00000000e+00
0.00000000e+00
0.00000000e+00
0.00000000e+00
0.00000000e+00
0.00000000e+00
1.28476829e-02
2.55922177e-01
8.52791416e-02
-7.24314588e-02
0.00000000e+00
0.00000000e+00
0.00000000e+00
0.00000000e+00
0.00000000e+00
0.00000000e+00
0.00000000e+00
0.00000000e+00
0.00000000e+00
2.68769860e-01
0.00000000e+00
2.55925913e-01
0.00000000e+00
0.00000000e+00
-2.66219061e-01
-3.40856348e-01
0.00000000e+00
0.00000000e+00
0.00000000e+00
0.00000000e+00
0.00000000e+00
0.00000000e+00
0.00000000e+00
-1.75507015e-02
1.95414768e-02
1.85663603e-01
2.41198359e-03
7.14423929e-02
-7.63523411e-04
2.92145653e-02
4.78895238e-04
0.00000000e+00
0.00000000e+00
0.00000000e+00
0.00000000e+00
2.06333694e-01
8.17112538e-01
4.39008316e-01
-3.40912505e-01
-7.22294590e-01
-1.30477593e-01
1.83824259e+00
2.41957278e+00
0.00000000e+00
0.00000000e+00
0.00000000e+00
0.00000000e+00
0.00000000e+00
0.00000000e+00
-5.62677756e-01
-3.81570723e-01
-3.87167281e-01
-1.59504997e-02
3.02580084e-01
-5.24686557e-01
-1.36302433e-01
2.44949506e-01
-4.15321898e-01
6.35812721e-01
-3.77899267e-01
4.99571646e-01
-3.70498295e-01
-3.32560210e-01
-4.83857228e-01
-3.68278992e-01
-8.10429552e-01
-2.35988914e-01
4.03456994e+00
3.44384822e+00
3.38212531e+00
3.86723324e+00
4.29043672e+00
4.07334361e+00
5.72115807e-01
1.33380669e+00
1.35170750e+00
6.38935260e-01
1.05555775e+00
-1.89086808e-01
0.00000000e+00
-1.22501324e-01
-3.88596413e-01
4.43393851e-01
-3.34175874e-01
-4.21249174e-01
0.00000000e+00
4.50810274e-01
0.00000000e+00
0.00000000e+00
-1.82040414e-01
0.00000000e+00
0.00000000e+00
-1.32686745e+00
-5.82307638e-01
-6.26925907e-01
-3.42128142e-01
-4.81807322e-01
-1.20923355e+00
0.00000000e+00
0.00000000e+00
0.00000000e+00
2.85935086e-01
8.30581191e-02
6.75135096e-02
9.98972298e-01
-1.03149211e+00
1.92416949e-01
4.23641849e-01
5.66887990e-01
-1.01289793e-01
0.00000000e+00
3.65109739e-01
5.08776438e-01
-1.96778089e+00
3.82070015e-01
-7.75829194e-03
1.03409223e-01
-3.09362856e-01
-1.34946539e+00
-1.71250647e-01
-2.48624786e-01
-3.43687184e-01
5.70408997e-02
0.00000000e+00
-1.10782239e-01
1.08088283e-01
-2.77767055e-01
0.00000000e+00
0.00000000e+00
0.00000000e+00
7.78369835e-02
-2.64968090e-01
-9.68469028e-02
-5.40355719e-01
-6.43743802e-01
7.36671400e-02
-2.66408419e-02
9.23579347e-03
-4.16475520e-01
0.00000000e+00
4.99817409e-02
2.80113426e-01
3.43325309e-01
-6.98462507e-02
8.90037047e-01
2.43334237e-01
3.29268196e-01
-1.75178128e-01
-4.13884045e-01
7.33723704e-02
-4.00728084e-01
0.00000000e+00
3.25144873e-01
-5.30761463e-02
-8.65546361e-01
-6.39348538e-01
0.00000000e+00
0.00000000e+00
2.49417420e-01
-2.26197823e-01
0.00000000e+00
0.00000000e+00
5.46208956e-01
-8.23935463e-01
0.00000000e+00
0.00000000e+00
0.00000000e+00
-4.38035910e-01
8.13572309e-01
-1.77240945e-01
6.15892914e-01
-4.85499413e-01
-2.02363814e-01
-6.67720078e-01
-9.31278614e-02
-2.39276145e-01
0.00000000e+00
3.58439411e-01
1.31562756e+00
-3.66541022e-01
4.78319831e-01
2.37898951e-01
1.15673657e-01
-5.82066077e-01
-1.18923274e+00
-1.28239296e-01
-1.90016800e-01
5.21544070e-02
4.26604291e-01
-8.31063747e-02
1.30600381e-01
1.25219453e-01
-3.21805686e-01
0.00000000e+00
0.00000000e+00
0.00000000e+00
6.09123146e-02
3.34913881e-01
2.11226906e-01
4.73372311e-01
0.00000000e+00
-1.75852902e-03
7.67576550e-02
-1.95665692e-01
-2.62489445e-01
0.00000000e+00
-2.91238106e-02
-4.29072475e-01
-1.26664350e-01
-1.10069705e-01
-4.25564121e-01
3.30998767e-01
5.10177893e-01
0.00000000e+00
2.04294567e-01
-3.71422881e-02
-3.74449884e-01
-3.23002162e-01
1.59222550e-01
-2.68032602e-01
-8.76089870e-01
-7.68732433e-01
-9.07971479e-02
-2.01315702e-01
0.00000000e+00
-1.07357437e-01
-3.61382367e-01
4.58056906e-01
-4.36291194e-02
3 1
-3.6626e-02 4.0901e-01
2 0
0 1 
217
-1.65584871e-02
1.28947054e-01
-2.44414111e-02
8.07792709e-01
-1.91710638e-01
-6.39335952e-02
1.40362690e-01
7.90215128e-02
3.20739034e-01
7.44341843e-02
-9.74582643e-02
1.58000806e-01
-1.88491309e-01
-2.44313627e-01
1.85396430e-03
1.29698637e-02
2.04024078e-02
8.26753228e-01
-1.50843318e-02
-7.17210626e-02
-2.89431174e-01
3.07618231e-03
-1.72229721e-01
-5.55734506e-01
4.19715051e-04
-3.77416130e-02
0.00000000e+00
0.00000000e+00
0.00000000e+00
0.00000000e+00
0.00000000e+00
1.91791257e-01
6.80929260e-02
2.10277555e-02
-4.98435007e-02
-9.66584570e-02
0.00000000e+00
-1.98576027e-01
1.46948643e-01
0.00000000e+00
0.00000000e+00
0.00000000e+00
0.00000000e+00
0.00000000e+00
0.00000000e+00
-1.63339130e-01
-3.52368973e-02
1.46948643e-01
0.00000000e+00
0.00000000e+00
0.00000000e+00
0.00000000e+00
0.00000000e+00
0.00000000e+00
0.00000000e+00
0.00000000e+00
0.00000000e+00
0.00000000e+00
0.00000000e+00
0.00000000e+00
1.46948643e-01
-3.52368973e-02
-1.63339130e-01
0.00000000e+00
4.35829710e-02
-1.05702921e+00
-1.66833641e-02
-9.69717476e-02
2.92877228e-04
-2.92757019e-01
2.53510411e-01
-3.81780643e-01
-1.16519708e+00
1.64988237e-01
3.17880878e-02
-5.32764910e-02
8.03613533e-01
0.00000000e+00
0.00000000e+00
0.00000000e+00
0.00000000e+00
0.00000000e+00
0.00000000e+00
0.00000000e+00
0.00000000e+00
0.00000000e+00
0.00000000e+00
0.00000000e+00
0.00000000e+00
0.00000000e+00
0.00000000e+00
0.00000000e+00
0.00000000e+00
0.00000000e+00
0.00000000e+00
0.00000000e+00
0.00000000e+00
0.00000000e+00
0.00000000e+00
0.00000000e+00
0.00000000e+00
0.00000000e+00
0.00000000e+00
0.00000000e+00
0.00000000e+00
0.00000000e+00
0.00000000e+00
0.00000000e+00
0.00000000e+00
0.00000000e+00
0.00000000e+00
0.00000000e+00
0.00000000e+00
0.00000000e+00
0.00000000e+00
0.00000000e+00
0.00000000e+00
0.00000000e+00
0.00000000e+00
-4.86430061e-02
-7.33039251e-01
-6.81924344e-01
0.00000000e+00
0.00000000e+00
0.00000000e+00
2.48841509e-01
-2.09024099e-01
-1.25443504e-01
1.33047687e+00
-1.44256190e+00
-2.35153859e-01
6.97850355e-02
6.05103926e-01
-1.41270746e-01
0.00000000e+00
-1.27349865e-01
6.01008993e-01
1.21331721e-01
7.03589319e-01
-4.86134828e-01
-1.88425380e-01
-7.59751956e-01
-6.64381408e-01
-1.14657796e-01
1.32093623e-01
6.93471731e-03
0.00000000e+00
0.00000000e+00
0.00000000e+00
-2.17381074e-01
-1.00757327e-01
-1.03460897e-01
-7.58524097e-02
-5.28560287e-02
1.82003496e-02
5.20939959e-02
-1.65846412e-01
-2.02770281e-01
0.00000000e+00
1.23149537e-01
-2.30559493e-02
-4.20353705e-01
7.60705301e-02
4.75262640e-01
3.02916018e-01
3.49356650e-01
-3.19295429e-01
1.58085837e-01
1.33428673e-01
-6.33762036e-01
0.00000000e+00
0.00000000e+00
0.00000000e+00
-5.81851692e-01
-5.90633098e-01
-2.57290863e-01
9.86235994e-01
-7.78180330e-01
2.50221621e-01
-1.08990568e+00
-1.02852672e+00
-5.68599773e-01
0.00000000e+00
-5.17348510e-01
1.67203324e+00
-6.89872520e-01
2.02472819e-01
-8.12293153e-01
6.64807373e-01
1.67852641e+00
-5.10532885e-01
5.72454663e-01
7.64521074e-01
-1.67697768e-01
0.00000000e+00
0.00000000e+00
0.00000000e+00
3.18129111e-01
-4.85250090e-01
-1.45696270e-01
-1.04103107e-01
-4.29022312e-01
4.33131595e-03
7.08487684e-01
4.34549275e-01
5.33554959e-01
0.00000000e+00
2.66079363e-01
-5.49069132e-01
-1.91769760e-04
9.70503733e-02
5.87855804e-01
6.53381091e-02
-6.30425344e-01
-4.74055730e-01
-2.15652175e-01
-1.49607834e-01
136
1.10229480e+00
-3.35519435e-01
3.71662358e-02
8.58426691e-01
-9.41800803e-03
2.31394223e-03
3.99792567e-03
5.77073600e-01
8.37188158e-04
0.00000000e+00
0.00000000e+00
0.00000000e+00
0.00000000e+00
2.11915026e-01
-9.04393677e-02
2.96609873e-02
-6.93266040e-02
4.14871048e-02
9.78997652e-01
0.00000000e+00
9.71575545e-03
1.09184577e+00
0.00000000e+00
0.00000000e+00
0.00000000e+00
0.00000000e+00
0.00000000e+00
0.00000000e+00
-4.30321758e-01
4.40037513e-01
1.09184577e+00
0.00000000e+00
0.00000000e+00
0.00000000e+00
0.00000000e+00
0.00000000e+00
0.00000000e+00
0.00000000e+00
0.00000000e+00
0.00000000e+00
0.00000000e+00
0.00000000e+00
0.00000000e+00
0.00000000e+00
0.00000000e+00
0.00000000e+00
0.00000000e+00
1.20859220e+00
-3.09036854e-02
-7.19493358e-02
-8.08584413e-01
-2.87851895e-02
-4.00803293e-01
-4.56124435e-01
-6.63803102e-01
-9.06721973e-01
0.00000000e+00
0.00000000e+00
0.00000000e+00
0.00000000e+00
1.09184577e+00
4.40037513e-01
-4.30321758e-01
0.00000000e+00
0.00000000e+00
0.00000000e+00
0.00000000e+00
0.00000000e+00
0.00000000e+00
0.00000000e+00
0.00000000e+00
0.00000000e+00
0.00000000e+00
0.00000000e+00
0.00000000e+00
0.00000000e+00
0.00000000e+00
0.00000000e+00
0.00000000e+00
0.00000000e+00
0.00000000e+00
0.00000000e+00
0.00000000e+00
0.00000000e+00
0.00000000e+00
0.00000000e+00
3.30459065e-01
3.18000729e-01
-6.69142563e-01
0.00000000e+00
0.00000000e+00
0.00000000e+00
-1.78579127e-01
5.99098914e-02
-1.21467165e-01
9.95320343e-01
-1.26522862e+00
-1.54923749e-02
6.19251548e-01
7.17472800e-01
-2.51128793e-01
0.00000000e+00
1.24536745e-01
8.29923155e-01
-1.66990310e+00
4.19844852e-01
1.01169553e+00
2.92797400e-01
-4.54595747e-01
-1.63665413e+00
-1.01009010e-01
-4.58367631e-02
-4.56311254e-01
0.00000000e+00
0.00000000e+00
0.00000000e+00
-6.56157271e-02
3.68220756e-01
-2.85674477e-01
6.11826283e-01
-1.61888232e+00
-7.30163658e-01
-7.57419402e-01
-1.89662004e-01
-8.56224883e-01
0.00000000e+00
4.54744102e-01
1.39957915e+00
-1.54502802e-01
8.22167992e-01
-8.46065252e-02
5.79797860e-01
2.71066531e-01
-1.07803337e+00
2.11591032e-01
6.45480208e-01
2 1
-6.5608e-01 5.1315e-01
3 1
0 1 3 
217
1.02636432e-01
-3.97803001e-01
-5.24154926e-02
-7.53422730e-02
-2.16588035e-01
-1.40120913e-01
3.72355601e-02
2.38065979e-01
1.30472138e-01
3.49944869e-01
6.82158247e-02
-4.02532442e-01
8.33009452e-02
-4.54976766e-01
3.23206979e-01
-5.27409932e-03
1.07312097e-01
-3.68101795e-02
-9.78552203e-04
1.24800712e-01
-2.39384248e-01
5.32557839e-03
1.51571832e-01
5.56238809e-02
-7.99747009e-04
4.27271764e-02
0.00000000e+00
0.00000000e+00
0.00000000e+00
0.00000000e+00
0.00000000e+00
0.00000000e+00
-3.46215799e-01
-1.67758053e-01
1.70360016e-01
7.32997472e-01
0.00000000e+00
-7.25117783e-02
-1.89722002e-01
3.64870212e-01
0.00000000e+00
0.00000000e+00
0.00000000e+00
0.00000000e+00
0.00000000e+00
-1.71541680e-01
9.90299013e-02
4.69892973e-01
0.00000000e+00
-3.84011929e-01
-2.75603046e-01
3.64870212e-01
0.00000000e+00
0.00000000e+00
0.00000000e+00
0.00000000e+00
0.00000000e+00
0.00000000e+00
0.00000000e+00
0.00000000e+00
5.59160139e-01
9.90299013e-02
-5.55553609e-01
7.65785899e-02
-2.53151735e-01
-8.41892678e-01
1.17963848e-01
-9.22518907e-02
1.61245729e-01
1.14243079e-01
7.73231472e-02
-6.32876756e-01
-7.77873777e-01
4.53212939e-01
3.07033513e-01
2.04977102e-01
7.79966248e-01
4.10905853e-01
-1.35246576e-02
1.54837989e-01
1.86932291e-01
-7.69475111e-01
-4.81677054e-01
-1.98339070e-01
0.00000000e+00
0.00000000e+00
0.00000000e+00
0.00000000e+00
0.00000000e+00
0.00000000e+00
0.00000000e+00
0.00000000e+00
0.00000000e+00
0.00000000e+00
0.00000000e+00
0.00000000e+00
0.00000000e+00
0.00000000e+00
0.00000000e+00
0.00000000e+00
0.00000000e+00
0.00000000e+00
0.00000000e+00
0.00000000e+00
0.00000000e+00
0.00000000e+00
0.00000000e+00
0.00000000e+00
0.00000000e+00
0.00000000e+00
0.00000000e+00
0.00000000e+00
0.00000000e+00
0.00000000e+00
0.00000000e+00
0.00000000e+00
0.00000000e+00
0.00000000e+00
0.00000000e+00
-6.95601100e-01
-8.92081661e-01
-4.97429798e-01
0.00000000e+00
0.00000000e+00
0.00000000e+00
-1.33211765e-01
5.78709890e-01
-3.30386530e-01
-3.74475444e-02
-9.33491808e-01
-4.58561071e-01
2.68718750e-01
9.42016646e-01
3.15215077e-01
0.00000000e+00
-4.31051865e-01
-2.16386398e-01
-6.90048268e-01
3.54484109e-01
6.66437059e-01
5.35287902e-01
-8.08920384e-01
-4.54297992e-01
-3.11582722e-02
3.66662666e-01
-2.28970043e-01
0.00000000e+00
0.00000000e+00
0.00000000e+00
2.31761099e-01
-6.46700383e-01
-1.39222801e-01
1.30322295e-01
-2.26332609e-01
-1.11312278e-01
1.34767141e-01
-8.82870860e-02
3.80371229e-02
0.00000000e+00
3.13720007e-01
-1.69694440e-01
-2.85781703e-01
2.97648012e-01
-2.40500141e-01
8.02298542e-02
4.21107345e-01
-2.13516205e-01
1.32488418e-01
1.12296308e-01
-7.97897177e-01
0.00000000e+00
0.00000000e+00
0.00000000e+00
2.55805252e-01
-9.18953724e-02
-2.92032126e-01
-5.93097722e-01
-8.89397022e-01
-3.36436288e-01
5.77303919e-01
2.47123444e-01
-8.15168204e-01
0.00000000e+00
5.71859579e-01
4.35572056e-01
1.58827911e-01
3.93496927e-01
-2.99290479e-01
8.17757966e-01
2.10291310e-01
-3.43924699e-01
-4.61865081e-01
-3.42828548e-01
-9.03516128e-02
0.00000000e+00
0.00000000e+00
0.00000000e+00
-8.14253241e-02
-3.84341800e-01
-4.97041034e-02
4.81854069e-01
-5.62045893e-01
5.80330421e-02
9.16694159e-03
-1.47409749e-01
1.54241743e-01
0.00000000e+00
-1.43152433e-01
3.18658514e-01
-7.50438935e-02
4.07191493e-03
2.69012455e-01
-1.90831349e-01
4.54548271e-02
-5.70276546e-01
3.97224535e-01
3.76161437e-01
136
5.58746529e-01
-5.72065864e-02
2.01876718e-02
2.72594424e-01
6.54644809e-04
2.61422319e-01
-6.68190692e-05
8.19363719e-02
5.51621209e-04
0.00000000e+00
0.00000000e+00
0.00000000e+00
0.00000000e+00
-9.05322798e-02
2.49257435e-01
3.29079037e-01
-2.19148336e-01
-1.85521544e-01
4.75612216e-01
0.00000000e+00
2.53364652e-01
1.07778880e-03
3.10141840e-01
0.00000000e+00
0.00000000e+00
0.00000000e+00
0.00000000e+00
0.00000000e+00
-2.07729575e-01
4.41261204e-01
6.56063714e-01
0.00000000e+00
-3.53467637e-01
-3.01518289e-01
3.10141840e-01
0.00000000e+00
0.00000000e+00
0.00000000e+00
0.00000000e+00
0.00000000e+00
0.00000000e+00
0.00000000e+00
0.00000000e+00
0.00000000e+00
0.00000000e+00
0.00000000e+00
6.89035528e-01
-5.35297342e-01
2.93383350e-02
-6.97725765e-02
-6.38352154e-01
-7.20949101e-02
-4.75107031e-01
-2.48784104e-01
-2.92212107e-01
-8.06516403e-01
3.81794868e-01
5.01962725e-01
-7.64205342e-02
1.90054685e-01
8.94021005e-01
4.41261204e-01
-5.41364189e-01
0.00000000e+00
0.00000000e+00
0.00000000e+00
0.00000000e+00
0.00000000e+00
0.00000000e+00
0.00000000e+00
0.00000000e+00
0.00000000e+00
0.00000000e+00
0.00000000e+00
0.00000000e+00
0.00000000e+00
0.00000000e+00
0.00000000e+00
0.00000000e+00
0.00000000e+00
0.00000000e+00
0.00000000e+00
0.00000000e+00
0.00000000e+00
0.00000000e+00
0.00000000e+00
4.28134545e-01
8.26326613e-02
-5.40616039e-01
0.00000000e+00
0.00000000e+00
0.00000000e+00
-1.95962083e-01
5.93315353e-02
-7.14457122e-02
1.27193686e+00
-1.37318323e+00
-1.05574772e-02
4.72447022e-01
6.66883140e-01
-4.43187027e-01
0.00000000e+00
1.62271900e-03
1.03639248e+00
-1.20548950e+00
4.87166881e-01
8.73931793e-01
2.73883461e-01
-3.01554354e-01
-1.74665159e+00
-2.45277269e-01
-9.09036887e-02
-4.82350800e-01
0.00000000e+00
0.00000000e+00
0.00000000e+00
1.89670691e-01
2.43484961e-01
-4.02851067e-01
7.05996619e-01
-1.61510092e+00
-3.18815377e-01
-4.57795077e-01
1.94541586e-02
-6.25514690e-01
0.00000000e+00
3.57628155e-01
9.24599079e-01
-4.52263585e-01
5.58090715e-01
-1.92684096e-01
8.76877486e-01
3.57099888e-01
-1.04374414e+00
-2.06483444e-01
5.99999838e-01
5 1
-6.3497e-01 5.0543e-01
4 0
0 1 3 2 
217
-3.28653698e-01
2.84314396e-01
-1.88848353e-01
4.13912243e-01
-5.77657443e-01
2.94755185e-01
8.78848895e-02
-1.56871651e-02
-1.21255783e-01
-1.29069833e-01
-1.09471299e-01
-4.72000415e-02
3.91845938e-01
3.58127124e-01
1.17685689e+00
7.49440795e-03
-1.06123987e-01
7.06132817e-01
-1.87299705e-02
4.18945120e-01
-9.22466637e-01
9.10573047e-04
4.49939403e-01
-1.28917677e+00
4.14667654e-04
7.82507912e-01
0.00000000e+00
0.00000000e+00
0.00000000e+00
0.00000000e+00
0.00000000e+00
-5.82453503e-01
-5.30203967e-01
-1.29573327e-01
-4.69207367e-02
6.75684878e-01
0.00000000e+00
-2.49009760e-01
-5.03657192e-01
-1.84193139e-01
6.08206393e-01
0.00000000e+00
0.00000000e+00
0.00000000e+00
0.00000000e+00
-1.03021818e-01
-1.45987942e-01
6.14916310e-03
0.00000000e+00
2.04476912e-01
-3.45256152e-01
-3.39007612e-01
0.00000000e+00
-2.03930561e-01
-1.65096555e-01
1.00620865e+00
0.00000000e+00
-7.25710305e-01
-1.25683870e-01
6.08206393e-01
-1.19024295e-01
-3.11084497e-01
1.01455095e-01
0.00000000e+00
-7.82024519e-01
1.32680897e-01
1.74001041e-01
-6.42345546e-02
2.79369780e-01
3.96523261e-01
-4.11591094e-02
-7.87026662e-01
-1.24725918e+00
2.88040164e-01
8.69591906e-02
2.11491910e-01
5.40663344e-01
5.19904331e-01
-1.25583396e-01
4.64039852e-01
-3.28755301e-01
-7.64202555e-01
-3.94219332e-01
-1.79911603e-01
-5.36149942e-01
-1.86497506e-01
5.27600020e-01
1.97710944e-01
-1.49676013e-01
1.96282806e-01
-2.64529244e-02
0.00000000e+00
0.00000000e+00
0.00000000e+00
0.00000000e+00
0.00000000e+00
0.00000000e+00
0.00000000e+00
0.00000000e+00
0.00000000e+00
0.00000000e+00
0.00000000e+00
0.00000000e+00
0.00000000e+00
0.00000000e+00
0.00000000e+00
0.00000000e+00
0.00000000e+00
0.00000000e+00
0.00000000e+00
0.00000000e+00
0.00000000e+00
0.00000000e+00
0.00000000e+00
0.00000000e+00
0.00000000e+00
0.00000000e+00
0.00000000e+00
0.00000000e+00
4.51399379e-01
4.26623169e-01
-1.45496191e-01
0.00000000e+00
0.00000000e+00
0.00000000e+00
-1.35677676e+00
1.98892447e-01
-7.59181754e-01
6.84926991e-01
-2.22235726e+00
-9.08842631e-02
1.05192304e+00
8.39084317e-02
-8.88475175e-01
0.00000000e+00
1.42579875e+00
5.65546563e-01
-3.36571786e-01
1.24444560e+00
1.53386891e-01
-5.81449720e-02
-4.31683364e-01
-2.87851514e-01
-4.09759895e-01
1.28736184e+00
-2.51627948e-01
0.00000000e+00
0.00000000e+00
0.00000000e+00
6.69218403e-01
-2.16616226e-01
8.66898299e-02
3.48197661e-01
3.34805403e-01
-2.31949933e-03
-2.52228250e-01
4.48612472e-01
-1.62468843e-01
0.00000000e+00
-4.95776572e-01
-2.40102725e-02
-7.71416644e-01
-1.76692360e-01
3.06610009e-01
8.79770835e-02
4.20841833e-01
-5.68596249e-01
2.27292836e-01
-5.11748563e-01
-1.25646942e-01
0.00000000e+00
0.00000000e+00
0.00000000e+00
7.15055550e-01
1.70558423e+00
1.20350263e+00
2.53902792e-01
-6.65366510e-01
-2.47595581e-01
-6.14674589e-02
-1.36852487e+00
-1.25308584e+00
0.00000000e+00
7.98065287e-01
1.76058632e+00
-7.44467452e-01
9.38835677e-01
-2.23095261e+00
8.40980206e-01
-1.04978858e+00
-1.59138692e+00
4.59622397e-01
4.10853795e-01
-1.24518364e-01
0.00000000e+00
0.00000000e+00
0.00000000e+00
-3.59053791e-01
-8.31834217e-01
-5.13556547e-01
7.39240188e-02
-7.93120175e-02
4.36014155e-01
-3.90841493e-01
4.75425941e-01
2.64304058e-01
0.00000000e+00
-4.12887889e-01
-3.22957549e-01
1.72454272e-01
-1.95671453e-01
9.29017212e-01
-3.67927046e-01
5.26415856e-01
5.13501282e-01
-1.88353138e-01
1.46819980e-01
136
4.78341524e-01
-1.41120522e-01
2.39904531e-02
5.24607465e-01
-6.84800297e-03
-1.41361417e-01
3.68970376e-03
2.36215998e-01
6.47813293e-04
0.00000000e+00
0.00000000e+00
0.00000000e+00
0.00000000e+00
3.34105681e-02
3.37766000e-02
3.68626017e-02
-1.33100037e-01
-5.76999807e-02
5.65091772e-01
0.00000000e+00
-2.91633753e-01
-4.37485888e-01
2.06442052e-01
1.03344649e+00
0.00000000e+00
0.00000000e+00
0.00000000e+00
0.00000000e+00
5.43047659e-03
-3.44414143e-01
6.65375973e-01
0.00000000e+00
4.55701857e-02
-6.23688439e-01
4.55886112e-01
0.00000000e+00
-9.26801392e-01
4.02057785e-01
1.32042846e+00
0.00000000e+00
-1.53462780e+00
-3.52447216e-02
1.03344649e+00
0.00000000e+00
0.00000000e+00
0.00000000e+00
0.00000000e+00
1.87271073e-01
-1.49832755e-02
-5.87200663e-02
-6.68413932e-01
-1.03363359e+00
-1.36187241e+00
-1.64620293e-01
-2.93218140e-01
-6.75974276e-01
-1.22415258e-01
1.20787450e+00
1.00181145e-02
2.50017872e-01
4.95444467e-01
2.47777438e-01
1.31490023e-01
-4.89165756e-03
1.24089810e-01
-1.46194794e-01
0.00000000e+00
0.00000000e+00
0.00000000e+00
0.00000000e+00
0.00000000e+00
0.00000000e+00
0.00000000e+00
0.00000000e+00
0.00000000e+00
0.00000000e+00
0.00000000e+00
0.00000000e+00
0.00000000e+00
0.00000000e+00
0.00000000e+00
0.00000000e+00
0.00000000e+00
0.00000000e+00
0.00000000e+00
0.00000000e+00
3.05382213e-01
3.54256184e-02
-6.16246576e-01
0.00000000e+00
0.00000000e+00
0.00000000e+00
-2.12713686e-01
-4.20504986e-02
-4.59456503e-02
1.22248252e+00
-1.31599268e+00
-8.42874581e-02
4.26043355e-01
5.58949709e-01
-2.02245574e-01
0.00000000e+00
1.71015615e-02
9.64537003e-01
-1.23062816e+00
4.57474409e-01
9.56226263e-01
2.74274690e-01
-5.92336339e-01
-1.56765295e+00
-1.67834314e-01
-3.16487733e-02
-5.98919269e-01
0.00000000e+00
0.00000000e+00
0.00000000e+00
-1.04885541e-01
1.18598653e-01
-5.56244455e-01
7.28315902e-01
-1.84931646e+00
-6.50583642e-01
-2.57113998e-01
-1.21601726e-01
-3.49942252e-01
0.00000000e+00
3.92782536e-01
1.11350344e+00
-3.64053934e-01
6.50066957e-01
-1.42154675e-02
7.55498069e-01
3.97420249e-01
-1.16795751e+00
7.60628509e-02
6.04747062e-01
4 1
-8.2492e-01 5.1857e-01
5 1
0 1 3 2 5 
217
-4.50256308e-01
-5.47846133e-01
5.58209060e-01
-3.54711454e-01
-3.33591309e-01
-2.10231917e-01
-5.13470681e-01
3.40663973e-01
1.50605620e-02
2.01183319e-01
2.40389017e-01
-1.47642893e-02
1.41356104e-01
1.75276635e-01
3.27475705e-02
-1.59977654e-02
4.29636463e-01
2.88081250e-01
-4.39196195e-03
1.89457850e-01
-3.56499324e-01
4.26518202e-03
3.45358890e-01
-4.14585804e-01
-2.94668824e-04
3.30916426e-01
0.00000000e+00
0.00000000e+00
0.00000000e+00
0.00000000e+00
0.00000000e+00
0.00000000e+00
-5.78687806e-01
-2.18167938e-01
-2.56729502e-02
1.00673540e+00
0.00000000e+00
-3.60307432e-01
-3.66089166e-01
-1.55137374e-01
-2.15690634e-03
4.33434571e-01
0.00000000e+00
0.00000000e+00
0.00000000e+00
-1.47999885e-01
-1.83076972e-01
1.79486184e-01
0.00000000e+00
-4.66752880e-01
-7.79784868e-02
-1.64333262e-01
0.00000000e+00
-3.06271627e-01
-3.59792309e-01
6.87522025e-01
0.00000000e+00
-2.28855984e-01
6.98739043e-02
5.48161752e-01
-9.56755845e-02
2.60172041e-01
-6.14752765e-01
3.42871728e-02
-5.85499805e-01
-9.51139239e-01
9.88329829e-02
3.04377733e-01
2.12334085e-03
-9.94627121e-02
-3.75206475e-01
-7.74912670e-01
-9.86019795e-01
5.30345341e-01
-2.26029458e-01
1.69517496e-01
5.43686545e-01
1.33449420e-02
-1.43716294e-01
8.61323691e-01
-6.23044656e-02
-1.61922387e-01
-2.57580490e-01
-3.75166555e-02
0.00000000e+00
-8.60655300e-01
-8.25181160e-01
2.53202495e-01
-1.46165942e-01
1.57196497e-01
4.58960897e-01
-1.27581713e-01
-3.19887391e-02
-7.04009458e-03
-3.67960270e-01
-6.39243191e-02
7.72744141e-02
2.01190769e-01
0.00000000e+00
0.00000000e+00
0.00000000e+00
0.00000000e+00
0.00000000e+00
0.00000000e+00
0.00000000e+00
0.00000000e+00
0.00000000e+00
0.00000000e+00
0.00000000e+00
0.00000000e+00
0.00000000e+00
0.00000000e+00
0.00000000e+00
0.00000000e+00
0.00000000e+00
0.00000000e+00
0.00000000e+00
0.00000000e+00
0.00000000e+00
-1.50790015e-01
-7.56770578e-01
9.60483452e-03
0.00000000e+00
0.00000000e+00
0.00000000e+00
-4.21310233e-01
-9.64397879e-02
-2.68995551e-01
1.79088620e+00
-1.68037713e+00
-2.18544544e-01
7.98768061e-01
3.52492210e-01
-3.20655202e-01
0.00000000e+00
-8.85056096e-03
9.06700258e-02
-2.50299702e-01
1.53831326e-01
3.26562576e-01
-6.50362100e-02
-2.76157526e-01
-3.60029639e-01
-2.29271583e-01
6.92362108e-01
-3.02702404e-01
0.00000000e+00
0.00000000e+00
0.00000000e+00
2.77671110e-01
-1.05693031e-01
-8.06776209e-03
-1.58977863e-01
2.28769223e-01
-1.29036938e-01
-4.60560546e-02
8.02425961e-02
-2.68131347e-01
0.00000000e+00
1.95537996e-01
9.83844397e-02
-7.47373955e-01
2.59022490e-01
-2.54539571e-01
3.63226676e-01
4.41137072e-01
-6.30475059e-01
1.63407991e-01
-6.17504182e-02
-6.51394985e-01
0.00000000e+00
0.00000000e+00
0.00000000e+00
1.66343620e-01
-3.50020859e-02
-3.43039148e-01
6.93847971e-03
-7.38257892e-01
-3.12976057e-01
2.10505027e-01
-2.87256628e-02
-4.95591464e-01
0.00000000e+00
-3.71157812e-01
1.12019275e+00
2.41900884e-02
2.51538116e-01
-3.66273012e-01
3.30196274e-01
2.55989195e-01
-1.62244766e-01
-5.23620378e-01
3.59599744e-01
-1.88194016e-01
0.00000000e+00
0.00000000e+00
0.00000000e+00
2.97515520e-02
-4.78051439e-01
-1.12861466e-01
-1.51818639e-02
-1.26036858e+00
-1.30206875e-01
-2.86397672e-01
2.84345495e-01
8.65973657e-02
0.00000000e+00
2.84126216e-01
1.83834063e-01
-1.57810641e-01
4.39290590e-01
2.41155972e-01
3.21654312e-01
1.15182708e-01
-2.81722516e-01
3.85709034e-01
1.62759733e-01
136
-8.94927096e-02
1.91857179e-01
-2.10145993e-03
-7.67869989e-03
-4.29518604e-04
-6.47556695e-02
-1.56533709e-03
-2.08915519e-01
5.14026021e-04
0.00000000e+00
0.00000000e+00
0.00000000e+00
0.00000000e+00
1.99125484e-02
1.97821202e-01
2.94323493e-01
-3.92658175e-01
-3.98426234e-01
1.89534457e-01
0.00000000e+00
-4.03611407e-01
-1.41573939e-01
8.79593663e-02
1.28823378e-02
3.57716468e-01
0.00000000e+00
0.00000000e+00
0.00000000e+00
3.15480454e-02
3.18799850e-02
1.11978111e-01
0.00000000e+00
-2.65066069e-01
-2.67036527e-01
3.29572831e-02
0.00000000e+00
-2.64180948e-01
-2.41972226e-01
3.91232138e-01
0.00000000e+00
-5.11660752e-01
-1.26495734e-01
9.74079095e-01
0.00000000e+00
0.00000000e+00
0.00000000e+00
3.13157104e-01
-9.03536715e-01
-2.47203028e-02
-7.44985302e-02
-3.69411988e-01
-5.11277810e-01
-4.84837024e-01
4.01811553e-01
7.74714476e-02
-7.68010750e-01
-5.54241524e-03
6.31619851e-02
-1.62573531e-01
7.49697383e-02
-2.47004206e-01
-1.47530787e-01
8.00262742e-01
2.08051470e-01
3.65184514e-01
3.68246160e-02
2.10098430e-02
-4.63347365e-02
-2.12835972e-01
3.00218007e-02
-2.35525871e-01
0.00000000e+00
0.00000000e+00
0.00000000e+00
0.00000000e+00
0.00000000e+00
0.00000000e+00
0.00000000e+00
0.00000000e+00
0.00000000e+00
0.00000000e+00
0.00000000e+00
0.00000000e+00
0.00000000e+00
0.00000000e+00
0.00000000e+00
3.81905914e-01
1.40476768e-01
-5.60150676e-01
0.00000000e+00
0.00000000e+00
0.00000000e+00
-1.32777487e-01
1.10931147e-01
-1.51688143e-01
1.15412818e+00
-1.47433686e+00
-3.99703291e-02
4.06477969e-01
6.86597594e-01
-1.92424894e-01
0.00000000e+00
1.20630521e-02
9.74076223e-01
-1.10580477e+00
5.13426927e-01
9.21930369e-01
7.87599146e-02
-6.32149042e-01
-1.51193396e+00
-1.89439339e-01
1.19827661e-02
-4.91739705e-01
0.00000000e+00
0.00000000e+00
0.00000000e+00
2.41317965e-01
1.85924355e-01
-3.42729601e-01
7.21530589e-01
-1.59620651e+00
-2.61429015e-01
-2.65862684e-01
-1.15092616e-01
-5.74090681e-01
0.00000000e+00
3.28937617e-01
8.75229972e-01
-4.24749170e-01
4.10504274e-01
-2.09412205e-01
7.12906834e-01
3.95354306e-01
-1.03492842e+00
-1.34636540e-01
5.95691832e-01
7 1
-8.3082e-01 5.1848e-01
6 1
0 1 3 2 5 4 
217
-3.19059879e-01
-5.67965056e-01
6.12894752e-01
-1.83768539e-01
-2.79440771e-01
-2.70339540e-01
-2.53367764e-01
1.62559795e-01
-4.10773609e-03
3.26690418e-01
-1.41233932e-01
2.08205164e-01
3.59090324e-01
7.80435297e-02
-3.60786432e-01
-1.35592815e-02
5.95006521e-01
1.10299536e-01
2.54011753e-03
8.04995483e-02
1.04954730e-01
7.00127355e-04
2.59759604e-01
-1.73527714e-01
-2.65866624e-04
3.20969957e-01
0.00000000e+00
0.00000000e+00
0.00000000e+00
0.00000000e+00
0.00000000e+00
0.00000000e+00
-5.77420915e-01
-4.05664492e-01
-5.70911534e-02
9.76309966e-01
0.00000000e+00
-3.03014432e-01
-2.83710561e-01
-3.58860275e-01
-1.74351761e-01
-1.28755750e-01
9.29632900e-01
0.00000000e+00
0.00000000e+00
-4.58481252e-01
-2.34766921e-01
4.28828591e-01
0.00000000e+00
-6.29476795e-01
-1.85237025e-01
5.66106340e-02
0.00000000e+00
-4.86464234e-01
-4.58570338e-01
8.78600504e-01
0.00000000e+00
-7.72972854e-03
2.47899989e-01
5.29726696e-01
-6.88422298e-01
-6.70796322e-02
4.36442051e-01
-4.85325246e-01
-1.45349048e-01
-1.03647017e+00
4.01064318e-02
2.31027158e-01
2.71507983e-01
2.06157262e-01
-9.42360826e-01
-6.39791184e-01
-7.87343479e-01
7.90802032e-01
-9.48212020e-02
4.72290100e-01
7.26736447e-01
1.76956172e-02
-3.48549267e-01
2.56814230e-01
1.61292249e-01
-3.95664656e-01
-1.49498478e-01
-2.92536677e-02
0.00000000e+00
-1.02252277e+00
-7.39726929e-01
4.16701695e-01
-2.08230735e-01
2.86761194e-01
5.01251235e-01
-1.10291628e-01
-1.29926851e-01
-2.82607289e-01
-1.75859765e-01
-2.86777497e-01
9.70183661e-02
1.99576702e-01
0.00000000e+00
-3.97533298e-01
-7.52068505e-01
1.56949857e-01
-6.08039189e-01
-7.84764388e-02
2.66215978e-01
0.00000000e+00
0.00000000e+00
0.00000000e+00
0.00000000e+00
0.00000000e+00
0.00000000e+00
0.00000000e+00
0.00000000e+00
0.00000000e+00
0.00000000e+00
0.00000000e+00
0.00000000e+00
0.00000000e+00
0.00000000e+00
-6.26732404e-02
-4.14496667e-01
-1.35382542e-01
0.00000000e+00
0.00000000e+00
0.00000000e+00
-7.02614693e-02
-6.80663251e-01
9.94461815e-02
8.59358433e-01
-7.36467788e-01
-1.64485188e-01
7.30470171e-01
3.25721169e-01
-2.61241047e-01
0.00000000e+00
-1.57777315e-01
1.96529252e-01
-2.54430434e-01
4.42466111e-01
1.38347475e-01
-1.11998953e-02
-2.49599397e-01
-5.95663159e-01
-1.36337449e-02
2.67701355e-01
-2.26226364e-01
0.00000000e+00
0.00000000e+00
0.00000000e+00
8.29184399e-02
4.63050821e-01
6.03619244e-02
3.51423732e-01
-4.33402656e-01
-3.75142502e-02
9.20429618e-02
1.85812102e-01
-6.47768585e-01
0.00000000e+00
1.38828008e-01
2.23963226e-02
-6.86202574e-01
1.75459844e-01
4.32671534e-02
2.84673053e-01
3.13527431e-01
-5.27722565e-01
-3.29497137e-02
-7.44278127e-02
-2.66027834e-01
0.00000000e+00
0.00000000e+00
0.00000000e+00
-1.85503289e-02
-2.80369028e-01
-2.52072974e-01
-1.92215521e-01
-6.71028082e-01
-3.24093936e-01
1.24391395e-01
1.91855266e-01
-2.68478088e-01
0.00000000e+00
-1.86649521e-01
1.14770044e+00
1.65117471e-01
4.06394644e-01
-3.45028333e-01
4.24700436e-01
1.00247184e-01
-4.71221622e-01
-2.17169061e-01
4.00441830e-01
-2.84596691e-01
0.00000000e+00
0.00000000e+00
0.00000000e+00
8.90166601e-02
-2.88274373e-01
-1.49516066e-02
1.43289192e-02
-1.15211491e+00
-1.09175273e-01
-1.81809620e-01
-1.94093713e-02
-1.45101278e-01
0.00000000e+00
3.08860541e-01
9.71840749e-02
-2.09256921e-01
3.86903193e-01
3.84477177e-01
2.12202878e-01
4.21058709e-02
-1.88059968e-01
3.93320620e-01
9.51567004e-02
136
-2.73849364e-01
2.81612771e-01
-9.43637743e-03
1.39106800e-02
-2.13874690e-03
-1.97211688e-01
-7.69933481e-04
-3.72161126e-01
6.59016438e-04
0.00000000e+00
0.00000000e+00
0.00000000e+00
0.00000000e+00
-2.15218412e-01
1.95839548e-01
2.66710745e-01
-3.26469998e-01
-3.74407580e-01
1.79696333e-01
0.00000000e+00
-6.11020564e-01
-2.61922885e-01
-1.25524091e-02
1.26398246e-01
5.17085171e-01
-2.79290374e-02
0.00000000e+00
0.00000000e+00
3.81702156e-02
-1.65949648e-01
2.54800367e-01
0.00000000e+00
-2.89438063e-01
-4.29063449e-01
1.21013885e-01
0.00000000e+00
-5.45325044e-01
-3.73798120e-01
7.11553920e-01
0.00000000e+00
-6.81615811e-01
-5.13657156e-02
1.11420615e+00
0.00000000e+00
0.00000000e+00
0.00000000e+00
9.52911970e-02
-1.09250618e+00
-1.11796228e-01
-1.46608736e-01
-2.90464090e-01
-7.13918767e-01
-7.41327986e-01
1.70733311e-01
-5.16400212e-02
-8.41127265e-01
7.20518393e-02
-1.56508035e-01
-1.77624300e-01
1.98324076e-02
-6.13929546e-02
1.13796840e-01
4.81914467e-01
1.11865264e-01
2.65122734e-01
9.75134246e-02
-1.86919076e-01
-9.49243572e-03
-2.07675036e-01
1.63011244e-02
-6.85365165e-02
0.00000000e+00
2.03765631e+00
4.12297031e-01
3.16423743e-01
-3.46813192e-01
0.00000000e+00
0.00000000e+00
0.00000000e+00
0.00000000e+00
0.00000000e+00
0.00000000e+00
0.00000000e+00
0.00000000e+00
0.00000000e+00
0.00000000e+00
3.47715780e-01
9.62210877e-02
-5.88205057e-01
0.00000000e+00
0.00000000e+00
0.00000000e+00
-2.01314531e-01
-1.20898538e-02
-2.72065176e-01
1.06728629e+00
-1.36084661e+00
-1.08639706e-01
3.56140421e-01
6.83148016e-01
-1.09007591e-01
0.00000000e+00
9.50204526e-02
1.03558399e+00
-1.24359269e+00
4.72416590e-01
8.23322631e-01
2.19202294e-01
-4.46193986e-01
-1.55876841e+00
-1.07491344e-01
7.96841589e-02
-5.18141760e-01
0.00000000e+00
0.00000000e+00
0.00000000e+00
1.93255008e-01
1.65878140e-01
-3.73055759e-01
6.82928740e-01
-1.58672611e+00
-3.79104740e-01
-2.53322531e-01
-2.53037792e-02
-5.15979319e-01
0.00000000e+00
3.64861113e-01
9.48117556e-01
-3.94968373e-01
3.94674638e-01
-2.75400005e-01
7.23327827e-01
4.10382019e-01
-1.04716471e+00
-1.31141700e-01
5.80600230e-01
10 2
-1.0995e+00 5.5756e-01
7 -1
0 1 3 2 5 4 7 
217
2.26503379e-01
-8.30495418e-02
1.88357417e-01
-3.56623684e-01
-7.35638128e-03
-5.73257680e-02
1.57846499e-01
-2.23015257e-01
-1.63521425e-01
6.05713247e-02
-2.27320608e-01
4.37954921e-01
4.66855294e-01
-1.36394026e-02
0.00000000e+00
0.00000000e+00
0.00000000e+00
0.00000000e+00
0.00000000e+00
0.00000000e+00
0.00000000e+00
0.00000000e+00
0.00000000e+00
-3.08883867e-01
-2.98885579e-04
3.11799202e-02
0.00000000e+00
0.00000000e+00
0.00000000e+00
0.00000000e+00
0.00000000e+00
0.00000000e+00
-6.21784555e-01
-5.00727017e-01
-2.27183150e-01
8.63734857e-01
0.00000000e+00
-1.43555334e-01
-2.37672409e-01
-1.20354755e-01
-3.56718499e-01
-2.34362043e-01
-5.41640648e-01
0.00000000e+00
0.00000000e+00
-2.92002677e-01
-6.70093957e-01
2.32046858e-01
0.00000000e+00
-2.97402846e-01
1.72570747e-01
-3.18655641e-01
0.00000000e+00
8.74966878e-02
-7.91464293e-01
9.41639423e-01
0.00000000e+00
-3.27148203e-01
4.17536203e-03
9.28397057e-01
-2.85510709e-01
5.62300077e-01
-3.81633399e-01
-4.15867373e-01
-3.11999907e-01
-1.04004632e+00
2.91100421e-01
-2.80007703e-01
6.63270239e-01
2.02957609e-02
2.97115496e-01
-5.69227674e-01
-5.98072265e-01
1.69130873e-01
-1.53192603e-01
3.29484684e-01
6.03400675e-01
1.82914410e-01
-3.67472377e-01
0.00000000e+00
2.57975565e-01
-6.13160969e-01
1.53085781e-01
1.30149917e-01
-3.98235920e-01
-2.18356735e-01
-3.64367597e-01
2.95620227e-01
3.04926166e-01
5.47475807e-01
4.09551592e-01
-5.47167245e-01
-3.18063740e-03
-4.06969323e-01
4.30931444e-01
-6.12545214e-01
3.45919818e-01
2.22309571e-01
-3.84271412e-02
-1.30917008e-01
-1.97907818e-01
4.50860064e-01
-4.12505823e-01
-5.50125354e-02
-2.95008003e-01
1.62159429e-01
6.64612505e-02
-9.54143440e-02
-4.01852288e-02
1.83961311e-01
3.80679287e-02
-2.09008295e-02
0.00000000e+00
0.00000000e+00
0.00000000e+00
0.00000000e+00
0.00000000e+00
0.00000000e+00
0.00000000e+00
-2.10556530e-01
-5.17071472e-01
-4.69996207e-01
0.00000000e+00
0.00000000e+00
0.00000000e+00
4.38027569e-01
2.56992671e-01
-4.42861879e-01
1.68596020e+00
-6.28752427e-01
-9.01290126e-01
6.33723987e-02
-7.41894550e-01
-1.35922423e+00
0.00000000e+00
3.18821773e-01
7.56802399e-01
-2.73706318e-01
1.84279132e-01
3.39481711e-01
-8.39369023e-01
8.94644264e-01
-2.34544771e-01
2.47454231e-01
-2.34189235e-01
-9.06318985e-02
0.00000000e+00
0.00000000e+00
0.00000000e+00
-2.28279419e-01
-1.87119854e-01
2.07926029e-01
3.16217907e-02
-6.59882501e-01
2.22403928e-01
4.96781603e-01
5.11528735e-01
4.19734496e-01
0.00000000e+00
-7.43258945e-02
1.39365518e-01
-5.54737396e-01
1.03944368e-01
-1.02910118e-01
6.17042399e-01
-4.53488988e-01
-5.87695277e-01
-1.17398766e-01
1.24857447e-01
-1.04262281e+00
0.00000000e+00
0.00000000e+00
0.00000000e+00
4.98157404e-01
-2.65057301e-01
3.44312154e-01
1.24588783e+00
-4.84291392e-02
7.16774869e-03
-1.71009116e-01
8.03180596e-01
3.30862615e-01
0.00000000e+00
1.02464149e+00
-1.28430359e+00
2.67774107e-01
8.42576156e-01
5.49569312e-01
1.37279838e+00
1.42711598e+00
1.20766826e-01
-5.26089104e-02
1.04853330e+00
-8.80115171e-01
0.00000000e+00
0.00000000e+00
0.00000000e+00
9.05675068e-01
1.13163546e+00
6.91205152e-01
4.95385195e-01
-6.51506031e-02
8.32146034e-01
9.96159708e-01
5.31662973e-01
2.50366988e-01
0.00000000e+00
6.91817293e-01
1.78223941e+00
1.04443986e+00
9.65072776e-01
7.83914194e-01
7.89429203e-01
5.54303478e-01
2.64915455e-01
1.02620915e+00
8.90047560e-01
136
-5.35008214e-02
0.00000000e+00
0.00000000e+00
1.44756780e-01
1.77507133e-02
9.27378789e-02
1.11831949e-02
-2.73216908e-01
1.86766797e-03
0.00000000e+00
0.00000000e+00
0.00000000e+00
0.00000000e+00
-8.94822607e-02
3.47266959e-01
2.26713514e-01
-3.17575489e-01
-3.98501338e-01
1.78077793e-01
0.00000000e+00
-2.17222019e-01
-1.15167863e-01
-2.37262724e-02
-3.52608452e-02
1.29310757e-01
8.26018808e-02
1.27507112e-01
0.00000000e+00
1.53398246e-01
-2.00122759e-01
3.00672455e-01
0.00000000e+00
-2.57855688e-01
-4.12235249e-01
1.03347775e-01
0.00000000e+00
-6.16416649e-01
-3.04635478e-01
8.10578870e-01
0.00000000e+00
-8.35079812e-01
1.97787292e-01
1.00860375e+00
0.00000000e+00
0.00000000e+00
0.00000000e+00
1.83568803e-01
-9.04318569e-01
5.32970848e-03
-8.98226492e-02
-5.64373018e-01
-5.33741581e-01
-1.02375589e+00
1.25692355e-01
-1.12189667e-01
-8.62394759e-01
1.53517139e-01
-1.15860247e-02
-6.61407315e-02
7.18422149e-02
2.19051140e-01
6.08615824e-01
4.28363780e-01
1.20518521e-01
2.72624884e-01
-1.84592007e-01
-1.73123958e-02
1.22044469e-01
-1.47288093e-01
9.30812462e-02
-1.76871365e-01
1.64976225e-01
1.36623937e-01
-5.41659699e-02
6.51833550e-02
-4.70168789e-01
4.78866391e-02
2.46995386e-01
-2.08348417e-01
1.76512765e-01
-1.32159505e-01
0.00000000e+00
0.00000000e+00
0.00000000e+00
0.00000000e+00
0.00000000e+00
3.26086440e-01
1.06594891e-01
-6.17042230e-01
0.00000000e+00
0.00000000e+00
0.00000000e+00
-1.64585594e-01
1.96577539e-02
-1.88913082e-01
9.99932716e-01
-1.43311489e+00
-1.14776747e-01
3.17274504e-01
7.03491127e-01
-3.30027323e-01
0.00000000e+00
8.76516793e-02
9.59706217e-01
-1.30621466e+00
5.77594247e-01
8.89615908e-01
3.43305249e-01
-1.26678336e-01
-1.75078650e+00
-1.92956631e-01
9.27821271e-02
-5.16746182e-01
0.00000000e+00
0.00000000e+00
0.00000000e+00
1.58155878e-01
1.92395908e-01
-3.46725546e-01
5.95550195e-01
-1.69346233e+00
-3.47155456e-01
-4.19285751e-01
-1.77985471e-02
-4.97484541e-01
0.00000000e+00
3.29666772e-01
1.01842282e+00
-4.27246093e-01
4.97183874e-01
-5.93132028e-02
7.24443432e-01
3.19390461e-01
-1.19675602e+00
1.29330669e-02
6.40338889e-01
8 1
-1.5596e+00 5.8355e-01
8 1
0 1 3 2 5 4 7 10 
217
4.63283092e-01
-3.67287327e-01
-2.38423773e-01
-2.25106049e-01
2.67541336e-02
-3.71755714e-03
9.50176660e-02
4.02407654e-01
4.18926465e-01
-9.27932891e-01
7.68259390e-02
-7.71018449e-01
-1.54241111e-01
1.29911386e-01
-1.85931593e-01
6.73577038e-03
-1.31505778e-01
7.78019992e-01
-5.64529171e-03
-2.93625827e-01
-1.02334090e-01
3.99437188e-03
-7.01383014e-02
-2.64712173e-02
-1.03288830e-03
-1.28695983e-01
0.00000000e+00
0.00000000e+00
0.00000000e+00
0.00000000e+00
0.00000000e+00
0.00000000e+00
3.27405474e-01
-2.29547093e-01
1.91279657e-02
3.11068693e-01
0.00000000e+00
-4.65282855e-02
-1.62606209e-01
-1.72918289e-02
2.03634013e-02
1.02727052e-01
3.32428146e-01
2.34190816e-01
0.00000000e+00
8.21571123e-02
-4.77297899e-01
7.01387065e-02
0.00000000e+00
3.04886554e-01
-5.02524068e-02
-1.29050624e-01
0.00000000e+00
-1.48777693e-01
-2.37615801e-01
1.02834774e+00
0.00000000e+00
-1.31225597e+00
4.35883780e-01
8.97119596e-01
3.48717928e-03
7.07094756e-01
-2.47298843e-01
1.52731232e-01
-4.82013559e-01
0.00000000e+00
4.15747681e-01
-1.11473957e-01
3.76817737e-01
3.32743386e-01
-6.15424309e-01
-4.58565688e-01
-6.28962307e-01
9.71365412e-01
3.04050228e-01
5.65907677e-01
1.43572176e-02
4.33297157e-01
-1.16344993e-01
0.00000000e+00
2.54149087e-01
-4.96997024e-01
-1.07818159e-01
-3.62344518e-01
-2.27000369e-02
-1.76718520e-01
1.29224281e-01
3.98430230e-01
-3.65984976e-01
2.64271419e-01
-1.45921417e-03
4.53903103e-02
7.81594102e-02
1.18616335e+00
5.14520136e-01
-5.63699519e-01
-1.74786764e-01
-1.31674667e-01
3.44278414e-01
1.67471323e-01
0.00000000e+00
6.31007162e-02
-2.29129265e-02
-1.11567361e-01
-3.46955325e-01
2.93425612e-01
-1.07260306e-01
-8.65485565e-02
1.55930511e-01
-6.12167871e-01
1.21187275e-01
1.67250590e-02
0.00000000e+00
3.65161425e-01
0.00000000e+00
3.91192351e-02
1.05043713e+00
5.90024323e-02
-1.16560020e-01
-2.26182997e-01
-2.82656675e-01
-2.95036058e-01
0.00000000e+00
0.00000000e+00
0.00000000e+00
3.75417207e-02
2.61902158e-02
-4.12125138e-01
-2.38201856e-01
-2.45485979e-01
-3.23847541e-01
-2.26806352e-01
4.46575405e-01
-7.13257602e-01
0.00000000e+00
3.96630175e-01
6.89704414e-01
-6.67653221e-01
-3.08109802e-01
4.75770353e-01
7.83620867e-01
-5.94638982e-02
-2.23036990e-01
4.72992006e-01
-2.06072836e-01
-2.80185140e-01
0.00000000e+00
0.00000000e+00
0.00000000e+00
9.11568116e-02
1.68599860e-01
1.20624505e-01
5.77007807e-01
-7.58572484e-01
-7.93452358e-02
2.96684689e-01
-1.19502153e-01
3.53735777e-01
0.00000000e+00
-3.38108832e-02
-1.39669831e-01
-6.92083706e-01
3.81459911e-01
-1.54040241e-01
1.24220777e-01
2.53234921e-01
-6.58535279e-01
-2.98807659e-01
2.87457273e-01
-4.81030246e-01
0.00000000e+00
0.00000000e+00
0.00000000e+00
-2.08726646e-02
1.06828951e-01
1.65295718e-01
-4.62521041e-01
-1.49834519e+00
-4.28787211e-01
3.67793891e-02
2.58175183e-01
-2.15615789e-01
0.00000000e+00
8.35693550e-01
1.16518137e-01
-4.54946502e-01
-9.11788220e-02
6.67333446e-01
1.01825161e+00
-5.03226296e-02
-2.43383491e-02
-3.53711361e-01
-8.52666732e-02
-1.32736521e-01
0.00000000e+00
0.00000000e+00
0.00000000e+00
6.67248238e-02
-5.82631178e-01
-1.21659820e-01
5.34237487e-01
-1.05548846e-01
-1.41502152e-01
1.03458677e-02
-3.39852519e-01
-2.51840240e-01
0.00000000e+00
-3.32015124e-01
4.67563541e-01
2.78690347e-01
2.59570305e-01
-2.03933706e-01
-1.51415733e-01
4.00059740e-01
-3.20112446e-01
1.23262205e-01
2.77320927e-01
136
2.83004125e-02
-8.98859499e-01
4.04838408e-02
3.56110537e-01
-4.31780937e-04
3.97949556e-01
-5.77876325e-04
1.73099820e-01
4.47413719e-04
0.00000000e+00
0.00000000e+00
0.00000000e+00
0.00000000e+00
-6.32434539e-02
1.39829607e-01
1.97034029e-01
-2.81178336e-01
-2.89932859e-01
3.25791426e-01
0.00000000e+00
-2.03446753e-01
-4.59952588e-02
6.56399052e-03
7.05282214e-02
8.20474719e-02
7.10126361e-02
5.75428552e-02
0.00000000e+00
1.09781116e-01
-1.23551664e-01
2.99098062e-01
0.00000000e+00
-2.99465625e-01
-3.02383811e-01
1.06529171e-01
0.00000000e+00
-4.86552852e-01
-3.08466074e-01
8.56570816e-01
0.00000000e+00
-9.10587801e-01
1.00359134e-02
1.06545360e+00
0.00000000e+00
0.00000000e+00
0.00000000e+00
2.74221690e-01
-9.86747766e-01
-5.25803604e-02
-1.03443060e-01
-5.00699737e-01
-5.67336433e-01
-1.00764917e+00
4.25030834e-02
-1.18650554e-01
-7.09171158e-01
1.56136267e-01
1.80790386e-01
-6.04994758e-02
1.31147855e-01
1.30516356e-01
4.79136531e-01
3.75352182e-01
2.02697615e-01
2.28356440e-01
-2.64436298e-01
5.09753891e-02
1.03203085e-01
-1.18122649e-01
7.79790793e-02
-3.48080343e-01
2.91955623e-01
9.82883750e-02
-7.04881295e-02
6.58568474e-02
-3.83245139e-01
2.42303862e-01
1.75986858e-01
-1.69877435e-01
1.47756225e-01
-1.33009282e-01
0.00000000e+00
1.74681111e-01
1.21701411e-02
6.92167254e-02
-8.37283380e-02
2.26813427e-01
8.39457158e-02
-5.89672837e-01
0.00000000e+00
0.00000000e+00
0.00000000e+00
-2.74885484e-01
-7.90610337e-03
-1.82860328e-01
1.15574044e+00
-1.41195109e+00
-4.44625076e-02
4.33506226e-01
7.18667295e-01
-3.42982308e-01
0.00000000e+00
1.17665774e-02
9.29126276e-01
-1.21168166e+00
5.21525712e-01
8.04564925e-01
3.04687097e-01
-2.74200384e-01
-1.61696875e+00
-1.19938483e-01
1.85797155e-02
-5.57468854e-01
0.00000000e+00
0.00000000e+00
0.00000000e+00
1.50293066e-01
1.80459623e-01
-4.02187843e-01
6.23840486e-01
-1.81862437e+00
-3.81890866e-01
-3.19557468e-01
5.01184079e-02
-5.42578412e-01
0.00000000e+00
3.45816397e-01
1.00358876e+00
-4.16564694e-01
6.43403387e-01
-1.70161032e-01
7.43981228e-01
3.78557131e-01
-1.12121736e+00
-8.99400571e-02
5.85194757e-01
9 1
-1.5563e+00 5.8863e-01
8 1
0 1 3 2 5 4 7 10 
217
-1.09022129e-01
-1.10183728e-01
-1.61802294e-01
-2.42718144e-01
-1.21392646e-01
-1.32413676e-01
8.69350332e-02
-3.14829103e-01
-4.55433487e-01
6.03222324e-01
5.36812734e-01
-4.58929971e-02
-1.55943763e-01
1.40101345e+00
-9.05008503e-01
4.07498692e-02
5.71906449e-01
2.96838559e-01
3.05285765e-03
3.41074754e-01
3.66589032e-01
-2.41731698e-03
3.81535881e-01
1.32558783e-01
-4.96123750e-04
3.79314126e-01
0.00000000e+00
0.00000000e+00
0.00000000e+00
0.00000000e+00
0.00000000e+00
0.00000000e+00
2.26633245e-01
-4.97719245e-01
-2.64682311e-01
9.56945281e-01
0.00000000e+00
-3.48214069e-01
-3.30240124e-01
-1.07608977e-01
9.28284306e-02
2.11563636e-01
9.76471393e-02
2.75001836e-01
0.00000000e+00
-3.46187341e-01
-2.35004801e-01
2.89922987e-01
0.00000000e+00
-2.90129632e-03
-6.75008856e-01
-5.24271906e-03
0.00000000e+00
-2.64311617e-01
-3.68956102e-01
8.80183618e-01
0.00000000e+00
-5.70611299e-01
3.80433702e-01
8.08661595e-01
-4.62831094e-01
5.61233070e-01
-2.07424105e-01
-2.22236171e-01
-6.76299886e-01
0.00000000e+00
7.16785335e-01
-9.06245044e-02
7.27285940e-02
3.86406634e-01
-9.15763395e-01
-2.68248158e-01
-7.39872350e-01
8.96456514e-01
1.13525054e-01
1.78532909e-01
4.00846945e-01
-8.90650512e-03
-3.54467500e-02
0.00000000e+00
3.17155753e-02
1.99566420e-01
-9.63844491e-02
5.38626743e-02
-6.98346284e-01
-2.76075742e-01
3.59913067e-01
3.65930713e-01
-4.51100816e-01
4.99469184e-01
7.31711706e-01
-2.32716389e-01
-2.34178111e-01
5.44146088e-01
-2.46463062e-01
1.58433716e-01
6.04335434e-01
4.72220172e-01
2.96226349e-01
1.56257759e-01
0.00000000e+00
-5.42952781e-01
3.80940750e-02
-1.85534557e-02
-5.66401065e-01
1.09083043e-01
-1.36284229e-01
-5.07092451e-02
4.26991710e-01
-5.37010090e-01
-5.08812653e-01
-3.65468039e-01
0.00000000e+00
-1.31860051e-01
0.00000000e+00
1.97979019e-01
-6.12339273e-01
-1.75141096e-01
-2.82201367e-01
1.53862554e-01
3.16399981e-01
-2.00741476e-01
0.00000000e+00
0.00000000e+00
0.00000000e+00
-8.14765687e-01
7.31835625e-02
-2.90482414e-01
6.44807486e-01
-1.26403828e+00
-1.22629872e-01
-8.07397870e-01
-4.40375068e-01
-8.49607290e-01
0.00000000e+00
-9.49681359e-02
8.70086600e-01
-4.02198154e-01
6.62844706e-01
1.08341982e+00
1.35314046e+00
-2.51784694e-01
-2.42226106e-01
1.06119226e+00
-3.68942798e-01
-2.67900567e-01
0.00000000e+00
0.00000000e+00
0.00000000e+00
4.15509472e-01
-1.16392636e-01
1.44605557e-02
-2.50807202e-02
-4.47239735e-01
-1.16305031e-01
4.80438432e-01
9.95937671e-02
5.19849125e-01
0.00000000e+00
1.37040657e-01
-1.21259003e-01
-4.99895351e-01
-7.11569798e-02
-3.01023792e-01
-4.32709913e-02
9.42709373e-02
-4.42645982e-01
-3.44715337e-01
4.99922046e-01
-9.51757262e-02
0.00000000e+00
0.00000000e+00
0.00000000e+00
4.62215415e-01
-4.13175317e-02
-7.78418679e-01
2.07762282e+00
-1.43058787e+00
6.29235531e-01
-1.18859070e+00
-3.12505751e-01
-3.95919945e-01
0.00000000e+00
1.31940035e+00
1.33674186e+00
-1.15798210e-01
-2.71384718e-02
-1.98121236e-01
2.68802308e-01
3.36167101e-01
0.00000000e+00
-5.53460747e-02
1.17924987e+00
-5.57373199e-01
0.00000000e+00
0.00000000e+00
0.00000000e+00
1.12954938e-01
-6.16975310e-02
5.94301736e-01
-2.80542452e-02
9.26476129e-01
-1.10325577e-01
8.75757313e-01
2.43465553e-01
2.87867549e-01
0.00000000e+00
-1.58600931e-02
1.96778774e-01
2.81770556e-01
4.39087129e-01
3.59080759e-01
8.16967538e-01
2.98791268e-01
0.00000000e+00
5.07592121e-01
2.34163970e-01
136
4.00126419e-02
-8.03010613e-01
3.65119963e-02
3.63977795e-01
-1.07622889e-03
3.18049394e-01
9.55904573e-04
1.60996065e-01
3.48370213e-04
0.00000000e+00
0.00000000e+00
0.00000000e+00
0.00000000e+00
1.09711647e-02
3.25356728e-01
1.25167568e-01
-3.55685924e-01
-3.21064133e-01
2.55267238e-01
0.00000000e+00
-2.27058380e-01
-5.16782305e-02
3.10818189e-02
5.33534231e-02
1.03813858e-01
5.94389142e-02
7.13649391e-02
0.00000000e+00
8.08819704e-02
7.54715638e-03
3.43713049e-01
0.00000000e+00
-3.79312286e-01
-3.27995228e-01
7.27059704e-02
0.00000000e+00
-7.40738955e-01
-2.55145562e-01
9.42357022e-01
0.00000000e+00
-7.94153686e-01
3.04049130e-02
1.04465386e+00
0.00000000e+00
0.00000000e+00
0.00000000e+00
2.69845455e-01
-7.99939755e-01
-1.49959111e-02
-7.22649661e-02
-5.12239917e-01
-7.31415906e-01
-1.08681263e+00
7.67339712e-03
-1.40465051e-01
-8.18153995e-01
2.08451984e-01
1.62471317e-01
-2.84121265e-02
1.17826626e-01
2.44932782e-01
4.46973341e-01
4.17681468e-01
2.20319578e-01
2.26461690e-01
-1.44791810e-01
-2.44090611e-03
6.29416687e-02
-1.37235552e-01
7.45990215e-02
-3.14593451e-01
3.56692784e-01
9.33086018e-02
-1.76358075e-02
3.65231244e-02
-3.12358101e-01
2.88549575e-01
1.46623026e-01
-2.06648306e-01
1.47347146e-01
-8.74683519e-02
0.00000000e+00
1.87349259e-01
6.74321292e-02
4.14246625e-02
-2.20604189e-01
2.41611528e-01
-1.85425710e-02
-6.03678977e-01
0.00000000e+00
0.00000000e+00
0.00000000e+00
-2.21554682e-01
1.00223956e-01
-1.52191918e-01
1.09950063e+00
-1.38066338e+00
-1.01151149e-01
3.89534764e-01
6.61216082e-01
-2.84151404e-01
0.00000000e+00
5.15062592e-02
9.07922618e-01
-1.28980548e+00
5.28251259e-01
7.43157045e-01
2.69378719e-01
-1.89427475e-01
-1.57670271e+00
-1.83310253e-01
2.45881337e-02
-5.89391009e-01
0.00000000e+00
0.00000000e+00
0.00000000e+00
1.85298566e-01
1.68152170e-01
-3.74017296e-01
6.01885868e-01
-1.79605531e+00
-3.84778712e-01
-3.18020767e-01
2.94079752e-02
-5.30972589e-01
0.00000000e+00
3.10064131e-01
1.01983789e+00
-4.24966192e-01
5.48254499e-01
-1.00915405e-01
7.00074249e-01
4.14363055e-01
-1.09990760e+00
-1.10781215e-01
5.73685676e-01
6 2
-2.3494e+00 6.3949e-01
8 -1
0 1 3 2 5 4 7 10 
217
-6.46652615e-01
-4.42477124e-01
-5.69368956e-02
0.00000000e+00
-2.06630661e+00
3.56021450e+00
6.28160255e-01
1.25062607e+00
6.68898414e-01
6.64237859e-01
7.65830227e-02
1.98648879e+00
0.00000000e+00
0.00000000e+00
1.31050108e+00
-2.67494669e-02
-1.36734088e-01
-1.74027125e-01
5.22968696e-03
3.74186164e-01
0.00000000e+00
0.00000000e+00
0.00000000e+00
-8.84015910e-01
3.37697273e-03
8.68884870e-01
0.00000000e+00
0.00000000e+00
0.00000000e+00
0.00000000e+00
-2.49185390e-01
0.00000000e+00
0.00000000e+00
-2.19219104e-01
-8.00734236e-01
0.00000000e+00
0.00000000e+00
-7.27898024e-01
-5.13453847e-01
-8.48399514e-01
5.33623338e-01
2.47897824e-01
3.36592466e-01
0.00000000e+00
0.00000000e+00
5.43254804e-01
-6.56505653e-01
-6.49917779e-01
0.00000000e+00
8.98221855e-01
9.48543326e-01
-6.29176595e-01
0.00000000e+00
0.00000000e+00
0.00000000e+00
2.60392861e+00
0.00000000e+00
0.00000000e+00
0.00000000e+00
3.79310902e+00
-6.87296229e-01
9.60359274e-01
-9.19715660e-01
0.00000000e+00
-1.30232184e+00
0.00000000e+00
9.33730379e-01
-2.39548288e-02
1.12582358e+00
9.59591578e-01
-3.02967578e+00
-2.87135205e-02
0.00000000e+00
1.40134327e+00
3.98268133e-01
1.01039342e+00
-2.99232523e-01
0.00000000e+00
1.83127683e-01
0.00000000e+00
4.83403347e-01
-5.44496340e-01
1.33118912e-02
3.24182817e-02
3.04008758e-01
1.50411200e-01
0.00000000e+00
2.56010182e-01
-6.18871775e-01
-1.35708276e+00
-7.63637197e-01
0.00000000e+00
5.62217611e-01
0.00000000e+00
1.62310607e-01
8.20163612e-01
-4.46852968e-02
-1.17548265e+00
6.23844215e-01
-1.29423664e+00
0.00000000e+00
-1.74478471e+00
-5.44515471e-01
1.76852452e+00
7.78553059e+00
5.59911652e-01
-1.02187798e+00
-9.29058221e-01
-5.98394774e-02
-1.08003650e+00
-1.24846813e-01
2.22666518e+00
0.00000000e+00
-7.62171869e-01
0.00000000e+00
-1.32384130e+00
3.89241421e-01
8.68658157e-01
1.73170535e+00
1.41755410e+00
1.83283895e+00
-9.06852528e-02
0.00000000e+00
0.00000000e+00
0.00000000e+00
-4.60512342e-01
1.16522816e+00
1.53009224e+00
0.00000000e+00
-7.68955571e-01
1.80423041e+00
1.09660474e+00
-2.38973172e+00
-2.41200761e+00
0.00000000e+00
3.95459449e+00
-4.12608824e-02
-2.79684102e-01
-3.58497116e-03
-2.03288469e+00
8.09395279e-01
-2.79394095e-03
-1.60351829e-01
5.80145965e-01
1.86925669e+00
-9.06596538e-01
0.00000000e+00
0.00000000e+00
0.00000000e+00
-5.14430414e-01
7.12081829e-01
2.35380421e+00
0.00000000e+00
8.53507416e-01
5.45532856e-01
6.53042127e-01
1.82312093e+00
2.07832325e+00
0.00000000e+00
-8.40132780e-01
-7.78191356e-02
-3.67540582e-01
-7.32297547e-03
1.90049743e+00
1.19134651e+00
-5.22078974e-03
-2.22403120e-01
4.59645984e-01
7.07558869e-02
-7.79636286e-01
0.00000000e+00
0.00000000e+00
0.00000000e+00
-3.44258840e+00
-2.21087400e-03
-2.43080503e-01
3.49181339e+00
-1.03050064e-02
-1.60893788e-02
5.54949807e-02
1.21118645e+00
8.31355789e-01
0.00000000e+00
-9.80667865e-01
-5.64277282e-01
-2.99356451e-02
-4.61392528e-02
2.18128644e+00
1.88826063e+00
2.01925526e+00
0.00000000e+00
-1.21758369e+00
-2.11225644e+00
-5.24542752e-01
0.00000000e+00
0.00000000e+00
0.00000000e+00
2.73250638e+00
-5.48171989e-03
6.22891030e-01
-4.51036273e-01
-1.24452225e-02
-2.87302603e-02
5.12527215e-01
-5.50116132e-01
-2.06261988e-01
0.00000000e+00
1.44460433e+00
2.01255118e+00
-5.70466282e-02
-7.17042633e-02
-5.33238240e-01
-1.06735969e-01
3.37586097e-01
0.00000000e+00
2.11015473e+00
1.78848328e+00
136
-1.00269587e+00
-2.64535822e-01
-4.71898614e-03
-4.13982102e-01
1.89915473e-03
-2.58502207e-01
3.37721503e-03
-6.56757414e-02
1.28023151e-02
0.00000000e+00
0.00000000e+00
0.00000000e+00
0.00000000e+00
4.21912606e-01
1.21260843e+00
1.60363873e+00
1.61195162e+00
1.56270962e+00
0.00000000e+00
0.00000000e+00
-5.84727569e-01
-4.24972584e-01
-2.96560888e-01
-2.11091315e-01
1.27519224e-01
2.88664051e-01
1.62207740e-01
0.00000000e+00
-7.22244049e-01
-6.51950342e-01
4.91094540e-01
0.00000000e+00
-9.44043032e-01
-4.19224108e-01
5.16730949e-01
0.00000000e+00
-9.50334939e-01
-6.04567127e-01
1.42612481e+00
0.00000000e+00
-1.43554842e+00
2.23855489e-01
1.94809374e+00
0.00000000e+00
0.00000000e+00
0.00000000e+00
0.00000000e+00
-4.39440565e-01
-9.92164914e-02
-1.54673767e-01
-3.20525363e-01
-1.74091187e+00
-2.19194195e+00
-4.38805121e-01
-4.35580121e-01
-7.03975772e-01
0.00000000e+00
1.58664626e+00
1.79758411e-01
3.01614585e-01
4.24183308e-01
7.80386561e-01
8.56757081e-01
2.08747801e-01
2.16564501e-01
3.36426298e-02
0.00000000e+00
1.30403901e+00
2.00296246e-01
1.78351480e-01
-6.58857819e-02
3.49756438e-01
1.65749763e-01
-2.96586983e-02
4.91426439e-02
-1.88062419e-01
-2.67701877e-02
1.78528433e-01
-1.45106329e-01
1.42989463e-01
-1.07162934e-01
0.00000000e+00
-6.48177942e-01
-2.13058475e-01
-3.04774360e-02
-2.26532004e-01
1.76194836e-01
2.70427739e-01
-6.91364141e-01
0.00000000e+00
0.00000000e+00
0.00000000e+00
-2.69869840e-01
-4.34381615e-02
-2.19037261e-01
1.11764157e+00
-1.20070214e+00
-1.16838405e-01
4.64909473e-01
8.41108094e-01
-3.06172831e-01
0.00000000e+00
-3.40743988e-02
6.32622198e-01
-1.17946726e+00
4.21967402e-01
1.00231490e+00
1.39730329e-01
-5.07764633e-01
-1.39836490e+00
-1.23498970e-03
-3.46932922e-02
-5.49407842e-01
0.00000000e+00
0.00000000e+00
0.00000000e+00
-1.22702320e-01
2.17137822e-01
-4.02173396e-01
7.92090167e-01
-1.54752764e+00
-3.68140580e-01
-1.08845355e-02
-7.06247647e-02
-1.24088608e-01
0.00000000e+00
2.20265744e-01
9.25525610e-01
-7.03907752e-01
7.59958270e-01
-9.38406426e-02
4.37353915e-01
8.59775688e-04
-1.00621965e+00
1.24362165e-01
4.23148578e-01
