0 10 -999999999 -1 -1
1 2 0 -1 -1
-0.09871 0.4095
356
3.53349557e-01
3.83186372e-01
0.00000000e+00
3.42229383e-01
-2.22098933e-01
0.00000000e+00
0.00000000e+00
0.00000000e+00
0.00000000e+00
-2.34723681e-01
4.98832310e-01
0.00000000e+00
0.00000000e+00
2.18464268e-01
3.26660020e-01
-2.02894905e-01
0.00000000e+00
0.00000000e+00
0.00000000e+00
0.00000000e+00
0.00000000e+00
0.00000000e+00
0.00000000e+00
0.00000000e+00
0.00000000e+00
0.00000000e+00
0.00000000e+00
0.00000000e+00
0.00000000e+00
0.00000000e+00
0.00000000e+00
0.00000000e+00
0.00000000e+00
0.00000000e+00
0.00000000e+00
0.00000000e+00
0.00000000e+00
0.00000000e+00
0.00000000e+00
0.00000000e+00
0.00000000e+00
0.00000000e+00
0.00000000e+00
0.00000000e+00
0.00000000e+00
0.00000000e+00
0.00000000e+00
0.00000000e+00
0.00000000e+00
0.00000000e+00
0.00000000e+00
-4.94682400e-01
-2.39546021e-01
6.99201190e-01
0.00000000e+00
0.00000000e+00
0.00000000e+00
0.00000000e+00
1.14927637e-01
9.77933843e-02
1.39917838e-01
-1.11512467e-01
6.36346230e-02
2.68522049e-01
3.54192654e-01
-5.86834216e-01
-3.19323194e-01
-7.91385988e-01
-1.62624999e-01
7.47414017e-03
-2.61095922e-01
-7.82814723e-02
-5.59827248e-03
-7.58186524e-02
-2.81414150e-01
1.73377728e-02
-2.78539845e-01
8.75670178e-01
6.54343945e-06
-4.55490551e-01
0.00000000e+00
0.00000000e+00
7.54932312e-01
8.36918084e-01
6.30900555e-01
-8.71262333e-01
-5.99695701e-01
-3.98443361e-01
0.00000000e+00
0.00000000e+00
-7.03011148e-01
-1.46829971e-01
-1.15203981e+00
-5.96084281e-01
-5.96150515e-01
-7.09295574e-01
-5.15500876e-02
-6.53934174e-02
-1.84152848e-01
4.83054458e-02
3.42353593e-01
1.78840331e-01
0.00000000e+00
0.00000000e+00
3.00583315e+00
2.07536071e+00
0.00000000e+00
0.00000000e+00
0.00000000e+00
0.00000000e+00
0.00000000e+00
0.00000000e+00
2.81100242e-01
2.21862866e-01
-3.52140521e-01
-5.17139823e-01
-6.63703146e-01
-1.62070765e+00
0.00000000e+00
0.00000000e+00
0.00000000e+00
0.00000000e+00
0.00000000e+00
0.00000000e+00
-1.11080821e-02
-3.59667233e-01
-3.77089048e-01
-1.97713625e-01
-3.96774948e-01
-3.78416922e-01
3.78586341e+00
3.97823775e+00
3.90190771e+00
3.69523767e+00
3.78518346e+00
3.94060140e+00
-7.83782596e-02
-6.26229165e-02
2.10455242e-01
5.41571150e-02
2.75311262e-01
-3.93271439e-01
2.59538836e-01
1.65188715e-01
2.35852909e-02
1.76290728e-01
5.13847987e-01
2.17869927e-01
0.00000000e+00
0.00000000e+00
0.00000000e+00
0.00000000e+00
0.00000000e+00
0.00000000e+00
0.00000000e+00
0.00000000e+00
3.56346413e-01
0.00000000e+00
-1.53380524e+00
0.00000000e+00
-5.32293111e-01
-9.06933213e-01
-5.86385239e-01
-8.04235055e-01
-1.11867835e+00
0.00000000e+00
0.00000000e+00
0.00000000e+00
1.54941450e-01
8.10652149e-01
4.78301467e-01
1.13216643e+00
-2.34045067e+00
4.23813893e-01
4.75085210e-01
-8.96374473e-03
-4.86273067e-01
0.00000000e+00
5.05261589e-02
1.96095687e+00
-1.22890362e+00
4.15075848e-01
-3.37033158e-01
-3.71192633e-01
-4.52106402e-01
-1.14795699e+00
1.10341108e-01
-7.57658660e-01
4.68047135e-01
0.00000000e+00
0.00000000e+00
0.00000000e+00
-1.47231804e-01
-1.95893411e-01
-7.37375794e-02
9.33148813e-02
3.36845777e-01
-1.58955364e-01
-4.42340896e-02
-6.99734727e-03
2.13348664e-01
0.00000000e+00
-2.84375639e-01
-2.86838238e-01
-2.41878979e-03
1.35561259e-01
2.24897405e-01
9.63598877e-02
2.25294382e-01
1.23326559e-01
9.29236002e-02
1.26856982e-01
-5.18716627e-01
-4.61906606e-01
1.08522811e-01
-2.22873387e-01
2.32549617e-02
6.36997372e-01
-2.25925958e-01
-8.72978020e-01
-2.57938356e-01
0.00000000e+00
0.00000000e+00
0.00000000e+00
1.43313623e-01
-2.48682452e-01
1.48347998e-02
4.59112172e-01
-4.07741971e-01
1.68597709e-01
1.38959711e-01
-7.10370397e-01
9.55200653e-02
0.00000000e+00
2.32435452e-01
3.19140563e-01
3.21547085e-01
-8.14492595e-02
-6.18157756e-01
-2.71484686e-01
-1.14129668e-01
3.67232201e-02
4.58240019e-02
2.18069433e-01
-5.68100209e-02
0.00000000e+00
1.17454087e-01
-5.70714288e-02
-5.99961722e-01
-7.03865047e-02
-1.98831917e-01
7.68909612e-03
-3.80618727e-01
7.89999006e-01
-5.21014299e-01
-3.39371211e-01
-5.29575218e-01
0.00000000e+00
-6.55877833e-02
9.52865670e-02
-1.71116827e+00
0.00000000e+00
0.00000000e+00
0.00000000e+00
-4.40135728e-01
1.26330354e+00
-2.93273826e-01
1.24323018e+00
-1.59672134e+00
-3.48176961e-01
1.07885488e-01
3.95364826e-01
-2.40019627e-01
0.00000000e+00
-4.57220460e-01
1.50509541e+00
-1.32853293e+00
8.12959331e-01
4.09004890e-01
-1.04342344e-01
-5.89337744e-01
-9.93078263e-01
2.50879749e-01
-1.30805245e+00
4.50588620e-01
0.00000000e+00
0.00000000e+00
0.00000000e+00
-3.01761769e-02
-5.66035319e-01
1.76486898e-01
5.60056931e-02
4.24872661e-03
9.66075098e-02
1.24462701e-01
-2.62227457e-02
1.42133412e-01
0.00000000e+00
-7.28029990e-02
-2.47870637e-01
-9.45413561e-02
3.50307952e-02
8.44736342e-02
6.26082711e-02
5.79355214e-02
2.32637999e-01
6.04682202e-02
3.55138472e-01
-6.10405474e-01
-3.32379357e-01
0.00000000e+00
1.18100017e-01
-1.34809346e-01
6.90269257e-01
-2.43712763e-01
-7.78935850e-01
-5.87888339e-01
0.00000000e+00
0.00000000e+00
0.00000000e+00
-1.66739344e-01
6.31774076e-01
-2.26258613e-02
-4.82417846e-01
5.09859381e-01
-2.37805513e-01
-2.51884831e-01
2.46983963e-01
-1.88551290e-01
0.00000000e+00
-1.72361681e-01
6.42876842e-02
5.21883418e-02
-1.91827066e-01
3.94626910e-01
4.11387421e-02
-6.62747696e-03
-1.46216985e-01
-5.88212675e-02
-6.02868275e-01
-2.78026117e-01
0.00000000e+00
0.00000000e+00
2.92247987e-01
-1.10076279e+00
-5.74553856e-01
0.00000000e+00
9.14308148e-01
-7.53272325e-02
6.70320285e-01
-7.61892955e-01
-4.82981186e-01
-5.26208938e-01
0.00000000e+00
6.35960200e-01
1.58375471e+00
247
-2.49648546e-01
-1.27471282e-01
0.00000000e+00
2.20860297e-01
-3.48331579e-01
-1.55450209e-01
0.00000000e+00
0.00000000e+00
0.00000000e+00
0.00000000e+00
0.00000000e+00
0.00000000e+00
0.00000000e+00
0.00000000e+00
0.00000000e+00
0.00000000e+00
0.00000000e+00
0.00000000e+00
0.00000000e+00
0.00000000e+00
0.00000000e+00
0.00000000e+00
0.00000000e+00
0.00000000e+00
0.00000000e+00
0.00000000e+00
0.00000000e+00
0.00000000e+00
0.00000000e+00
0.00000000e+00
0.00000000e+00
0.00000000e+00
0.00000000e+00
0.00000000e+00
0.00000000e+00
0.00000000e+00
0.00000000e+00
0.00000000e+00
0.00000000e+00
0.00000000e+00
0.00000000e+00
-2.17692843e-01
2.05014579e-02
-1.33775978e-01
-1.54251618e-03
5.08510979e-02
-1.46278663e-03
5.09691765e-02
8.73147949e-04
0.00000000e+00
0.00000000e+00
1.06695262e+00
9.50632518e-01
-5.90267067e-02
-1.52012756e+00
-9.38163601e-01
2.50084182e-01
0.00000000e+00
0.00000000e+00
2.49772190e+00
1.44054723e+00
0.00000000e+00
0.00000000e+00
0.00000000e+00
0.00000000e+00
0.00000000e+00
0.00000000e+00
3.52227565e-01
5.86115073e-02
-9.48690572e-02
-3.04698524e-01
-9.49768853e-01
-1.80523222e+00
0.00000000e+00
0.00000000e+00
0.00000000e+00
0.00000000e+00
0.00000000e+00
0.00000000e+00
1.47254303e-01
-6.27861170e-03
-8.79515161e-02
-2.66245185e-01
-7.55301595e-01
-7.20840378e-01
3.53139676e+00
4.13268110e+00
3.87214416e+00
3.94312229e+00
3.76737113e+00
4.45803982e+00
0.00000000e+00
1.30940161e-01
1.53882523e-01
3.74400762e-01
-1.38656806e-02
1.83697191e-01
0.00000000e+00
-6.19494847e-02
-2.70728445e-01
-2.32644404e-01
3.80889981e-01
2.77794670e-02
0.00000000e+00
0.00000000e+00
0.00000000e+00
0.00000000e+00
-2.45174876e-01
0.00000000e+00
-1.75095960e+00
0.00000000e+00
-4.13769143e-01
-5.82641704e-01
-7.56835372e-01
-9.00889495e-01
-9.96410847e-01
0.00000000e+00
0.00000000e+00
0.00000000e+00
-2.10384703e-01
7.96862346e-01
6.30892870e-02
1.70117794e+00
-2.05169489e+00
-2.54801753e-01
7.67715805e-01
7.64443588e-01
2.71362699e-03
0.00000000e+00
-3.69015238e-01
1.06173733e+00
-1.22118697e+00
3.04174056e-01
-7.19294286e-01
5.21614046e-01
-4.70275141e-01
-1.57041769e+00
1.34365213e-01
-2.47233422e-01
-5.26830862e-01
-3.17826003e-01
1.31990538e-01
1.00987213e-01
-1.92979253e-01
-6.24126520e-02
0.00000000e+00
0.00000000e+00
0.00000000e+00
2.41127951e-01
3.18107738e-01
2.27490115e-01
4.66263488e-02
3.67832505e-01
-1.69364395e-01
-1.86699842e-01
3.92036396e-01
-1.99568956e-01
0.00000000e+00
2.24666382e-01
1.22156092e-01
0.00000000e+00
4.00503510e-01
4.77204416e-01
-1.22206516e-01
3.33470243e-01
0.00000000e+00
2.22759061e-01
-2.30215423e-01
-2.09004858e-01
4.83236967e-01
4.61613549e-01
-2.35338328e-01
-4.69579985e-01
-9.59431400e-02
0.00000000e+00
0.00000000e+00
-8.93359098e-02
-3.73636845e-01
0.00000000e+00
-2.74238721e-01
-1.41643539e-01
-1.65772487e+00
0.00000000e+00
0.00000000e+00
0.00000000e+00
-6.01779444e-01
-1.39526606e-01
-1.06252754e-01
1.36745939e+00
-1.61015329e+00
3.35733184e-02
3.59455537e-01
3.62652662e-01
2.24676300e-01
0.00000000e+00
-1.70130094e-01
8.35016215e-01
-1.23545918e+00
7.01560085e-01
4.15784002e-03
2.89593555e-01
-7.34790443e-01
-8.26758130e-01
7.21639663e-02
-4.83183791e-01
-5.75837093e-01
-1.90172677e-01
0.00000000e+00
0.00000000e+00
2.56012050e-01
4.42652028e-02
0.00000000e+00
0.00000000e+00
0.00000000e+00
4.25004179e-01
-1.32339292e-01
1.85614905e-01
-9.64778450e-02
-5.01682884e-01
1.96569750e-01
1.93991081e-01
-6.53722023e-01
-9.70349598e-02
0.00000000e+00
2.80035184e-01
4.35685699e-01
-1.12135015e-02
1.95311403e-01
-3.03836300e-01
-3.11088802e-01
-1.21417286e-01
8.51407452e-02
2.45712025e-01
3.00131254e-02
-3.85664416e-01
0.00000000e+00
1.38574609e-01
5.74989299e-01
-1.08188777e+00
-5.66662696e-01
0.00000000e+00
3.49260511e-01
-7.06683871e-02
-5.15225079e-01
0.00000000e+00
0.00000000e+00
5.52974318e-02
1 -999999999 6 0 -1
1 0 2 1 -1
-5.1279e-01 9.8917e-01
356
-2.51602907e-01
0.00000000e+00
0.00000000e+00
0.00000000e+00
0.00000000e+00
0.00000000e+00
0.00000000e+00
0.00000000e+00
0.00000000e+00
0.00000000e+00
0.00000000e+00
0.00000000e+00
0.00000000e+00
0.00000000e+00
0.00000000e+00
0.00000000e+00
-2.51602907e-01
0.00000000e+00
8.08722178e-02
-2.14606019e-01
0.00000000e+00
0.00000000e+00
0.00000000e+00
0.00000000e+00
-1.43077633e-01
7.92537409e-04
0.00000000e+00
0.00000000e+00
2.47062372e-01
2.39263828e-01
-4.05453982e-01
3.43195800e-01
-5.94798706e-01
-7.19446520e-01
-6.86718526e-01
8.80188166e-02
2.52109296e-01
6.14308115e-01
6.34741390e-01
4.48334204e-01
4.91911286e-01
0.00000000e+00
0.00000000e+00
0.00000000e+00
0.00000000e+00
0.00000000e+00
0.00000000e+00
0.00000000e+00
0.00000000e+00
0.00000000e+00
0.00000000e+00
-1.35870806e-01
-4.39294541e-03
-3.68691864e-01
0.00000000e+00
0.00000000e+00
0.00000000e+00
0.00000000e+00
-4.60445811e-01
-3.20174953e-01
-4.18173832e-01
4.99455141e-01
2.37681529e-01
1.19442719e-01
3.04715294e-01
-4.70849679e-01
8.46199129e-02
-5.83560186e-01
-4.37844797e-01
3.47327401e-03
3.00517551e-01
-2.85174624e-01
-5.85909023e-03
2.81864092e-01
1.42707022e-01
-1.59920626e-02
1.87318601e-01
3.28709491e-01
7.08953775e-04
-2.15572442e-01
0.00000000e+00
0.00000000e+00
4.71406357e-01
1.31669809e-01
-3.17908562e-01
-3.78737733e-01
-1.07601829e-01
-5.04309489e-02
0.00000000e+00
0.00000000e+00
1.78440552e-01
-5.18066865e-01
-5.62852974e-01
-4.28041400e-01
-5.40457334e-01
-2.25641613e-01
1.14470099e-01
1.52388819e-01
-1.01980019e-01
-1.35495201e-01
7.94617089e-02
-3.62157253e-02
0.00000000e+00
0.00000000e+00
1.90537433e+00
3.45671516e+00
0.00000000e+00
0.00000000e+00
0.00000000e+00
0.00000000e+00
0.00000000e+00
0.00000000e+00
1.88931172e-01
5.81347013e-02
-2.15926537e-01
-2.85661598e-01
-3.82579880e-01
-1.51447361e+00
0.00000000e+00
0.00000000e+00
0.00000000e+00
0.00000000e+00
0.00000000e+00
0.00000000e+00
-2.05126003e-01
-6.62817400e-01
-6.65900233e-01
-6.02332775e-01
-8.41287386e-01
-7.28437165e-01
5.22822991e+00
5.61720014e+00
5.55637781e+00
5.40895074e+00
5.56576223e+00
5.67046618e+00
-4.55002372e-02
-1.62416968e-01
-1.86148358e-01
6.52885793e-02
-1.64113320e-01
-3.62225369e-01
-1.89146142e-01
-3.93849259e-01
-4.16091811e-01
-3.29608830e-01
-1.76149745e-01
-3.53739243e-01
0.00000000e+00
0.00000000e+00
0.00000000e+00
0.00000000e+00
0.00000000e+00
0.00000000e+00
0.00000000e+00
0.00000000e+00
-2.43784322e-01
0.00000000e+00
0.00000000e+00
-2.56785154e+00
-1.19572653e+00
-8.01867912e-01
-6.39744248e-01
-3.38598615e-01
-1.83547078e+00
0.00000000e+00
0.00000000e+00
0.00000000e+00
-2.06771713e-01
8.79207563e-01
1.97121254e-01
1.98869367e+00
-1.79709343e+00
-2.45881128e-01
5.78358614e-01
2.33562057e-01
3.21583965e-02
0.00000000e+00
-2.79722541e-01
1.09396872e+00
-1.89027548e+00
1.16165983e-01
-7.68569999e-01
1.68024957e-01
-2.91307103e-01
-1.17209585e+00
2.39423061e-01
-7.10437815e-01
2.61278291e-01
0.00000000e+00
0.00000000e+00
0.00000000e+00
5.81148600e-02
-1.33991217e-01
-4.44893471e-02
-3.26157387e-01
5.05058441e-04
5.77448256e-02
6.93223294e-02
1.29444898e-01
-2.76990793e-02
0.00000000e+00
-2.92979554e-02
-6.07161083e-02
3.53885498e-01
1.76345777e-01
1.25022771e-03
-3.17103788e-02
6.03374007e-02
-8.57675432e-02
-5.16856369e-03
9.93249955e-02
-9.36570344e-01
-5.15888170e-01
0.00000000e+00
4.05285459e-01
-4.29502026e-02
7.99771112e-01
-5.05154350e-01
-8.10504932e-01
-1.27282653e-01
0.00000000e+00
0.00000000e+00
0.00000000e+00
2.14264134e-01
4.84111041e-01
2.11448598e-01
9.37389976e-01
-6.52238595e-01
6.44519409e-02
2.50070465e-01
-4.04549543e-01
4.70057798e-01
0.00000000e+00
4.06912274e-01
-1.81479796e-01
-5.12959122e-02
-2.47745364e-01
-1.24228522e+00
-3.52982841e-01
2.34642293e-01
-3.27348800e-01
9.00658585e-02
-3.07709534e-02
-4.20682174e-01
0.00000000e+00
1.49248317e-01
-4.43891310e-01
-8.98900438e-01
-6.79838364e-01
0.00000000e+00
-2.16882046e-01
8.33277086e-02
1.14454341e+00
-6.39462350e-01
-1.18491943e+00
-2.19062074e-01
0.00000000e+00
0.00000000e+00
-7.24404626e-01
-1.14046653e+00
0.00000000e+00
0.00000000e+00
0.00000000e+00
-6.65506291e-01
-2.85807859e-01
-3.89126604e-03
7.20576699e-01
-1.44082653e+00
3.04499307e-02
2.61665040e-01
2.98348405e-01
7.58005004e-02
0.00000000e+00
-2.29880877e-01
1.40462268e+00
-1.93349717e+00
4.02252569e-01
1.24882676e+00
1.58263942e-01
-2.21422728e-01
-8.14348254e-01
2.59703721e-02
-1.72062451e-01
3.20073439e-01
0.00000000e+00
0.00000000e+00
0.00000000e+00
1.72160782e-01
-1.41637256e-01
-6.33118127e-02
3.13559711e-02
-1.55060323e-01
-8.40107220e-02
1.63346851e-01
1.21741229e-01
3.16735517e-02
0.00000000e+00
4.32092707e-02
-2.98079772e-01
3.68736214e-01
1.83471356e-01
-2.02581278e-01
8.59251125e-02
3.13529815e-02
-1.46215415e-01
1.17142295e-01
6.08544025e-02
-4.06927700e-01
-2.91553411e-01
3.69352516e-01
9.84500647e-02
-3.42471032e-01
7.15487850e-01
-4.10543090e-01
-5.96498171e-01
-2.52744358e-01
0.00000000e+00
0.00000000e+00
0.00000000e+00
-6.18756981e-01
-8.32992670e-02
-2.09514057e-01
-1.04417563e+00
6.43836461e-01
-1.66939712e-01
-7.09675293e-01
3.17418238e-01
-1.81684085e-01
0.00000000e+00
-1.62121198e-01
3.78212108e-01
-6.58679708e-02
3.73383703e-02
1.05689034e+00
1.38798657e-01
1.01417779e-02
4.67094561e-01
-1.56868624e-01
9.64279485e-02
-1.15374289e-01
1.57000327e-01
-2.22300197e-01
-3.19472671e-01
-7.33538826e-01
-5.10314501e-01
0.00000000e+00
9.98503308e-01
1.10897957e+00
8.49911286e-01
-7.06301803e-01
-6.53923985e-01
-2.23224325e-01
0.00000000e+00
3.27392397e-01
4.15441552e-01
247
-2.78029454e-01
0.00000000e+00
0.00000000e+00
0.00000000e+00
0.00000000e+00
0.00000000e+00
0.00000000e+00
0.00000000e+00
0.00000000e+00
-1.39617083e-01
0.00000000e+00
0.00000000e+00
0.00000000e+00
0.00000000e+00
-2.72027834e-01
0.00000000e+00
-3.91820773e-02
-2.32845757e-01
-6.32267010e-01
-1.09730044e-01
0.00000000e+00
0.00000000e+00
0.00000000e+00
0.00000000e+00
0.00000000e+00
0.00000000e+00
0.00000000e+00
-2.78029454e-01
0.00000000e+00
-2.73148481e-01
0.00000000e+00
0.00000000e+00
4.53818011e-01
-1.31340259e-01
0.00000000e+00
0.00000000e+00
0.00000000e+00
0.00000000e+00
0.00000000e+00
0.00000000e+00
0.00000000e+00
-1.10835675e-01
-1.50566156e-02
-1.40742096e-01
-1.08001781e-03
-8.66172263e-02
-2.38251379e-03
6.01655429e-02
4.56974340e-04
0.00000000e+00
0.00000000e+00
6.39977304e-02
-6.67724224e-02
-2.03934847e-01
-1.67978446e-01
6.51190525e-03
9.01466254e-02
0.00000000e+00
0.00000000e+00
1.46020981e+00
2.73334660e+00
0.00000000e+00
0.00000000e+00
0.00000000e+00
0.00000000e+00
0.00000000e+00
0.00000000e+00
1.58706790e-01
2.52263460e-01
-3.66192056e-02
-4.09226459e-01
-4.25415418e-01
-1.27634754e+00
0.00000000e+00
0.00000000e+00
0.00000000e+00
0.00000000e+00
0.00000000e+00
0.00000000e+00
-1.30272335e-01
-5.59723145e-01
-6.50990086e-01
-5.03138011e-01
-6.22592739e-01
-5.42996020e-01
5.01720881e+00
5.14416547e+00
5.08682206e+00
5.00205769e+00
4.94998986e+00
4.92181277e+00
1.76813479e-01
1.87319141e-01
2.64822787e-01
-5.11118564e-02
-1.04292549e-01
-6.86546537e-01
2.96050816e-01
-8.17018991e-02
-3.18673931e-01
-2.72306568e-01
2.34970599e-01
-1.50952719e-01
0.00000000e+00
0.00000000e+00
0.00000000e+00
0.00000000e+00
-2.74764839e-01
0.00000000e+00
0.00000000e+00
-1.97144398e+00
-7.16622023e-01
-7.08700749e-01
-5.46145169e-01
-4.93786903e-01
-1.42532277e+00
0.00000000e+00
0.00000000e+00
0.00000000e+00
-3.79327682e-01
7.01209856e-01
1.04301461e-01
8.18727116e-01
-1.76072206e+00
-1.24346160e-01
2.53953855e-01
3.36059345e-02
6.31661471e-02
0.00000000e+00
-4.68460813e-01
1.51457217e+00
-1.00823976e+00
4.19448056e-01
-3.11826001e-01
-2.95401987e-01
-1.74055600e-01
-4.53632822e-01
3.65837084e-01
-7.24131565e-01
-5.58151361e-01
3.80301801e-02
0.00000000e+00
7.69485036e-02
5.26939799e-02
-3.67468421e-01
0.00000000e+00
0.00000000e+00
0.00000000e+00
-1.32808787e-01
-4.86040972e-01
-1.73686468e-01
-3.55129289e-01
1.64327284e-01
-3.07704666e-02
-8.53225084e-02
-1.42043626e-01
1.51629886e-01
0.00000000e+00
2.08832771e-01
9.58647950e-02
-4.41402909e-01
-8.99412088e-02
8.69222403e-01
-1.40103262e-02
-2.01617908e-01
7.27314954e-02
1.09408362e-01
1.13289050e-01
-5.96181541e-01
0.00000000e+00
-1.82754281e-01
-4.87909828e-02
-8.67171411e-01
-7.54652203e-01
0.00000000e+00
-4.89473232e-01
3.83379687e-01
-1.12519208e-01
0.00000000e+00
-2.54795396e-01
-9.55103592e-01
-1.03993207e+00
0.00000000e+00
0.00000000e+00
0.00000000e+00
-5.13345610e-01
4.00744201e-01
1.33864082e-01
1.07073047e+00
-1.59061001e+00
-1.08412845e-01
2.33914297e-01
5.76120590e-01
-1.42788437e-01
0.00000000e+00
-6.94103672e-01
9.50105082e-01
-1.47427819e+00
6.81938198e-01
1.65024687e-02
2.11460164e-02
-7.77322712e-02
-4.63082233e-01
3.43880542e-01
-4.04524748e-01
-1.60096605e-01
1.09263557e-01
4.74612040e-01
-2.94514471e-01
1.97383239e-01
-2.94307236e-01
0.00000000e+00
0.00000000e+00
0.00000000e+00
1.14642592e-01
-1.59461291e-01
9.58362587e-02
5.62889625e-01
-3.54738182e-02
-4.36651272e-02
1.74486203e-01
-2.39921671e-03
1.97966007e-01
0.00000000e+00
2.74935927e-01
-7.80396270e-02
-9.53067987e-02
-1.31522094e-01
-4.56552690e-01
-2.24294847e-03
-1.37318687e-01
-3.67389368e-01
-1.18759399e-01
-8.69327835e-02
-2.69360162e-01
6.84616602e-02
9.36544336e-02
-7.65245651e-02
-8.79835467e-01
-6.55408726e-01
0.00000000e+00
8.27910649e-01
1.07617894e+00
-2.24426742e-01
2.48807327e-01
-3.76521143e-02
-7.50628808e-02
5 1
-7.2916e-01 4.8432e-01
2 0
0 1 
217
-1.54722424e-01
-7.40247576e-01
3.24756087e-01
-1.86623393e-01
-1.02760097e-01
-4.10610589e-02
-5.62278837e-02
2.42905734e-01
1.29860203e-01
2.33829161e-02
-2.92336093e-01
-4.38340624e-01
1.66741446e-01
-5.85057048e-03
-3.74717754e-02
-1.30570960e-03
1.89173206e-01
1.45578757e-01
-2.00347796e-02
4.51674981e-01
-2.43900031e-01
9.54764225e-03
-7.71348374e-01
-1.89293744e-02
5.92714491e-04
-9.50133864e-02
0.00000000e+00
0.00000000e+00
2.89223599e-01
1.26363095e-01
-7.69069122e-02
-1.24712119e-01
-1.24049102e-01
-2.44640985e-01
0.00000000e+00
0.00000000e+00
0.00000000e+00
-2.18325458e-01
6.36030342e-02
0.00000000e+00
0.00000000e+00
0.00000000e+00
0.00000000e+00
0.00000000e+00
0.00000000e+00
-1.21217514e-02
-2.06203707e-01
6.36030342e-02
0.00000000e+00
0.00000000e+00
0.00000000e+00
0.00000000e+00
0.00000000e+00
0.00000000e+00
0.00000000e+00
0.00000000e+00
0.00000000e+00
0.00000000e+00
0.00000000e+00
0.00000000e+00
6.36030342e-02
-2.06203707e-01
-1.21217514e-02
0.00000000e+00
-2.27577515e-01
-2.51674264e-01
-1.36935348e-03
5.54914828e-01
5.28506362e-02
9.04636187e-01
1.28187115e-01
-1.40308867e-01
-4.66895774e-01
-5.31017910e-02
-2.05688537e-01
-8.94988815e-02
7.64068731e-02
0.00000000e+00
0.00000000e+00
0.00000000e+00
0.00000000e+00
0.00000000e+00
0.00000000e+00
0.00000000e+00
0.00000000e+00
0.00000000e+00
0.00000000e+00
0.00000000e+00
0.00000000e+00
0.00000000e+00
0.00000000e+00
0.00000000e+00
0.00000000e+00
0.00000000e+00
0.00000000e+00
0.00000000e+00
0.00000000e+00
0.00000000e+00
0.00000000e+00
0.00000000e+00
0.00000000e+00
0.00000000e+00
0.00000000e+00
0.00000000e+00
0.00000000e+00
0.00000000e+00
0.00000000e+00
0.00000000e+00
0.00000000e+00
0.00000000e+00
0.00000000e+00
0.00000000e+00
0.00000000e+00
0.00000000e+00
0.00000000e+00
0.00000000e+00
0.00000000e+00
0.00000000e+00
0.00000000e+00
-3.22454835e-01
-2.40187109e-01
-6.57162403e-01
0.00000000e+00
0.00000000e+00
0.00000000e+00
-1.32080862e-01
-1.68338773e-01
2.01624635e-01
4.86314426e-01
-9.29930321e-01
-5.17935463e-01
1.44138213e+00
3.47584228e-01
-9.82401771e-02
0.00000000e+00
-7.92329981e-01
6.45165874e-01
-4.24413065e-01
3.94886879e-01
5.97462625e-01
-9.76408225e-02
-2.42522397e-01
-3.48240434e-01
-3.98240868e-01
-6.21670039e-01
-1.40068457e-01
0.00000000e+00
0.00000000e+00
0.00000000e+00
3.82129008e-01
-5.33260168e-01
-4.78128279e-02
7.40251015e-01
-9.84817248e-01
1.83970949e-01
-4.45679879e-01
7.56348449e-02
-8.40623155e-02
0.00000000e+00
4.67367006e-01
2.47657385e-01
-6.46179876e-01
1.51005579e-01
-2.73136946e-01
1.23439378e-01
1.57167534e-01
-4.28738607e-01
3.47620892e-01
4.27375819e-01
-6.59006374e-01
0.00000000e+00
0.00000000e+00
0.00000000e+00
-8.03363023e-02
-1.78209298e-01
2.05205931e-01
1.12545781e+00
-7.52022168e-01
-1.13520624e+00
-3.65082734e-01
-9.92809454e-02
1.93549955e-01
0.00000000e+00
-1.06625376e-01
1.40255406e+00
-6.04556548e-01
1.76436271e-01
1.85707351e-01
-2.39070856e-01
-7.54898862e-02
-3.02544429e-01
1.79257697e-01
-1.88750666e-01
-2.32294412e-01
0.00000000e+00
0.00000000e+00
0.00000000e+00
-2.35313947e-01
3.86802027e-01
8.01490624e-02
9.03559011e-02
-8.17098573e-01
9.50245642e-01
6.22686217e-01
3.48373786e-01
-1.55880858e-01
0.00000000e+00
-7.23540597e-02
-3.42789798e-01
-6.90182145e-01
1.17273086e-01
4.62383838e-01
8.99080910e-02
-2.72143682e-01
-4.90590836e-01
-4.30556816e-02
-2.61062482e-01
136
1.68018015e-01
9.61880419e-02
3.48478837e-03
2.92401431e-02
6.24217751e-03
-2.49376759e-02
4.48532829e-04
6.75275055e-02
3.23706822e-04
0.00000000e+00
0.00000000e+00
2.95961222e-01
9.90354080e-02
-1.31848059e-01
-1.52638072e-01
-9.44587021e-03
6.69533865e-02
0.00000000e+00
0.00000000e+00
0.00000000e+00
5.38600324e-02
1.14536264e-01
0.00000000e+00
0.00000000e+00
0.00000000e+00
0.00000000e+00
0.00000000e+00
0.00000000e+00
6.51904742e-02
-1.13304418e-02
1.14536264e-01
0.00000000e+00
0.00000000e+00
0.00000000e+00
0.00000000e+00
0.00000000e+00
0.00000000e+00
0.00000000e+00
0.00000000e+00
0.00000000e+00
0.00000000e+00
0.00000000e+00
0.00000000e+00
0.00000000e+00
0.00000000e+00
0.00000000e+00
5.83165376e-02
-7.00252614e-02
4.50670877e-01
-1.01563615e-01
-6.94095534e-01
-8.89808915e-02
1.53793084e-01
9.83789371e-02
4.17685262e-02
-2.14240839e-01
0.00000000e+00
0.00000000e+00
0.00000000e+00
0.00000000e+00
1.14536264e-01
-1.13304418e-02
6.51904742e-02
0.00000000e+00
0.00000000e+00
0.00000000e+00
0.00000000e+00
0.00000000e+00
0.00000000e+00
0.00000000e+00
0.00000000e+00
0.00000000e+00
0.00000000e+00
0.00000000e+00
0.00000000e+00
0.00000000e+00
0.00000000e+00
0.00000000e+00
0.00000000e+00
0.00000000e+00
0.00000000e+00
0.00000000e+00
0.00000000e+00
0.00000000e+00
0.00000000e+00
0.00000000e+00
-8.92823123e-02
1.09364423e-02
-9.46749326e-01
0.00000000e+00
0.00000000e+00
0.00000000e+00
1.79287193e-01
-4.18020159e-01
1.22448812e-01
1.41287403e+00
-2.25593655e+00
-1.61412219e-01
7.84175263e-01
9.35640346e-01
-3.49219161e-01
0.00000000e+00
6.19709752e-02
9.41768531e-01
-1.57766721e+00
3.31641147e-01
8.01374812e-01
2.90736364e-01
-1.94546738e-01
-1.46132074e+00
1.14887172e-02
-4.02032749e-01
-1.07459934e+00
0.00000000e+00
0.00000000e+00
0.00000000e+00
-7.64608338e-02
-5.72716019e-02
-7.26828976e-03
1.43942525e+00
-1.96954483e+00
-4.12803943e-01
5.93395263e-01
2.74080182e-01
-1.43881752e-01
0.00000000e+00
1.82914980e-01
1.10979314e+00
-1.42783757e+00
6.09670668e-01
2.25009991e-02
1.11591926e-02
-3.04285564e-01
-9.86742988e-01
2.68279808e-01
-1.99721451e-01
3 1
-7.8631e-01 5.0076e-01
3 0
0 1 5 
217
-3.62861422e-01
-4.82681928e-01
2.93406769e-01
-1.30224832e-01
-1.81778035e-01
-1.74080282e-01
-1.77524305e-01
3.12295019e-01
6.29139982e-02
-1.96683648e-02
-9.02938923e-02
-3.35280668e-01
2.38208119e-02
1.77539203e-01
-1.16843235e-01
3.68248168e-02
-3.98294287e-01
9.09199679e-02
-1.26563642e-02
5.01715074e-01
-1.30533114e-01
1.16152884e-02
-4.65907043e-01
-2.06405042e-01
3.84467883e-04
9.59964241e-02
0.00000000e+00
0.00000000e+00
4.13799135e-01
4.03358953e-02
-1.97117360e-01
-1.15291190e-01
-1.59198399e-01
-3.45389503e-01
0.00000000e+00
0.00000000e+00
0.00000000e+00
-2.46683236e-01
-2.57856035e-01
1.55909502e-01
0.00000000e+00
0.00000000e+00
0.00000000e+00
0.00000000e+00
0.00000000e+00
-1.91771184e-01
-5.49120520e-02
2.31952514e-01
0.00000000e+00
-3.15455293e-02
-4.58263020e-01
1.55909502e-01
0.00000000e+00
0.00000000e+00
0.00000000e+00
0.00000000e+00
0.00000000e+00
0.00000000e+00
0.00000000e+00
0.00000000e+00
-7.04010031e-02
-5.49120520e-02
-2.23316713e-01
0.00000000e+00
-4.29285623e-01
-5.66157452e-01
1.68365840e-01
5.38295829e-01
-3.82053582e-03
2.50388485e-01
-2.00621065e-01
-3.69273024e-02
-3.39436443e-01
3.75875618e-02
-1.92710383e-01
-1.62900617e-01
8.47201697e-02
0.00000000e+00
-7.98628184e-02
-9.95359533e-02
-9.20867658e-02
-2.76947717e-01
-2.41812281e-01
2.10150076e-01
0.00000000e+00
0.00000000e+00
0.00000000e+00
0.00000000e+00
0.00000000e+00
0.00000000e+00
0.00000000e+00
0.00000000e+00
0.00000000e+00
0.00000000e+00
0.00000000e+00
0.00000000e+00
0.00000000e+00
0.00000000e+00
0.00000000e+00
0.00000000e+00
0.00000000e+00
0.00000000e+00
0.00000000e+00
0.00000000e+00
0.00000000e+00
0.00000000e+00
0.00000000e+00
0.00000000e+00
0.00000000e+00
0.00000000e+00
0.00000000e+00
0.00000000e+00
0.00000000e+00
0.00000000e+00
0.00000000e+00
0.00000000e+00
0.00000000e+00
0.00000000e+00
0.00000000e+00
-1.62566141e-01
-2.07667733e-01
-3.27399164e-01
0.00000000e+00
0.00000000e+00
0.00000000e+00
-1.97986252e-01
-1.85490189e-01
8.89402556e-02
1.41038921e+00
-7.92428643e-01
-9.11606637e-02
7.17608447e-01
9.28337876e-03
1.11625334e-01
0.00000000e+00
-3.05277053e-01
5.18529825e-01
-4.03324535e-01
-1.98427099e-01
6.27884102e-01
-1.12878732e-01
-1.76486369e-01
-3.21889011e-01
-1.36196664e-01
-8.90114503e-01
-2.77397883e-01
0.00000000e+00
0.00000000e+00
0.00000000e+00
2.49513364e-01
-1.31936827e-01
1.05065791e-02
1.58807906e-01
-8.60238789e-01
-1.43564752e-01
-6.68999829e-02
1.90298011e-01
-1.96827564e-01
0.00000000e+00
2.70560972e-01
1.95109433e-01
-5.34251967e-01
2.31909698e-01
-2.28775521e-01
1.43146648e-01
1.84122919e-01
-4.70907860e-01
1.87633791e-01
5.34396059e-01
-5.29329864e-01
0.00000000e+00
0.00000000e+00
0.00000000e+00
-2.69490949e-01
-1.19884931e-01
2.06499291e-01
6.04199983e-01
-5.49835962e-01
-8.06830704e-01
2.12136894e-01
8.68139093e-02
-6.75675335e-02
0.00000000e+00
1.02457683e-02
8.50474783e-01
-6.50701474e-01
2.35264428e-01
4.30120143e-01
-3.42788531e-02
-1.07590096e-01
-1.53512730e-01
1.32117677e-01
-5.37509508e-01
-2.42654813e-01
0.00000000e+00
0.00000000e+00
0.00000000e+00
-1.22025523e-01
-3.54851677e-02
-1.47750045e-01
3.31612956e-01
-6.48526067e-01
5.52516157e-01
4.42868383e-01
1.74786463e-01
2.54891222e-02
0.00000000e+00
-1.96987999e-01
9.05912208e-02
-6.10213173e-01
9.10807505e-02
2.62300266e-01
1.02530474e-01
-1.03475068e-01
-4.10795060e-01
3.67932737e-02
-7.79657773e-02
136
2.29149437e-01
3.03581976e-02
8.85163839e-03
1.01217036e-01
3.08112221e-03
1.15335697e-01
8.06655668e-04
-1.77614941e-02
4.30191754e-04
0.00000000e+00
0.00000000e+00
2.83901696e-01
1.12975535e-01
-1.25692132e-01
-1.49675754e-01
-7.62487130e-03
1.15264963e-01
0.00000000e+00
0.00000000e+00
0.00000000e+00
-4.95118203e-03
1.81291413e-02
2.08077506e-01
0.00000000e+00
0.00000000e+00
0.00000000e+00
0.00000000e+00
0.00000000e+00
-1.55068031e-02
1.05556211e-02
1.09906665e-01
0.00000000e+00
4.60257938e-05
-9.18235497e-02
2.08077506e-01
0.00000000e+00
0.00000000e+00
0.00000000e+00
0.00000000e+00
0.00000000e+00
0.00000000e+00
0.00000000e+00
0.00000000e+00
0.00000000e+00
0.00000000e+00
0.00000000e+00
8.65194966e-02
-1.59893454e-01
5.08230669e-01
-9.48484231e-02
-6.14447136e-01
-2.72549937e-03
-4.84130653e-03
8.68734598e-02
2.56434439e-02
-2.27573227e-01
0.00000000e+00
1.18785725e-01
-3.63920244e-01
1.49563502e-01
-2.74015720e-02
1.05556211e-02
-1.54607773e-02
0.00000000e+00
0.00000000e+00
0.00000000e+00
0.00000000e+00
0.00000000e+00
0.00000000e+00
0.00000000e+00
0.00000000e+00
0.00000000e+00
0.00000000e+00
0.00000000e+00
0.00000000e+00
0.00000000e+00
0.00000000e+00
0.00000000e+00
0.00000000e+00
0.00000000e+00
0.00000000e+00
0.00000000e+00
0.00000000e+00
0.00000000e+00
0.00000000e+00
0.00000000e+00
-1.24727674e-01
7.10853967e-02
-9.38814637e-01
0.00000000e+00
0.00000000e+00
0.00000000e+00
1.85960388e-01
-4.81560420e-01
1.23379167e-01
1.37950445e+00
-2.27829395e+00
-1.74002846e-01
7.34971436e-01
9.67861573e-01
-4.47058892e-01
0.00000000e+00
5.65040733e-02
9.46589515e-01
-1.58293748e+00
4.17552537e-01
8.17586957e-01
3.55442800e-01
-2.87526148e-01
-1.40363320e+00
2.40908153e-02
-2.93245413e-01
-1.03900355e+00
0.00000000e+00
0.00000000e+00
0.00000000e+00
-1.35527914e-01
4.79035872e-02
6.46834939e-02
1.47873800e+00
-1.96856268e+00
-3.04488742e-01
5.13572209e-01
2.64647730e-01
-1.50809846e-01
0.00000000e+00
2.06075720e-01
1.11335850e+00
-1.38457085e+00
6.36801526e-01
-2.19464529e-02
-1.08989971e-02
-3.37763172e-01
-1.02986995e+00
1.78311559e-01
-1.98657259e-01
4 1
-8.6092e-01 4.9754e-01
4 1
0 1 5 3 
217
-1.44794001e-01
-5.96587293e-02
1.30171910e-01
-1.38241065e-01
-2.95635897e-01
-3.09137027e-01
-4.44624674e-01
7.74456950e-01
2.81045269e-01
6.13117533e-01
8.74994442e-01
8.98746740e-03
-5.60573140e-01
-5.77691066e-01
7.55093156e-02
-1.66170280e-02
2.43087201e-01
-3.57255131e-02
1.16355069e-03
2.67334009e-01
1.63045216e-01
-1.60912814e-02
2.54404779e-01
-3.47623019e-01
-9.85738344e-05
2.45064498e-01
0.00000000e+00
0.00000000e+00
3.04973319e-01
1.22636122e-01
-3.35496914e-02
-2.40638701e-01
-1.13977254e-01
-1.84237796e-01
0.00000000e+00
0.00000000e+00
0.00000000e+00
-1.95151253e-01
-1.30853725e-01
-7.13805099e-02
2.52591488e-01
0.00000000e+00
0.00000000e+00
0.00000000e+00
0.00000000e+00
-3.35793789e-01
1.40642536e-01
3.09997325e-01
0.00000000e+00
-2.80647539e-02
1.85332419e-02
-6.56704092e-02
0.00000000e+00
-3.98379502e-01
-3.29400366e-02
1.75786045e-01
0.00000000e+00
4.80380857e-01
0.00000000e+00
2.52591488e-01
-3.57934847e-03
1.40642536e-01
-2.81857188e-01
1.36906990e-01
-6.72548252e-01
-2.51102301e-01
1.94650799e-01
7.56986575e-01
1.96196462e-01
6.90389716e-01
0.00000000e+00
1.39232809e-02
-4.85683984e-01
1.16004860e-02
-3.78827644e-01
1.25462701e-01
7.46464016e-02
4.09876366e-02
-1.81675058e-01
-5.56551832e-01
-4.08127153e-02
-2.73767238e-01
3.67061366e-02
3.51113596e-02
4.16147944e-02
-1.97064368e-03
-3.79412746e-01
-6.78797479e-02
-5.81558948e-01
-1.16558403e-01
3.07198976e-02
0.00000000e+00
0.00000000e+00
0.00000000e+00
0.00000000e+00
0.00000000e+00
0.00000000e+00
0.00000000e+00
0.00000000e+00
0.00000000e+00
0.00000000e+00
0.00000000e+00
0.00000000e+00
0.00000000e+00
0.00000000e+00
0.00000000e+00
0.00000000e+00
0.00000000e+00
0.00000000e+00
0.00000000e+00
0.00000000e+00
0.00000000e+00
0.00000000e+00
0.00000000e+00
0.00000000e+00
0.00000000e+00
0.00000000e+00
0.00000000e+00
0.00000000e+00
-7.67516880e-01
-4.07583596e-01
-8.55825177e-01
0.00000000e+00
0.00000000e+00
0.00000000e+00
5.43355799e-01
-4.08237303e-01
7.44048054e-02
1.45497153e+00
-7.63802780e-01
-1.98890945e-01
9.91457571e-01
-9.61208995e-02
-5.83905595e-01
0.00000000e+00
1.56246243e-01
6.73409757e-01
-7.72429123e-01
4.97467102e-01
-8.08305646e-02
-6.96697427e-01
-1.49743945e+00
-3.12185165e-01
-2.04514785e-01
3.67916053e-01
-1.32427242e-01
0.00000000e+00
0.00000000e+00
0.00000000e+00
-2.13860850e-03
-1.80325628e-01
-2.18577518e-02
-1.55916242e-02
-1.31004166e+00
-1.22399075e-01
-7.26163426e-02
5.14791568e-01
5.78193779e-02
0.00000000e+00
7.40640139e-02
-3.53130477e-02
-4.30163571e-01
-4.86439462e-03
6.08424225e-02
7.76713995e-01
9.72002988e-01
-5.06922130e-01
2.50052290e-01
-1.36480062e-01
-7.62252409e-01
0.00000000e+00
0.00000000e+00
0.00000000e+00
-5.45705453e-01
-2.40649103e-01
5.40540475e-01
-3.99491092e-01
-3.88367684e-01
-1.58067191e-01
4.05534253e-01
4.15513396e-01
-1.54462271e-01
0.00000000e+00
-5.19119423e-02
1.19647842e+00
-1.16932532e+00
4.94892431e-01
-2.96049625e-02
-3.50977423e-01
4.76671425e-01
-6.38411022e-01
4.64224015e-01
-6.29133366e-01
-1.40793778e-01
0.00000000e+00
0.00000000e+00
0.00000000e+00
2.42770363e-01
-5.54253385e-01
-2.99395621e-01
7.29499749e-01
-7.73704301e-01
-3.43183103e-03
-6.54080540e-02
4.42321542e-02
-3.05548169e-02
0.00000000e+00
8.41392692e-02
-5.31715737e-02
6.92390996e-02
1.12481473e-01
4.08033455e-01
1.27151230e-01
-4.36685516e-01
1.94527239e-02
4.25132965e-02
1.96298507e-01
136
6.21684086e-02
-1.18375505e-02
2.10185737e-03
-5.71690151e-02
1.76117429e-03
-1.35198755e-02
4.12839909e-03
1.44694850e-01
4.06436492e-04
0.00000000e+00
0.00000000e+00
2.57226255e-01
9.36013511e-02
-1.34878920e-01
-1.66021521e-01
-5.16745073e-02
6.39157504e-02
0.00000000e+00
0.00000000e+00
0.00000000e+00
7.83706844e-03
-7.22813746e-02
1.00190600e-02
1.16876028e-01
0.00000000e+00
0.00000000e+00
0.00000000e+00
0.00000000e+00
-4.10900512e-02
4.94096115e-02
3.74187728e-02
0.00000000e+00
-4.16394048e-02
9.71245610e-03
1.35987687e-01
0.00000000e+00
-7.25660083e-02
-5.20719049e-03
6.96310401e-02
0.00000000e+00
2.21562988e-02
-2.17755965e-01
1.16876028e-01
0.00000000e+00
0.00000000e+00
0.00000000e+00
-2.38557207e-03
-1.62220382e-01
5.22205695e-01
-7.24534690e-02
-5.35532103e-01
-6.06369066e-02
-7.32671243e-02
1.14756388e-01
2.41507940e-02
-1.98762664e-01
-1.15856977e-02
4.88994988e-02
-2.83634118e-01
1.15379321e-01
-6.88237076e-03
1.32628646e-02
5.15592953e-02
-4.26889412e-01
1.57572952e-01
-1.56197343e-01
0.00000000e+00
0.00000000e+00
0.00000000e+00
0.00000000e+00
0.00000000e+00
0.00000000e+00
0.00000000e+00
0.00000000e+00
0.00000000e+00
0.00000000e+00
0.00000000e+00
0.00000000e+00
0.00000000e+00
0.00000000e+00
0.00000000e+00
0.00000000e+00
0.00000000e+00
0.00000000e+00
0.00000000e+00
0.00000000e+00
-2.15537946e-02
1.51657808e-02
-9.26625197e-01
0.00000000e+00
0.00000000e+00
0.00000000e+00
2.11485529e-01
-4.70332899e-01
1.06640991e-01
1.37227103e+00
-2.16714727e+00
-1.91771253e-01
7.04082380e-01
9.24524283e-01
-2.85549371e-01
0.00000000e+00
1.37924016e-01
1.00691382e+00
-1.57012289e+00
3.51397841e-01
8.36828306e-01
1.53937641e-01
-3.81015958e-01
-1.36560274e+00
-2.90147837e-02
-2.72073865e-01
-1.06870815e+00
0.00000000e+00
0.00000000e+00
0.00000000e+00
-1.37418904e-01
1.72506859e-01
2.86660184e-03
1.44196372e+00
-2.00679828e+00
-1.72195798e-01
6.53262834e-01
2.86931248e-01
-1.60265573e-01
0.00000000e+00
1.28070172e-01
1.10702820e+00
-1.59182716e+00
5.61782675e-01
-1.18525711e-02
6.60078777e-02
-3.11832405e-01
-1.03987943e+00
2.04239842e-01
-2.61298056e-01
7 1
-9.8070e-01 5.1960e-01
5 1
0 1 5 3 4 
217
-3.80960968e-01
1.06697603e-02
2.77831886e-02
1.50804160e-01
-3.23230552e-01
-2.52524649e-01
-1.96523427e-01
1.95168614e-01
4.73782250e-02
9.97741933e-02
-1.93361293e-02
1.49308945e-02
1.10750915e-01
2.63986979e-01
-4.01775050e-02
5.43685972e-02
-3.04791393e-01
-1.56694437e-01
1.72794362e-02
-1.68156229e-01
2.11499446e-01
-4.53622131e-03
4.57966809e-01
-3.95588472e-01
9.39887880e-05
6.19545142e-01
0.00000000e+00
0.00000000e+00
4.39969394e-01
1.23546942e-01
-1.71516302e-01
-2.14290764e-01
-4.11472954e-01
-1.47197283e-01
0.00000000e+00
0.00000000e+00
0.00000000e+00
-1.50948741e-01
-4.16175747e-01
-6.29386437e-02
1.90929946e-01
5.81722171e-02
0.00000000e+00
0.00000000e+00
0.00000000e+00
-4.42967352e-01
-1.00928520e-01
4.19161054e-01
0.00000000e+00
-3.10425187e-01
1.03035014e-01
4.93055201e-02
0.00000000e+00
2.73534160e-02
-2.25617945e-01
-3.54656576e-03
0.00000000e+00
1.21996549e-01
-3.10987701e-01
2.92660750e-01
-3.69929764e-01
-1.00928520e-01
8.98973171e-02
5.53423363e-02
-5.89841488e-01
-3.26561990e-01
9.18570013e-02
5.93545634e-01
6.16811828e-02
5.60189196e-01
0.00000000e+00
-4.69283944e-01
-6.79112023e-01
1.91870334e-01
-1.78202386e-01
3.12112727e-02
3.21322924e-01
-3.35606012e-01
9.06009908e-03
-2.04381595e-01
1.26633069e-02
-2.42905434e-01
-6.70783620e-02
-4.88453992e-02
-3.32722023e-01
4.99025517e-02
-6.97280550e-01
-1.66310148e-01
-5.17234696e-01
6.81686515e-02
1.14238851e-01
0.00000000e+00
-3.93624340e-02
7.43655186e-02
-1.34017736e-01
-1.34572709e-01
-2.07580798e-01
3.58026231e-02
0.00000000e+00
0.00000000e+00
0.00000000e+00
0.00000000e+00
0.00000000e+00
0.00000000e+00
0.00000000e+00
0.00000000e+00
0.00000000e+00
0.00000000e+00
0.00000000e+00
0.00000000e+00
0.00000000e+00
0.00000000e+00
0.00000000e+00
0.00000000e+00
0.00000000e+00
0.00000000e+00
0.00000000e+00
0.00000000e+00
0.00000000e+00
-4.00789500e-01
-1.26661062e-01
-5.31075090e-01
0.00000000e+00
0.00000000e+00
0.00000000e+00
-5.52004855e-01
7.76334676e-02
-3.49293973e-02
1.92269614e-01
-5.74596355e-01
-2.66115338e-01
2.37628888e-01
4.62132253e-01
-1.33126544e-01
0.00000000e+00
3.94723577e-01
1.02956440e+00
-5.29338403e-01
3.30146881e-01
-7.65424268e-01
1.18680528e-02
1.41800372e-02
-4.45031717e-01
1.83476640e-01
-1.64132025e-01
-3.15483994e-01
0.00000000e+00
0.00000000e+00
0.00000000e+00
5.24472352e-01
-3.09245854e-01
1.71338534e-01
7.04946525e-01
-1.00104305e+00
-5.90009948e-02
3.88905923e-01
2.05682695e-01
-4.60721519e-02
0.00000000e+00
9.49682653e-03
-2.95286921e-01
-4.94914958e-01
7.53164873e-02
1.69543044e-01
2.92877314e-01
6.09638411e-02
-6.72887663e-01
7.98516617e-03
-4.85611137e-02
-1.07861494e-01
0.00000000e+00
0.00000000e+00
0.00000000e+00
-6.73788349e-01
-1.77289989e-01
4.71177336e-01
8.98822504e-01
-8.44578071e-01
-1.35144286e-01
8.99665937e-01
2.11392458e-01
-1.10291210e-02
0.00000000e+00
1.00797799e-01
6.93346816e-01
-9.23310825e-01
4.07971072e-01
2.50155978e-01
-6.16403132e-01
9.09592753e-02
-4.67566641e-01
1.50390772e-01
-4.33431029e-01
-3.99716665e-01
0.00000000e+00
0.00000000e+00
0.00000000e+00
2.83268975e-01
-4.92882155e-01
-3.41712625e-01
7.87337412e-02
-2.98084790e-01
-7.75532181e-02
-2.48574162e-01
-1.55967831e-01
-1.01130632e-01
0.00000000e+00
1.33940705e-01
2.30068764e-01
2.78190749e-02
2.29121634e-01
1.52983668e-01
3.09136074e-01
-2.86242696e-01
-2.81826178e-01
2.35435368e-01
2.03749615e-01
136
1.33409378e-01
-3.55519759e-02
-6.04791101e-03
1.84299106e-02
-4.04652345e-03
1.68680853e-01
-1.70155181e-03
-1.81494100e-02
4.19766133e-04
0.00000000e+00
0.00000000e+00
2.27957787e-01
1.02070269e-01
-9.29701022e-02
-1.73815583e-01
-9.84196431e-04
7.11512029e-02
0.00000000e+00
0.00000000e+00
0.00000000e+00
1.36938705e-01
-1.20865946e-01
-1.02640724e-02
2.16785201e-02
1.07441991e-01
0.00000000e+00
0.00000000e+00
0.00000000e+00
-1.11879430e-01
-1.12784270e-01
1.16547456e-01
0.00000000e+00
4.41731409e-02
9.60926852e-02
1.93463217e-01
0.00000000e+00
-7.94952407e-02
2.08778109e-01
5.50687585e-02
0.00000000e+00
-3.37969135e-02
-2.73854294e-01
3.26979293e-02
0.00000000e+00
0.00000000e+00
0.00000000e+00
1.93834163e-01
-2.77203703e-01
5.03536289e-01
-9.61243684e-02
-5.13311022e-01
-5.99504311e-02
-1.22649781e-01
9.75032630e-02
6.00648346e-02
-1.65069570e-01
1.94423316e-01
-1.19789703e-01
-2.78925215e-01
7.69631025e-02
-2.77856968e-02
8.24730325e-02
1.95264056e-01
-3.30334895e-01
1.85981185e-01
5.68229781e-02
0.00000000e+00
1.32473743e-01
1.03076737e-01
4.64749122e-02
-2.51999989e-01
0.00000000e+00
0.00000000e+00
0.00000000e+00
0.00000000e+00
0.00000000e+00
0.00000000e+00
0.00000000e+00
0.00000000e+00
0.00000000e+00
0.00000000e+00
0.00000000e+00
0.00000000e+00
0.00000000e+00
0.00000000e+00
0.00000000e+00
-9.90860744e-02
-4.12400702e-02
-9.15121928e-01
0.00000000e+00
0.00000000e+00
0.00000000e+00
2.63970397e-01
-4.42188544e-01
1.36909394e-02
1.36161340e+00
-2.25745687e+00
-1.77434053e-01
6.51852623e-01
9.06619389e-01
-3.67596755e-01
0.00000000e+00
9.66851727e-02
9.49112594e-01
-1.56243812e+00
3.45136133e-01
8.38036897e-01
2.65703660e-01
-1.70448000e-01
-1.35866586e+00
-3.34288312e-04
-2.70980646e-01
-1.12067735e+00
0.00000000e+00
0.00000000e+00
0.00000000e+00
-1.04201398e-01
1.30043135e-01
2.14509736e-02
1.42336285e+00
-1.92579981e+00
-1.98012430e-01
5.88306127e-01
2.88917409e-01
-9.85943280e-02
0.00000000e+00
1.29162292e-01
1.08254790e+00
-1.66997528e+00
5.01551005e-01
1.37235060e-02
7.32656544e-02
-2.79582229e-01
-1.08216769e+00
2.31773715e-01
-2.46448752e-01
2 1
-1.0787e+00 5.1860e-01
6 1
0 1 5 3 4 7 
217
-2.11322542e-01
-1.55012513e-01
2.63639866e-02
-4.41878215e-01
-4.32966519e-01
-3.18677918e-01
-1.89610523e-01
4.42638070e-01
4.20427040e-01
3.03489825e-01
4.60985615e-01
1.09090665e-01
-4.70158155e-01
-4.32136973e-01
-4.67518810e-02
1.91253282e-02
8.37868993e-02
3.60852604e-01
4.10463443e-03
-1.27231625e-01
-5.42440031e-04
9.55461561e-03
-7.49145014e-02
-5.24880825e-01
8.25785197e-04
3.76330678e-01
0.00000000e+00
0.00000000e+00
4.66803890e-01
1.33913695e-01
-7.49891719e-02
-3.69230615e-01
-2.61230806e-01
-1.06589534e-01
0.00000000e+00
0.00000000e+00
0.00000000e+00
-1.65971166e-01
-2.37482142e-01
-1.75552078e-01
4.91574681e-02
4.39499186e-01
-1.20973809e-01
0.00000000e+00
0.00000000e+00
-2.77952147e-01
-1.22477260e-01
-1.63724569e-01
0.00000000e+00
-1.06904439e-01
2.69134400e-01
3.76573209e-01
0.00000000e+00
3.46942802e-02
1.29506831e-01
3.04188006e-01
0.00000000e+00
-1.95791504e-01
0.00000000e+00
5.43623166e-01
1.76153375e-01
-1.22477260e-01
-2.64998657e-01
2.38696083e-02
-7.49898153e-01
-5.64067151e-01
4.28091042e-01
4.66662171e-01
8.66149607e-02
4.16858602e-01
0.00000000e+00
-5.22210718e-01
-2.86727076e-01
2.89632829e-01
2.55964310e-01
4.49984385e-02
5.01588087e-01
-2.23197180e-01
1.27432321e-01
8.89290213e-02
-1.00847698e-01
-4.40648759e-01
-1.47099853e-02
1.57223721e-01
-2.23197180e-01
1.97846374e-01
-9.10079437e-02
1.57139184e-01
-9.72026065e-01
-3.43110920e-01
-3.93760534e-01
0.00000000e+00
1.70196128e-02
-8.74694086e-02
9.06581824e-02
5.84169432e-02
-1.73565898e-01
-4.84856327e-02
0.00000000e+00
-1.40730921e-01
-6.55690060e-02
1.45116760e-01
-5.10227777e-01
-1.09325635e-01
-8.22881308e-02
0.00000000e+00
0.00000000e+00
0.00000000e+00
0.00000000e+00
0.00000000e+00
0.00000000e+00
0.00000000e+00
0.00000000e+00
0.00000000e+00
0.00000000e+00
0.00000000e+00
0.00000000e+00
0.00000000e+00
0.00000000e+00
-4.54081856e-01
-7.66958335e-01
-1.60897175e-01
0.00000000e+00
0.00000000e+00
0.00000000e+00
-9.43299434e-02
-2.11039526e-01
-1.03166225e-01
5.85749962e-01
-5.40356603e-01
-1.64622094e-01
7.61927098e-01
4.10174985e-01
-8.35637598e-01
0.00000000e+00
7.02421312e-01
5.08499554e-01
-9.71599793e-01
1.03821745e+00
-4.58303402e-01
-9.97534887e-02
1.33808760e-01
-7.41339518e-01
-8.66213873e-02
5.07328466e-03
-4.26624051e-01
0.00000000e+00
0.00000000e+00
0.00000000e+00
3.45342091e-01
-6.10928896e-01
-1.14945253e-01
-1.72320358e-02
-9.36338392e-01
-8.93260423e-02
6.84826027e-02
4.75029583e-02
7.21546847e-01
0.00000000e+00
-1.58989390e-01
-1.55390431e-01
-3.75700652e-01
-9.02789580e-02
3.42211029e-01
2.43548067e-01
-9.22182376e-02
-5.87692966e-02
3.98104735e-01
1.06755203e-01
-8.57766976e-01
0.00000000e+00
0.00000000e+00
0.00000000e+00
-6.47912157e-02
3.56474910e-01
7.31435006e-01
1.15358881e+00
-7.13971019e-01
-3.47183237e-02
1.55836035e-01
-3.15218761e-01
1.66343804e-01
0.00000000e+00
-5.41694204e-01
9.64997994e-01
-5.22918425e-01
2.61665600e-01
-5.60433935e-01
-1.00165264e-01
-3.35907009e-01
-6.93283059e-01
-3.21928028e-01
-4.43079892e-01
-2.08680411e-01
0.00000000e+00
0.00000000e+00
0.00000000e+00
-1.15425202e-01
-6.29455441e-01
-2.33868089e-01
9.54851244e-02
-6.75155968e-01
-8.15377148e-02
3.59604982e-01
4.11418777e-01
7.63642336e-02
0.00000000e+00
4.16348316e-01
-1.07896142e-01
-3.66114332e-01
8.83667050e-02
5.15942008e-01
-9.18022698e-02
-2.22733532e-02
-2.54959377e-01
4.04496469e-01
1.78086407e-03
136
7.59186014e-02
-4.04410196e-02
-7.83227056e-03
-5.31224499e-02
6.60058436e-04
8.71969547e-02
5.81187231e-04
8.22851162e-02
3.89018855e-04
0.00000000e+00
0.00000000e+00
2.19972244e-01
1.02804890e-01
-1.15930404e-01
-1.82898903e-01
-2.30248434e-02
7.49956174e-02
0.00000000e+00
0.00000000e+00
0.00000000e+00
5.88959969e-02
-8.46322001e-02
-1.13065446e-01
1.04018230e-01
9.18016199e-02
1.98673568e-02
0.00000000e+00
0.00000000e+00
-1.19664597e-01
-9.86874377e-02
2.26789081e-01
0.00000000e+00
-7.13912815e-02
7.67907180e-02
1.39191288e-01
0.00000000e+00
-1.01258013e-01
2.70541724e-02
1.01712402e-01
0.00000000e+00
-1.12931038e-03
-2.38408095e-01
1.35886631e-01
0.00000000e+00
0.00000000e+00
0.00000000e+00
1.69376340e-01
-4.03593938e-01
4.68608027e-01
-1.47479474e-01
-4.96928044e-01
-1.07799367e-01
-1.86610791e-01
-2.11247546e-02
7.84465502e-02
-2.32764780e-01
1.68584687e-01
-1.33606035e-01
-2.15573733e-01
6.81550370e-02
-9.71619628e-02
5.73529518e-02
2.77317503e-01
-3.19114467e-01
1.90991640e-01
-3.01670232e-02
3.19019291e-02
8.44275061e-02
-1.05894280e-02
9.20232803e-02
-1.52468332e-01
-2.88055424e-02
1.64855587e-01
-2.19967180e-01
1.45877074e-01
-2.20417319e-02
0.00000000e+00
0.00000000e+00
0.00000000e+00
0.00000000e+00
0.00000000e+00
0.00000000e+00
0.00000000e+00
0.00000000e+00
0.00000000e+00
0.00000000e+00
-2.86702229e-02
9.75095371e-02
-9.14690242e-01
0.00000000e+00
0.00000000e+00
0.00000000e+00
2.30915622e-01
-3.05973744e-01
1.44009648e-01
1.47474622e+00
-2.28991328e+00
-1.33984816e-01
7.07638608e-01
9.21713315e-01
-5.93691169e-01
0.00000000e+00
8.13706196e-02
1.03224570e+00
-1.49541689e+00
2.06102136e-01
7.91228502e-01
3.71420871e-01
-1.73218269e-01
-1.44854843e+00
-5.53228182e-02
-3.80012073e-01
-1.02329663e+00
0.00000000e+00
0.00000000e+00
0.00000000e+00
-9.09453171e-02
1.12091599e-01
-3.57745203e-02
1.36480813e+00
-1.92618817e+00
-1.76575973e-01
5.62819402e-01
2.25853430e-01
-1.89264872e-01
0.00000000e+00
7.63280331e-02
1.13989399e+00
-1.48950063e+00
5.69105602e-01
1.86128169e-02
5.33476875e-02
-2.66397171e-01
-9.47827976e-01
1.93968381e-01
-2.17651079e-01
6 2
-1.0891e+00 5.2790e-01
7 -1
0 1 5 3 4 7 2 
217
-2.73188233e-01
5.02843061e-02
2.57538869e-01
-2.62531365e-01
-3.44374732e-01
-3.37773286e-01
-4.93734855e-01
4.70120490e-01
8.18279787e-02
2.99988148e-01
8.28146935e-01
4.47215681e-02
-3.45053559e-01
-3.40347802e-01
0.00000000e+00
0.00000000e+00
0.00000000e+00
3.82611000e-02
-8.43712484e-03
3.48480166e-01
-3.34883209e-01
3.19063323e-03
2.53311357e-01
2.34338761e-02
-3.87789491e-04
3.09065264e-01
0.00000000e+00
0.00000000e+00
7.94938116e-01
-1.05653046e-01
-1.65614219e-01
-3.51306695e-01
-3.16659632e-01
-1.28892757e-01
0.00000000e+00
0.00000000e+00
0.00000000e+00
-9.78996624e-02
-2.60407779e-01
-2.38958268e-01
-1.54157763e-01
2.22408474e-01
1.47358982e-01
0.00000000e+00
0.00000000e+00
-1.31887484e-01
-2.88131489e-01
3.12199643e-01
0.00000000e+00
-2.43580535e-01
4.00132472e-01
-2.86691871e-02
0.00000000e+00
-3.81753747e-01
-1.98221337e-02
3.15002477e-01
0.00000000e+00
8.01905801e-02
-1.29013940e-01
-1.57509968e-01
-2.60093261e-01
-2.88476410e-01
2.75381438e-01
3.97132543e-02
-7.68932657e-02
-4.41424319e-01
1.10329828e-01
3.87221721e-01
-3.46338050e-01
3.21764102e-02
-3.47666760e-01
-3.29709346e-01
2.13832687e-01
5.44816573e-01
-4.47878642e-01
-1.40628699e-01
-8.77503010e-01
4.71756498e-02
-2.41913304e-01
4.02519894e-02
-2.34798054e-01
-1.28715971e-01
1.56347475e-01
3.37702253e-01
5.37144529e-02
-3.39959542e-02
2.03388154e-01
-1.33189120e-01
-7.38477675e-01
-1.59717612e-01
-3.03685805e-01
-3.03344315e-01
-2.47249744e-01
1.68706062e-01
1.92610634e-01
-3.06300255e-01
8.47951914e-02
1.83200343e-01
-3.03344315e-01
-2.08308122e-01
-5.79234587e-02
1.88102230e-01
-4.65804662e-01
5.03619739e-02
-6.84966015e-02
-3.53332435e-01
-4.10413098e-01
-3.39560513e-01
3.77560432e-01
-1.38317657e-01
1.12996869e-01
2.31914546e-01
0.00000000e+00
0.00000000e+00
0.00000000e+00
0.00000000e+00
0.00000000e+00
0.00000000e+00
0.00000000e+00
-3.15497785e-01
-4.67743901e-01
-2.97494811e-01
0.00000000e+00
0.00000000e+00
0.00000000e+00
-9.51288878e-02
-1.27037327e-01
6.81602337e-02
1.20173405e+00
-8.70725365e-01
-2.77958748e-03
1.14572722e+00
4.44332908e-01
-2.94350920e-01
0.00000000e+00
-2.90899974e-01
2.79283299e-01
-5.70802018e-01
5.43848035e-02
-1.73984761e-01
-2.61783677e-01
-4.58445716e-02
-6.03999905e-01
1.90209669e-01
-3.43990003e-01
-4.15329687e-01
0.00000000e+00
0.00000000e+00
0.00000000e+00
1.40794958e-01
-5.35579899e-01
1.60837637e-01
5.25262525e-01
-9.44214150e-01
-3.24773682e-02
-6.40541340e-03
8.39877632e-02
-1.26921743e-01
0.00000000e+00
1.70069427e-01
3.79410423e-01
-3.33678124e-01
1.45484616e-01
2.38506172e-01
2.62732415e-01
-3.08435965e-02
-6.80951125e-01
-1.18321559e-01
2.86977354e-01
-5.72398907e-01
0.00000000e+00
0.00000000e+00
0.00000000e+00
-2.90377357e-01
3.89918636e-02
4.24451821e-01
7.60506737e-01
-4.45509513e-01
-3.88310317e-01
1.63572084e-01
3.54317157e-01
-1.19419110e-01
0.00000000e+00
-7.51861858e-02
-1.12210943e-04
-7.43854192e-01
2.37991046e-01
-1.36760661e-01
1.94081904e-01
-1.48369295e-01
-3.95579343e-01
5.31980490e-01
-5.34813825e-01
-2.74426521e-01
0.00000000e+00
0.00000000e+00
0.00000000e+00
1.36715533e-01
-1.72505684e-01
-1.70965164e-01
2.80199027e-01
-7.94683568e-01
1.63447024e-01
1.35124665e-01
2.00329912e-02
7.15515937e-02
0.00000000e+00
-1.49464643e-01
5.46964306e-01
-4.75260552e-01
1.32109909e-01
5.34436385e-01
3.12236812e-02
-1.56457151e-01
-2.97619317e-01
-1.60400444e-01
5.11248871e-02
136
1.79925803e-02
0.00000000e+00
0.00000000e+00
-5.45692925e-02
7.83369058e-05
-3.60511951e-02
-2.05584724e-04
8.76362758e-02
1.05942165e-03
0.00000000e+00
0.00000000e+00
-1.77783608e-01
-5.97153996e-02
-1.22356322e-01
-6.68218727e-02
1.74649277e-01
2.70020506e-01
0.00000000e+00
0.00000000e+00
0.00000000e+00
1.54881629e-01
-1.23461749e-01
-2.15481079e-01
-6.99138863e-02
1.25584831e-01
1.29618445e-01
1.69746734e-02
0.00000000e+00
-2.02518605e-01
-1.36375776e-01
1.91388376e-01
0.00000000e+00
-3.44776884e-02
6.35873040e-03
2.04759518e-01
0.00000000e+00
-8.94842540e-02
1.24311137e-01
1.19692287e-01
0.00000000e+00
4.66869042e-02
-1.88339609e-01
-2.30385262e-02
0.00000000e+00
0.00000000e+00
0.00000000e+00
1.28960509e-01
-3.23975940e-01
4.83233380e-01
-9.44636126e-02
-3.75569371e-01
-1.09954008e-01
-1.70809548e-01
9.80854214e-02
6.16307931e-02
-1.48661389e-01
1.70362586e-01
-1.63559705e-01
-2.20355557e-01
7.31613003e-02
-1.46484557e-01
2.44193882e-02
2.84831036e-01
-2.45691949e-01
1.74468906e-01
-1.59683512e-01
-8.26434953e-04
1.49912169e-02
6.48388865e-02
4.89936249e-02
-4.12337674e-02
-6.98724241e-03
7.37055512e-02
-1.61088247e-01
1.19340887e-01
-1.26837911e-01
-6.86494102e-03
-1.35755083e-02
7.25179820e-02
1.96390552e-01
-2.20811267e-01
0.00000000e+00
0.00000000e+00
0.00000000e+00
0.00000000e+00
0.00000000e+00
-7.54484015e-02
6.10040060e-02
-9.14551332e-01
0.00000000e+00
0.00000000e+00
0.00000000e+00
2.14508303e-01
-3.73510411e-01
4.22118786e-02
1.27889956e+00
-2.24642190e+00
-2.23467620e-01
6.67182091e-01
9.27516112e-01
-3.68933556e-01
0.00000000e+00
8.57234843e-02
9.86878212e-01
-1.53954297e+00
4.10159137e-01
7.75850490e-01
2.82748391e-01
-2.24496731e-01
-1.32355672e+00
1.07914042e-02
-2.97090490e-01
-1.04662352e+00
0.00000000e+00
0.00000000e+00
0.00000000e+00
-1.41952046e-01
8.23970243e-02
-2.53337240e-02
1.31456396e+00
-1.95064974e+00
-1.80091741e-01
5.90427389e-01
2.57357306e-01
-1.76405747e-01
0.00000000e+00
1.91419162e-01
1.05850290e+00
-1.43350649e+00
6.86427901e-01
-3.35455174e-02
1.68819604e-02
-3.33338581e-01
-9.73911789e-01
2.22949307e-01
-2.18815058e-01
10 2
-1.4079e+00 5.4676e-01
8 -1
0 1 5 3 4 7 2 6 
217
-1.21282805e-01
-2.00682389e-01
4.88741403e-01
1.29655892e-01
3.14132282e-02
-1.71575540e-01
-2.51391570e-01
5.65659213e-01
2.38631128e-01
5.95318255e-01
5.04340023e-01
3.90685664e-01
-6.44275615e-01
-2.50729713e-01
0.00000000e+00
0.00000000e+00
0.00000000e+00
-6.58231300e-01
8.54473121e-03
-7.58730906e-03
7.75871939e-01
-9.06068468e-03
3.46276326e-02
-2.36932093e-01
8.85437996e-04
2.66886898e-01
0.00000000e+00
0.00000000e+00
-1.02716073e-01
4.33900804e-01
3.24560095e-01
-1.28110917e-01
-1.60856624e-01
-4.88060091e-01
0.00000000e+00
0.00000000e+00
0.00000000e+00
5.33088045e-02
-1.93612279e-01
-1.52103923e-01
1.10789544e-01
3.08867883e-02
-4.69222877e-01
4.98671138e-01
0.00000000e+00
-3.32849469e-01
1.29549209e-01
5.25867223e-02
0.00000000e+00
1.95358114e-01
3.31696543e-01
-2.22334607e-01
0.00000000e+00
-3.32660005e-01
3.21594183e-01
1.63951825e-01
0.00000000e+00
2.89895863e-01
0.00000000e+00
-1.48726314e-01
4.70646966e-02
-3.04298687e-01
1.35951185e-01
7.31063785e-01
-5.17568719e-01
-1.62659810e-01
4.66351680e-02
5.58835300e-01
-3.81413039e-01
-1.42221114e-01
-8.03695139e-02
-9.98859823e-02
1.58368129e-01
6.67684631e-03
-3.74193210e-01
5.22958450e-02
-1.98325758e-01
1.12932983e-01
-1.10760518e-01
-5.11524594e-01
2.16080798e-02
-2.17612645e-01
-1.45063349e-01
-3.02438615e-01
1.12932983e-01
4.10735287e-02
4.88887306e-01
-2.30462503e-01
-1.72498853e-01
-4.48268137e-02
1.56040930e-01
1.75388608e-01
-3.28114520e-01
-5.90220473e-01
7.61549461e-02
1.06436647e-01
-4.47118393e-02
3.73008958e-01
8.56894643e-02
-2.03900511e-01
-2.20721667e-01
7.21880785e-02
-1.43871782e-01
-7.52598368e-02
5.91445108e-01
-3.03101762e-01
-8.06288114e-01
-5.31558584e-01
6.00735832e-01
-2.89419704e-01
3.87371239e-01
2.63674114e-02
0.00000000e+00
2.94619755e-02
1.12920039e-01
-1.74137765e-01
-1.71588015e-01
2.33929846e-02
-2.15642296e-01
-8.64217584e-01
-5.28599120e-01
-6.89727527e-01
0.00000000e+00
0.00000000e+00
0.00000000e+00
-1.43327090e-01
2.41098513e-01
-5.49043756e-01
3.05824860e-01
-1.00456491e+00
-7.33840890e-02
1.15036923e+00
6.07348649e-02
2.49869709e-01
0.00000000e+00
-6.67237022e-01
-2.60460528e-02
-3.80126071e-01
5.77372987e-01
-8.96365871e-02
-3.15532463e-01
5.17527066e-01
-3.06175548e-01
1.76509788e-01
-4.13960962e-01
-2.75810592e-01
0.00000000e+00
0.00000000e+00
0.00000000e+00
1.73746759e-02
-2.95530032e-01
3.88433292e-01
7.66936300e-01
-6.26642824e-01
-7.19096377e-02
-1.26623514e-01
4.24650476e-01
-1.42624760e-01
0.00000000e+00
3.32176612e-01
1.47541116e-01
-4.43297187e-01
-1.23120673e-01
5.94832024e-02
3.19896253e-01
-3.31993458e-01
-4.44073814e-01
-2.22068679e-01
9.55820608e-02
-6.97284361e-01
0.00000000e+00
0.00000000e+00
0.00000000e+00
-6.79341436e-01
-7.72595863e-01
3.55280154e-02
2.14622489e-01
-8.12639102e-01
-1.29231134e-01
2.60473644e-01
3.89875237e-01
-2.85417669e-01
0.00000000e+00
-7.24128812e-03
1.05423697e+00
7.35454566e-02
5.70748863e-01
5.02400991e-01
3.75296962e-02
-3.24772117e-01
-3.77619774e-01
3.21578567e-01
-7.68965906e-01
-3.04033530e-01
0.00000000e+00
0.00000000e+00
0.00000000e+00
3.00971859e-01
-9.90436554e-02
-1.49709036e-01
4.81681232e-01
-7.00257134e-01
-7.55970231e-02
1.71567832e-01
1.61701133e-02
-1.65792992e-01
0.00000000e+00
7.35329120e-02
-2.03779212e-01
-8.09200032e-01
1.74640421e-01
9.84446313e-02
7.26197614e-02
-9.55350883e-02
-5.07050098e-02
2.12916881e-01
4.43040010e-01
136
-2.61810487e-02
9.55827987e-03
-1.56072037e-02
-7.93248820e-02
6.33232687e-04
-5.17895906e-02
2.18777222e-03
9.53751440e-02
8.22958116e-04
0.00000000e+00
0.00000000e+00
3.55685648e-01
1.77520931e-01
-2.25644993e-02
-1.67136463e-01
-1.56800964e-01
-2.12885701e-01
0.00000000e+00
0.00000000e+00
0.00000000e+00
1.39272145e-01
-1.09706791e-01
-2.02559018e-01
-4.19708042e-02
-1.44772618e-02
1.41757781e-01
6.38099489e-02
0.00000000e+00
-1.93453697e-01
-8.04360858e-03
1.10044253e-01
0.00000000e+00
-1.69032286e-02
-5.30915203e-02
1.59114758e-01
0.00000000e+00
-4.81044716e-02
-2.19938325e-02
1.27674598e-01
0.00000000e+00
-1.34223281e-02
-1.56833575e-01
9.11695141e-02
0.00000000e+00
0.00000000e+00
0.00000000e+00
1.65024589e-01
-4.07325036e-01
4.48256867e-01
-1.52742040e-01
-4.17171836e-01
-1.56909238e-01
-1.17312398e-01
1.49958175e-01
7.89959006e-02
-2.70431626e-01
2.05857899e-01
-2.42072567e-01
-2.98193571e-01
7.12838246e-02
-2.49509898e-02
-2.52238389e-01
4.58682409e-01
-1.82803131e-01
1.71762606e-01
-8.36117267e-02
-8.11545192e-03
-4.21171552e-02
1.22948092e-02
5.81253652e-02
3.56048935e-02
-3.29953865e-02
8.85882383e-02
-2.15383242e-01
1.57492814e-01
-7.48745177e-02
4.68590198e-02
-1.22341479e-01
4.05221827e-02
1.62638362e-01
-3.56789951e-01
0.00000000e+00
4.63698698e-02
-8.98193198e-02
9.49070344e-02
-5.30942484e-02
-7.64604524e-03
1.38009890e-01
-8.82027620e-01
0.00000000e+00
0.00000000e+00
0.00000000e+00
2.09764619e-01
-4.29067223e-01
9.98126058e-03
1.32521263e+00
-2.30685209e+00
-1.64576412e-01
7.15674131e-01
9.12933725e-01
-4.45452206e-01
0.00000000e+00
9.66657170e-02
1.03060254e+00
-1.56179688e+00
3.82754145e-01
8.01823664e-01
3.36644767e-01
-1.46327927e-01
-1.40909987e+00
4.11987252e-02
-2.82110933e-01
-1.00319434e+00
0.00000000e+00
0.00000000e+00
0.00000000e+00
-1.13195929e-01
1.42097844e-01
-4.49002952e-03
1.36517065e+00
-1.90200623e+00
-1.54273431e-01
5.69701983e-01
2.57927116e-01
-1.26888617e-01
0.00000000e+00
1.24237679e-01
1.10027255e+00
-1.48289542e+00
5.77064843e-01
7.16841376e-03
7.90006422e-03
-3.16714980e-01
-1.04734029e+00
2.21888204e-01
-2.28818761e-01
8 1
-1.6821e+00 5.6790e-01
8 1
0 1 5 3 4 7 2 6 
217
3.64651825e-01
-1.24318936e-01
-3.34524402e-01
-3.62449278e-01
5.29004896e-02
-8.50434685e-02
-2.01027854e-01
7.24345647e-01
6.22854142e-01
-4.86459646e-01
3.65279462e-01
3.39889811e-01
0.00000000e+00
0.00000000e+00
0.00000000e+00
0.00000000e+00
0.00000000e+00
2.18876854e-03
-1.69080735e-02
3.38896545e-01
7.23092738e-02
1.32279517e-02
-4.26466294e-01
2.02209829e-02
1.00770581e-03
-3.02150448e-01
0.00000000e+00
0.00000000e+00
4.32289210e-01
1.63989751e-01
-2.29733289e-01
-3.38513054e-01
2.13851649e-01
1.22767557e-01
0.00000000e+00
0.00000000e+00
0.00000000e+00
4.02740036e-02
-1.43573137e-01
-2.56277856e-01
4.81560125e-02
2.72440925e-01
2.95159669e-01
0.00000000e+00
0.00000000e+00
-8.81133267e-02
-2.42259709e-02
7.52456451e-02
0.00000000e+00
-8.69880182e-02
8.38477384e-02
1.24499870e-01
0.00000000e+00
1.74988549e-02
-1.20419033e-01
6.41447455e-02
0.00000000e+00
-1.22932197e-01
-1.03691701e-01
5.45785218e-01
2.55456634e-01
-2.27671632e-01
3.36866823e-01
8.28323434e-02
-2.47321310e-01
-6.71798941e-02
3.90735920e-01
5.87071991e-01
1.38404872e-01
5.84566495e-01
0.00000000e+00
-2.93929714e-01
-2.91347596e-01
4.47005826e-01
1.91685614e-01
1.98180686e-01
-6.04103272e-02
-1.92533687e-01
1.16664601e-01
-7.14293843e-02
7.15650467e-02
-1.57505142e-01
3.68955864e-01
-1.22252220e-01
-9.18204191e-02
1.76086356e-01
-8.60395203e-01
1.03986741e-01
-1.70786701e-01
1.76399147e-01
-2.80577425e-01
0.00000000e+00
2.83551609e-01
-1.18097638e-01
1.86334681e-01
-1.91503483e-02
-2.56464770e-01
-7.90638379e-01
0.00000000e+00
-1.24770714e-01
3.34364315e-01
2.17886138e-01
-8.93813712e-01
1.20306096e-01
4.62050053e-01
0.00000000e+00
-4.08579377e-01
-7.78821672e-01
4.57551644e-01
-7.18909555e-01
1.50104603e-01
-5.95875452e-02
0.00000000e+00
1.50176024e-02
4.70357203e-01
2.47531391e-01
-3.43645442e-01
1.02102832e-01
-8.71170305e-02
2.40971103e-01
-1.17920418e-01
-1.38977593e-01
0.00000000e+00
0.00000000e+00
0.00000000e+00
3.63026172e-02
-4.25691869e-01
-5.10593823e-01
1.92471415e-01
-5.31222947e-01
7.33177210e-01
4.63714812e-01
5.80466459e-01
1.92990233e-01
0.00000000e+00
-5.56852583e-01
6.28096872e-01
-7.20075195e-01
1.25140754e-01
3.64605429e-01
-1.49778493e-01
-3.87447820e-01
-6.61519427e-01
4.80571381e-01
6.66738014e-03
-3.67810337e-01
0.00000000e+00
0.00000000e+00
0.00000000e+00
3.20977158e-01
-9.62016595e-02
4.91749217e-01
5.89303360e-01
-1.22695242e+00
-4.50519264e-01
2.12618070e-01
-1.00034168e-01
2.53518454e-02
0.00000000e+00
5.23602432e-01
-4.91637984e-02
-8.50327674e-01
4.53262693e-01
1.43691145e-01
2.22621632e-01
-6.96986921e-02
-6.83945294e-01
4.58472634e-03
1.71270352e-01
-9.37412437e-01
0.00000000e+00
0.00000000e+00
0.00000000e+00
-4.14532482e-01
1.62589599e-01
-2.36175079e-01
6.56317843e-01
-8.38087609e-01
7.98027640e-02
6.47689229e-01
-1.06898526e-01
-4.87098828e-01
0.00000000e+00
4.99936557e-01
6.78024731e-01
-7.94921721e-01
-2.20432539e-01
2.73394414e-01
-7.76308217e-01
-6.56110954e-01
-8.46298584e-02
6.43349675e-01
3.66785623e-02
-9.41530726e-02
0.00000000e+00
0.00000000e+00
0.00000000e+00
-1.49150065e-01
-1.57522695e-01
-1.87023757e-01
3.38638437e-01
-8.00556122e-01
-7.55334430e-02
-7.05934067e-02
1.86268711e-01
2.11954138e-01
0.00000000e+00
9.83934493e-02
3.99562160e-01
-2.38205483e-01
3.75593282e-01
1.34771160e-01
1.53124709e-01
1.97866465e-01
-7.14820358e-02
-2.79798306e-01
-1.60460270e-01
136
3.86825509e-02
8.36062788e-03
-1.01442249e-03
-4.01167433e-03
4.40007018e-04
-1.89864818e-02
9.78537625e-04
5.33200792e-02
4.21072353e-04
0.00000000e+00
0.00000000e+00
2.31557895e-01
1.04060632e-01
-8.29573289e-02
-1.93821285e-01
-5.02769289e-02
3.01195664e-02
0.00000000e+00
0.00000000e+00
0.00000000e+00
1.65264829e-01
-8.07109151e-02
-1.81726159e-01
-2.61138412e-02
4.15530478e-02
9.23428602e-02
3.00273975e-02
0.00000000e+00
-2.60158294e-01
3.95611925e-02
1.38584940e-01
0.00000000e+00
-5.67857793e-02
4.58451824e-02
1.74043998e-01
0.00000000e+00
-3.25649859e-02
-5.66829787e-03
1.22355212e-01
0.00000000e+00
2.67248143e-02
-1.43373646e-01
-1.66929914e-02
0.00000000e+00
0.00000000e+00
0.00000000e+00
2.64206819e-01
-3.21031182e-01
4.36146279e-01
-1.17070331e-01
-3.30354494e-01
-8.97354672e-02
-2.26237572e-01
4.57074634e-02
6.70776531e-02
-2.06053949e-01
2.59857580e-01
-2.61041725e-01
-2.30921755e-01
3.71159893e-02
-2.65693856e-02
-2.41715040e-01
3.86149903e-01
-2.36363639e-01
1.71923177e-01
-7.90095088e-02
1.56347891e-02
4.06882495e-02
8.51274193e-02
4.75000201e-02
-4.21606106e-02
-7.61126676e-03
1.29425583e-01
-1.58769408e-01
1.32869872e-01
-8.56265855e-02
4.27710615e-02
-7.50225596e-02
1.51577175e-01
1.17212614e-01
-1.77854051e-01
0.00000000e+00
1.25902296e-01
-4.73929529e-02
9.28460197e-02
-1.23290956e-01
-5.39626194e-02
1.71105682e-02
-9.13685702e-01
0.00000000e+00
0.00000000e+00
0.00000000e+00
1.96871263e-01
-4.53023964e-01
8.37664953e-02
1.39521130e+00
-2.31074710e+00
-1.98104525e-01
6.99162727e-01
9.11903316e-01
-4.04534767e-01
0.00000000e+00
1.03617057e-01
9.57091218e-01
-1.53519593e+00
3.31952448e-01
7.35810820e-01
3.45401193e-01
-1.26582428e-01
-1.33634898e+00
7.73722713e-03
-3.17673077e-01
-1.05352058e+00
0.00000000e+00
0.00000000e+00
0.00000000e+00
-1.10369603e-01
6.83658955e-02
-3.38900546e-02
1.35381094e+00
-1.93239059e+00
-1.77705552e-01
6.04470949e-01
2.79501147e-01
-1.64547626e-01
0.00000000e+00
1.33244985e-01
1.06964578e+00
-1.51310425e+00
5.28440105e-01
5.73983064e-02
7.68899848e-02
-3.16005944e-01
-1.00517943e+00
2.76293418e-01
-2.48389037e-01
9 1
-1.8206e+00 5.7402e-01
8 1
0 1 5 3 4 7 2 6 
217
-1.45801772e-02
6.51325668e-02
-9.83607208e-02
-1.42047431e-01
-2.10855816e-02
8.48428285e-02
-2.34724792e-01
4.89327278e-01
-3.99589647e-01
4.66509315e-01
-3.27148563e-01
3.89337934e-03
9.67968406e-01
5.39807420e-02
0.00000000e+00
0.00000000e+00
0.00000000e+00
0.00000000e+00
0.00000000e+00
0.00000000e+00
0.00000000e+00
0.00000000e+00
0.00000000e+00
-1.40495458e+00
1.11985532e-03
6.52437688e-01
0.00000000e+00
0.00000000e+00
5.09886794e-01
-1.09911649e-01
-2.89612183e-01
-3.80115086e-01
-4.13071283e-02
2.96479076e-01
0.00000000e+00
0.00000000e+00
0.00000000e+00
-4.44229949e-01
-3.83446969e-01
-3.67876118e-01
2.98471969e-01
1.11925614e+00
5.92465584e-01
-8.29220835e-01
0.00000000e+00
-7.13204263e-01
3.56654779e-02
-5.99838013e-02
0.00000000e+00
1.89072804e-01
-1.20676563e-01
7.73105810e-01
0.00000000e+00
-4.03932430e-02
1.01836908e+00
4.90625927e-02
0.00000000e+00
-4.53481631e-01
0.00000000e+00
7.84796973e-01
-3.29956427e-02
-6.60943406e-01
6.79358872e-01
-4.57020012e-02
-4.97853417e-01
-1.09536170e-01
2.45438085e-01
4.77094656e-01
2.83537157e-01
5.99891449e-01
0.00000000e+00
1.01535256e-03
-1.05107161e+00
5.06400819e-01
1.09912438e-01
4.97025337e-01
2.45000419e-01
-3.62753767e-03
2.93143385e-01
-3.87041208e-02
-1.24525558e-01
-5.45966074e-01
-1.79570466e-01
2.83351901e-02
1.50575692e-02
8.89218946e-02
-8.53384720e-01
-1.77384713e-01
-4.66728433e-01
5.88250724e-02
6.09322911e-02
0.00000000e+00
-1.91555429e-01
0.00000000e+00
-7.99742570e-02
-1.79932495e-02
2.95790840e-01
2.53861313e-01
0.00000000e+00
2.95723714e-01
1.38007042e-02
3.70333975e-01
-3.71715715e-01
2.16543289e-01
1.20922311e-01
0.00000000e+00
-5.61092603e-01
-5.45461123e-01
3.33947564e-01
-9.08782700e-01
2.13077075e-01
5.41382225e-01
0.00000000e+00
-2.69393915e-03
2.07829431e-01
-3.36861415e-01
4.08452897e-01
3.24975177e-01
5.16312339e-02
1.26381145e-01
2.91231829e-01
-8.56084734e-01
0.00000000e+00
0.00000000e+00
0.00000000e+00
3.08285943e-01
-2.16641308e-01
-6.95749276e-01
1.79635703e+00
-9.40211147e-01
-1.86813274e-02
1.70755662e+00
7.95988150e-01
-4.93301209e-01
0.00000000e+00
1.04763503e+00
1.37576688e+00
-5.36891840e-02
1.98813380e+00
1.36485779e+00
1.14779693e+00
3.37138775e-02
-6.37161922e-01
8.28983823e-01
9.81941607e-01
-1.27356462e+00
0.00000000e+00
0.00000000e+00
0.00000000e+00
1.03270658e+00
9.55573321e-01
1.35215922e+00
8.18857195e-01
8.17336643e-02
1.28441718e+00
7.28470099e-01
1.04886619e+00
1.52317181e+00
0.00000000e+00
1.06681076e+00
7.65021679e-01
-1.21367398e-01
5.66166873e-01
8.12932688e-01
6.45288817e-01
1.28000149e+00
1.16976778e+00
1.32043851e+00
6.87113245e-01
-9.75656371e-01
0.00000000e+00
0.00000000e+00
0.00000000e+00
-7.72535114e-01
1.26347400e+00
1.51536153e+00
1.65487996e+00
-9.80802484e-02
-4.45370367e-01
6.56145311e-01
3.24497712e-01
3.31910183e-01
0.00000000e+00
9.01506818e-02
1.20203268e+00
-7.42016254e-02
7.69728638e-01
2.71425781e-01
7.82820772e-01
3.47164316e-01
3.17040839e-01
1.34231999e+00
-1.14729312e+00
-1.22247638e+00
0.00000000e+00
0.00000000e+00
0.00000000e+00
1.43756180e+00
3.81444606e-01
3.82134420e-01
9.05495142e-01
-1.84628789e-01
1.35993269e+00
1.16035495e+00
1.08806342e+00
7.55390244e-01
0.00000000e+00
1.31370397e+00
9.04284508e-01
-1.44544511e-01
6.05847273e-01
1.21887012e+00
6.91326031e-01
8.08951550e-01
6.54481813e-01
6.77456605e-01
1.52885235e+00
136
3.52699167e-02
1.92581527e-03
2.32442555e-03
-8.32993359e-02
-2.03327952e-03
6.26539413e-02
5.39198656e-04
5.39894959e-02
3.48144529e-04
0.00000000e+00
0.00000000e+00
2.16477362e-01
1.16427113e-01
-9.22264064e-02
-1.64545973e-01
-5.62484377e-02
1.53862590e-02
0.00000000e+00
0.00000000e+00
0.00000000e+00
1.41125062e-01
-7.42562898e-02
-1.39320801e-01
-4.99795694e-02
7.16324363e-02
7.97945243e-02
9.06617035e-03
0.00000000e+00
-1.76456484e-01
2.11780112e-02
1.17626094e-01
0.00000000e+00
-1.88447181e-04
-2.55706403e-02
1.72437230e-01
0.00000000e+00
-5.66724029e-02
9.24883480e-04
1.43970825e-01
0.00000000e+00
-2.75111680e-02
-1.21599414e-01
-1.00769554e-02
0.00000000e+00
0.00000000e+00
0.00000000e+00
2.63324572e-01
-3.91183347e-01
4.18513258e-01
-1.29000612e-01
-3.84290142e-01
-2.95538191e-02
-2.34066299e-01
6.61130579e-02
6.01418082e-02
-1.69613047e-01
2.54942466e-01
-2.07163155e-01
-1.81110386e-01
3.05311611e-02
-3.67596226e-02
-1.99663427e-01
3.57210887e-01
-2.04080576e-01
1.59171163e-01
7.52655062e-03
-6.64073510e-03
7.47720448e-02
4.51743127e-02
7.36234415e-02
-4.84507051e-02
-1.70451190e-02
1.18801750e-01
-1.36507912e-01
1.25659460e-01
-6.63043793e-02
5.76612560e-04
-3.85782681e-02
1.64785062e-01
1.22573571e-01
-3.08461690e-01
0.00000000e+00
1.17479504e-01
-7.52468445e-02
9.21925214e-02
-1.25248369e-01
-2.75532946e-02
-4.26195331e-03
-9.08218932e-01
0.00000000e+00
0.00000000e+00
0.00000000e+00
2.72694691e-01
-4.15372543e-01
4.65984834e-02
1.39302192e+00
-2.26746087e+00
-2.08343714e-01
7.36595044e-01
9.26628093e-01
-3.33280919e-01
0.00000000e+00
6.89757124e-02
9.62212773e-01
-1.55044561e+00
3.02667366e-01
7.77987156e-01
2.64538904e-01
-1.32880091e-01
-1.42621008e+00
-3.04487637e-02
-2.95696480e-01
-1.05962315e+00
0.00000000e+00
0.00000000e+00
0.00000000e+00
-9.01182853e-02
6.97190584e-02
-2.54907139e-02
1.35595357e+00
-1.96760157e+00
-1.73704234e-01
5.89176199e-01
2.48757169e-01
-1.08991668e-01
0.00000000e+00
1.46243664e-01
1.11295905e+00
-1.50954390e+00
5.46625607e-01
6.06834522e-02
4.35488191e-02
-2.92479894e-01
-1.05072277e+00
2.44977974e-01
-2.59614677e-01
