0 10 -999999999 -1 -1
1 2 0 -1 -1
0.1988 0.05449
356
6.18381148e-01
6.33735772e-01
-1.53546233e-02
2.07158552e-01
7.50573670e-02
0.00000000e+00
0.00000000e+00
0.00000000e+00
0.00000000e+00
0.00000000e+00
0.00000000e+00
0.00000000e+00
0.00000000e+00
5.97594576e-01
1.22624997e-02
-4.02698523e-01
0.00000000e+00
0.00000000e+00
0.00000000e+00
0.00000000e+00
0.00000000e+00
0.00000000e+00
0.00000000e+00
0.00000000e+00
0.00000000e+00
0.00000000e+00
0.00000000e+00
0.00000000e+00
0.00000000e+00
0.00000000e+00
0.00000000e+00
0.00000000e+00
0.00000000e+00
0.00000000e+00
0.00000000e+00
0.00000000e+00
0.00000000e+00
0.00000000e+00
0.00000000e+00
0.00000000e+00
0.00000000e+00
0.00000000e+00
0.00000000e+00
0.00000000e+00
0.00000000e+00
0.00000000e+00
0.00000000e+00
0.00000000e+00
0.00000000e+00
0.00000000e+00
0.00000000e+00
-1.54983607e-01
-4.62002774e-01
9.08205714e-01
0.00000000e+00
0.00000000e+00
0.00000000e+00
0.00000000e+00
6.99476114e-01
6.25067157e-01
2.71095516e-01
-6.48268314e-01
-2.27544559e-01
3.49600669e-01
2.42718072e-02
-1.49265813e-03
-1.48917730e-01
-7.90629911e-01
-4.36309615e-02
-4.40449445e-02
-1.50061024e-02
3.06694540e-02
-2.88848372e-03
-2.82103134e-01
5.04103501e-01
1.07173461e-03
-5.11447655e-01
1.27239155e-01
6.68069846e-05
-3.64015268e-01
0.00000000e+00
0.00000000e+00
9.54551862e-01
9.70401510e-01
5.69112602e-01
-7.63174719e-01
-6.93294939e-01
-2.22144868e-01
0.00000000e+00
0.00000000e+00
-8.04716152e-01
-2.17515945e-01
-1.13856449e+00
-4.37416525e-01
-5.80231422e-01
-4.38433371e-01
1.04871977e-01
5.58703306e-02
-6.14663163e-02
-1.14994592e-01
1.31484279e-01
7.86480788e-02
0.00000000e+00
0.00000000e+00
2.90774142e+00
2.20662535e+00
0.00000000e+00
0.00000000e+00
0.00000000e+00
0.00000000e+00
2.08673350e-01
5.92448964e-01
-4.91093682e-03
2.55226905e-01
-2.60203507e-01
-4.12218032e-01
-7.82495517e-01
-1.79424184e+00
0.00000000e+00
0.00000000e+00
0.00000000e+00
0.00000000e+00
0.00000000e+00
1.30924784e-01
-1.03473717e-01
-5.09318450e-01
-3.66643471e-01
-1.90930544e-01
-1.13566400e-01
-3.88866907e-01
3.08484734e+00
3.08294488e+00
3.16118066e+00
3.16164521e+00
3.27082778e+00
3.42299289e+00
-5.69906114e-02
2.16361598e-02
2.67084923e-01
8.64731834e-03
-1.09783889e-02
-2.07469837e-01
1.82643487e-01
5.09941839e-01
1.04717103e-01
4.79122859e-01
3.07916649e-01
-8.46898481e-02
7.09482654e-01
0.00000000e+00
0.00000000e+00
0.00000000e+00
8.45552897e-02
0.00000000e+00
0.00000000e+00
0.00000000e+00
-1.75656796e-01
0.00000000e+00
-1.37525710e+00
-2.42707745e-01
-2.41650628e-01
-8.64386280e-01
-6.72452541e-01
-4.81150174e-01
-9.14103169e-01
0.00000000e+00
0.00000000e+00
0.00000000e+00
-1.90196055e-01
9.44409456e-01
-1.37604431e-01
1.18213806e+00
-1.23517258e+00
-6.80909368e-02
1.14655641e-01
-1.93343895e-01
-2.81084366e-01
0.00000000e+00
1.06544737e+00
5.90338373e-01
-1.23466909e+00
6.36974092e-01
-3.60539974e-01
-4.34651555e-01
-3.35215904e-01
-1.34986392e+00
-5.64168308e-02
4.28783384e-01
3.50417912e-01
0.00000000e+00
0.00000000e+00
0.00000000e+00
2.07152281e-02
-1.61959546e-01
7.15766168e-02
-4.02171468e-02
3.11584631e-01
-1.25537154e-01
3.29224472e-02
6.93857333e-02
6.58639230e-02
0.00000000e+00
-4.30806210e-01
7.17784674e-02
9.15951488e-02
6.43319089e-02
8.41613761e-02
1.75574729e-01
3.61592162e-02
3.40618636e-01
4.73516472e-02
-3.74681741e-01
-3.86495735e-01
-3.24118445e-01
-1.81897330e-01
-4.86888893e-01
-1.63165423e-01
8.87857702e-01
-2.07225328e-01
-1.00475082e+00
-3.12801498e-01
0.00000000e+00
0.00000000e+00
0.00000000e+00
6.53338552e-02
-7.52031674e-01
2.92513562e-02
3.36683087e-01
-3.62250422e-02
2.68640788e-01
2.02846252e-01
-1.03495696e+00
-2.36099741e-01
0.00000000e+00
4.12357232e-01
-3.62655888e-01
9.66068770e-02
1.53508117e-02
-7.30341206e-01
-2.03718492e-02
2.99932324e-01
1.87711513e-01
9.25695448e-02
8.52597221e-01
-6.23772908e-02
-1.30992724e-01
-1.99394800e-01
-2.17728094e-01
-5.27607434e-01
8.24678168e-02
-2.80887392e-01
-5.39217705e-01
-2.57251606e-01
9.76367507e-01
-3.89950829e-01
-5.03948861e-01
-6.10075251e-01
5.14167156e-01
-4.15370774e-02
-7.50177301e-02
-1.34553645e+00
0.00000000e+00
0.00000000e+00
0.00000000e+00
-1.12565797e+00
1.95237702e+00
-5.41634142e-01
7.77513714e-01
-1.73673113e+00
-3.15690790e-01
-3.88652449e-01
7.52088510e-02
3.04758512e-01
0.00000000e+00
2.22359991e-01
2.03688874e+00
-1.26668211e+00
9.72909955e-01
1.10257847e+00
-8.83437229e-01
-1.23020788e+00
-8.89203813e-01
4.10411004e-02
-4.53275292e-01
4.33838549e-01
0.00000000e+00
0.00000000e+00
0.00000000e+00
2.08407148e-01
-8.72235835e-01
1.95672431e-01
2.74372172e-01
4.02940825e-01
3.79715167e-02
3.62729183e-01
-7.47823788e-02
-1.77903592e-01
0.00000000e+00
-1.79768002e-01
-4.90251534e-01
-2.09751210e-02
1.09100622e-01
-1.27189059e-01
3.47031692e-01
2.41135183e-01
1.00292863e-01
6.90050412e-02
2.82853931e-02
-5.10628668e-01
-3.06086461e-01
4.50067766e-01
8.94745737e-01
2.18806247e-01
8.72962444e-01
-2.11558795e-01
-9.67490109e-01
-4.63102411e-01
0.00000000e+00
0.00000000e+00
0.00000000e+00
-8.91752957e-02
1.18518648e+00
-1.79379788e-01
-7.80083435e-01
-1.33372458e-01
-3.60428014e-01
-4.26069922e-01
7.42381329e-01
5.44328539e-01
0.00000000e+00
-1.13273865e-01
6.22261771e-01
-8.52316820e-02
-2.81821335e-01
5.65713567e-01
-1.92273179e-01
-5.53670689e-01
-2.17953634e-01
6.19626116e-02
-7.72203416e-01
-2.04542207e-01
-3.62174318e-02
8.00569538e-01
9.81418585e-01
-8.34907787e-01
-5.58299819e-01
4.99300219e-01
7.81601250e-01
-2.28971593e-02
6.42026167e-01
-5.72604342e-01
-6.27721644e-01
-2.76607968e-01
2.08550164e-01
3.24103296e-01
2.18539900e-01
247
-1.03488182e+00
8.51138369e-03
-1.04339321e+00
3.20499337e-01
-3.11987954e-01
2.34595915e-01
0.00000000e+00
0.00000000e+00
0.00000000e+00
0.00000000e+00
0.00000000e+00
0.00000000e+00
0.00000000e+00
0.00000000e+00
0.00000000e+00
0.00000000e+00
0.00000000e+00
0.00000000e+00
0.00000000e+00
0.00000000e+00
0.00000000e+00
0.00000000e+00
0.00000000e+00
0.00000000e+00
0.00000000e+00
0.00000000e+00
0.00000000e+00
0.00000000e+00
0.00000000e+00
0.00000000e+00
0.00000000e+00
0.00000000e+00
0.00000000e+00
0.00000000e+00
0.00000000e+00
0.00000000e+00
0.00000000e+00
0.00000000e+00
0.00000000e+00
0.00000000e+00
0.00000000e+00
0.00000000e+00
0.00000000e+00
-3.60700863e-01
1.07745661e-02
5.55918048e-01
9.87932258e-04
2.49451945e-01
3.08022601e-04
0.00000000e+00
0.00000000e+00
2.17554289e-01
6.50345692e-02
1.24477151e-01
-7.79955289e-01
-9.49550082e-02
3.84307877e-01
0.00000000e+00
0.00000000e+00
3.44903547e+00
2.70038766e+00
0.00000000e+00
0.00000000e+00
0.00000000e+00
0.00000000e+00
0.00000000e+00
6.56204109e-01
-1.99724170e-01
-6.35354073e-01
-8.59228847e-01
-5.84940871e-01
-6.78757138e-01
-1.70065958e+00
0.00000000e+00
0.00000000e+00
0.00000000e+00
0.00000000e+00
0.00000000e+00
0.00000000e+00
5.76008638e-01
-3.16460159e-01
-4.69264561e-01
-5.67345951e-01
-1.01199449e+00
-1.37206966e+00
5.44892179e+00
5.89821579e+00
5.63231546e+00
5.68112263e+00
5.76147821e+00
6.16433570e+00
-3.87237103e-01
-2.49647673e-01
-5.27367127e-02
-6.77706929e-03
-2.86763147e-01
-2.75407082e-03
0.00000000e+00
-6.79670066e-01
-1.04518154e+00
-6.20971074e-01
8.04753946e-03
-6.86724875e-01
1.74747393e-01
-5.74143302e-01
0.00000000e+00
0.00000000e+00
-6.35485915e-01
0.00000000e+00
-3.55697036e+00
-2.08411960e+00
4.58703151e-02
-9.72817246e-01
-6.01438625e-01
-1.04971125e+00
-9.26946931e-01
0.00000000e+00
0.00000000e+00
0.00000000e+00
4.11976697e-01
1.21675888e+00
-3.24611367e-02
1.71161082e+00
-2.29229611e+00
-1.76824332e-01
7.12915175e-01
7.32293983e-01
-8.12066048e-01
0.00000000e+00
2.67622147e-01
5.05386371e-01
-1.21204923e+00
5.19554922e-01
-5.82869654e-01
1.67237992e-01
-4.03114646e-01
-2.11101474e+00
2.48510435e-01
2.01881546e-01
-4.42400481e-01
-4.89242905e-02
-7.91678792e-01
-2.00005017e-01
-3.92557389e-01
-1.48841215e-01
0.00000000e+00
0.00000000e+00
0.00000000e+00
-4.47248247e-01
5.80941227e-01
1.44814822e-02
-2.23990554e-01
-1.91043136e-01
1.28413750e-01
-4.70604521e-01
1.16799285e-01
4.71831738e-01
0.00000000e+00
-1.58786235e-01
5.28787428e-01
-2.44163534e-01
2.21144836e-02
8.74891949e-01
-1.56369249e-01
-2.51777309e-01
5.14024535e-03
-3.03418351e-01
-4.44841669e-01
-3.93476191e-01
-8.16455348e-01
-1.36021470e-01
-1.94180367e-01
-4.84546449e-01
9.47946055e-02
0.00000000e+00
-3.58437048e-01
-4.80996479e-01
-5.79341055e-01
-4.46567365e-01
-2.27289209e-01
1.90904838e-01
-1.65114988e+00
0.00000000e+00
0.00000000e+00
0.00000000e+00
-8.85035260e-01
7.20471795e-02
-1.03483337e-01
1.53408847e+00
-1.05684816e+00
6.06329428e-02
2.43717915e-01
3.39038264e-01
-1.22448316e+00
0.00000000e+00
-2.94339012e-01
1.37720708e-01
-7.02305495e-01
1.18578942e+00
-2.52349062e-01
-4.34949717e-01
-1.15408513e+00
1.29016915e-01
9.89755783e-01
-2.35079140e-01
-7.36654537e-01
-4.10333959e-02
3.43768768e-01
1.42613189e+00
9.75597075e-01
-2.35525729e-01
0.00000000e+00
0.00000000e+00
0.00000000e+00
-2.06242026e-01
-6.76031054e-02
9.95108787e-03
5.50549103e-02
-1.80027921e-01
1.64822213e-01
3.65194012e-01
-4.62866229e-01
3.11097708e-01
0.00000000e+00
2.92081352e-01
1.93643830e-01
-3.98127439e-01
1.19796248e-01
-5.84197664e-01
-6.97456599e-02
4.00964040e-01
-3.64942058e-01
-2.41704387e-01
4.27325359e-01
-6.95621141e-01
0.00000000e+00
6.67544431e-01
9.81831033e-01
-9.14495340e-01
-5.60405229e-01
5.93989328e-01
5.95951736e-01
-1.52962138e-01
-3.54090111e-01
-7.44002550e-02
3.48188949e-01
2.42918451e-01
1 -999999999 6 0 -1
1 0 2 1 -1
-7.2580e-02 7.3823e-01
356
-5.52943375e-01
0.00000000e+00
0.00000000e+00
0.00000000e+00
0.00000000e+00
0.00000000e+00
0.00000000e+00
0.00000000e+00
0.00000000e+00
0.00000000e+00
0.00000000e+00
0.00000000e+00
0.00000000e+00
0.00000000e+00
0.00000000e+00
0.00000000e+00
-6.30893183e-01
7.79498078e-02
-2.33774465e-02
-3.31096180e-01
0.00000000e+00
0.00000000e+00
0.00000000e+00
0.00000000e+00
0.00000000e+00
0.00000000e+00
0.00000000e+00
0.00000000e+00
-1.07971900e-01
3.77992522e-02
4.67952013e-02
2.64526016e-01
-8.17469391e-01
-7.87571761e-01
-6.94155773e-01
9.72625072e-01
2.33486783e-01
6.07295067e-01
8.14727869e-01
4.44802710e-01
1.39020829e-01
0.00000000e+00
0.00000000e+00
0.00000000e+00
0.00000000e+00
0.00000000e+00
0.00000000e+00
0.00000000e+00
0.00000000e+00
0.00000000e+00
0.00000000e+00
-6.20041635e-03
-9.53562391e-02
-5.11053480e-01
0.00000000e+00
0.00000000e+00
0.00000000e+00
0.00000000e+00
-4.52271543e-01
-2.53518463e-01
-3.56890928e-01
7.90331903e-01
3.62725857e-01
-2.38880841e-02
3.16215055e-01
-7.76146390e-01
-4.22721816e-01
-1.17888124e+00
0.00000000e+00
0.00000000e+00
0.00000000e+00
-1.40306126e-01
4.22600394e-03
-1.49780532e-01
-5.27319885e-01
4.26016447e-03
3.17904139e-01
8.83675781e-01
4.91183215e-05
-3.22315287e-02
0.00000000e+00
0.00000000e+00
4.02166662e-01
7.24350420e-02
-1.51976422e-01
1.02507258e-01
1.38682497e-01
2.06298154e-02
0.00000000e+00
0.00000000e+00
1.98051908e-02
-1.88954679e-01
-4.12206863e-01
-2.60902604e-01
-5.54133505e-01
-1.28098107e-01
-3.21127037e-02
-1.30936269e-02
3.19099252e-03
-6.59118387e-02
1.33363779e-01
-1.20982847e-01
0.00000000e+00
0.00000000e+00
2.24776748e+00
2.97558695e+00
0.00000000e+00
0.00000000e+00
0.00000000e+00
0.00000000e+00
5.05293964e-01
7.36279958e-01
-5.94171642e-01
-3.17420293e-01
-4.71200506e-01
-2.76549368e-01
-3.73905452e-01
-1.25135863e+00
0.00000000e+00
0.00000000e+00
0.00000000e+00
0.00000000e+00
0.00000000e+00
-4.55325614e-01
4.98363984e-01
-6.58964913e-01
-7.84709370e-01
-5.83402255e-01
-6.32136743e-01
-9.96212446e-01
5.52091509e+00
5.56840068e+00
5.55294166e+00
5.59152961e+00
5.56440096e+00
5.76511294e+00
-2.17700184e-01
-1.60499476e-01
-2.21872850e-01
-5.09318415e-01
-4.32798607e-01
-5.69482420e-01
-1.39334502e-01
4.40685511e-02
-5.90118650e-01
2.19711394e-01
2.24002302e-01
-1.42652645e-01
4.83895027e-01
0.00000000e+00
0.00000000e+00
0.00000000e+00
-3.71468581e-01
0.00000000e+00
0.00000000e+00
0.00000000e+00
-6.65369821e-01
0.00000000e+00
-1.24270664e+00
-1.96481370e+00
-1.05144560e+00
-9.40062639e-01
-5.06558621e-01
-6.23653990e-01
-1.55800422e+00
0.00000000e+00
0.00000000e+00
0.00000000e+00
4.25425606e-02
2.07863941e+00
-1.83126735e-01
1.56833703e+00
-1.27328704e+00
-2.80569350e-01
3.88660703e-01
2.30021668e-01
6.52065354e-03
0.00000000e+00
3.93123071e-01
3.45104367e-01
-2.01317083e+00
8.61738992e-01
-6.57185108e-01
-5.15038913e-02
-9.97546398e-01
-1.23664674e+00
-3.08637489e-01
-4.71019108e-01
2.54744121e-01
0.00000000e+00
0.00000000e+00
0.00000000e+00
8.40055244e-02
-6.34005952e-01
-6.07209380e-02
-1.44731750e-01
7.87636587e-02
4.73961245e-03
3.54782175e-02
8.44479750e-02
-2.14098901e-01
0.00000000e+00
-1.03505958e-01
-4.07491377e-02
2.80220406e-01
-5.78843573e-02
2.06865451e-01
1.07880923e-02
3.35510953e-01
9.60415626e-02
1.80962003e-01
1.12617658e-01
-8.14995324e-01
-4.90664178e-01
-2.98926340e-02
-1.48451521e-01
2.53222952e-01
1.09195897e+00
-4.88520784e-01
-1.09410236e+00
-2.10848054e-02
0.00000000e+00
0.00000000e+00
0.00000000e+00
3.29141347e-01
1.12109643e+00
-1.99937571e-03
5.02473848e-01
-9.15540497e-02
3.25241949e-01
2.26279435e-01
-5.32836662e-01
4.72461681e-01
0.00000000e+00
2.36035354e-01
-2.99832407e-01
-2.84679541e-01
-7.33119865e-02
-1.48306536e+00
-3.38483616e-01
9.27159446e-02
-1.94369408e-01
-1.55391056e-01
1.28992668e-01
-3.24331146e-01
7.44373122e-01
-4.45898539e-01
-5.94253790e-01
-7.43008896e-01
-5.60781421e-01
-1.41154815e+00
-8.42852758e-01
-1.51585623e-01
1.26574415e+00
-8.15384934e-01
-1.01114064e+00
-1.82227475e-01
-1.00252634e+00
-1.48212116e+00
-9.64582503e-01
-1.56371663e+00
0.00000000e+00
0.00000000e+00
0.00000000e+00
-9.50023403e-01
2.08197145e-01
2.13740674e-01
1.30252733e+00
-8.83197809e-01
1.20672635e-01
4.27568622e-01
5.81625319e-01
-1.58566684e+00
0.00000000e+00
-8.88701359e-01
1.10636972e+00
-1.39627987e+00
9.35216513e-01
1.14954061e+00
2.26633773e-03
-5.49700347e-01
-9.70917241e-01
1.48911309e-01
-5.35865980e-01
3.68433263e-01
0.00000000e+00
0.00000000e+00
0.00000000e+00
-5.42146495e-02
-1.16893905e-01
-1.61392527e-01
-7.52439686e-02
-4.67097879e-02
-6.23332857e-02
1.84751751e-02
-1.46048530e-01
5.23842567e-01
0.00000000e+00
2.47890626e-02
-2.19323394e-03
4.37148565e-02
1.40780398e-01
-1.56217296e-01
-5.49956438e-02
-6.28532689e-03
7.48114760e-02
1.00495669e-01
3.24052212e-01
-5.97483702e-01
-4.26254302e-01
1.03504287e+00
4.31728444e-01
1.86199774e-01
9.33717782e-01
-2.68640716e-01
-1.09133137e+00
-2.78839140e-01
0.00000000e+00
0.00000000e+00
0.00000000e+00
-1.33251349e-01
-4.51794853e-01
6.48749134e-02
-5.19024375e-01
1.33081087e-01
-1.00058029e-01
-4.42542653e-01
5.44367246e-01
-6.43888837e-01
0.00000000e+00
7.85809998e-02
3.64610909e-01
2.47183741e-01
7.86485774e-02
8.61288933e-01
8.32481127e-02
-2.50992877e-01
7.65625079e-02
2.27074602e-02
-2.92440653e-01
-1.71229400e-01
-1.61897154e-01
-2.51865659e-01
-6.30656396e-01
-9.66232926e-01
-5.13808337e-01
8.53074404e-01
7.53089602e-01
5.42524069e-01
9.32583466e-01
-7.24187555e-01
-7.22204248e-01
-4.52424589e-01
-3.06568997e-01
-5.75159398e-03
-5.19172281e-01
247
-5.12822540e-01
0.00000000e+00
0.00000000e+00
0.00000000e+00
0.00000000e+00
0.00000000e+00
0.00000000e+00
0.00000000e+00
0.00000000e+00
0.00000000e+00
0.00000000e+00
0.00000000e+00
0.00000000e+00
0.00000000e+00
-4.90212974e-01
-2.26095664e-02
-3.18705407e-01
-1.71507567e-01
-3.19437371e-01
0.00000000e+00
0.00000000e+00
0.00000000e+00
0.00000000e+00
0.00000000e+00
0.00000000e+00
0.00000000e+00
0.00000000e+00
-3.07795727e-01
0.00000000e+00
5.00815199e-01
-8.08610926e-01
-8.47686556e-01
4.28811173e-01
-3.25980350e-01
0.00000000e+00
0.00000000e+00
0.00000000e+00
0.00000000e+00
0.00000000e+00
0.00000000e+00
0.00000000e+00
0.00000000e+00
0.00000000e+00
-4.30060832e-02
1.73283874e-03
-1.04657413e-01
1.11386416e-03
7.31474443e-03
1.75541348e-04
0.00000000e+00
0.00000000e+00
-1.21551334e-01
2.52035046e-02
6.13437812e-02
2.92074154e-01
3.84304672e-02
-3.42178643e-01
0.00000000e+00
0.00000000e+00
2.24661735e+00
2.80231581e+00
0.00000000e+00
0.00000000e+00
0.00000000e+00
0.00000000e+00
0.00000000e+00
4.85221085e-01
-2.83656395e-01
1.52452111e-01
-1.66118222e-01
-4.06297880e-01
-5.03065382e-01
-1.96459731e+00
0.00000000e+00
0.00000000e+00
0.00000000e+00
0.00000000e+00
0.00000000e+00
-1.82306567e-01
-1.56406180e-01
-4.83218541e-01
-6.64207423e-01
-7.34935055e-01
-2.65819807e-01
-6.54070768e-01
5.32328141e+00
5.35194768e+00
5.22637600e+00
5.26091830e+00
5.37341166e+00
5.23745660e+00
-8.08225426e-02
-2.17571347e-01
-4.66095223e-01
-4.20266150e-01
-1.23069365e-01
-5.72053079e-01
2.31187766e-02
-3.32013821e-01
-1.84063405e-01
-4.64799172e-01
-9.40684352e-02
-2.01109042e-02
4.11843188e-01
-3.56480580e-01
0.00000000e+00
0.00000000e+00
-5.68185149e-01
0.00000000e+00
0.00000000e+00
-2.19507985e+00
-4.08651145e-01
-6.41036545e-01
-3.71435931e-01
-7.48622569e-01
-1.04968769e+00
0.00000000e+00
0.00000000e+00
0.00000000e+00
-1.38204973e-01
5.39115975e-01
1.79619505e-01
9.91857387e-01
-2.66783626e-01
-5.39676862e-01
2.33491018e-01
2.61174260e-01
-7.13107937e-01
0.00000000e+00
-1.25548985e-01
8.46760626e-01
-1.03769032e+00
6.64989936e-01
-1.07083567e-01
-2.82855462e-02
-3.25941143e-01
-6.60376735e-01
-1.00563982e-02
-8.13940301e-01
-4.18771422e-01
1.64642137e-01
-6.39361038e-02
-3.93828570e-01
4.39888635e-02
-3.72968431e-01
0.00000000e+00
0.00000000e+00
0.00000000e+00
1.19406644e-03
-5.09451762e-02
-6.88282683e-02
-1.91586033e-01
-4.17785777e-01
8.06751280e-02
-1.34003450e-01
1.11303902e-01
-4.86972874e-01
0.00000000e+00
2.28094888e-01
7.60407830e-02
-1.35613919e-01
1.11944398e-02
8.59390885e-01
-1.24889269e-01
-2.50826067e-01
1.01626431e-02
1.07956292e-01
2.46937232e-03
-5.83413559e-01
-2.77452331e-01
-3.48273449e-01
-2.06517794e-01
-6.30916268e-01
-5.73293282e-01
-2.37197258e-01
-5.50121651e-01
-3.52589002e-01
-5.76229861e-02
-8.58787964e-01
-6.35244015e-01
-5.00992861e-01
-1.12005850e+00
0.00000000e+00
0.00000000e+00
0.00000000e+00
-5.31421768e-01
2.30102599e-01
2.00706193e-01
1.12925493e+00
-6.37450924e-01
-3.45945840e-01
2.99135948e-01
3.96577319e-01
-3.80774129e-01
0.00000000e+00
-5.15016694e-01
7.87733183e-01
-1.08288483e+00
8.52777859e-01
-2.03235069e-02
1.91079459e-01
-3.06814568e-01
-1.14328500e+00
3.03275946e-03
-2.46541490e-01
-1.57620040e-01
3.18542823e-01
1.04365922e+00
2.63179214e-01
1.19456615e-01
-4.55529355e-01
0.00000000e+00
0.00000000e+00
0.00000000e+00
6.24948082e-04
6.28961259e-01
-1.57150479e-01
1.94383428e-01
-3.91589448e-01
-5.37919423e-02
-8.70442654e-02
-3.66637243e-01
4.25724736e-01
0.00000000e+00
2.10532900e-01
6.31537844e-02
-2.59643942e-01
1.02169712e-01
-4.09725002e-01
-2.86877327e-01
-1.00534959e-01
1.14997015e-01
-1.72617962e-01
8.95354329e-02
-4.76162862e-01
4.01264610e-01
-1.32354145e-01
-1.49738132e-01
-9.62438460e-01
-6.89978754e-01
7.14477581e-01
5.77110008e-01
2.99925213e-01
-2.72459707e-01
7.96743719e-03
5.08084458e-01
2.19477948e-01
3 1
-4.0548e-02 3.9940e-01
2 0
0 1 
217
-2.33164433e-01
-2.88452485e-01
1.81167715e-01
6.90026058e-02
-4.42699056e-02
-5.44530750e-02
-4.05930814e-01
4.00550085e-01
1.78640411e-02
1.43534563e-01
2.80190634e-02
-1.45025038e-01
1.71153182e-01
8.84467617e-02
4.73639072e-02
-1.37642766e-02
1.23451078e-01
-4.27188930e-02
3.21503616e-03
1.69305625e-01
6.41754443e-02
-1.82532395e-03
2.21452167e-01
-3.01984892e-01
7.51657423e-04
3.17311613e-01
0.00000000e+00
0.00000000e+00
3.42856932e-01
2.15793223e-01
-2.63031139e-01
-1.58961099e-01
-2.12356734e-01
-7.71735640e-02
0.00000000e+00
0.00000000e+00
1.07785907e-01
-3.62159230e-01
2.12088903e-02
0.00000000e+00
0.00000000e+00
0.00000000e+00
0.00000000e+00
0.00000000e+00
1.07785907e-01
-1.96065377e-01
-1.66093853e-01
2.12088903e-02
0.00000000e+00
0.00000000e+00
0.00000000e+00
0.00000000e+00
0.00000000e+00
0.00000000e+00
0.00000000e+00
0.00000000e+00
0.00000000e+00
0.00000000e+00
0.00000000e+00
0.00000000e+00
2.12088903e-02
-1.66093853e-01
-1.96065377e-01
0.00000000e+00
-1.00504960e-01
-3.17013931e-01
-1.84651326e-01
7.24728736e-01
9.79483872e-03
2.65645525e-01
0.00000000e+00
-8.61699692e-02
-2.49260613e-01
-5.31435255e-02
-1.08572261e-01
-9.17414372e-02
3.02458219e-01
0.00000000e+00
0.00000000e+00
0.00000000e+00
0.00000000e+00
0.00000000e+00
0.00000000e+00
0.00000000e+00
0.00000000e+00
0.00000000e+00
0.00000000e+00
0.00000000e+00
0.00000000e+00
0.00000000e+00
0.00000000e+00
0.00000000e+00
0.00000000e+00
0.00000000e+00
0.00000000e+00
0.00000000e+00
0.00000000e+00
0.00000000e+00
0.00000000e+00
0.00000000e+00
0.00000000e+00
0.00000000e+00
0.00000000e+00
0.00000000e+00
0.00000000e+00
0.00000000e+00
0.00000000e+00
0.00000000e+00
0.00000000e+00
0.00000000e+00
0.00000000e+00
0.00000000e+00
0.00000000e+00
0.00000000e+00
0.00000000e+00
0.00000000e+00
0.00000000e+00
0.00000000e+00
0.00000000e+00
-8.33679573e-01
-4.60881978e-01
-7.75115383e-01
0.00000000e+00
0.00000000e+00
0.00000000e+00
-1.22260288e-01
4.87731550e-03
-1.45741122e-02
6.76496236e-01
-4.57074108e-01
-9.31735054e-01
6.02063441e-01
6.54892100e-02
-2.55448971e-01
0.00000000e+00
-3.35599978e-01
8.36480201e-02
-4.20428457e-01
4.88293822e-01
4.02557271e-01
-3.68437765e-01
2.01939363e-01
-1.50599177e-01
-6.82943396e-04
-2.43639208e-01
-2.25020351e-01
0.00000000e+00
0.00000000e+00
0.00000000e+00
4.29852136e-02
-3.06522833e-01
-1.57018809e-01
2.72409400e-01
-1.75544667e-01
2.79072234e-01
-9.92341002e-02
1.10832075e-01
-7.69907145e-02
0.00000000e+00
2.41387388e-01
1.39524353e-01
-4.85806964e-01
3.34539684e-02
-1.28142210e-01
2.29995405e-01
-2.27461711e-01
-1.65451807e-01
4.63005895e-02
2.01192837e-01
-3.61693043e-01
0.00000000e+00
0.00000000e+00
0.00000000e+00
-4.60812309e-02
-2.40978127e-02
-3.91774545e-01
1.00654253e+00
-6.06671967e-01
-3.16707042e-01
9.30422900e-02
8.88424164e-02
-2.27465571e-01
0.00000000e+00
-2.11817863e-01
3.72535780e-01
-5.40204462e-01
6.74979885e-01
3.22472267e-01
-1.02850073e-01
-1.20625223e-01
-1.73751780e-01
1.09753589e-01
-2.67814234e-01
-3.09861508e-01
0.00000000e+00
0.00000000e+00
0.00000000e+00
-1.38205811e-01
-1.49346583e-01
3.81763320e-02
1.04866995e-01
-7.41332164e-03
2.10123580e-01
4.28672849e-01
4.89952332e-02
-4.11578965e-02
0.00000000e+00
4.06843426e-02
1.70512246e-01
-8.41199494e-01
-3.42195704e-02
3.59845487e-01
2.09386846e-02
-2.50561299e-01
-1.84876204e-01
-5.47804429e-03
-8.02190327e-02
136
3.16025402e-01
1.28652338e-02
1.23502762e-02
4.82339051e-02
3.38630188e-03
1.00712652e-01
2.20441326e-03
1.54213611e-01
7.29535044e-04
0.00000000e+00
0.00000000e+00
5.31216074e-02
2.24796435e-02
-7.69731088e-02
2.20987517e-01
2.82645161e-01
3.27501090e-01
0.00000000e+00
0.00000000e+00
-5.58295861e-02
6.88953624e-02
3.02959625e-01
0.00000000e+00
0.00000000e+00
0.00000000e+00
0.00000000e+00
0.00000000e+00
-5.58295861e-02
8.91560842e-02
-2.02607218e-02
3.02959625e-01
0.00000000e+00
0.00000000e+00
0.00000000e+00
0.00000000e+00
0.00000000e+00
0.00000000e+00
0.00000000e+00
0.00000000e+00
0.00000000e+00
0.00000000e+00
0.00000000e+00
0.00000000e+00
0.00000000e+00
0.00000000e+00
0.00000000e+00
0.00000000e+00
3.59191801e-02
4.64499873e-01
-2.25426208e-01
-9.58899547e-01
0.00000000e+00
4.28741721e-02
3.67775978e-02
-1.05885871e-02
-3.63420532e-01
0.00000000e+00
0.00000000e+00
0.00000000e+00
0.00000000e+00
3.02959625e-01
-2.02607218e-02
8.91560842e-02
0.00000000e+00
0.00000000e+00
0.00000000e+00
0.00000000e+00
0.00000000e+00
0.00000000e+00
0.00000000e+00
0.00000000e+00
0.00000000e+00
0.00000000e+00
0.00000000e+00
0.00000000e+00
0.00000000e+00
0.00000000e+00
0.00000000e+00
0.00000000e+00
0.00000000e+00
0.00000000e+00
0.00000000e+00
0.00000000e+00
0.00000000e+00
0.00000000e+00
0.00000000e+00
-7.63615194e-01
-4.96303843e-02
-1.15765309e+00
0.00000000e+00
0.00000000e+00
0.00000000e+00
-3.19522931e-02
2.53957309e-01
-9.65132052e-02
1.20717055e+00
-1.31100847e+00
-4.46490433e-01
4.36115489e-01
8.03190852e-01
-5.71470514e-01
0.00000000e+00
6.18077132e-02
6.25978194e-01
-1.62614354e+00
6.71750161e-01
1.13929464e+00
8.62119366e-02
-6.26627485e-01
-1.34528797e+00
-8.68290869e-02
-3.00806934e-01
-9.49495067e-01
0.00000000e+00
0.00000000e+00
0.00000000e+00
-3.38432590e-01
5.11580800e-01
-1.90359184e-01
1.29896646e+00
-1.23505223e+00
-5.28348309e-01
1.82639439e-01
1.40934392e-02
-3.23858324e-01
0.00000000e+00
3.23870384e-01
9.16534533e-01
-1.32978560e+00
1.02011385e+00
-2.43470605e-02
-2.32783784e-01
-5.50479388e-01
-7.60478295e-01
1.84807499e-01
1.11823290e-01
4 1
-1.8011e-01 4.2034e-01
3 1
0 1 3 
217
-4.37560913e-01
-2.46130803e-02
6.13667045e-02
-1.25966449e-02
-2.35868942e-01
-2.01703470e-01
-6.05638539e-01
7.50144512e-01
1.00386013e-01
2.58674442e-01
4.64929788e-01
-1.52971392e-01
-1.61369235e-01
-3.12798417e-01
0.00000000e+00
0.00000000e+00
0.00000000e+00
-1.86347430e-02
1.94353130e-02
-2.13550856e-02
-4.03219861e-01
1.76169187e-04
4.69529818e-01
4.10413985e-02
-3.13808416e-05
3.38269460e-01
0.00000000e+00
0.00000000e+00
2.47470631e-01
7.83005945e-02
-2.17274731e-01
-1.28184284e-01
-1.81592195e-01
-1.21296855e-01
0.00000000e+00
0.00000000e+00
-1.13735693e-01
-2.01950001e-01
-1.12453113e-01
-9.42210554e-03
0.00000000e+00
0.00000000e+00
0.00000000e+00
0.00000000e+00
-1.13735693e-01
-1.84382349e-01
-1.71634832e-02
3.35260197e-01
0.00000000e+00
-8.70178180e-02
-3.60695492e-01
-9.42210554e-03
0.00000000e+00
0.00000000e+00
0.00000000e+00
0.00000000e+00
0.00000000e+00
0.00000000e+00
0.00000000e+00
0.00000000e+00
-3.48574010e-02
-1.71634832e-02
-2.71804336e-01
6.94825570e-03
-4.98947093e-01
-3.87746698e-02
1.63752011e-01
6.97720338e-01
-1.09314087e-01
4.23536969e-01
0.00000000e+00
-3.84362033e-01
-3.82987465e-01
3.92930101e-03
-3.52435670e-01
-5.59501852e-02
2.53237326e-01
4.64431274e-02
-2.64644561e-02
9.08996583e-02
6.00126720e-02
-5.21181541e-01
-5.17552257e-01
-5.29484413e-01
0.00000000e+00
0.00000000e+00
0.00000000e+00
0.00000000e+00
0.00000000e+00
0.00000000e+00
0.00000000e+00
0.00000000e+00
0.00000000e+00
0.00000000e+00
0.00000000e+00
0.00000000e+00
0.00000000e+00
0.00000000e+00
0.00000000e+00
0.00000000e+00
0.00000000e+00
0.00000000e+00
0.00000000e+00
0.00000000e+00
0.00000000e+00
0.00000000e+00
0.00000000e+00
0.00000000e+00
0.00000000e+00
0.00000000e+00
0.00000000e+00
0.00000000e+00
0.00000000e+00
0.00000000e+00
0.00000000e+00
0.00000000e+00
0.00000000e+00
0.00000000e+00
0.00000000e+00
-9.91521028e-01
-4.42739179e-01
-1.09123542e+00
0.00000000e+00
0.00000000e+00
0.00000000e+00
7.89717112e-02
-2.05593704e-01
-5.62262281e-02
1.35144026e+00
-5.53301196e-01
-4.20593000e-01
7.50182177e-01
1.56858647e-01
-2.15629925e-01
0.00000000e+00
-8.31792823e-02
5.32439954e-02
-5.85959711e-01
3.35156785e-01
-1.74323937e-01
-2.43785549e-01
-1.16114189e+00
-2.55090854e-01
5.62744181e-02
8.14618597e-02
-4.74397033e-02
0.00000000e+00
0.00000000e+00
0.00000000e+00
5.17571657e-02
-7.36141720e-02
-2.13514480e-01
-2.12849847e-02
-2.63822771e-01
-2.28671420e-02
-9.26161762e-02
9.21889267e-02
-3.32980664e-02
0.00000000e+00
2.24179999e-01
1.75465861e-01
-7.28305269e-01
1.18362537e-01
1.12418947e-01
2.62074682e-01
5.27473027e-01
-2.99184023e-01
1.05213093e-01
3.19331426e-02
-6.82645788e-01
0.00000000e+00
0.00000000e+00
0.00000000e+00
-2.53538743e-02
1.57209594e-01
-1.74745099e-01
4.88077585e-01
-5.41851945e-01
-3.20269086e-01
2.51018063e-01
1.70315747e-01
-8.49434461e-02
0.00000000e+00
-1.37145587e-01
7.12157823e-01
-2.81179843e-01
2.90660363e-01
-2.18707462e-03
-1.65732411e-01
-3.47281871e-01
-8.18356404e-02
-3.02675270e-01
-2.86883815e-01
-1.24477637e-01
0.00000000e+00
0.00000000e+00
0.00000000e+00
-1.49808515e-01
-3.82696031e-01
-4.70552736e-03
4.24372123e-01
-2.10200924e-02
2.70770271e-02
6.47394660e-02
-1.75718100e-01
6.64104118e-03
0.00000000e+00
1.85404283e-01
1.92995577e-01
-6.94629530e-01
3.66230250e-01
3.34865276e-01
-3.28198173e-02
-4.90195433e-01
-2.36867819e-01
4.10031831e-01
5.16263541e-02
136
4.55543985e-01
0.00000000e+00
0.00000000e+00
-4.63539288e-02
6.54078575e-04
4.82974194e-01
-7.73771116e-04
5.26235679e-01
3.69238312e-05
0.00000000e+00
0.00000000e+00
1.39753453e-01
1.01343908e-01
2.89964752e-02
2.64645869e-01
2.38789566e-01
3.05630744e-01
0.00000000e+00
0.00000000e+00
-1.50013953e-01
-1.09745756e-02
9.99887382e-02
5.16543775e-01
0.00000000e+00
0.00000000e+00
0.00000000e+00
0.00000000e+00
-1.50013953e-01
-2.86897592e-02
-1.78492097e-02
3.00337659e-01
3.55643933e-02
4.02366222e-02
-2.40585543e-01
5.16543775e-01
0.00000000e+00
0.00000000e+00
0.00000000e+00
0.00000000e+00
0.00000000e+00
0.00000000e+00
0.00000000e+00
0.00000000e+00
0.00000000e+00
0.00000000e+00
0.00000000e+00
-8.99155141e-02
-2.82968798e-01
4.31024180e-01
-2.55588757e-01
-8.11490337e-01
0.00000000e+00
-7.62698245e-02
1.51220270e-04
-3.83401043e-02
-3.76574504e-01
-1.05117307e-01
2.08902045e-01
-3.46191091e-01
7.26610297e-02
2.06927338e-01
-1.78492097e-02
4.71112563e-02
0.00000000e+00
0.00000000e+00
0.00000000e+00
0.00000000e+00
0.00000000e+00
0.00000000e+00
0.00000000e+00
0.00000000e+00
0.00000000e+00
0.00000000e+00
0.00000000e+00
0.00000000e+00
0.00000000e+00
0.00000000e+00
0.00000000e+00
0.00000000e+00
0.00000000e+00
0.00000000e+00
0.00000000e+00
0.00000000e+00
0.00000000e+00
0.00000000e+00
0.00000000e+00
-6.93988187e-01
-6.41933465e-02
-1.15927627e+00
0.00000000e+00
0.00000000e+00
0.00000000e+00
-1.07633898e-01
2.79775820e-01
-5.77946240e-02
1.17381488e+00
-1.16271921e+00
-4.68088735e-01
3.44659233e-01
7.92813232e-01
-6.56671953e-01
0.00000000e+00
4.28838673e-02
5.94695618e-01
-1.41563787e+00
6.39685077e-01
1.14060561e+00
-3.45056847e-02
-8.16887052e-01
-1.17200752e+00
-8.50932212e-02
-1.91169830e-01
-9.79402761e-01
0.00000000e+00
0.00000000e+00
0.00000000e+00
-3.19152910e-01
5.10313800e-01
-2.05208765e-01
1.22315445e+00
-1.19091308e+00
-3.03659878e-01
4.69356982e-01
5.05608405e-02
-3.44341097e-01
0.00000000e+00
1.81584137e-01
8.42130238e-01
-1.47680334e+00
8.26918106e-01
4.81280170e-02
-1.92305837e-01
-4.02059889e-01
-7.73025010e-01
3.99909333e-02
3.59295362e-02
5 1
-2.7886e-01 4.4949e-01
4 0
0 1 3 4 
217
-2.09270789e-01
-3.25464561e-01
9.16318581e-02
5.06425553e-02
-7.68859363e-02
-8.23125825e-02
-1.53854013e-01
3.72680239e-01
1.43871501e-01
2.16103617e-01
1.24637379e-01
3.14028943e-02
-2.47039719e-01
-6.00889103e-02
-2.19644139e-02
-1.00549568e-03
-4.31063329e-02
-1.45887348e-02
6.00557707e-04
4.18153629e-02
-1.21686083e-01
3.31882057e-03
-4.58707875e-02
-5.10315571e-02
4.70066745e-04
4.45892633e-02
0.00000000e+00
0.00000000e+00
2.68434674e-01
7.70959338e-02
-1.88871855e-02
-1.48679868e-01
-2.10275114e-01
-1.33357656e-01
0.00000000e+00
0.00000000e+00
0.00000000e+00
-1.72731128e-01
-2.93961632e-01
5.31891684e-02
2.09946636e-01
0.00000000e+00
0.00000000e+00
0.00000000e+00
0.00000000e+00
-1.45103224e-01
-4.51049198e-02
3.22233050e-01
0.00000000e+00
-2.62021478e-02
-4.54536142e-01
1.66302991e-01
0.00000000e+00
-3.34915240e-01
1.99458848e-01
1.24423697e-01
0.00000000e+00
1.91314430e-01
-4.28851950e-01
2.09946636e-01
-2.04082527e-01
1.71974023e-01
-1.71448450e-01
0.00000000e+00
-6.84703045e-01
1.54496963e-01
1.97072765e-01
7.59058398e-01
3.10927428e-01
5.03327421e-01
0.00000000e+00
-3.00610561e-01
-4.24159938e-01
9.48513483e-02
-2.40785476e-01
-9.79137989e-04
8.02475093e-02
0.00000000e+00
1.32898473e-01
2.04147610e-02
-2.41935847e-01
-3.35990521e-01
-1.00233415e-01
-1.94888957e-01
0.00000000e+00
-1.74542211e-01
-9.86632158e-03
9.35696104e-02
-3.65952272e-01
-1.14573093e-01
5.98980754e-02
0.00000000e+00
0.00000000e+00
0.00000000e+00
0.00000000e+00
0.00000000e+00
0.00000000e+00
0.00000000e+00
0.00000000e+00
0.00000000e+00
0.00000000e+00
0.00000000e+00
0.00000000e+00
0.00000000e+00
0.00000000e+00
0.00000000e+00
0.00000000e+00
0.00000000e+00
0.00000000e+00
0.00000000e+00
0.00000000e+00
0.00000000e+00
0.00000000e+00
0.00000000e+00
0.00000000e+00
0.00000000e+00
0.00000000e+00
0.00000000e+00
0.00000000e+00
-4.59345281e-01
-7.33927096e-02
-7.04721760e-01
0.00000000e+00
0.00000000e+00
0.00000000e+00
-1.96787401e-01
-1.44759231e-01
-2.00646132e-01
4.56772659e-01
-5.06949325e-01
-6.54210307e-01
8.66977882e-01
-7.48710816e-03
-3.26524260e-01
0.00000000e+00
2.85874347e-01
2.93835329e-02
-4.84209850e-01
6.10230761e-01
4.15526586e-01
-3.29061863e-02
-2.33559311e-01
-2.89115918e-01
-7.63718413e-02
-2.15960658e-01
-1.75176660e-01
0.00000000e+00
0.00000000e+00
0.00000000e+00
1.09551793e-01
-3.73587706e-01
-2.87435539e-02
5.29316750e-01
-1.13596116e-01
2.24031565e-01
-2.36157941e-01
1.65502073e-01
-2.23812030e-01
0.00000000e+00
1.10931538e-02
1.34444210e-01
-5.03505419e-01
1.37041158e-01
-9.22461608e-02
7.94506242e-02
-1.09646876e-01
-1.86929590e-01
1.26837854e-01
1.75779550e-01
-7.70403725e-01
0.00000000e+00
0.00000000e+00
0.00000000e+00
-2.37445090e-01
8.99213833e-01
1.99289273e-01
8.30582326e-01
-2.51524347e-01
-6.58303961e-01
1.13741558e-01
-2.57402573e-01
9.85237737e-02
0.00000000e+00
-2.87784479e-01
2.51416901e-01
-5.20109715e-01
2.84934019e-01
-2.61148564e-01
-1.99398564e-01
-3.26459136e-01
-1.79291874e-01
-1.56627636e-02
-2.53574343e-01
-7.30416497e-02
0.00000000e+00
0.00000000e+00
0.00000000e+00
-7.37804219e-02
-3.31455534e-02
-9.39028444e-02
1.71619576e-01
-2.94624994e-01
5.30088374e-01
1.40115768e-01
7.26187780e-02
-1.45696972e-01
0.00000000e+00
3.71521353e-02
2.02766153e-01
-7.36770797e-01
1.65198417e-01
4.43958737e-01
-3.57395917e-02
-2.00803872e-01
-2.94982076e-02
-5.98409961e-02
-1.32755338e-01
136
9.04050434e-02
3.88605861e-02
1.61266178e-02
-3.02093415e-02
2.98768577e-03
4.47168299e-02
1.68970780e-03
3.70369688e-02
7.13436286e-04
0.00000000e+00
0.00000000e+00
-3.00493893e-03
3.02796488e-03
-1.40184362e-01
1.00868766e-01
1.81293569e-01
2.08723838e-01
0.00000000e+00
0.00000000e+00
1.15695125e-01
-2.86813850e-02
-2.05428137e-01
9.32360321e-02
1.15583408e-01
0.00000000e+00
0.00000000e+00
0.00000000e+00
1.15695125e-01
5.71166998e-03
-4.53359472e-02
1.94217911e-01
1.47277546e-02
-6.10623382e-02
-9.33080195e-03
7.27002115e-02
-3.78486240e-03
-2.56864234e-01
-7.02743948e-02
2.03588300e-01
0.00000000e+00
-1.31526328e-02
-1.69899847e-01
1.15583408e-01
0.00000000e+00
0.00000000e+00
0.00000000e+00
0.00000000e+00
-1.47284492e-01
5.08231654e-01
-1.66329589e-01
-6.03504131e-01
0.00000000e+00
-1.89760545e-01
1.32492759e-01
8.08857342e-02
-2.86968537e-01
0.00000000e+00
1.80229534e-01
-2.68412844e-01
1.25768019e-01
3.60404688e-02
-1.62234933e-01
2.89540399e-01
-2.65238035e-02
1.07207347e-01
-1.52756660e-02
0.00000000e+00
0.00000000e+00
0.00000000e+00
0.00000000e+00
0.00000000e+00
0.00000000e+00
0.00000000e+00
0.00000000e+00
0.00000000e+00
0.00000000e+00
0.00000000e+00
0.00000000e+00
0.00000000e+00
0.00000000e+00
0.00000000e+00
0.00000000e+00
0.00000000e+00
0.00000000e+00
0.00000000e+00
0.00000000e+00
-7.75514993e-01
-1.13068709e-01
-1.17426095e+00
0.00000000e+00
0.00000000e+00
0.00000000e+00
-4.38974644e-02
2.12631437e-01
-1.45390709e-01
1.08678928e+00
-1.31296661e+00
-5.19480244e-01
4.04608730e-01
7.69631021e-01
-5.43176214e-01
0.00000000e+00
2.14490483e-02
6.84147956e-01
-1.55296679e+00
6.10957912e-01
1.09580431e+00
3.61555881e-02
-5.25515777e-01
-1.15488086e+00
-6.34378636e-02
-2.34723711e-01
-9.80194663e-01
0.00000000e+00
0.00000000e+00
0.00000000e+00
-2.73687635e-01
2.36778575e-01
-3.13854834e-01
1.30588711e+00
-1.08679488e+00
-7.00757625e-01
4.64426867e-01
5.87210957e-02
-3.02390468e-01
0.00000000e+00
2.70890676e-01
9.21562107e-01
-1.40654664e+00
9.64641038e-01
1.25812783e-01
-2.16317622e-01
-4.95465123e-01
-8.57489214e-01
2.52417994e-01
7.19711320e-02
2 1
-5.0210e-01 4.5667e-01
5 1
0 1 3 4 5 
217
-1.77649443e-01
-4.26328242e-02
-2.25887753e-02
-1.65125961e-01
-3.02655798e-01
-2.29470084e-01
-2.70470856e-01
3.85825854e-01
8.23924385e-02
2.33732500e-02
3.51382756e-01
-2.73512618e-01
-3.82979836e-02
-4.85144252e-01
0.00000000e+00
0.00000000e+00
0.00000000e+00
-5.93038422e-02
-8.63431332e-03
7.91788716e-01
-2.72562357e-01
-2.02864259e-03
3.94664282e-01
5.69697967e-01
-2.39397427e-04
-3.35837152e-02
0.00000000e+00
0.00000000e+00
-9.01816819e-02
-7.29789518e-02
-5.62967054e-02
1.63517896e-02
8.76796110e-02
4.47430622e-01
0.00000000e+00
0.00000000e+00
1.48398236e-01
-3.36719467e-02
-4.63205625e-01
-2.76601770e-01
-5.89107307e-02
5.06342393e-01
0.00000000e+00
0.00000000e+00
1.44605052e-01
-2.85977215e-01
-4.15264406e-01
5.37641129e-01
0.00000000e+00
-1.44382998e-01
-9.38481091e-02
2.34551060e-01
-3.51124817e-02
-3.58315352e-01
-2.86648172e-01
5.86691063e-01
0.00000000e+00
-4.34691452e-02
-5.59381218e-02
-8.88079951e-03
1.85549256e-02
4.23215912e-02
-3.86924196e-01
-3.28612215e-02
-6.62645964e-01
-1.04722009e+00
3.66871993e-01
8.97611556e-01
1.50985750e-01
5.47226081e-01
0.00000000e+00
-6.74515594e-01
-7.26113589e-01
4.03248457e-01
-2.82684166e-02
9.50551866e-02
4.43277494e-01
-8.37451043e-02
-2.86352790e-02
-1.33321838e-01
6.24306571e-02
-5.81564435e-01
-1.27699717e-01
-3.45747817e-01
0.00000000e+00
2.59121306e-02
-2.89215358e-01
-1.73887313e-02
-1.09351268e-01
-1.84814426e-01
-5.75433792e-02
-8.38396165e-02
1.48698808e-01
-5.10025092e-03
-1.80922632e-01
-2.63082992e-01
-6.15860027e-02
5.16070909e-02
0.00000000e+00
0.00000000e+00
0.00000000e+00
0.00000000e+00
0.00000000e+00
0.00000000e+00
0.00000000e+00
0.00000000e+00
0.00000000e+00
0.00000000e+00
0.00000000e+00
0.00000000e+00
0.00000000e+00
0.00000000e+00
0.00000000e+00
0.00000000e+00
0.00000000e+00
0.00000000e+00
0.00000000e+00
0.00000000e+00
0.00000000e+00
-7.98416785e-01
-5.75050696e-01
-1.32764832e+00
0.00000000e+00
0.00000000e+00
0.00000000e+00
1.82827814e-01
4.37078222e-01
-4.03485343e-01
1.18462208e-02
-1.24543490e+00
-7.68044588e-02
2.77409464e-01
3.63288130e-03
-4.92868887e-01
0.00000000e+00
1.76384832e-01
-1.14793395e-01
-6.24036546e-01
1.04434903e+00
3.88790262e-01
-6.68834268e-03
-3.80043343e-01
-4.69777759e-01
-4.91099788e-02
1.30759101e-02
4.17450898e-02
0.00000000e+00
0.00000000e+00
0.00000000e+00
1.12927873e-01
-3.64003926e-01
-3.82646558e-02
2.65356367e-01
2.56335210e-01
-3.06648380e-01
5.18519923e-02
1.56474560e-01
4.21408096e-01
0.00000000e+00
5.33047549e-02
-3.12684973e-01
-8.09044130e-01
5.68944384e-02
6.72531936e-02
-1.58296628e-01
8.86962197e-02
5.44213205e-02
3.20894332e-01
1.24869427e-01
-1.31931113e+00
0.00000000e+00
0.00000000e+00
0.00000000e+00
-3.78921517e-01
5.10574007e-01
-3.41035335e-02
9.22076763e-01
-6.17485183e-01
-2.43710447e-01
3.26086186e-01
-2.79874002e-01
-2.49743676e-01
0.00000000e+00
1.98152725e-01
5.45789487e-02
-4.70830721e-01
4.12676884e-02
-2.28647829e-01
-2.12315025e-01
-5.27985394e-01
-2.70748431e-01
5.31920229e-02
8.91262844e-02
1.27234417e-01
0.00000000e+00
0.00000000e+00
0.00000000e+00
-1.12789051e-01
-1.82265044e-01
-8.58017887e-02
2.69412001e-01
-3.12460037e-01
-1.17913339e-01
9.13793683e-02
5.64444348e-02
1.15271548e-03
0.00000000e+00
1.41108147e-02
3.77924377e-01
-6.58874332e-01
3.92524235e-01
3.76120292e-01
-1.16075446e-01
-6.46316155e-02
-8.16290487e-02
1.76267636e-01
1.04338247e-01
136
1.92277041e-02
0.00000000e+00
0.00000000e+00
-3.07140751e-02
-2.13654437e-04
4.52567482e-02
-1.53290248e-04
1.30986010e-01
1.88362833e-04
0.00000000e+00
0.00000000e+00
1.07119984e-01
-1.36271366e-02
-8.11367015e-02
6.85006992e-02
6.68386781e-02
5.85369340e-02
0.00000000e+00
0.00000000e+00
0.00000000e+00
5.93236778e-02
-1.49970899e-01
-7.87405145e-02
-4.59144240e-02
1.99925501e-01
0.00000000e+00
0.00000000e+00
0.00000000e+00
3.70949910e-02
-1.12487754e-01
1.61887740e-01
0.00000000e+00
-6.37379249e-02
1.19542422e-02
1.14236557e-01
0.00000000e+00
-3.28657061e-01
-1.35784171e-02
2.66279676e-01
0.00000000e+00
8.30764627e-02
-1.14676659e-01
-5.64704145e-02
0.00000000e+00
0.00000000e+00
0.00000000e+00
-5.33336875e-02
-1.41148635e-01
5.46135237e-01
-1.40802433e-01
-3.58257611e-01
0.00000000e+00
-2.12494888e-01
-6.11919636e-02
1.33649148e-01
-3.62648941e-01
-2.99034578e-02
7.47653635e-02
-2.15848838e-01
1.06740277e-01
8.58021693e-02
1.78662868e-01
2.53317790e-01
-7.39727880e-05
1.26256271e-01
2.11797723e-02
-3.03419017e-02
-8.64778966e-03
-1.42776732e-01
5.20214713e-02
5.55832067e-02
0.00000000e+00
0.00000000e+00
0.00000000e+00
0.00000000e+00
0.00000000e+00
0.00000000e+00
0.00000000e+00
0.00000000e+00
0.00000000e+00
0.00000000e+00
0.00000000e+00
0.00000000e+00
0.00000000e+00
0.00000000e+00
0.00000000e+00
-6.70307721e-01
-8.21420091e-04
-1.16357922e+00
0.00000000e+00
0.00000000e+00
0.00000000e+00
-1.18586719e-01
2.43192058e-01
-2.72867571e-02
1.38520155e+00
-1.27449749e+00
-3.31788455e-01
4.64716102e-01
8.56050630e-01
-1.00669710e+00
0.00000000e+00
2.36615412e-03
8.43284459e-01
-1.46210808e+00
5.52780086e-01
1.08737715e+00
1.82951284e-01
-5.00940410e-01
-1.31542894e+00
-2.84201122e-01
-4.59963625e-01
-9.53635988e-01
0.00000000e+00
0.00000000e+00
0.00000000e+00
-2.23668884e-01
4.29908314e-01
-2.16388310e-01
1.22868279e+00
-9.99270644e-01
-2.92853230e-01
3.96087514e-01
2.50675876e-02
-3.16058513e-01
0.00000000e+00
1.98340040e-01
8.58943038e-01
-1.43123528e+00
8.96727640e-01
-2.77741054e-02
-2.07704355e-01
-5.67635956e-01
-7.72214501e-01
1.25654253e-01
-5.82433807e-02
7 1
-5.7982e-01 4.9428e-01
6 1
0 1 3 4 5 2 
217
-7.24630932e-01
-2.08007979e-01
5.21371499e-01
-8.90459159e-02
-5.48914538e-01
-4.34029416e-01
-5.11225227e-01
5.75434079e-01
6.66941876e-02
4.08972768e-01
2.40749518e-01
2.92324562e-01
2.80651280e-02
2.01867360e-01
0.00000000e+00
0.00000000e+00
0.00000000e+00
0.00000000e+00
0.00000000e+00
0.00000000e+00
-3.25294015e-01
-1.53069780e-03
6.85707251e-01
-4.61232359e-01
2.32541285e-04
7.26573903e-01
0.00000000e+00
0.00000000e+00
8.72353143e-02
-1.51320211e-01
-8.52426541e-02
-1.54187047e-01
-2.32033992e-01
-1.38261649e-01
0.00000000e+00
0.00000000e+00
0.00000000e+00
-1.41721677e-01
-3.58239652e-01
-3.47293123e-01
-6.89692060e-02
1.13869266e-01
7.87266340e-02
0.00000000e+00
1.90351472e-01
-4.07061092e-01
-4.25874595e-01
5.39447087e-01
0.00000000e+00
-5.10186974e-01
-2.29681864e-02
1.12837796e-01
0.00000000e+00
-2.34004253e-01
-4.26345836e-01
3.45705482e-01
0.00000000e+00
3.15332468e-02
1.28952278e-01
-1.40004785e-01
-5.55267878e-01
-4.15348675e-01
2.46988794e-01
-2.20931176e-01
-2.41966264e-01
-3.93253207e-01
-1.67115499e-02
8.35251178e-01
-2.45021942e-01
2.86340075e-01
0.00000000e+00
-8.36380174e-01
-2.30949220e-01
2.54753509e-01
-3.52351599e-01
-1.43004267e-01
1.23641886e-01
0.00000000e+00
-9.28825073e-02
-1.37342699e-01
4.46783575e-03
-2.06282417e-01
-3.26834617e-01
-3.18447913e-01
0.00000000e+00
-4.45984649e-01
-1.17165501e-01
1.19631117e-02
-3.30069427e-01
-2.90609394e-01
8.71310270e-02
0.00000000e+00
1.57101082e-01
5.51804814e-02
-4.00484279e-02
-2.25578076e-01
-5.32301943e-01
-5.00987616e-01
0.00000000e+00
-9.13727572e-01
-4.78771802e-01
1.59542011e-01
-1.32902099e-01
2.95546292e-02
2.55255281e-02
0.00000000e+00
0.00000000e+00
0.00000000e+00
0.00000000e+00
0.00000000e+00
0.00000000e+00
0.00000000e+00
0.00000000e+00
0.00000000e+00
0.00000000e+00
0.00000000e+00
0.00000000e+00
0.00000000e+00
0.00000000e+00
-7.34797451e-01
-8.61589657e-02
-7.95425196e-01
0.00000000e+00
0.00000000e+00
0.00000000e+00
-2.85416349e-01
9.10688861e-02
-4.06093128e-01
6.42839071e-01
-6.76568941e-01
1.04041191e-01
9.59853567e-01
4.34163160e-01
-4.43013698e-01
0.00000000e+00
-3.87885940e-02
2.03148856e-01
-1.10665888e+00
3.40762750e-01
1.75515181e-01
1.06818803e-01
-2.23999974e-01
-4.35311571e-01
2.62884487e-01
-5.00670014e-01
-1.48875116e-01
0.00000000e+00
0.00000000e+00
0.00000000e+00
1.17266193e-01
3.72324404e-02
2.42834180e-01
2.59446288e-01
-6.57646602e-02
-6.89703515e-02
-1.87749395e-01
-6.90665381e-03
-9.66351668e-02
0.00000000e+00
1.23117986e-01
-2.75946673e-02
-2.01203660e-01
1.00515042e-01
-1.19887877e-01
-1.08131885e-01
-3.64906547e-02
-2.87254486e-01
-1.07872914e-01
2.85175125e-01
-3.67487676e-01
0.00000000e+00
0.00000000e+00
0.00000000e+00
-2.60109201e-01
-1.68374945e-02
-5.22883947e-01
1.62360652e+00
-1.95456413e-01
-1.34838803e-01
4.87151263e-01
-9.36964957e-02
-3.95540393e-01
0.00000000e+00
1.53861179e-01
3.33543425e-01
-6.24173981e-01
5.30823246e-01
1.95085397e-01
-3.17498386e-01
-6.14624725e-01
-3.38402193e-01
4.33988804e-02
-2.20895549e-01
-2.30729715e-01
0.00000000e+00
0.00000000e+00
0.00000000e+00
-5.10972888e-02
-7.45993972e-02
8.86208874e-02
-2.00431474e-01
-4.39582897e-01
3.87080808e-03
-5.79503595e-02
-4.78841859e-03
1.18009076e-01
0.00000000e+00
6.47810641e-02
3.36981633e-01
-4.49899326e-01
3.10542336e-01
1.94770442e-01
-9.56688094e-02
-1.42667393e-01
-1.75425957e-01
2.58100495e-01
8.57048640e-02
136
-9.81344501e-02
0.00000000e+00
0.00000000e+00
-3.02968906e-02
-1.31458539e-03
9.28419717e-02
-9.53643599e-04
4.09981145e-02
9.95546741e-05
0.00000000e+00
0.00000000e+00
-2.22729297e-02
-2.19704660e-02
-9.52921213e-02
1.05522526e-01
1.00460755e-01
1.12688257e-01
0.00000000e+00
0.00000000e+00
3.73825642e-02
1.08076315e-01
-2.55649087e-01
-3.06147380e-01
-1.88746158e-01
1.64966547e-01
3.41982748e-01
0.00000000e+00
-1.59474581e-01
-3.30646831e-01
7.24114479e-03
2.97063408e-01
1.89391276e-02
-3.25633285e-01
1.18294261e-01
2.93176556e-01
-3.51124302e-02
7.40897797e-02
-2.40837884e-01
2.52708653e-01
0.00000000e+00
4.10092854e-01
-1.65732843e-01
-3.11852164e-01
0.00000000e+00
0.00000000e+00
0.00000000e+00
-7.83523548e-02
-3.78781066e-01
5.08232140e-01
-1.63864822e-01
-3.87831670e-01
0.00000000e+00
-3.36330595e-01
8.72203289e-02
1.37785173e-01
-3.42324341e-01
-5.67007035e-02
-7.82680378e-02
-2.66769878e-01
1.16168933e-01
-1.38391988e-01
-1.99528990e-01
8.17179489e-01
2.37247459e-01
2.03348496e-01
2.73480361e-02
-5.70357492e-02
-1.09312833e-01
-1.89241826e-01
6.30739102e-02
3.00568799e-02
0.00000000e+00
-1.47771777e-01
5.02487125e-02
1.97829344e-01
-5.93137836e-02
0.00000000e+00
0.00000000e+00
0.00000000e+00
0.00000000e+00
0.00000000e+00
0.00000000e+00
0.00000000e+00
0.00000000e+00
0.00000000e+00
0.00000000e+00
-6.59163829e-01
3.85275320e-03
-1.13944715e+00
0.00000000e+00
0.00000000e+00
0.00000000e+00
-6.96676921e-03
1.22576085e-01
-1.85125827e-01
1.21967501e+00
-1.27314574e+00
-5.54497803e-01
4.05088508e-01
7.84338506e-01
-6.29713995e-01
0.00000000e+00
1.84150437e-02
7.58059466e-01
-1.52693324e+00
6.02469869e-01
1.10614533e+00
1.05646061e-01
-5.28395995e-01
-1.17021674e+00
-1.03821663e-01
-2.83043268e-01
-9.35193469e-01
0.00000000e+00
0.00000000e+00
0.00000000e+00
-3.04036197e-01
4.75551190e-01
-1.44075503e-01
1.24659377e+00
-1.08773313e+00
-3.10114357e-01
4.30790304e-01
1.87898833e-02
-3.36819841e-01
0.00000000e+00
1.99706260e-01
8.40854856e-01
-1.48795328e+00
8.16716156e-01
5.01595531e-02
-1.88583685e-01
-4.80212089e-01
-7.46671066e-01
5.90495825e-02
1.27941212e-02
8 1
-1.0056e+00 5.3913e-01
7 1
0 1 3 4 5 2 7 
217
-1.68790131e-01
-2.52761249e-01
2.61804927e-01
-3.34529919e-01
-3.22451212e-01
-2.78639261e-01
-2.75614938e-01
2.58733929e-01
1.12621527e-01
-4.08531708e-02
1.66637112e-01
-6.32493748e-01
1.50017380e-01
6.30407740e-02
0.00000000e+00
0.00000000e+00
0.00000000e+00
-1.53254228e-01
1.05409921e-02
-8.69578882e-02
7.65276245e-02
-2.83357812e-03
2.63777686e-01
-7.89350178e-02
-6.68242145e-04
2.65523865e-01
0.00000000e+00
0.00000000e+00
-1.73632052e-01
-3.83605247e-02
9.95285127e-02
1.28398467e-01
-4.47754562e-02
-6.71982403e-02
0.00000000e+00
0.00000000e+00
0.00000000e+00
-1.23044488e-01
-3.55909685e-01
-1.14677786e-01
2.38346678e-02
1.13203508e-01
2.78438391e-01
9.36526022e-03
0.00000000e+00
-3.84605537e-01
-5.42331539e-02
4.75512277e-01
0.00000000e+00
-4.18383891e-01
-4.81217419e-03
2.27162999e-01
0.00000000e+00
-9.56148440e-02
-5.07133558e-01
3.20118826e-01
0.00000000e+00
2.21109379e-01
-8.66949687e-03
8.14732813e-02
-1.88090153e-01
-3.32832761e-01
3.52132783e-01
0.00000000e+00
-3.09500780e-01
-1.10327403e+00
1.82081332e-01
9.51964474e-01
2.44691160e-01
6.55063132e-01
0.00000000e+00
-6.98209131e-01
-9.27133523e-01
3.01461702e-01
-4.76901718e-02
2.27957299e-01
5.08775612e-01
0.00000000e+00
1.57325134e-02
-5.48603781e-02
1.27532691e-01
-4.53200905e-01
-3.02829668e-02
-3.04794854e-01
0.00000000e+00
-1.75779724e-01
-2.18146311e-01
1.16816765e-01
-1.19295607e-01
-1.09827171e-01
-3.39922344e-01
0.00000000e+00
1.73394275e-01
-4.26719602e-03
-1.24646478e-02
-3.39916369e-01
-4.79473901e-02
-1.59249118e-01
0.00000000e+00
-4.81705517e-01
-4.27035434e-01
2.82606502e-01
-4.38009920e-01
3.03088844e-02
-6.50625887e-02
0.00000000e+00
-7.45021405e-02
-1.18262225e-01
-2.36426222e-02
-2.82535257e-01
-7.06453680e-02
-6.60310815e-02
0.00000000e+00
0.00000000e+00
0.00000000e+00
0.00000000e+00
0.00000000e+00
0.00000000e+00
0.00000000e+00
-9.62004215e-01
-5.83607926e-01
-1.29110006e+00
0.00000000e+00
0.00000000e+00
0.00000000e+00
6.94253546e-02
7.75995443e-02
2.35025676e-01
8.19728633e-02
-8.86316470e-01
-4.05111519e-01
2.57291418e-01
1.15785753e-01
5.86503145e-02
0.00000000e+00
2.96505683e-01
-5.48542556e-01
-7.07287550e-01
1.54367468e-01
3.15766554e-01
-7.79936449e-02
-1.79045164e-01
-3.12729675e-01
1.48191707e-01
1.53441843e-02
-3.79250915e-03
0.00000000e+00
0.00000000e+00
0.00000000e+00
-5.92615937e-02
-1.98276934e-01
2.97868989e-02
3.24524027e-01
3.88515932e-02
-3.07616653e-01
-1.35649522e-01
9.01556733e-02
-1.12585320e-01
0.00000000e+00
8.53196848e-03
6.09257648e-01
-6.73174764e-01
2.64226983e-01
-8.88469958e-03
-4.97174791e-02
-4.46078852e-02
-9.16320434e-02
2.52069968e-01
6.02096262e-02
-9.34012184e-01
0.00000000e+00
0.00000000e+00
0.00000000e+00
-3.55252229e-01
2.10520758e-01
-1.17702882e-01
3.87211472e-01
-5.33530775e-01
-3.58167184e-01
4.98805133e-01
-2.76098270e-01
-1.78004336e-01
0.00000000e+00
-4.55802757e-02
5.19558725e-01
-5.70521641e-01
4.21488960e-01
8.65551708e-03
-8.41600854e-02
-4.77376539e-05
-3.04808891e-01
-2.64272778e-01
1.07894336e-01
-9.43519620e-02
0.00000000e+00
0.00000000e+00
0.00000000e+00
9.87045593e-03
-7.41196892e-02
6.84231995e-02
3.86001542e-01
-4.34073912e-01
4.63911613e-02
5.35526524e-02
2.71590876e-01
-5.66171788e-02
0.00000000e+00
2.38732431e-01
2.92244629e-01
-1.04127823e+00
3.11283869e-01
2.10753023e-01
-7.26089562e-02
-1.57488517e-01
-3.93931028e-01
3.32212095e-01
-8.52903822e-02
136
-7.26452903e-02
0.00000000e+00
0.00000000e+00
5.36896969e-03
-1.10250275e-03
7.62561991e-02
-1.56592186e-03
6.38733356e-02
3.22848839e-05
0.00000000e+00
0.00000000e+00
5.95120980e-02
-1.89808786e-02
-8.89844720e-02
7.71139109e-02
6.08006910e-02
1.11623882e-01
0.00000000e+00
0.00000000e+00
0.00000000e+00
1.45469823e-01
-1.52609978e-01
-2.22688087e-01
-2.26478948e-01
9.13242054e-03
3.03208463e-01
4.59925675e-02
-2.37783839e-01
-9.45628684e-02
2.26580099e-02
1.99448028e-01
4.36099723e-02
-1.25569126e-01
3.98580148e-02
1.30958259e-01
-3.00940250e-02
-1.16434223e-01
-5.53075897e-02
2.37394208e-01
0.00000000e+00
1.99395869e-01
-1.18921339e-01
-1.66578954e-01
0.00000000e+00
0.00000000e+00
0.00000000e+00
-2.93222643e-02
-3.07374218e-01
5.07824491e-01
-1.44267153e-01
-3.73343268e-01
0.00000000e+00
-3.50848387e-01
1.96835139e-02
1.15720825e-01
-2.43657695e-01
-2.17081419e-02
-5.29741571e-02
-2.05500857e-01
9.49710855e-02
-7.27341475e-03
-7.23563194e-02
4.84414274e-01
1.26480115e-01
1.46629025e-01
3.62357409e-02
-2.20732995e-02
-9.75457807e-02
-1.43882194e-01
4.04233227e-02
3.52948707e-02
0.00000000e+00
-8.05342261e-02
1.40735430e-01
1.45574930e-01
-6.67702032e-02
0.00000000e+00
1.45923242e-01
-1.21766018e-01
1.49537593e-01
-2.23067287e-01
0.00000000e+00
0.00000000e+00
0.00000000e+00
0.00000000e+00
0.00000000e+00
-5.94541251e-01
1.78729936e-02
-1.09269444e+00
0.00000000e+00
0.00000000e+00
0.00000000e+00
-7.38232588e-02
1.87684820e-01
-1.79306059e-01
1.23665658e+00
-1.27440220e+00
-3.85471979e-01
4.27976143e-01
7.70816509e-01
-6.09882971e-01
0.00000000e+00
4.65579788e-02
6.82818699e-01
-1.49968431e+00
6.11595992e-01
1.01593431e+00
1.41456212e-01
-5.15886707e-01
-1.18894016e+00
-1.95510012e-01
-2.91284026e-01
-9.13652967e-01
0.00000000e+00
0.00000000e+00
0.00000000e+00
-3.24561597e-01
4.33209268e-01
-2.60552895e-01
1.21866706e+00
-1.02934320e+00
-2.98264900e-01
3.99183168e-01
5.51051987e-03
-2.57575030e-01
0.00000000e+00
2.25540366e-01
8.02532741e-01
-1.43401074e+00
8.95268088e-01
1.24438774e-01
-2.50149322e-01
-6.05081145e-01
-7.17970787e-01
1.58460141e-01
1.04652379e-03
9 1
-1.2681e+00 5.6130e-01
8 1
0 1 3 4 5 2 7 8 
217
-4.83240014e-01
-4.13224839e-02
4.37461748e-01
4.73481093e-02
-4.35898774e-01
-3.33055662e-01
-5.74014546e-01
6.98033200e-01
5.13609390e-02
3.62446464e-01
3.37327680e-01
2.19344007e-02
1.37984687e-01
2.22824129e-01
0.00000000e+00
0.00000000e+00
0.00000000e+00
1.63167236e-01
1.24789391e-03
6.71278940e-01
1.52427468e-02
-1.42224999e-03
6.33109332e-01
-6.28517602e-01
-4.15361477e-05
8.10183922e-01
0.00000000e+00
0.00000000e+00
-1.19732257e-01
4.49647353e-03
-1.65790161e-01
-3.34959909e-04
5.29563013e-02
-1.43917681e-01
0.00000000e+00
0.00000000e+00
0.00000000e+00
-2.48338691e-02
-3.05765435e-01
-1.69137643e-01
-2.01651448e-01
7.03517227e-02
-5.22710041e-02
2.18413373e-01
0.00000000e+00
-6.70472749e-01
-4.29300085e-02
2.77891495e-01
0.00000000e+00
-5.73288597e-01
-2.18956394e-01
3.18326838e-01
0.00000000e+00
-3.39762127e-01
-3.68594607e-01
5.53410031e-01
0.00000000e+00
4.75839003e-01
-4.29273989e-01
2.24045324e-01
-6.20924413e-01
-3.77504126e-01
5.33534236e-01
0.00000000e+00
-7.19812862e-01
-8.67818543e-01
1.67832066e-01
9.69376327e-01
9.81571514e-02
6.40506195e-01
0.00000000e+00
-7.97158705e-01
-8.56782116e-01
3.02879715e-01
-5.73594751e-02
1.10389753e-02
1.62362258e-01
0.00000000e+00
-2.59929301e-01
2.83092459e-01
1.84320443e-02
-6.10765623e-01
-2.21739860e-01
-7.68957566e-02
0.00000000e+00
-5.88016925e-01
-2.77276564e-01
3.84132950e-02
-1.24774430e-01
6.63636152e-02
9.42994765e-01
0.00000000e+00
-5.13761137e-02
-2.11923664e-02
4.79654667e-02
-1.87453561e-01
-4.59826469e-01
-4.15366743e-01
0.00000000e+00
-5.34909147e-01
4.15950135e-01
6.67698392e-02
-3.07581475e-01
-1.51007070e-02
1.90183974e-01
0.00000000e+00
-2.72013755e-01
-4.15226210e-01
-1.33733290e-02
-5.41584507e-01
-1.97852930e-01
1.95460593e-02
0.00000000e+00
-3.10688977e-01
-1.45930979e-01
-2.31028973e-01
3.49825293e-01
5.84779362e-02
1.50358998e-02
-6.16886586e-01
-2.70101627e-01
-1.15232961e+00
0.00000000e+00
0.00000000e+00
0.00000000e+00
-5.60421040e-01
-5.45694103e-01
-5.68765150e-01
1.28270437e+00
-8.59434052e-01
-5.05232030e-01
4.64563232e-01
-1.62625498e-02
-2.39840280e-01
0.00000000e+00
-3.14768393e-01
7.40912461e-03
-7.86610430e-01
3.27519033e-01
4.28626525e-01
-2.01688569e-01
5.29621165e-01
-1.05246274e-01
3.53005038e-01
1.58184776e-01
1.57980476e-03
0.00000000e+00
0.00000000e+00
0.00000000e+00
2.88236928e-01
-1.85150976e-01
-1.24508443e-02
-7.20588753e-02
-1.90461208e-02
-8.47021025e-02
6.87862872e-02
1.99066622e-01
2.54533817e-01
0.00000000e+00
3.53053232e-01
1.48947788e-01
-6.57941612e-01
1.20978756e-01
1.20161308e-01
4.55317331e-03
-1.91440792e-01
-2.56783568e-01
-1.09319826e-02
-6.62312338e-02
-8.59517596e-01
0.00000000e+00
0.00000000e+00
0.00000000e+00
-4.01042386e-01
1.49497220e-01
-4.70268822e-01
1.22034235e+00
-1.12724551e+00
-1.92798480e-02
5.20011546e-01
2.20341688e-01
2.68987631e-02
0.00000000e+00
-4.79825215e-01
5.33896267e-01
-4.74537013e-01
6.33010493e-01
-4.75278975e-01
-4.33594586e-01
4.03288208e-03
-2.68474828e-01
-2.79055133e-01
2.61053514e-01
-3.32645778e-02
0.00000000e+00
0.00000000e+00
0.00000000e+00
-9.07070759e-03
-5.00515108e-02
2.24291554e-01
7.48634020e-02
3.02386174e-01
-8.75703705e-02
-7.51046347e-02
-1.67009792e-01
-9.55488427e-02
0.00000000e+00
3.72051704e-01
9.58396254e-02
-5.77505961e-01
5.21873662e-02
4.50458645e-01
1.22436636e-01
-4.66872364e-01
-3.25747087e-01
2.01581688e-01
-7.48801008e-02
136
-8.80186317e-02
0.00000000e+00
0.00000000e+00
-4.13293156e-02
3.07837056e-04
1.39781304e-01
-1.91878990e-03
8.80933957e-02
4.32059694e-06
0.00000000e+00
0.00000000e+00
2.97407673e-02
-2.70614296e-02
-5.54643789e-02
9.86734426e-02
7.74211072e-02
1.42026628e-01
0.00000000e+00
0.00000000e+00
0.00000000e+00
1.69351438e-01
-1.29476980e-01
-2.37566690e-01
-2.59030574e-01
-2.51300414e-02
1.76969893e-01
1.88435144e-01
-2.59977685e-01
-7.23340917e-02
-4.92730626e-02
1.84465786e-01
4.72083388e-02
-7.34811546e-02
6.28420397e-02
2.00684991e-01
-3.96331615e-02
-6.21349694e-02
-6.81358173e-02
2.49295439e-01
0.00000000e+00
6.31132064e-02
-7.75645911e-02
-1.89014635e-01
0.00000000e+00
0.00000000e+00
0.00000000e+00
-3.40563802e-02
-3.54556824e-01
4.98506708e-01
-1.40428604e-01
-4.11129366e-01
0.00000000e+00
-3.91975324e-01
2.00224596e-02
1.00683767e-01
-3.33266631e-01
-4.07959914e-02
-7.69315711e-02
-1.94198109e-01
7.95941064e-02
2.45377107e-02
6.88972541e-04
4.27583616e-01
7.52559195e-02
1.48891979e-01
6.53361369e-02
-4.12647572e-02
-1.35014989e-01
-1.51665623e-01
4.61760220e-02
2.44138845e-03
0.00000000e+00
-6.66910580e-02
1.41026220e-01
1.40602369e-01
-2.07355694e-01
0.00000000e+00
1.83447801e-01
-1.00106873e-01
1.41319650e-01
-1.64826436e-01
0.00000000e+00
1.09678699e-01
-5.79177901e-02
1.84754186e-01
-4.11390355e-02
-6.00201049e-01
-3.25141039e-02
-1.09996816e+00
0.00000000e+00
0.00000000e+00
0.00000000e+00
-2.49478294e-02
1.92722330e-01
-1.20409963e-01
1.23142504e+00
-1.24878053e+00
-3.80393693e-01
4.32063732e-01
7.41637440e-01
-6.98799435e-01
0.00000000e+00
2.32585441e-02
6.75937074e-01
-1.49666621e+00
5.80997146e-01
9.94658210e-01
1.10507668e-01
-5.40527361e-01
-1.14877396e+00
-1.63734585e-01
-2.60141784e-01
-9.44419450e-01
0.00000000e+00
0.00000000e+00
0.00000000e+00
-3.10504075e-01
4.47202687e-01
-2.29095957e-01
1.21196276e+00
-1.17061169e+00
-3.22189122e-01
4.15908911e-01
3.95892583e-03
-3.07108570e-01
0.00000000e+00
2.28266480e-01
8.73600844e-01
-1.50357558e+00
8.91737917e-01
1.32393216e-01
-2.38802358e-01
-5.46928136e-01
-7.01660317e-01
1.76672084e-01
4.35252342e-03
6 2
-1.3068e+00 5.7939e-01
8 -1
0 1 3 4 5 2 7 8 
217
-2.58713774e-01
1.01663549e-01
-4.73401452e-03
-3.16971069e-01
-1.64873646e-01
-1.46698245e-01
-7.58390678e-01
7.92598807e-01
1.78999989e-01
7.27832484e-02
3.53734682e-01
-3.46534429e-01
1.31815879e-01
4.12642624e-01
2.63740984e-01
-2.63914045e-02
1.26403507e+00
-5.09380004e-02
6.83851196e-03
7.06580500e-02
-7.67107975e-01
9.00710715e-03
3.19900122e-01
2.95591218e-01
2.19008210e-03
3.18275625e-01
0.00000000e+00
0.00000000e+00
-4.82850395e-01
-3.81718594e-01
-1.94742956e-01
4.67784633e-01
2.95435286e-01
5.73411051e-01
0.00000000e+00
0.00000000e+00
0.00000000e+00
-1.85704915e-01
-2.15866057e-01
-3.07639971e-01
-1.88096193e-01
3.18963867e-02
2.07071144e-01
2.46131740e-01
2.80845954e-02
-5.72007043e-01
-2.78226735e-01
1.38306957e-01
0.00000000e+00
-4.42796013e-01
7.82023064e-01
2.27310163e-01
0.00000000e+00
5.89723210e-02
2.01096834e-01
4.65614067e-01
0.00000000e+00
2.30716173e-01
0.00000000e+00
-1.49891356e-02
-5.04148824e-01
1.61044594e-01
-6.91036347e-02
6.00988077e-01
-9.50829342e-01
-4.05915778e-01
2.14685932e-01
6.11217336e-01
-1.23558441e-01
9.39227833e-02
0.00000000e+00
-4.92704572e-01
-2.96239902e-01
3.78921713e-01
-1.06757020e-01
1.12641988e-01
2.11633219e-01
0.00000000e+00
-1.37176802e-01
6.50881577e-02
-1.14786590e-01
-3.58294421e-01
-1.63182267e-01
7.09393757e-02
0.00000000e+00
1.32938452e-01
-1.73584675e-02
8.20551213e-02
-1.46227784e-01
-1.92802289e-01
2.02599676e-01
0.00000000e+00
-1.95706275e-01
7.51934904e-02
-4.08823810e-02
-2.57023897e-01
-1.78557004e-01
-3.45759348e-02
0.00000000e+00
-3.73112777e-01
-1.33342987e-01
3.96241448e-01
5.75317718e-03
3.86418688e-02
-2.53453836e-01
0.00000000e+00
-1.26325890e-01
-2.22969193e-01
1.31734023e-01
-4.75005776e-02
1.67831521e-02
1.61359983e-01
0.00000000e+00
3.60346836e-03
-4.96757993e-01
1.40675609e-02
-1.41689142e-01
1.34643457e-01
-5.95615759e-01
-4.75495555e-01
2.58665272e-01
-9.15612187e-01
0.00000000e+00
0.00000000e+00
0.00000000e+00
-2.34561235e-01
5.88397972e-01
1.10495867e-01
1.28523030e+00
-1.09752748e+00
-1.84984702e-01
3.54465851e-01
5.21777749e-01
-5.67907628e-01
0.00000000e+00
-3.52116594e-01
5.50955267e-02
-6.23642773e-01
5.91046097e-01
-3.02322151e-01
5.42011237e-01
-5.99447365e-02
-7.25162396e-01
-5.34880418e-01
-2.81082672e-01
-1.46590606e-01
0.00000000e+00
0.00000000e+00
0.00000000e+00
3.02167086e-01
-6.62845639e-01
-2.52661903e-02
1.19722361e-01
-1.67119387e-01
-1.30685603e-01
8.60893556e-02
-5.78204197e-02
2.19709713e-01
0.00000000e+00
2.42078606e-01
2.11258069e-01
-3.80971980e-01
-8.44125100e-02
3.52962999e-01
-2.24605159e-02
-7.80591344e-02
-4.77365517e-01
2.93724711e-01
1.12703387e-01
-7.60216963e-01
0.00000000e+00
0.00000000e+00
0.00000000e+00
1.51242623e-01
3.43523738e-01
-2.99453505e-01
3.05253706e-01
3.11914679e-02
-1.22411993e+00
2.65828819e-01
3.87977139e-01
3.23595846e-01
0.00000000e+00
1.02450912e-01
1.04226851e+00
-3.20224063e-01
2.01958833e-01
-6.27129064e-02
-5.02540283e-01
-4.57555985e-02
-7.23044733e-01
-2.75201592e-01
-4.62455947e-01
-5.77740979e-03
0.00000000e+00
0.00000000e+00
0.00000000e+00
-1.66810207e-01
-3.64248374e-01
8.16094014e-02
2.83899411e-01
-5.10929112e-01
5.66118887e-01
-6.98068819e-03
-2.71045795e-01
-1.59006021e-01
0.00000000e+00
6.29441681e-02
-1.69097838e-01
-6.82021482e-01
4.01712228e-01
4.22525204e-01
2.91920356e-01
-3.74192974e-02
-3.88048570e-01
3.22147097e-01
3.16953222e-01
136
-1.75652189e-01
-2.37952348e-01
5.27292751e-03
-1.42912848e-01
1.58822470e-03
-1.82826056e-01
3.16215282e-03
3.88039063e-01
-2.63964785e-04
0.00000000e+00
0.00000000e+00
-1.71135788e-01
-1.82847817e-01
-1.12808607e-01
2.97461451e-01
3.06392221e-01
3.87689172e-01
0.00000000e+00
0.00000000e+00
0.00000000e+00
1.33005484e-01
-1.43423325e-01
-2.68564751e-01
-3.08707542e-01
-1.29714330e-01
6.09732307e-02
4.26388456e-01
-3.47459076e-01
-1.21805578e-01
-8.23536475e-03
3.44342896e-01
1.04615092e-01
-1.92080782e-01
6.17214298e-02
2.57020034e-01
-5.56804017e-02
-1.97320499e-01
-1.82914394e-01
3.57778831e-01
0.00000000e+00
1.44825629e-01
-2.72480405e-01
-5.16609238e-02
0.00000000e+00
0.00000000e+00
0.00000000e+00
-2.07287408e-01
-5.09464390e-01
4.59652269e-01
-1.96155780e-01
-3.78547474e-01
0.00000000e+00
-6.64623137e-01
-2.95899168e-02
2.31889440e-02
-2.80834953e-01
-1.33251920e-01
-7.80416654e-02
-1.81168326e-01
9.25052903e-02
9.36548587e-02
8.54424895e-02
5.82179497e-01
1.58361116e-01
1.66401159e-01
7.41346914e-02
-1.40181930e-01
-1.51009906e-01
-1.51335099e-01
4.46925498e-02
-4.58357345e-03
0.00000000e+00
-1.09486902e-01
6.37419252e-02
1.64716968e-01
-1.80187103e-01
0.00000000e+00
3.67143755e-01
-4.64527018e-02
1.76775630e-01
-1.98865566e-01
0.00000000e+00
2.44287524e-01
-4.07336762e-02
2.09369539e-01
-6.32345609e-01
-5.85927528e-01
-2.69010924e-02
-1.07863567e+00
0.00000000e+00
0.00000000e+00
0.00000000e+00
-5.67788687e-02
1.79980318e-01
-1.48979808e-01
1.15757739e+00
-1.21140596e+00
-4.56528985e-01
4.12133264e-01
7.26196333e-01
-6.22561698e-01
0.00000000e+00
6.41134628e-02
6.87130045e-01
-1.54260080e+00
6.19900890e-01
1.02926592e+00
7.25163993e-02
-5.56080481e-01
-1.08858328e+00
-1.03740355e-01
-2.40189458e-01
-9.47911467e-01
0.00000000e+00
0.00000000e+00
0.00000000e+00
-3.15261905e-01
4.63917803e-01
-2.11866197e-01
1.24862579e+00
-1.09510909e+00
-3.31248483e-01
4.33728340e-01
3.42269425e-02
-3.27797310e-01
0.00000000e+00
2.11071404e-01
8.78611809e-01
-1.49205717e+00
8.99895265e-01
1.04289508e-01
-2.68236505e-01
-6.18711863e-01
-7.24836122e-01
1.48972350e-01
1.38739671e-02
10 2
-1.4747e+00 5.9036e-01
8 -1
0 1 3 4 5 2 7 8 
217
-2.36879637e-01
-9.80735975e-02
4.13588871e-01
1.43167510e-01
1.29116066e-02
-2.64847490e-02
-2.32948578e-01
-3.88314943e-01
-4.94837033e-01
2.91435144e-01
-3.25422969e-01
6.27381759e-01
8.03417337e-01
1.31068714e-01
1.84171439e-01
1.34494029e-02
2.96990093e-01
-9.14862763e-01
6.65748396e-03
8.73966783e-01
6.81274565e-01
-8.21649174e-03
1.93617995e-01
-1.87462878e-01
-2.05020641e-03
2.85288849e-01
0.00000000e+00
0.00000000e+00
-3.38613795e-01
-7.35947885e-01
-1.30524258e-01
1.30356116e-01
3.03656707e-01
7.40560323e-01
0.00000000e+00
0.00000000e+00
0.00000000e+00
-1.25263240e-01
-9.19660323e-02
-2.56400281e-01
-2.79474633e-01
1.06921085e-01
-2.63467414e-02
4.35650206e-01
-8.23559197e-01
5.38130835e-01
8.14267948e-03
3.99704032e-01
0.00000000e+00
-2.73473011e-01
4.68582710e-02
-1.92303259e-01
0.00000000e+00
-3.35390572e-01
-3.32851616e-01
1.33682548e-01
0.00000000e+00
6.55385054e-01
6.03750553e-01
-5.32386867e-01
-3.17064837e-01
3.17696505e-01
-2.37511306e-01
0.00000000e+00
-4.79348477e-01
-2.20561650e-01
2.68781746e-02
6.04570025e-01
3.66470585e-01
2.73142797e-01
0.00000000e+00
-3.71475979e-01
-2.06813703e-01
1.46771805e-01
-7.76792467e-02
-1.21754632e-02
-3.24371191e-01
0.00000000e+00
-3.02123205e-01
-5.76850674e-01
3.71948027e-01
-6.51502920e-01
-8.19923352e-02
-5.65551208e-01
0.00000000e+00
-3.14374698e-01
3.57750986e-01
1.22401877e-02
2.11486970e-02
6.52548733e-02
-2.33588730e-01
0.00000000e+00
-5.67608086e-02
1.45128247e-02
-1.10187464e-02
-3.76298511e-01
5.56120415e-02
9.82731274e-02
0.00000000e+00
-6.29526963e-01
3.45875514e-02
3.38345000e-01
-1.02210792e-01
5.43023257e-02
2.52197983e-01
0.00000000e+00
-1.60210642e-01
-4.29256312e-01
-1.21036863e-01
-1.36311022e-01
4.43678673e-02
1.06372397e-01
0.00000000e+00
-2.23930657e-01
-7.75620222e-01
2.67330984e-02
8.90545335e-02
-3.96820788e-02
3.83570990e-01
-8.61345447e-01
1.23743163e-02
-8.07591245e-01
0.00000000e+00
0.00000000e+00
0.00000000e+00
1.08388712e+00
1.64185955e+00
-8.29229206e-01
1.69528347e+00
-1.17839641e+00
-1.19089387e+00
4.35136714e-01
-1.61267073e-01
-6.53146108e-01
0.00000000e+00
-4.62830321e-01
-1.30850358e-01
-1.83070844e+00
3.49205559e-01
9.28728099e-01
7.22370428e-02
1.56938471e-01
-7.13593708e-02
-7.60224647e-01
9.80385330e-02
-2.02637566e-01
0.00000000e+00
0.00000000e+00
0.00000000e+00
-6.37326903e-01
-6.27671025e-01
2.32629283e-01
-1.25143420e-01
-3.61186637e-01
4.49534523e-01
1.27496477e-01
2.37993761e-01
4.80256980e-01
0.00000000e+00
1.50518474e-01
1.88965821e-01
1.96474025e-01
1.36804619e-01
-5.75727456e-03
-1.70966105e-02
-2.25535624e-01
-5.70470213e-01
3.82796411e-01
-2.15920234e-01
-6.46652930e-01
0.00000000e+00
0.00000000e+00
0.00000000e+00
-5.43014748e-01
1.43290085e+00
-1.50283905e+00
1.04050388e+00
-5.40197098e-01
-2.24132607e-01
6.00741421e-01
-1.04799534e+00
-5.50661200e-01
0.00000000e+00
5.14244858e-01
-1.00857222e-01
-1.45502661e+00
1.29048008e+00
8.06693402e-01
-1.00713180e+00
1.50153527e-01
-6.51744545e-01
8.00721489e-01
3.40507783e-01
-8.88735012e-02
0.00000000e+00
0.00000000e+00
0.00000000e+00
7.68301723e-02
-5.65859305e-01
5.75621377e-01
1.77718117e-01
-6.27401270e-01
-1.72158530e-01
-1.63741386e-01
5.09530710e-01
-1.16790942e-01
0.00000000e+00
-1.24400399e-01
3.66461820e-01
2.06354655e-01
2.01581971e-02
-5.30383059e-03
2.08936756e-01
-2.80306195e-01
7.68588642e-02
-1.99000476e-01
-5.23818354e-02
136
-1.26663579e-01
-3.78038426e-01
1.47514396e-02
1.78911521e-01
-6.76707605e-04
3.43006812e-01
-7.07239347e-03
-2.70543486e-01
-6.83300148e-04
0.00000000e+00
0.00000000e+00
-2.41892334e-01
-2.49400345e-01
-1.07450303e-01
3.02547570e-01
3.22231931e-01
3.72383562e-01
0.00000000e+00
0.00000000e+00
0.00000000e+00
7.77900711e-02
-1.61157436e-01
-2.59895976e-01
-2.44556766e-01
-4.82461941e-02
1.94974977e-01
2.43748261e-01
-2.34755700e-01
-1.74802881e-01
-2.02458875e-02
2.64145544e-01
7.45112748e-02
-1.45360411e-01
3.64055674e-02
2.50783179e-01
-4.49712545e-02
-1.98259181e-01
-8.62346426e-02
3.15508442e-01
0.00000000e+00
1.66898255e-01
-2.78337316e-01
-4.98888144e-02
0.00000000e+00
0.00000000e+00
0.00000000e+00
-1.13483463e-01
-4.42204247e-01
4.83429390e-01
-1.75975424e-01
-3.79432832e-01
0.00000000e+00
-5.19156349e-01
2.82407259e-03
5.33418314e-02
-3.28657931e-01
-1.33556022e-01
-4.60595394e-02
-1.82227860e-01
7.67686096e-02
1.31493824e-01
7.83381743e-02
5.96521519e-01
1.48346536e-01
1.58656315e-01
9.82336755e-03
-1.14649453e-01
-1.47711450e-01
-1.49034846e-01
4.02815039e-02
9.93898309e-04
0.00000000e+00
-1.32495424e-01
5.34349093e-02
1.40936709e-01
-1.63744537e-01
0.00000000e+00
3.80345254e-01
-6.62293346e-02
1.76353259e-01
-1.65962297e-01
0.00000000e+00
1.43358763e-01
-6.31453496e-02
1.89026276e-01
-5.86099846e-01
-5.37127756e-01
1.82251673e-02
-1.07676305e+00
0.00000000e+00
0.00000000e+00
0.00000000e+00
-4.10130155e-02
9.61964616e-02
-1.19916643e-01
1.14399155e+00
-1.17591759e+00
-4.36175895e-01
4.38007613e-01
7.56995860e-01
-6.89139228e-01
0.00000000e+00
6.81702324e-02
7.13999737e-01
-1.55540010e+00
5.97027430e-01
1.01330864e+00
6.79600777e-02
-5.55330255e-01
-1.13249245e+00
-5.91272417e-02
-2.07908246e-01
-9.31801516e-01
0.00000000e+00
0.00000000e+00
0.00000000e+00
-3.20222339e-01
4.36758128e-01
-2.25152152e-01
1.19306533e+00
-1.05644099e+00
-3.08767687e-01
4.14679665e-01
8.37782293e-03
-2.52332010e-01
0.00000000e+00
1.99922816e-01
8.91321155e-01
-1.52272810e+00
8.95321535e-01
1.33908305e-01
-2.09617756e-01
-5.64844884e-01
-7.42942803e-01
1.42310065e-01
-4.44176135e-02
