0 10 -999999999 -1 -1
1 2 0 -1 -1
0.1245 0.3453
356
4.49318362e-01
4.83650996e-01
-3.43326347e-02
4.62349071e-01
-3.22922011e-01
0.00000000e+00
0.00000000e+00
0.00000000e+00
0.00000000e+00
0.00000000e+00
0.00000000e+00
0.00000000e+00
0.00000000e+00
5.95292180e-01
1.15731394e-01
-2.48674504e-01
0.00000000e+00
0.00000000e+00
0.00000000e+00
0.00000000e+00
0.00000000e+00
0.00000000e+00
0.00000000e+00
0.00000000e+00
0.00000000e+00
0.00000000e+00
0.00000000e+00
0.00000000e+00
0.00000000e+00
0.00000000e+00
0.00000000e+00
0.00000000e+00
0.00000000e+00
0.00000000e+00
0.00000000e+00
0.00000000e+00
0.00000000e+00
0.00000000e+00
0.00000000e+00
0.00000000e+00
0.00000000e+00
0.00000000e+00
0.00000000e+00
0.00000000e+00
0.00000000e+00
0.00000000e+00
0.00000000e+00
0.00000000e+00
0.00000000e+00
0.00000000e+00
0.00000000e+00
-2.68983847e-01
-2.66372509e-01
7.53960971e-01
0.00000000e+00
0.00000000e+00
0.00000000e+00
0.00000000e+00
5.23051328e-01
4.49378748e-01
1.52867110e-01
-3.82817835e-01
-1.09853318e-01
2.46884386e-01
1.44825211e-01
-2.38421716e-01
-2.61571969e-01
-7.58393664e-01
-2.95329885e-02
-2.22845197e-02
-2.89093597e-01
5.83213165e-02
1.09122115e-03
-3.12686150e-01
1.60588081e-01
6.17748039e-03
-4.22490872e-01
2.59941952e-01
1.39888736e-04
-3.37751233e-01
0.00000000e+00
0.00000000e+00
9.65917052e-01
9.53787830e-01
6.03659535e-01
-8.13473620e-01
-7.81008286e-01
-4.27792636e-01
0.00000000e+00
0.00000000e+00
-7.75949040e-01
-2.80641441e-01
-1.05268786e+00
-5.88554518e-01
-6.59451584e-01
-5.83079798e-01
1.60435427e-01
6.80661386e-02
-6.65693400e-02
-8.39662988e-02
-2.39150694e-02
7.50031544e-02
0.00000000e+00
0.00000000e+00
2.90948073e+00
2.01965748e+00
0.00000000e+00
0.00000000e+00
0.00000000e+00
0.00000000e+00
0.00000000e+00
4.90162269e-01
2.28300728e-01
8.41709848e-02
-2.38689948e-01
-4.46188273e-01
-8.25767444e-01
-1.77653769e+00
0.00000000e+00
0.00000000e+00
0.00000000e+00
0.00000000e+00
0.00000000e+00
-1.22137583e-02
-3.57542371e-03
-6.08768206e-01
-3.37262432e-01
-1.45630162e-01
-1.53198330e-01
-3.02904121e-01
3.49812789e+00
3.33720317e+00
3.37086415e+00
3.40533266e+00
3.49207362e+00
3.57609801e+00
-1.38338513e-01
3.57645939e-01
2.54589224e-01
2.60691747e-01
2.25801705e-01
-4.39583882e-01
1.22657107e-01
4.32255396e-01
1.36149859e-01
3.63974026e-01
-1.09603394e-01
-9.67692512e-02
5.14549267e-01
0.00000000e+00
0.00000000e+00
0.00000000e+00
-1.90004409e-02
0.00000000e+00
0.00000000e+00
0.00000000e+00
-4.62304648e-02
0.00000000e+00
-1.54431056e+00
-1.61694662e-01
-3.40377350e-01
-8.33177556e-01
-5.75474461e-01
-5.75466898e-01
-9.15851812e-01
0.00000000e+00
0.00000000e+00
0.00000000e+00
-4.46799809e-01
5.25517283e-01
-1.07754562e-01
1.61161735e+00
-1.32855909e+00
6.32489537e-01
7.11649076e-01
-7.78938131e-02
-1.03313971e+00
0.00000000e+00
1.20524654e-01
2.79669287e-01
-7.56940596e-01
5.57112924e-01
-6.76514864e-01
-1.42282235e-01
-4.19048456e-01
-7.49868700e-01
3.06857230e-01
7.75126791e-02
4.18174334e-01
0.00000000e+00
0.00000000e+00
0.00000000e+00
7.02214143e-02
-3.72729466e-02
5.04042107e-02
-1.54747605e-01
2.27899223e-01
-3.35646250e-01
-1.43555167e-01
1.24732157e-01
3.29815678e-01
0.00000000e+00
-2.44647340e-01
2.03991025e-01
-3.56345403e-02
-1.72587092e-04
3.05143247e-01
1.21087522e-01
-1.21807599e-02
1.95118606e-01
-1.30988079e-02
-2.33282747e-01
-3.65705988e-01
-3.95688265e-01
-2.75666268e-01
-3.75311008e-01
-3.08455160e-01
6.24002273e-01
-2.11655407e-01
-8.08035131e-01
-2.56988651e-01
0.00000000e+00
0.00000000e+00
0.00000000e+00
2.19433600e-01
-5.95355200e-01
-1.23107610e-01
6.13341343e-01
-2.41848235e-01
4.37724169e-01
2.57030316e-01
-1.11584661e+00
-4.37957789e-01
0.00000000e+00
4.61208799e-01
-3.08910142e-01
2.01544203e-01
1.06813531e-01
-9.31260618e-01
-2.15898464e-01
2.31818382e-01
4.07924704e-01
8.41481294e-02
6.92208839e-01
2.99822770e-02
-1.19390170e-01
9.40301378e-02
-2.49842633e-01
-5.50145824e-01
5.53109146e-02
-1.46731695e-01
-3.25201946e-01
-4.37336220e-01
9.17349488e-01
-4.35327377e-01
-4.26711196e-01
-6.05456739e-01
3.78403363e-01
-2.54759949e-03
-3.49862611e-02
-1.40864445e+00
0.00000000e+00
0.00000000e+00
0.00000000e+00
-1.15589111e+00
1.75415406e+00
-3.06673701e-01
1.19097963e+00
-1.32752511e+00
-3.10289774e-01
-7.58894930e-03
8.91750712e-01
-4.88432550e-01
0.00000000e+00
-3.95649171e-01
1.61695279e+00
-1.14861659e+00
6.61955041e-01
9.60120458e-01
-4.55686022e-01
-1.19076891e+00
-7.94032258e-01
-2.11560971e-02
-8.82246888e-01
3.81563454e-01
0.00000000e+00
0.00000000e+00
0.00000000e+00
2.00805708e-01
-8.17680345e-01
8.64453426e-02
1.25095594e-01
1.23675848e-01
1.31620949e-01
2.23156906e-01
-2.38995968e-01
8.99584961e-02
0.00000000e+00
-6.96891869e-02
-4.29996907e-01
-4.65364977e-02
1.27198732e-01
-2.65191251e-02
2.87431561e-01
2.07831860e-01
1.00044518e-01
6.83129069e-02
2.39403064e-01
-4.71906508e-01
-3.12932504e-01
1.30458555e-01
5.34899880e-01
1.01076694e-01
6.34623110e-01
-2.97250689e-01
-6.50304924e-01
-5.11781736e-01
0.00000000e+00
0.00000000e+00
0.00000000e+00
-2.82782509e-01
1.07485537e+00
-2.97318369e-02
-7.92977460e-01
2.17862817e-01
-5.41594438e-01
-2.71689614e-01
8.90527025e-01
3.98714018e-01
0.00000000e+00
-2.43414423e-01
3.55229464e-01
-2.12953588e-01
-1.30721277e-01
5.89885504e-01
-1.05854987e-01
-3.33128150e-01
-3.56985657e-01
-2.40388016e-02
-7.12983187e-01
-1.58974004e-01
0.00000000e+00
5.14167629e-01
1.01673651e+00
-9.36737946e-01
-5.20245052e-01
2.35010010e-01
3.32868234e-01
1.82960924e-01
5.85437280e-01
-7.21820490e-01
-3.83861842e-01
-4.16492894e-01
9.09741486e-02
5.82598769e-01
7.20360979e-01
247
-4.34378586e-01
-8.28625652e-02
0.00000000e+00
1.64593842e-01
-2.47456407e-01
-2.57105103e-02
0.00000000e+00
0.00000000e+00
0.00000000e+00
0.00000000e+00
0.00000000e+00
0.00000000e+00
0.00000000e+00
0.00000000e+00
0.00000000e+00
0.00000000e+00
0.00000000e+00
0.00000000e+00
0.00000000e+00
0.00000000e+00
0.00000000e+00
0.00000000e+00
0.00000000e+00
0.00000000e+00
0.00000000e+00
0.00000000e+00
0.00000000e+00
0.00000000e+00
0.00000000e+00
0.00000000e+00
0.00000000e+00
0.00000000e+00
0.00000000e+00
0.00000000e+00
0.00000000e+00
0.00000000e+00
0.00000000e+00
0.00000000e+00
0.00000000e+00
0.00000000e+00
0.00000000e+00
8.56463656e-02
-1.77018870e-03
-4.28641026e-01
7.49780377e-04
-9.51660916e-02
3.88971056e-03
3.78216593e-03
3.20250239e-04
0.00000000e+00
0.00000000e+00
9.27204346e-02
1.14955307e-01
-5.63099689e-02
-7.39830525e-01
-2.20970744e-01
6.10809459e-01
0.00000000e+00
0.00000000e+00
2.71683168e+00
1.57018096e+00
0.00000000e+00
0.00000000e+00
0.00000000e+00
0.00000000e+00
0.00000000e+00
2.25877937e-01
-3.10063999e-02
-2.95862772e-01
-5.48623046e-01
-2.53002011e-01
-6.19770575e-01
-1.55857295e+00
0.00000000e+00
0.00000000e+00
0.00000000e+00
0.00000000e+00
0.00000000e+00
0.00000000e+00
-1.07951059e-02
6.22349493e-02
-1.86626516e-01
-1.97933886e-01
-4.62647337e-01
-9.04258161e-01
4.34536627e+00
4.41763249e+00
4.12099201e+00
4.47414833e+00
4.29757344e+00
4.48982273e+00
-4.62250692e-02
4.94179719e-01
-1.29556758e-02
9.32433534e-02
1.70170966e-01
-1.86713105e-01
-1.59919911e-01
-2.22889453e-01
-4.41522428e-01
-4.13379246e-01
-2.68077918e-02
-3.59521077e-01
1.55627480e-01
0.00000000e+00
0.00000000e+00
0.00000000e+00
-2.85472577e-01
0.00000000e+00
-2.40535753e+00
0.00000000e+00
2.02869286e-02
-7.66139669e-01
-6.62395380e-01
-8.83849183e-01
-7.45852740e-01
0.00000000e+00
0.00000000e+00
0.00000000e+00
-6.91589159e-02
1.09106783e+00
3.89892675e-01
1.53381846e+00
-1.22443757e+00
8.83028074e-02
6.04451895e-01
1.19323440e+00
-1.27138844e+00
0.00000000e+00
-2.87519431e-01
4.97070779e-01
-1.65402817e+00
5.54297343e-01
-8.72976388e-01
1.36325887e-01
-2.44088775e-01
-1.16751698e+00
-3.11829537e-02
-1.20171970e-02
-2.96581482e-01
9.93462113e-03
-1.85931798e-02
-1.93294609e-01
-3.02313205e-01
-2.18183276e-01
0.00000000e+00
0.00000000e+00
0.00000000e+00
-1.35095335e-01
6.98408122e-01
-1.35790674e-01
-1.49862470e-01
8.20905755e-02
-1.28842338e-01
-4.62611530e-01
2.29497469e-01
4.72924107e-01
0.00000000e+00
-8.47415600e-02
3.51834116e-01
-6.10678571e-01
-5.65673080e-02
9.17717574e-01
-1.22594742e-02
-1.75178298e-01
-3.12727671e-01
-3.93924106e-01
-3.12375905e-01
-3.06516104e-01
-8.36249959e-02
-1.01033934e-01
-2.90840962e-01
-4.49271258e-01
1.03523074e-02
-3.01263984e-01
-4.68363659e-01
-5.14991083e-01
-4.59623566e-01
2.94113384e-01
-1.85666509e-01
4.39633059e-01
-1.54624456e+00
0.00000000e+00
0.00000000e+00
0.00000000e+00
-7.07648268e-01
1.66743652e-01
2.57405741e-01
1.22718572e+00
-3.33693840e-01
8.19747096e-03
3.19786586e-01
4.15357659e-01
-8.07254901e-01
0.00000000e+00
-7.68622484e-02
3.35425267e-01
-1.12880819e+00
8.74026307e-01
-7.16560399e-01
-3.24450778e-01
-9.71915825e-01
-4.23218978e-01
8.87426541e-01
-5.47386088e-01
-5.24996229e-01
5.28944587e-02
0.00000000e+00
6.49011527e-01
5.60580516e-01
-1.94831142e-01
0.00000000e+00
0.00000000e+00
0.00000000e+00
1.68629803e-01
-9.95863013e-02
-1.37962316e-01
1.18238574e-01
-4.98801274e-01
3.28316230e-01
1.94337993e-01
-6.18833342e-01
-1.42461246e-01
0.00000000e+00
2.90047008e-01
-1.22204706e-01
1.41665676e-01
1.63775673e-01
-3.61761140e-01
-1.65610652e-01
9.03451382e-02
9.08075813e-03
-4.45502019e-02
4.92503183e-01
-5.77890688e-01
0.00000000e+00
-5.01218723e-02
6.81772429e-01
-1.02124833e+00
-7.15289839e-01
6.46589185e-02
9.74299211e-01
3.29153858e-01
-3.05958496e-01
-2.05697188e-01
2.35105303e-01
2.06441072e-01
1 -999999999 6 0 -1
1 0 2 1 -1
-1.0748e-01 7.7610e-01
356
-3.73228904e-02
0.00000000e+00
0.00000000e+00
0.00000000e+00
0.00000000e+00
0.00000000e+00
0.00000000e+00
0.00000000e+00
0.00000000e+00
0.00000000e+00
0.00000000e+00
0.00000000e+00
0.00000000e+00
0.00000000e+00
0.00000000e+00
0.00000000e+00
6.34637554e-02
0.00000000e+00
-9.00161837e-02
1.03769470e-01
0.00000000e+00
0.00000000e+00
0.00000000e+00
0.00000000e+00
0.00000000e+00
0.00000000e+00
0.00000000e+00
0.00000000e+00
-3.11498153e-02
-8.32124261e-02
2.43460577e-02
2.77083722e-01
-3.14406612e-01
-8.07232475e-01
-1.07112357e+00
8.57918399e-01
3.28767019e-01
6.19934059e-01
7.29590966e-01
4.64382138e-01
1.79106996e-01
0.00000000e+00
0.00000000e+00
0.00000000e+00
0.00000000e+00
0.00000000e+00
0.00000000e+00
0.00000000e+00
0.00000000e+00
0.00000000e+00
0.00000000e+00
-9.16144780e-02
-2.34530119e-01
-3.50752443e-01
0.00000000e+00
0.00000000e+00
0.00000000e+00
0.00000000e+00
-3.03900353e-01
-1.42650904e-01
-2.88470320e-01
7.91542314e-01
5.73206540e-01
-1.34427898e-01
4.13130832e-01
-8.13445091e-01
-4.31289589e-01
-1.04536009e+00
0.00000000e+00
0.00000000e+00
0.00000000e+00
-3.38170414e-02
-1.14187043e-02
-1.91706034e-02
-4.24482395e-01
9.09338932e-03
-1.76301338e-01
6.22901758e-01
2.66957381e-04
-2.94356480e-01
0.00000000e+00
0.00000000e+00
1.66611216e-01
6.31863167e-02
-1.84797118e-01
9.88712804e-02
5.79608154e-02
2.55999073e-02
0.00000000e+00
0.00000000e+00
-4.06909338e-02
-3.02445045e-01
-6.92479569e-01
-3.77489298e-01
-6.50675144e-01
-1.69684433e-01
-1.26756388e-01
3.72473424e-02
-5.83467557e-02
3.38311412e-02
2.34995084e-01
-1.99810393e-02
0.00000000e+00
0.00000000e+00
2.11144308e+00
2.67787324e+00
0.00000000e+00
0.00000000e+00
0.00000000e+00
0.00000000e+00
0.00000000e+00
5.81827573e-01
-2.01864953e-01
-1.95764907e-01
-3.10497670e-01
-2.02895704e-01
-3.80232689e-01
-1.28553585e+00
0.00000000e+00
0.00000000e+00
0.00000000e+00
0.00000000e+00
0.00000000e+00
0.00000000e+00
3.87700949e-01
-5.48071606e-01
-5.63527320e-01
-5.55314127e-01
-5.67174409e-01
-8.27830928e-01
4.99657683e+00
4.96368107e+00
5.00646780e+00
4.88892434e+00
4.93077358e+00
5.11952917e+00
-7.43298386e-02
3.52185603e-01
2.69970334e-01
1.73273207e-01
2.76699969e-02
-3.26528321e-01
-7.69996312e-02
1.46178619e-02
-7.85113245e-02
7.35793851e-03
-3.52940642e-02
-1.41174161e-01
4.28025807e-01
0.00000000e+00
0.00000000e+00
0.00000000e+00
0.00000000e+00
0.00000000e+00
0.00000000e+00
0.00000000e+00
-4.24370003e-01
0.00000000e+00
0.00000000e+00
-1.29776708e+00
-8.57803932e-01
-8.01060702e-01
-5.60863631e-01
-6.16368355e-01
-1.41866756e+00
0.00000000e+00
0.00000000e+00
0.00000000e+00
-3.53320814e-01
1.95546257e+00
8.38679099e-02
1.52486445e+00
-1.62165691e+00
-1.56210387e-01
3.91276066e-01
1.64834586e-01
-4.52150752e-01
0.00000000e+00
1.83722690e-02
1.92067669e-01
-1.38889193e+00
4.73219679e-01
-5.43577023e-01
1.38974369e-01
-5.57425061e-01
-7.16199560e-01
-1.54978028e-01
-4.17196661e-01
1.69928206e-01
0.00000000e+00
0.00000000e+00
0.00000000e+00
1.20277566e-01
-5.32668650e-01
-7.10664660e-02
-1.73970434e-01
3.18324868e-01
4.05455844e-02
7.29965231e-02
1.66325722e-01
-9.94022603e-02
0.00000000e+00
-1.16606535e-01
-1.22015858e-02
9.03955538e-02
7.29052101e-02
1.56753434e-01
-5.93612164e-02
4.40902997e-03
4.44285896e-02
7.80789027e-02
6.97643702e-02
-6.24022486e-01
-3.20575173e-01
-1.82533792e-01
-2.92553569e-01
-5.04104451e-02
9.31054780e-01
-5.41780690e-01
-7.09849262e-01
9.03875726e-03
0.00000000e+00
0.00000000e+00
0.00000000e+00
-1.85517121e-02
1.00266225e+00
9.58366237e-02
6.88664012e-01
-3.76438583e-01
1.44422390e-01
1.96602813e-01
-4.94453742e-01
5.85134486e-01
0.00000000e+00
2.01428762e-01
-2.93891853e-01
-2.23003596e-01
-2.11121810e-01
-1.41121907e+00
-1.58682643e-01
2.75573322e-02
9.36921466e-02
-3.26055082e-02
1.93006461e-01
-3.03447313e-01
-1.28932061e-01
2.67818293e-01
-6.36864248e-01
-7.94645077e-01
-5.37228759e-01
-7.80383240e-01
-1.14141957e+00
-5.90913987e-01
1.20571219e+00
-4.60381909e-01
-1.28255904e+00
-2.57416318e-01
4.01717758e-01
-7.58774987e-01
-3.94847659e-01
-1.41742906e+00
0.00000000e+00
0.00000000e+00
0.00000000e+00
-7.87877813e-01
-1.04253025e-01
3.23895940e-01
1.28899851e+00
-1.39591036e+00
2.83947580e-01
4.17843692e-01
7.05915377e-01
-1.30967680e+00
0.00000000e+00
-6.83833759e-01
1.10899131e+00
-1.36983588e+00
5.45893435e-01
1.15550541e+00
2.49083331e-01
-6.58261418e-01
-1.02100055e+00
3.04014593e-01
-4.70868636e-01
3.22494987e-01
0.00000000e+00
0.00000000e+00
0.00000000e+00
-7.63340323e-02
7.17774745e-02
-1.72398829e-01
-1.79451491e-01
2.22154945e-01
-1.39909359e-01
4.80571468e-02
-1.34220191e-01
3.52833157e-01
0.00000000e+00
-6.62665876e-02
-2.00151107e-01
2.91957863e-01
1.21963112e-01
-1.90388419e-01
-1.91857055e-01
1.16623241e-01
1.43053398e-01
3.95440400e-02
2.65507681e-01
-4.92791510e-01
-2.82414457e-01
8.31927582e-01
4.55217114e-01
3.95724240e-01
8.46070654e-01
-4.63245615e-01
-6.65239495e-01
-2.97139897e-01
0.00000000e+00
0.00000000e+00
0.00000000e+00
-1.23801507e-01
-5.64906818e-01
5.38543258e-02
-7.21286567e-01
1.06326623e-01
-5.59828725e-02
-4.12526410e-01
5.54655569e-01
-4.37795755e-01
0.00000000e+00
1.83631320e-02
6.38650224e-01
-9.49989708e-02
3.06830817e-02
8.34159387e-01
1.66902715e-01
-1.04253433e-01
-1.46514137e-02
8.45519036e-02
-2.55083111e-01
-2.10377054e-01
-9.26340043e-02
-6.20075958e-01
-6.23257796e-01
-9.24637546e-01
-5.18646245e-01
5.05035079e-01
9.10005042e-01
7.84068723e-01
1.10381341e+00
-5.73774319e-01
-1.04868533e+00
-4.05991301e-01
-1.09199838e-02
-2.15212156e-01
6.08687042e-02
247
-2.78682152e-01
0.00000000e+00
0.00000000e+00
0.00000000e+00
0.00000000e+00
0.00000000e+00
0.00000000e+00
0.00000000e+00
0.00000000e+00
0.00000000e+00
0.00000000e+00
0.00000000e+00
0.00000000e+00
0.00000000e+00
-5.01357430e-01
2.22675278e-01
-2.39649898e-01
-2.61707532e-01
-6.92929069e-02
0.00000000e+00
0.00000000e+00
0.00000000e+00
0.00000000e+00
0.00000000e+00
0.00000000e+00
0.00000000e+00
0.00000000e+00
-2.78682152e-01
0.00000000e+00
-3.10994266e-01
3.23121140e-02
-1.16178432e+00
4.57296630e-01
-2.61061559e-01
0.00000000e+00
0.00000000e+00
0.00000000e+00
0.00000000e+00
0.00000000e+00
0.00000000e+00
0.00000000e+00
0.00000000e+00
0.00000000e+00
-1.29526667e-02
1.14130542e-03
-1.04857313e-01
5.63431699e-04
-1.18910923e-01
1.66989696e-04
0.00000000e+00
0.00000000e+00
6.69721449e-03
1.33827943e-01
6.96746953e-02
2.41613170e-01
-6.70507972e-02
-5.93180321e-01
0.00000000e+00
0.00000000e+00
2.86581508e+00
2.89800713e+00
0.00000000e+00
0.00000000e+00
0.00000000e+00
0.00000000e+00
0.00000000e+00
1.30737043e-01
-2.14755440e-01
1.98715631e-01
-1.66971603e-01
-4.37492841e-01
-7.83740511e-01
-1.85703962e+00
0.00000000e+00
0.00000000e+00
0.00000000e+00
0.00000000e+00
0.00000000e+00
0.00000000e+00
1.34320601e-01
-4.17955705e-01
-6.23444310e-01
-6.34400144e-01
-7.52055549e-01
-7.57680415e-01
5.41308177e+00
5.68520145e+00
5.67217220e+00
5.73587107e+00
5.78018560e+00
5.83748795e+00
-3.13274296e-01
-2.20928433e-01
-3.47960432e-01
-2.61444033e-01
-3.54973867e-01
-7.42959995e-01
6.85370753e-02
-4.05869654e-01
-5.05916097e-01
-1.57903361e-01
-3.17802198e-01
-2.35872333e-01
1.16787150e-01
0.00000000e+00
0.00000000e+00
0.00000000e+00
-2.69995542e-01
0.00000000e+00
0.00000000e+00
-1.97071254e+00
-3.92006586e-01
-5.80707712e-01
-4.54481420e-01
-7.51495324e-01
-9.72714297e-01
0.00000000e+00
0.00000000e+00
0.00000000e+00
-2.71660164e-01
2.71201203e-01
1.39907051e-01
1.12573798e+00
-9.11091754e-01
-3.56564326e-01
2.05160973e-01
3.35067703e-01
-8.70582988e-01
0.00000000e+00
-3.72458851e-02
7.66537856e-01
-7.21997496e-01
4.46328917e-01
-2.61789894e-01
8.85899884e-02
-3.53313038e-01
2.13013641e-02
1.74295981e-01
-7.62597773e-01
-4.45564788e-01
1.95056836e-01
0.00000000e+00
-5.05471423e-01
-5.06321010e-02
-4.19603158e-01
0.00000000e+00
0.00000000e+00
0.00000000e+00
5.96256709e-02
-1.14243795e-01
-1.39001766e-02
-3.23406728e-01
2.74743940e-02
1.12456347e-01
-7.92528568e-02
1.09721340e-01
-4.03079535e-01
0.00000000e+00
1.79239458e-01
2.34114697e-01
-4.72413713e-01
4.13585302e-03
9.24419849e-01
-1.91536171e-01
-1.80754433e-01
-2.41664179e-01
2.16903965e-02
-7.22295761e-02
-6.40621624e-01
0.00000000e+00
-5.57656859e-01
-3.94112718e-01
-5.27149509e-01
-5.87063421e-01
-8.85765627e-01
-7.57871415e-01
-2.36274382e-02
5.99139122e-02
-1.91161280e-01
-8.57678058e-01
-5.19116575e-01
-1.20597674e+00
0.00000000e+00
0.00000000e+00
0.00000000e+00
-8.70580932e-01
2.24124957e-01
1.34840834e-01
1.17352563e+00
-1.04832604e+00
-1.98595201e-01
2.44894438e-01
5.32916771e-01
-4.26732821e-01
0.00000000e+00
-5.04415829e-01
7.16329379e-01
-8.24234559e-01
5.66737039e-01
-4.15414712e-02
1.78930545e-01
-1.74085806e-01
-3.82934187e-01
-1.87584138e-02
-4.88071078e-01
-2.51517423e-01
2.96741005e-01
3.55008028e-01
1.17742850e-02
1.65721091e-01
-4.47777540e-01
0.00000000e+00
0.00000000e+00
0.00000000e+00
1.41144706e-01
5.17497370e-01
-1.90951375e-01
2.89163524e-01
-2.21857787e-01
6.00888856e-03
-8.73123482e-03
-2.84027109e-01
2.09011320e-01
0.00000000e+00
8.21901201e-02
-7.16306328e-02
-2.67635336e-01
5.96787512e-02
-5.32278731e-01
-1.02299273e-01
-1.24559484e-01
-1.20061223e-01
2.24160880e-02
1.49143878e-01
-5.48258428e-01
1.25001531e+00
7.12394384e-02
-1.52217094e-01
-9.54459321e-01
-7.51222425e-01
8.56994920e-01
1.02785518e+00
8.48745753e-01
-2.03236896e-01
8.17000552e-02
1.38225149e-01
1.19225382e-01
4 1
-2.6948e-01 4.4522e-01
2 1
0 1 
217
-4.06725939e-01
-2.92908737e-03
6.64031692e-02
-1.16585106e-01
-4.19159129e-01
-4.13651242e-01
-5.34988689e-01
5.47399925e-01
4.49339159e-02
2.23265930e-01
4.22081255e-01
-2.80082148e-01
8.04067084e-02
1.43817056e-02
0.00000000e+00
0.00000000e+00
0.00000000e+00
0.00000000e+00
0.00000000e+00
0.00000000e+00
-2.98108492e-01
3.85462544e-03
5.97752740e-01
-1.17787547e-01
-3.22783714e-05
6.21587821e-01
0.00000000e+00
0.00000000e+00
1.30726518e-01
2.17789721e-01
-1.26716145e-01
-7.08035846e-02
-2.22459287e-01
-3.26465252e-01
0.00000000e+00
0.00000000e+00
0.00000000e+00
-4.46356657e-01
7.04607013e-02
0.00000000e+00
0.00000000e+00
0.00000000e+00
0.00000000e+00
0.00000000e+00
0.00000000e+00
-2.09830169e-01
-2.36526488e-01
7.04607013e-02
0.00000000e+00
0.00000000e+00
0.00000000e+00
0.00000000e+00
0.00000000e+00
0.00000000e+00
0.00000000e+00
0.00000000e+00
0.00000000e+00
0.00000000e+00
0.00000000e+00
0.00000000e+00
7.04607013e-02
-2.36526488e-01
-2.09830169e-01
-6.70115350e-02
-2.00344936e-01
-8.31147380e-01
3.05827075e-02
4.69049394e-01
-1.69952175e-01
6.95976402e-01
0.00000000e+00
-2.40660152e-01
-6.20863801e-01
5.18094844e-03
-4.74631137e-01
-1.71246735e-01
2.83938438e-01
0.00000000e+00
0.00000000e+00
0.00000000e+00
0.00000000e+00
0.00000000e+00
0.00000000e+00
0.00000000e+00
0.00000000e+00
0.00000000e+00
0.00000000e+00
0.00000000e+00
0.00000000e+00
0.00000000e+00
0.00000000e+00
0.00000000e+00
0.00000000e+00
0.00000000e+00
0.00000000e+00
0.00000000e+00
0.00000000e+00
0.00000000e+00
0.00000000e+00
0.00000000e+00
0.00000000e+00
0.00000000e+00
0.00000000e+00
0.00000000e+00
0.00000000e+00
0.00000000e+00
0.00000000e+00
0.00000000e+00
0.00000000e+00
0.00000000e+00
0.00000000e+00
0.00000000e+00
0.00000000e+00
0.00000000e+00
0.00000000e+00
0.00000000e+00
0.00000000e+00
0.00000000e+00
0.00000000e+00
-8.08138553e-01
-5.97101307e-01
-6.11317740e-01
0.00000000e+00
0.00000000e+00
0.00000000e+00
-1.26100832e-02
-3.54104836e-01
-4.72508714e-02
1.39414687e+00
-9.65137893e-01
-4.85473635e-01
1.03527483e+00
4.72266424e-01
-3.93997261e-01
0.00000000e+00
1.11512417e-01
7.13861946e-02
-8.63148890e-01
2.45611428e-01
4.06463310e-01
-2.11040558e-01
-6.29910663e-01
-2.82110975e-01
5.84007932e-02
-1.61594345e-01
-2.27290456e-01
0.00000000e+00
0.00000000e+00
0.00000000e+00
2.22640192e-01
-2.27602323e-01
-9.31498528e-02
-2.17559478e-02
-1.65220305e-01
1.48057856e-01
-1.68285508e-01
1.77921750e-01
-1.39017395e-01
0.00000000e+00
1.35067412e-01
-2.90357974e-02
-3.53989376e-01
1.42252038e-01
-2.06495787e-01
3.71895660e-01
2.89447518e-01
-4.55352132e-01
4.44337985e-02
1.00897742e-01
-4.73951966e-01
0.00000000e+00
0.00000000e+00
0.00000000e+00
-3.12907617e-01
3.39879481e-01
-3.68022816e-01
4.90715715e-01
-8.17288176e-02
-1.32274862e-01
9.24787452e-01
5.07937307e-01
-3.49006134e-01
0.00000000e+00
-4.35505553e-01
2.76256492e-02
-3.39726737e-01
3.33056080e-01
2.28702573e-03
1.09108947e-01
-3.26643111e-01
-6.81806747e-01
-6.20088501e-02
-1.19718378e-01
-2.44318147e-01
0.00000000e+00
0.00000000e+00
0.00000000e+00
2.79907450e-02
-4.29841556e-01
1.40586889e-01
2.94327085e-01
-5.32550106e-01
-6.29496984e-02
-2.20840764e-01
-5.90112136e-02
-3.43923950e-02
0.00000000e+00
2.75700708e-01
3.24442372e-01
-4.23782582e-01
1.98755837e-01
3.46353084e-01
-1.98746596e-01
-2.19125557e-01
1.19140705e-01
2.20431473e-01
-1.08065788e-02
136
4.84102540e-01
0.00000000e+00
0.00000000e+00
0.00000000e+00
0.00000000e+00
1.76127722e-01
3.46341859e-03
4.82122356e-01
2.99510823e-04
0.00000000e+00
0.00000000e+00
1.37330801e-01
1.33897167e-01
-2.60527174e-02
1.84764203e-01
9.57956873e-02
1.23310277e-01
0.00000000e+00
0.00000000e+00
9.98174944e-02
1.08721764e-02
3.73412869e-01
0.00000000e+00
0.00000000e+00
0.00000000e+00
0.00000000e+00
0.00000000e+00
9.98174944e-02
-1.40578355e-01
1.51450531e-01
3.73412869e-01
0.00000000e+00
0.00000000e+00
0.00000000e+00
0.00000000e+00
0.00000000e+00
0.00000000e+00
0.00000000e+00
0.00000000e+00
0.00000000e+00
0.00000000e+00
0.00000000e+00
0.00000000e+00
0.00000000e+00
0.00000000e+00
0.00000000e+00
2.00097100e-01
5.11709259e-02
4.34475437e-01
-1.76457374e-01
-1.02790495e+00
0.00000000e+00
-2.28540703e-02
-1.48496748e-01
-1.16629552e-01
-4.52178681e-01
0.00000000e+00
0.00000000e+00
0.00000000e+00
0.00000000e+00
3.73412869e-01
1.51450531e-01
-1.40578355e-01
0.00000000e+00
0.00000000e+00
0.00000000e+00
0.00000000e+00
0.00000000e+00
0.00000000e+00
0.00000000e+00
0.00000000e+00
0.00000000e+00
0.00000000e+00
0.00000000e+00
0.00000000e+00
0.00000000e+00
0.00000000e+00
0.00000000e+00
0.00000000e+00
0.00000000e+00
0.00000000e+00
0.00000000e+00
0.00000000e+00
0.00000000e+00
0.00000000e+00
0.00000000e+00
-4.69967358e-01
-4.04382413e-02
-1.04449215e+00
0.00000000e+00
0.00000000e+00
0.00000000e+00
-1.32420859e-01
-6.59244196e-02
9.86173455e-02
1.36286590e+00
-1.44611636e+00
-2.21593086e-01
4.40495508e-01
9.75775733e-01
-9.02868446e-01
0.00000000e+00
-1.22599648e-01
5.57178361e-01
-1.26288575e+00
3.82844597e-01
1.11925440e+00
1.34408312e-01
-7.71850714e-01
-7.75476579e-01
-7.86401578e-02
-3.35556290e-01
-9.27914546e-01
0.00000000e+00
0.00000000e+00
0.00000000e+00
-3.31321560e-01
3.14184219e-01
-8.13932654e-02
1.38564497e+00
-1.31663686e+00
-5.69037974e-02
4.82923435e-01
2.23395735e-01
-6.51540602e-01
0.00000000e+00
5.88312282e-02
5.44832703e-01
-1.10334119e+00
6.53755207e-01
-3.37335285e-02
-1.99427679e-02
-5.52424931e-01
-5.49647481e-01
1.86666806e-01
-8.12628654e-02
5 1
-2.5067e-01 4.4810e-01
3 0
0 1 4 
217
2.63432830e-02
-3.14891108e-01
-7.56917556e-02
-2.01862679e-01
-1.16061980e-01
-1.30089658e-01
2.78888731e-02
2.29820101e-01
2.19064351e-01
5.53798194e-02
9.83112232e-02
-7.35206074e-02
-2.02859184e-01
-1.04821387e-01
4.48887231e-02
5.18833622e-03
1.60712236e-01
-9.68393730e-02
1.03297309e-03
-1.55626353e-01
1.81068144e-01
2.65211899e-03
-1.17618218e-01
-1.02774211e-01
5.53461472e-04
3.88151089e-02
0.00000000e+00
0.00000000e+00
4.47298412e-01
3.13998109e-01
1.42778335e-01
-1.62474626e-01
-3.06882151e-01
-3.83062253e-01
0.00000000e+00
0.00000000e+00
0.00000000e+00
-1.50969063e-01
-1.50527562e-01
2.93445316e-01
0.00000000e+00
0.00000000e+00
0.00000000e+00
0.00000000e+00
0.00000000e+00
8.49726893e-03
-1.59466332e-01
1.73353232e-01
0.00000000e+00
-2.37492443e-01
-8.63883510e-02
2.93445316e-01
0.00000000e+00
0.00000000e+00
0.00000000e+00
0.00000000e+00
0.00000000e+00
0.00000000e+00
0.00000000e+00
0.00000000e+00
2.29306104e-01
-2.45854683e-01
8.49726893e-03
0.00000000e+00
-1.91976833e-01
-8.98825124e-01
1.10307841e-01
6.62417868e-01
1.27495533e-01
5.06483656e-01
0.00000000e+00
-1.88366371e-01
-3.72175348e-01
1.46927092e-01
-2.90272488e-01
7.40167732e-02
1.51638376e-01
0.00000000e+00
6.31813067e-02
6.45520216e-02
9.97250583e-02
-2.74210772e-01
-1.30160537e-01
1.27765369e-01
0.00000000e+00
0.00000000e+00
0.00000000e+00
0.00000000e+00
0.00000000e+00
0.00000000e+00
0.00000000e+00
0.00000000e+00
0.00000000e+00
0.00000000e+00
0.00000000e+00
0.00000000e+00
0.00000000e+00
0.00000000e+00
0.00000000e+00
0.00000000e+00
0.00000000e+00
0.00000000e+00
0.00000000e+00
0.00000000e+00
0.00000000e+00
0.00000000e+00
0.00000000e+00
0.00000000e+00
0.00000000e+00
0.00000000e+00
0.00000000e+00
0.00000000e+00
0.00000000e+00
0.00000000e+00
0.00000000e+00
0.00000000e+00
0.00000000e+00
0.00000000e+00
0.00000000e+00
-7.17453565e-01
-4.10805003e-02
-5.78832676e-01
0.00000000e+00
0.00000000e+00
0.00000000e+00
-1.92083532e-01
-4.03067694e-02
-1.75740803e-01
5.82180935e-01
-5.41934464e-01
-1.83184125e-01
6.28468916e-01
1.18066831e-01
-1.68992986e-01
0.00000000e+00
-2.05501083e-01
1.30089428e-01
-7.88619348e-01
5.81559022e-01
6.50049168e-01
-6.92458512e-02
-2.77633119e-01
-3.36200651e-01
-4.22543933e-01
1.32739690e-01
-3.02672471e-01
0.00000000e+00
0.00000000e+00
0.00000000e+00
1.61608712e-01
-4.02680057e-01
-4.48261769e-03
3.80544548e-01
-4.78873052e-01
-1.96200653e-02
-1.17131131e-01
1.30264557e-01
-2.89824362e-01
0.00000000e+00
1.56127167e-01
8.78056568e-02
-1.74201334e-01
8.76394124e-02
-3.13628026e-01
1.83284541e-01
-1.49611521e-02
-1.91881412e-03
3.56887419e-01
-2.95138716e-02
-4.07258610e-01
0.00000000e+00
0.00000000e+00
0.00000000e+00
-2.05000247e-01
7.06239269e-01
4.20235671e-01
9.55520501e-01
-4.33795476e-01
-7.92050477e-01
4.48729676e-01
-2.16191932e-02
-3.01409989e-01
0.00000000e+00
-1.86717992e-01
2.40869271e-01
-6.38497216e-01
4.81776493e-01
-1.69586944e-01
-1.74731004e-01
-3.54279760e-01
-9.49450560e-02
-4.30643628e-02
-2.44931774e-01
-2.18444213e-01
0.00000000e+00
0.00000000e+00
0.00000000e+00
-9.14284661e-02
-5.49678286e-02
-1.25128729e-01
1.15946460e-01
-3.69731622e-01
7.21426846e-01
2.62506948e-02
6.04181449e-02
1.69398587e-02
0.00000000e+00
3.06832534e-02
6.75451435e-02
-8.01841166e-01
5.07981919e-02
5.12275169e-01
1.31883407e-01
-1.49307364e-01
-2.50221782e-01
1.09583972e-01
-2.19568398e-01
136
2.20256894e-01
1.27712975e-01
-1.59374091e-03
5.53398034e-02
2.40321966e-03
-1.69977986e-02
2.82478881e-03
5.42019145e-02
5.11276402e-04
0.00000000e+00
0.00000000e+00
7.06621191e-02
5.54581292e-02
-1.20381201e-01
1.37184089e-01
1.12553244e-01
1.30539234e-01
0.00000000e+00
0.00000000e+00
7.28179478e-02
-8.99067704e-03
-1.55262670e-01
3.11692293e-01
0.00000000e+00
0.00000000e+00
0.00000000e+00
0.00000000e+00
7.28179478e-02
-2.99621601e-02
1.32311404e-02
4.72406607e-01
0.00000000e+00
-4.87365911e-01
-1.40303365e-01
3.11692293e-01
0.00000000e+00
0.00000000e+00
0.00000000e+00
0.00000000e+00
0.00000000e+00
0.00000000e+00
0.00000000e+00
0.00000000e+00
0.00000000e+00
0.00000000e+00
0.00000000e+00
-3.16270700e-02
-1.48868641e-02
4.90907162e-01
-1.25907107e-01
-8.04391388e-01
0.00000000e+00
-4.20937949e-01
-1.19378009e-02
-1.92756026e-02
-4.92105126e-01
0.00000000e+00
6.14711030e-01
2.84014137e-02
1.78329318e-01
-7.96355773e-02
-1.19331882e-01
-2.99621601e-02
0.00000000e+00
0.00000000e+00
0.00000000e+00
0.00000000e+00
0.00000000e+00
0.00000000e+00
0.00000000e+00
0.00000000e+00
0.00000000e+00
0.00000000e+00
0.00000000e+00
0.00000000e+00
0.00000000e+00
0.00000000e+00
0.00000000e+00
0.00000000e+00
0.00000000e+00
0.00000000e+00
0.00000000e+00
0.00000000e+00
0.00000000e+00
0.00000000e+00
0.00000000e+00
-4.59461699e-01
-1.05825749e-01
-1.02199221e+00
0.00000000e+00
0.00000000e+00
0.00000000e+00
-2.86114321e-02
-7.32979985e-02
4.67166978e-02
1.26226375e+00
-1.46146118e+00
-2.02962535e-01
5.96399398e-01
1.06656597e+00
-8.77302945e-01
0.00000000e+00
1.55601055e-02
4.79904393e-01
-1.40046505e+00
3.45660416e-01
1.11637524e+00
2.22052011e-01
-5.83659784e-01
-1.02057358e+00
-1.34034123e-01
-3.91121565e-01
-9.63577994e-01
0.00000000e+00
0.00000000e+00
0.00000000e+00
-2.55975430e-01
4.93369212e-02
-1.62249940e-01
1.35818866e+00
-1.28210683e+00
-4.35414849e-01
4.95745379e-01
3.39342798e-01
-6.53849794e-01
0.00000000e+00
1.94555385e-01
5.81537823e-01
-9.19504081e-01
7.04631235e-01
-6.43633103e-02
-1.04862859e-01
-5.29037765e-01
-4.99099220e-01
2.47540659e-01
-2.79927834e-02
3 1
-2.5491e-01 4.3930e-01
4 0
0 1 4 5 
217
-1.75370417e-01
-2.86775928e-01
7.16780995e-02
-1.49865540e-02
-1.63014127e-01
-1.47320711e-01
-1.90176419e-01
2.94626205e-01
2.08412007e-01
-1.84181338e-01
6.91533431e-02
3.13363721e-02
-9.97452207e-02
-2.28590144e-02
-2.89724817e-02
4.50174731e-02
-9.24005622e-02
-5.30371457e-02
1.83147564e-03
-7.74855200e-02
1.03952233e-01
9.89884971e-04
2.27377398e-02
-1.97313023e-01
3.56069328e-04
1.53876598e-01
0.00000000e+00
0.00000000e+00
3.83367319e-01
3.47477825e-01
-9.04052764e-02
-2.42984458e-01
-3.07336753e-01
-2.13031767e-01
0.00000000e+00
0.00000000e+00
0.00000000e+00
-1.67880689e-01
-2.57104293e-01
-3.11749912e-02
2.69802386e-01
0.00000000e+00
0.00000000e+00
0.00000000e+00
0.00000000e+00
-2.64746926e-01
9.68867486e-02
2.05445451e-01
0.00000000e+00
-2.72765504e-01
1.24649315e-01
2.64808630e-01
0.00000000e+00
1.03047640e-01
-4.17481194e-01
2.67909916e-01
0.00000000e+00
-2.77033760e-04
-5.63616504e-01
2.69802386e-01
-2.46173852e-01
2.21536063e-01
-1.61719798e-01
0.00000000e+00
-6.87634930e-01
-8.86977614e-01
2.20261199e-01
6.50244605e-01
3.52963360e-01
4.58694965e-01
0.00000000e+00
-3.95257177e-01
-3.78759866e-01
2.04997405e-01
-2.89981453e-01
4.34073435e-02
2.58512933e-01
0.00000000e+00
4.28702180e-02
6.34174026e-02
2.25983585e-01
-5.51678697e-02
-4.03382295e-01
-3.96424106e-01
0.00000000e+00
1.69941694e-01
1.36099403e-02
-5.25435581e-03
-3.63212599e-01
-3.35380946e-01
-1.86709826e-01
0.00000000e+00
0.00000000e+00
0.00000000e+00
0.00000000e+00
0.00000000e+00
0.00000000e+00
0.00000000e+00
0.00000000e+00
0.00000000e+00
0.00000000e+00
0.00000000e+00
0.00000000e+00
0.00000000e+00
0.00000000e+00
0.00000000e+00
0.00000000e+00
0.00000000e+00
0.00000000e+00
0.00000000e+00
0.00000000e+00
0.00000000e+00
0.00000000e+00
0.00000000e+00
0.00000000e+00
0.00000000e+00
0.00000000e+00
0.00000000e+00
0.00000000e+00
-6.00680766e-01
-8.49338718e-02
-5.24060632e-01
0.00000000e+00
0.00000000e+00
0.00000000e+00
-2.88996670e-01
-4.62198901e-02
1.43056057e-02
7.71725062e-01
-4.27954789e-01
-2.60833719e-01
3.99696810e-01
-8.08494506e-02
-5.90569389e-02
0.00000000e+00
5.75578846e-02
-6.48976296e-02
-4.37155449e-01
1.58368850e-01
3.11803280e-01
-4.09722495e-02
-3.10680509e-01
-2.38561517e-02
-3.97224776e-02
-1.56322199e-01
-3.35569758e-01
0.00000000e+00
0.00000000e+00
0.00000000e+00
1.79939657e-01
-3.35940391e-01
-2.09532252e-02
3.59045831e-01
-5.62825805e-01
-3.30638682e-02
-2.01139815e-02
2.54663849e-01
-3.12150892e-01
0.00000000e+00
9.64469879e-02
1.67490503e-01
-4.65651147e-01
2.47493926e-01
-1.36737750e-01
1.46143650e-01
-1.95463748e-02
-1.44357657e-01
1.43866064e-01
1.20680866e-01
-4.38778685e-01
0.00000000e+00
0.00000000e+00
0.00000000e+00
-8.49439430e-02
-9.82025529e-02
-1.58652975e-01
5.18975013e-01
-3.16395440e-01
-9.40036008e-02
2.95870664e-01
3.53804202e-01
-2.49701601e-01
0.00000000e+00
-3.27383862e-01
1.68359502e-01
-4.01686855e-01
1.57647253e-01
1.86295196e-01
1.87320762e-02
-2.32582826e-01
-8.89474531e-02
1.35975287e-01
-2.21936768e-01
-2.34662914e-01
0.00000000e+00
0.00000000e+00
0.00000000e+00
-6.87416384e-02
-7.05796333e-02
-5.83444191e-02
2.91790607e-01
-4.99267409e-01
2.60273659e-01
3.65451584e-01
9.90180983e-03
-1.76336860e-03
0.00000000e+00
1.22310895e-01
1.17528639e-01
-6.76334091e-01
9.75707869e-02
4.41016405e-01
5.28939517e-02
-1.87863017e-01
-2.38020580e-01
3.09425079e-02
-2.23429604e-01
136
1.86225816e-01
2.38527278e-02
5.69677024e-03
8.22248431e-02
1.66938984e-03
2.63456648e-02
1.68554746e-03
5.38025802e-02
4.82581594e-04
0.00000000e+00
0.00000000e+00
1.79769168e-02
4.19618280e-04
-7.58343532e-02
1.37031515e-01
1.35718282e-01
1.33587953e-01
0.00000000e+00
0.00000000e+00
4.63758206e-02
-5.62455382e-02
-1.82225269e-01
8.98880741e-02
2.88432728e-01
0.00000000e+00
0.00000000e+00
0.00000000e+00
4.63758206e-02
-9.59200549e-02
1.73799190e-02
2.30962632e-01
0.00000000e+00
-4.18820220e-01
-4.89603718e-02
3.52779797e-01
0.00000000e+00
4.65484814e-02
8.04420897e-03
2.00555085e-01
0.00000000e+00
-1.59777571e-01
-3.03669236e-01
2.88432728e-01
0.00000000e+00
0.00000000e+00
0.00000000e+00
-7.47200181e-02
-1.83815043e-01
5.76252740e-01
-1.28964360e-01
-7.39066158e-01
0.00000000e+00
-5.47279333e-01
3.96712642e-02
-3.52297719e-03
-4.78356207e-01
0.00000000e+00
5.49963143e-01
4.36024467e-02
1.44087617e-01
-9.10735940e-02
-4.64931740e-02
8.23303461e-02
-3.25974292e-01
1.01254059e-01
-5.83235315e-03
0.00000000e+00
0.00000000e+00
0.00000000e+00
0.00000000e+00
0.00000000e+00
0.00000000e+00
0.00000000e+00
0.00000000e+00
0.00000000e+00
0.00000000e+00
0.00000000e+00
0.00000000e+00
0.00000000e+00
0.00000000e+00
0.00000000e+00
0.00000000e+00
0.00000000e+00
0.00000000e+00
0.00000000e+00
0.00000000e+00
-4.16974680e-01
-1.18077658e-01
-9.98242590e-01
0.00000000e+00
0.00000000e+00
0.00000000e+00
2.16400655e-03
-7.19420153e-02
-7.48252941e-03
1.16375369e+00
-1.46435811e+00
-1.76764100e-01
5.59248686e-01
1.07346221e+00
-8.90028741e-01
0.00000000e+00
-2.74578218e-02
4.91560347e-01
-1.37637607e+00
3.70704166e-01
1.18755343e+00
2.52706613e-01
-5.51918174e-01
-1.00322974e+00
-1.07732645e-01
-4.22105796e-01
-9.62350793e-01
0.00000000e+00
0.00000000e+00
0.00000000e+00
-2.86994994e-01
2.72056972e-01
-2.33839373e-02
1.37386744e+00
-1.33320069e+00
-2.72908376e-01
3.32820213e-01
2.35336988e-01
-7.12033804e-01
0.00000000e+00
1.66302077e-01
5.74578589e-01
-9.36464508e-01
7.51973572e-01
-1.00697112e-01
-1.15656407e-01
-5.49588274e-01
-5.53411216e-01
2.46882813e-01
-3.18301461e-02
7 1
-3.9451e-01 4.7358e-01
5 1
0 1 4 5 3 
217
-4.58926402e-01
-1.24458013e-01
1.68418826e-01
-2.87509716e-02
-1.12700431e-01
-9.75831726e-02
-4.29965416e-01
3.48054759e-01
-9.98768326e-02
2.42211853e-01
9.22936039e-02
-1.36531063e-01
9.13226724e-02
2.05431113e-01
0.00000000e+00
0.00000000e+00
0.00000000e+00
0.00000000e+00
0.00000000e+00
0.00000000e+00
-1.49493537e-01
5.78039168e-03
1.99361861e-01
-2.18008400e-01
-1.41384757e-05
5.00289016e-01
0.00000000e+00
0.00000000e+00
6.42853822e-02
7.83477142e-02
-2.02507658e-02
-1.52104856e-01
-2.42082919e-01
-1.82734781e-01
0.00000000e+00
0.00000000e+00
0.00000000e+00
-1.31993900e-01
-2.63455037e-01
-1.32142052e-01
5.20408484e-02
1.76514043e-02
0.00000000e+00
0.00000000e+00
0.00000000e+00
-1.49910090e-01
-6.81789474e-02
1.85174414e-01
0.00000000e+00
-4.92986123e-01
-4.17669112e-02
5.17739347e-01
0.00000000e+00
1.10138358e-01
-2.14582603e-01
2.38303869e-02
0.00000000e+00
-3.06717555e-01
-3.09798141e-01
2.89554469e-01
-1.59543847e-01
-2.58583157e-01
-3.97717320e-02
-1.79805958e-01
-4.55943651e-01
-1.00437246e+00
2.31076430e-01
6.89017627e-01
-5.42532229e-02
4.65224585e-01
0.00000000e+00
-8.40898417e-01
-3.41290193e-01
3.82180362e-01
-4.06969461e-01
-2.08347348e-04
2.90906990e-01
0.00000000e+00
-1.14556148e-01
2.26358602e-01
-1.03230557e-01
-3.95060127e-01
-2.41139698e-01
1.20317013e-01
-4.87588998e-02
-2.59241769e-03
1.00751926e-01
-1.61770866e-01
-4.34798086e-01
-2.45804219e-01
-3.28871904e-01
-2.88107650e-02
1.35643958e-01
-1.84078142e-01
-2.30667368e-01
-4.66023592e-01
-3.35092228e-01
-2.47094804e-01
0.00000000e+00
0.00000000e+00
0.00000000e+00
0.00000000e+00
0.00000000e+00
0.00000000e+00
0.00000000e+00
0.00000000e+00
0.00000000e+00
0.00000000e+00
0.00000000e+00
0.00000000e+00
0.00000000e+00
0.00000000e+00
0.00000000e+00
0.00000000e+00
0.00000000e+00
0.00000000e+00
0.00000000e+00
0.00000000e+00
0.00000000e+00
-8.64624665e-01
-1.67665584e-01
-7.50900838e-01
0.00000000e+00
0.00000000e+00
0.00000000e+00
4.34907765e-02
6.77656688e-02
1.86672633e-02
5.83494464e-01
-3.20426157e-01
-4.55808724e-01
1.79645736e-01
2.67315931e-01
-2.06043108e-01
0.00000000e+00
-3.49185178e-02
1.79639466e-01
-8.03694214e-01
3.58760942e-01
2.28695547e-01
-1.36666517e-01
-1.90021719e-01
-1.47375613e-01
-1.25796807e-01
-2.57625255e-01
-2.09816483e-01
0.00000000e+00
0.00000000e+00
0.00000000e+00
1.90062535e-01
-5.40417451e-02
1.13865656e-01
3.15008512e-01
-5.88544520e-01
2.44112784e-01
2.75416192e-01
2.59645454e-01
-3.54564062e-01
0.00000000e+00
1.43241163e-01
-2.55239545e-01
-3.75644895e-01
9.79978279e-02
-1.39783545e-01
8.65473090e-02
-1.06043233e-01
-2.49909644e-01
1.20012231e-03
1.86857150e-01
-4.15521157e-01
0.00000000e+00
0.00000000e+00
0.00000000e+00
-5.05267327e-01
9.94712335e-02
-1.81774152e-01
6.31448443e-01
-4.91518701e-01
-1.71499465e-01
1.02431666e+00
2.41227406e-01
-2.47881507e-01
0.00000000e+00
-1.00983587e-01
2.39217860e-01
-6.01705926e-01
3.53692580e-01
1.06862173e-01
-3.51914607e-01
-3.42654465e-01
-1.43607293e-01
2.53217934e-01
-2.26168423e-01
-1.81701092e-01
0.00000000e+00
0.00000000e+00
0.00000000e+00
1.73490679e-01
-4.50037475e-01
-5.89942684e-02
1.33524496e-01
-2.39750288e-01
7.76570605e-02
-2.74631410e-01
1.06424762e-01
-2.42265474e-01
0.00000000e+00
1.45691772e-01
2.72442618e-01
-4.27570880e-01
2.94151361e-01
2.96737333e-01
7.17714888e-02
-1.47557475e-01
-6.79174786e-02
7.63373223e-02
7.87947635e-02
136
1.50773007e-01
0.00000000e+00
0.00000000e+00
0.00000000e+00
0.00000000e+00
2.76188681e-02
3.59189848e-03
2.58999642e-01
2.05650015e-04
0.00000000e+00
0.00000000e+00
6.13624338e-02
5.88222479e-02
-6.45200843e-02
1.04443107e-01
7.23584213e-02
4.79025915e-02
0.00000000e+00
0.00000000e+00
5.83011946e-02
-1.27837160e-02
-1.23424874e-01
1.68639784e-02
-8.73371336e-03
2.20550137e-01
0.00000000e+00
0.00000000e+00
8.03256738e-02
-7.44706465e-02
1.00437920e-01
2.14242806e-03
0.00000000e+00
-4.32310419e-01
8.08329161e-02
1.92022465e-01
0.00000000e+00
3.60208105e-02
-3.46766647e-02
1.93374074e-01
0.00000000e+00
4.33054440e-02
-3.28304867e-01
2.81994659e-01
0.00000000e+00
0.00000000e+00
0.00000000e+00
4.71423968e-02
-1.38448205e-01
6.01954992e-01
-6.90387218e-02
-5.97128091e-01
0.00000000e+00
-3.29997380e-01
3.24409566e-02
3.56707536e-02
-4.12112695e-01
0.00000000e+00
3.71509717e-01
1.32972772e-01
5.56515520e-02
-7.40085206e-02
-8.60233813e-02
-1.28949057e-01
-2.37622435e-01
1.45142953e-02
8.48935652e-02
5.82330877e-02
3.00022866e-03
-3.71944784e-01
8.14306280e-02
1.63624863e-01
0.00000000e+00
0.00000000e+00
0.00000000e+00
0.00000000e+00
0.00000000e+00
0.00000000e+00
0.00000000e+00
0.00000000e+00
0.00000000e+00
0.00000000e+00
0.00000000e+00
0.00000000e+00
0.00000000e+00
0.00000000e+00
0.00000000e+00
-4.14642949e-01
-8.12767679e-02
-9.94443374e-01
0.00000000e+00
0.00000000e+00
0.00000000e+00
-9.30217741e-02
-2.34641807e-01
-1.21160457e-01
1.27535509e+00
-1.45496406e+00
-2.83484874e-01
4.86678017e-01
9.98812833e-01
-8.31102419e-01
0.00000000e+00
-9.73070375e-03
5.72484589e-01
-1.35923709e+00
3.83994606e-01
1.08342661e+00
2.86679930e-01
-5.59711664e-01
-8.36641397e-01
7.96025850e-04
-2.98974841e-01
-9.66700437e-01
0.00000000e+00
0.00000000e+00
0.00000000e+00
-3.20271894e-01
3.21494302e-01
-8.45264161e-02
1.32403919e+00
-1.34825816e+00
-4.44030939e-02
4.97387725e-01
2.07297398e-01
-5.27966117e-01
0.00000000e+00
3.90615994e-02
5.29471728e-01
-1.02650949e+00
6.59306566e-01
-1.73021382e-02
-2.50360382e-02
-5.65568199e-01
-6.19340315e-01
1.88168105e-01
-1.53745193e-01
2 1
-5.6382e-01 4.7934e-01
6 1
0 1 4 5 3 7 
217
4.74094960e-02
-1.77228949e-01
-1.41982085e-01
-2.05419788e-01
-1.13400710e-01
-6.29823136e-02
-2.04890220e-01
6.15743299e-01
3.76639912e-01
1.27893488e-01
3.17227637e-01
1.09204620e-01
-3.28167122e-01
-4.39945716e-01
0.00000000e+00
0.00000000e+00
0.00000000e+00
0.00000000e+00
0.00000000e+00
0.00000000e+00
5.75923781e-02
4.53408375e-04
1.79023461e-01
-2.81651291e-02
1.36195891e-04
2.93115485e-01
0.00000000e+00
0.00000000e+00
4.80235674e-02
-3.07195320e-03
-1.89221866e-01
-1.03299596e-01
1.02358887e-02
2.97138835e-01
0.00000000e+00
0.00000000e+00
0.00000000e+00
-3.49645410e-01
-1.43694627e-01
8.61771638e-02
1.60010847e-01
3.60943364e-01
-6.53079273e-02
0.00000000e+00
0.00000000e+00
-2.54770026e-01
1.58776326e-01
2.71143309e-01
0.00000000e+00
-1.08914673e-01
-1.93002826e-01
1.94583955e-01
0.00000000e+00
-2.87177549e-01
-2.16378515e-01
2.73534026e-01
0.00000000e+00
-1.44643253e-01
-4.59339507e-01
8.14672143e-01
-4.45211739e-02
-6.31571376e-02
1.56161721e-01
-4.12615947e-02
-6.69756842e-01
-8.97623200e-01
5.03702875e-01
7.46532465e-01
2.54725057e-01
3.73978124e-01
0.00000000e+00
-7.96579415e-01
-7.78812845e-01
6.09075916e-01
-1.33818572e-01
2.34912995e-01
6.53428649e-01
0.00000000e+00
-5.59463432e-02
3.26462769e-02
7.01709433e-02
-1.16613730e-01
3.31848959e-02
2.67454262e-01
-1.77830766e-02
8.45252280e-02
-1.16929807e-01
1.64527192e-01
-7.00770996e-01
-1.83859847e-01
-4.39527665e-02
-3.27303281e-02
1.98076943e-01
-8.78778674e-02
-1.04038738e-01
-3.61697044e-01
-1.38983804e-02
-2.94405293e-01
0.00000000e+00
-5.84970639e-02
-1.80191490e-01
1.02965748e-01
-3.53918814e-01
2.94081241e-03
1.02243593e-01
0.00000000e+00
0.00000000e+00
0.00000000e+00
0.00000000e+00
0.00000000e+00
0.00000000e+00
0.00000000e+00
0.00000000e+00
0.00000000e+00
0.00000000e+00
0.00000000e+00
0.00000000e+00
0.00000000e+00
0.00000000e+00
-9.54589546e-01
-8.90651510e-01
-4.87689510e-01
0.00000000e+00
0.00000000e+00
0.00000000e+00
-4.87925496e-02
3.18668772e-01
-3.57008951e-02
2.46171831e-01
-4.71859217e-01
-4.77262893e-01
7.24421257e-01
3.88803863e-01
-2.83334257e-01
0.00000000e+00
2.75755883e-01
-2.63012291e-01
-5.13911443e-01
4.93832285e-01
2.45997723e-01
5.04319531e-02
-2.90531649e-01
-3.31866911e-01
-3.04988256e-01
-2.10512718e-01
-3.51524725e-01
0.00000000e+00
0.00000000e+00
0.00000000e+00
1.72872371e-01
-2.67767352e-01
-2.38347469e-01
7.37165162e-02
-2.11012601e-01
7.53757724e-02
4.31287493e-04
1.43695033e-01
1.93529075e-01
0.00000000e+00
-3.65195934e-02
-3.65656105e-01
-8.11337931e-01
2.49983667e-01
3.81068794e-02
9.03010332e-02
-7.37426827e-02
5.86474741e-02
3.35485406e-01
2.20714494e-01
-8.18962957e-01
0.00000000e+00
0.00000000e+00
0.00000000e+00
-2.82894542e-01
1.66971767e-01
-2.24235448e-01
8.23498696e-01
-6.34604810e-01
-4.11382651e-02
6.13990683e-01
-4.57069161e-03
-2.72023844e-01
0.00000000e+00
1.05173425e-01
1.05845833e-01
-2.15955089e-01
2.23058379e-01
-3.56103122e-01
-1.90296029e-01
-2.97423187e-01
-4.24714290e-01
-1.72022786e-02
1.03659855e-01
-1.34721548e-01
0.00000000e+00
0.00000000e+00
0.00000000e+00
-3.23799776e-02
-8.90919175e-02
-1.65104613e-02
2.14849322e-01
-2.40160699e-01
-5.31676391e-02
1.08981845e-01
1.25325760e-01
-1.81611983e-01
0.00000000e+00
-3.96170317e-03
1.64178654e-01
-6.36178403e-01
2.65908054e-01
3.69859765e-01
-4.77962675e-02
-3.04258942e-01
4.94550314e-02
1.90851967e-01
-1.90139526e-02
136
-5.85269828e-02
0.00000000e+00
0.00000000e+00
-1.64820445e-02
3.32681283e-03
-6.11481861e-02
2.84305004e-03
1.39190744e-01
2.05154173e-04
0.00000000e+00
0.00000000e+00
3.58333912e-02
3.34997564e-02
-3.11002937e-02
7.59268174e-02
-1.33671090e-02
-1.57737649e-02
0.00000000e+00
0.00000000e+00
7.85233240e-02
3.77202165e-02
-1.31217611e-01
-1.14437963e-01
-5.94126253e-02
4.71171032e-02
8.31805721e-02
0.00000000e+00
1.04387195e-01
-2.24322229e-01
9.56605830e-02
1.17127538e-01
0.00000000e+00
-5.49631651e-01
3.64991743e-03
2.61345003e-01
0.00000000e+00
-1.29982344e-02
-1.77585584e-02
2.50293087e-01
0.00000000e+00
-5.85160343e-02
-2.52122251e-01
2.03558875e-01
0.00000000e+00
0.00000000e+00
0.00000000e+00
7.29661178e-02
-1.18349455e-01
5.65342492e-01
-1.01903092e-01
-6.01895765e-01
0.00000000e+00
-6.97175375e-01
-1.55659542e-01
3.98341891e-02
-3.34714793e-01
0.00000000e+00
4.20249121e-01
9.53838355e-02
1.41444745e-01
-8.33083430e-02
-1.95125335e-01
2.04274116e-01
-1.25477375e-01
5.41281935e-02
1.06620819e-01
2.14942692e-01
-2.13117486e-01
-3.72777636e-01
3.52439645e-02
1.68894506e-01
0.00000000e+00
4.39329603e-01
-3.94385696e-02
1.92465877e-01
-2.29993879e-01
0.00000000e+00
0.00000000e+00
0.00000000e+00
0.00000000e+00
0.00000000e+00
0.00000000e+00
0.00000000e+00
0.00000000e+00
0.00000000e+00
0.00000000e+00
-3.68490984e-01
8.15885397e-02
-1.00983845e+00
0.00000000e+00
0.00000000e+00
0.00000000e+00
-3.53350223e-02
-1.05128441e-01
9.91238028e-02
1.40954708e+00
-1.60776398e+00
-1.63105428e-01
5.42912411e-01
1.04553688e+00
-1.26693500e+00
0.00000000e+00
-2.51882954e-03
6.57601452e-01
-1.23726141e+00
2.97068079e-01
1.08889602e+00
2.99290911e-01
-4.95454191e-01
-9.27353310e-01
-1.57067000e-01
-4.51892477e-01
-8.83284687e-01
0.00000000e+00
0.00000000e+00
0.00000000e+00
-2.90384613e-01
2.55971420e-01
-7.68239754e-02
1.31710844e+00
-1.35271356e+00
-1.63044617e-02
4.30932901e-01
2.24401233e-01
-6.04122834e-01
0.00000000e+00
9.91772642e-02
5.59613204e-01
-1.02354164e+00
6.62329102e-01
8.63965179e-04
-3.16846493e-02
-5.37651781e-01
-5.67493309e-01
2.07791570e-01
-1.40752970e-01
8 1
-9.6349e-01 5.3591e-01
7 1
0 1 4 5 3 7 2 
217
6.73559688e-02
-1.47519742e-01
-5.78287903e-03
-1.72105794e-01
-2.30819307e-02
-1.80140251e-02
-8.94544396e-02
1.90789974e-01
-3.51163759e-02
4.34567221e-01
3.12397368e-01
2.77798478e-02
-9.73886533e-02
-1.65453166e-01
0.00000000e+00
0.00000000e+00
0.00000000e+00
-2.26283227e-02
8.21376855e-03
-1.00921991e-02
1.95931136e-01
-8.78591665e-03
4.86553417e-01
-1.04131713e-01
-3.07220018e-04
3.84383456e-01
0.00000000e+00
0.00000000e+00
1.41492005e-01
5.83604405e-02
7.35037377e-02
2.41857817e-02
-1.53633106e-01
-6.76368729e-02
0.00000000e+00
0.00000000e+00
0.00000000e+00
-3.31684143e-02
-1.89585015e-01
-2.86231420e-01
-3.66221070e-02
4.84696749e-02
2.85561226e-01
2.27375663e-01
0.00000000e+00
-4.56196695e-01
1.66008775e-01
3.96290159e-01
0.00000000e+00
-2.36490389e-01
-5.45697859e-02
3.82077166e-01
0.00000000e+00
-3.52039901e-01
-3.92895382e-01
4.07505161e-01
0.00000000e+00
2.78298527e-01
-4.25613844e-01
3.03425814e-01
-8.39932892e-02
-3.40310173e-01
4.40103069e-01
-3.51710004e-02
-6.20342874e-01
-7.28557129e-01
5.09581591e-01
7.51410630e-01
2.13288252e-01
7.15836869e-01
0.00000000e+00
-7.14872096e-01
-4.16306779e-01
5.58859358e-01
-2.14606273e-01
2.23368706e-01
4.39402762e-01
0.00000000e+00
-1.79771520e-01
-4.17671246e-01
1.61725556e-01
-2.31894181e-01
8.54019326e-02
-7.50507822e-04
9.10582574e-02
1.57617336e-01
6.83729548e-02
-1.21404741e-01
-6.60193569e-02
-5.99148837e-02
-2.25472610e-01
4.50980662e-02
7.06976444e-02
-2.58106989e-01
8.58190021e-02
-7.65058428e-01
-1.34258744e-01
-3.75096588e-01
0.00000000e+00
-1.01414822e-01
-1.58346086e-01
1.36130767e-01
-4.70254678e-01
3.26400234e-02
-6.67798296e-02
0.00000000e+00
-3.71231445e-01
1.77506667e-01
4.09176178e-01
-6.54053678e-01
2.94112365e-02
-2.47950511e-01
0.00000000e+00
0.00000000e+00
0.00000000e+00
0.00000000e+00
0.00000000e+00
0.00000000e+00
0.00000000e+00
-9.39935822e-01
-5.33901200e-01
-1.20563437e+00
0.00000000e+00
0.00000000e+00
0.00000000e+00
-1.43652984e-03
-7.95799904e-02
7.20095876e-02
2.71033922e-01
-6.92530614e-01
-2.69530229e-01
7.63962977e-01
-1.90122849e-01
-2.12342216e-01
0.00000000e+00
-1.53246388e-01
-4.07037325e-01
-4.52150468e-01
6.75327424e-01
1.47394416e-01
-2.57261217e-01
-7.69662801e-02
-1.55677248e-01
-1.62421294e-01
-2.50600519e-02
-4.26828813e-02
0.00000000e+00
0.00000000e+00
0.00000000e+00
2.34983698e-03
-2.39049646e-01
2.07585080e-01
3.99680597e-01
-1.17542701e-01
9.76304049e-02
-1.51664986e-02
4.69247599e-01
-1.76181036e-01
0.00000000e+00
1.46555106e-01
-1.49131300e-02
-7.31459484e-01
2.62442025e-02
9.51058932e-02
9.81016377e-02
-2.43161864e-01
-2.19462223e-01
2.03491142e-01
-3.17377987e-02
-5.62875355e-01
0.00000000e+00
0.00000000e+00
0.00000000e+00
-5.96543392e-01
1.02609441e-01
-3.49458577e-01
1.05322810e+00
-1.07965297e+00
-5.00927398e-02
5.32970328e-01
4.97894680e-01
-4.82387916e-01
0.00000000e+00
8.98388546e-02
1.77552259e-01
-2.97796892e-01
2.91403774e-01
-6.01452121e-02
-3.57880235e-01
-2.65163953e-01
-5.91137554e-02
2.48726320e-01
4.11365229e-02
-2.11130058e-01
0.00000000e+00
0.00000000e+00
0.00000000e+00
1.74497535e-01
-1.90084661e-01
6.79499740e-02
9.46412735e-02
1.37901405e-02
3.65741255e-02
1.93799975e-02
5.33962838e-03
-1.57637596e-01
0.00000000e+00
8.63045555e-02
1.39256898e-01
-5.70380010e-01
1.72588027e-01
1.73736074e-01
1.68514451e-01
-2.42698698e-01
-3.32880857e-01
6.42336919e-02
6.57453932e-02
136
-5.04036422e-02
0.00000000e+00
0.00000000e+00
-3.75564688e-03
6.55452750e-04
9.14103648e-02
-9.60485697e-04
-8.38144475e-03
2.16384901e-04
0.00000000e+00
0.00000000e+00
-4.22620147e-03
1.64394640e-02
-4.32017294e-02
6.52352392e-02
1.50562312e-02
4.34661482e-02
0.00000000e+00
0.00000000e+00
5.67612133e-02
1.77488817e-01
-1.30831782e-01
-2.02481984e-01
-2.14166189e-01
-6.54681848e-02
1.26141534e-01
2.02152934e-01
7.95815880e-02
-3.51712163e-01
6.83455697e-02
1.72077995e-01
0.00000000e+00
-3.83009812e-01
-3.11288381e-02
2.27952391e-01
0.00000000e+00
-2.41339197e-02
-1.62466030e-02
3.15703028e-01
0.00000000e+00
2.18289897e-02
-2.82361830e-01
1.52888527e-01
0.00000000e+00
0.00000000e+00
0.00000000e+00
1.50685412e-01
-3.32684089e-01
5.13000839e-01
-1.23039118e-01
-5.56337506e-01
0.00000000e+00
-6.44408905e-01
-6.40152913e-02
4.14767356e-02
-3.65140318e-01
0.00000000e+00
3.26465620e-01
1.09671564e-01
1.27100907e-01
-6.70174675e-02
-2.29939852e-01
4.29372976e-01
-1.18390916e-01
1.19825306e-01
4.27198775e-02
2.06405243e-01
-1.75920333e-01
-3.22473122e-01
5.39274330e-02
1.05450315e-01
0.00000000e+00
3.68892053e-01
-2.28023052e-02
1.83301654e-01
-2.44136623e-01
0.00000000e+00
-6.37863789e-02
9.49151780e-02
1.92200765e-01
-1.62387084e-01
0.00000000e+00
0.00000000e+00
0.00000000e+00
0.00000000e+00
0.00000000e+00
-3.94664610e-01
8.47402206e-03
-9.95810374e-01
0.00000000e+00
0.00000000e+00
0.00000000e+00
1.86998528e-02
-1.05648874e-01
-3.67934421e-02
1.34171505e+00
-1.56840276e+00
-1.93517542e-01
5.02659494e-01
1.00418678e+00
-9.38833257e-01
0.00000000e+00
-3.06899580e-02
5.94059653e-01
-1.28711597e+00
2.88893106e-01
1.03474728e+00
3.05905536e-01
-5.43933147e-01
-8.77652386e-01
-1.43351024e-01
-3.60738755e-01
-9.01788628e-01
0.00000000e+00
0.00000000e+00
0.00000000e+00
-3.13738555e-01
2.41857821e-01
-8.74980486e-02
1.31680595e+00
-1.31060003e+00
-4.64941128e-02
4.57883133e-01
2.20718286e-01
-5.85584029e-01
0.00000000e+00
5.65769957e-02
5.59627207e-01
-1.03473068e+00
6.90645593e-01
8.64532063e-02
-9.19871291e-02
-5.90822812e-01
-5.33272372e-01
2.38015560e-01
-1.75644610e-01
9 1
-1.3932e+00 5.7617e-01
8 1
0 1 4 5 3 7 2 8 
217
-1.77082699e-01
-2.45384182e-01
1.97275213e-01
6.33675396e-02
-1.12778300e-01
-2.87559504e-02
-2.28109774e-01
4.88459598e-02
-2.36757539e-01
1.43483128e-01
9.33167146e-02
9.08740839e-02
3.07246199e-01
2.35778962e-01
0.00000000e+00
0.00000000e+00
0.00000000e+00
0.00000000e+00
0.00000000e+00
0.00000000e+00
-7.80931447e-02
4.40720096e-03
4.48942502e-01
-2.39699829e-01
1.09486051e-04
6.64802185e-01
0.00000000e+00
0.00000000e+00
-1.17154407e-02
3.70594564e-03
-5.12699087e-02
1.96087826e-01
-5.73223906e-02
-1.99593609e-01
0.00000000e+00
0.00000000e+00
0.00000000e+00
-1.84060569e-01
-2.64658607e-01
-8.54843134e-02
-8.43726236e-03
8.49717354e-02
3.70424568e-01
-8.97093696e-02
0.00000000e+00
-1.08878193e-01
-1.96171516e-01
2.51969450e-01
0.00000000e+00
-2.72185635e-01
-2.95542956e-01
5.19475790e-01
0.00000000e+00
-4.35602235e-01
1.01674271e-01
1.09357454e-01
0.00000000e+00
6.84194106e-02
-2.23566535e-01
3.04096877e-01
-3.73818543e-01
-8.09537775e-02
2.77818503e-01
1.30207427e-01
-7.43943045e-01
-6.57495684e-01
3.73442539e-01
7.09294690e-01
6.32103797e-02
6.33877398e-01
0.00000000e+00
-7.48375535e-01
-6.63320207e-01
5.16924956e-01
-1.06759633e-01
5.43678795e-02
3.11373016e-01
0.00000000e+00
-2.77779650e-01
-1.07719152e+00
1.70303223e-01
-2.16884465e-01
-6.96062728e-02
3.33948940e-02
-4.50020921e-02
-5.64598498e-02
9.51970180e-02
-8.70236360e-03
-2.95179412e-01
-6.69183936e-02
-2.45238867e-02
-4.50020921e-02
1.07779483e-01
-2.28988542e-01
-2.13528062e-01
-2.88587077e-01
-2.63320275e-02
-5.80917588e-02
0.00000000e+00
-2.70929706e-01
-4.46144767e-01
7.78971177e-02
6.87877780e-02
1.59498887e-02
-9.67738711e-02
0.00000000e+00
-3.98013947e-01
1.45090060e-01
1.47297443e-01
-3.38214814e-01
7.36338056e-02
1.92239741e-01
0.00000000e+00
-2.70355646e-01
-8.63815350e-02
-1.18507515e-01
-8.06828049e-02
2.11780462e-01
1.44195674e-01
-4.41339888e-01
-4.40676413e-02
-9.28430832e-01
0.00000000e+00
0.00000000e+00
0.00000000e+00
-1.92745338e-01
-4.13885155e-01
-3.08815427e-01
1.13456419e+00
-4.21286603e-01
-5.89343813e-01
5.73196919e-01
2.07538370e-01
-3.87171323e-01
0.00000000e+00
-3.97141121e-01
-2.08111017e-01
-6.20541535e-01
4.53183298e-01
5.54730374e-01
2.81776458e-01
-1.84156760e-01
-4.54663069e-01
5.70623819e-01
-5.26183098e-01
-5.69959094e-02
0.00000000e+00
0.00000000e+00
0.00000000e+00
4.11510452e-02
-1.66228103e-01
-1.88460103e-02
-5.55548742e-02
-5.23718291e-01
2.04616448e-01
1.56518279e-02
3.99512099e-01
1.81839832e-01
0.00000000e+00
3.52088646e-01
2.62793502e-01
-6.56218498e-01
9.68392512e-02
-4.04648600e-02
-3.26608910e-02
-5.89206981e-02
-1.32314538e-01
-2.19293759e-01
2.92731963e-01
-7.30301970e-01
0.00000000e+00
0.00000000e+00
0.00000000e+00
-9.84044676e-02
1.21524221e-01
-2.23030763e-01
6.25673229e-01
-4.18094295e-01
-5.58326342e-01
-8.17866352e-02
-8.60070484e-02
-6.34695045e-01
0.00000000e+00
7.51810280e-01
4.76515030e-01
-5.15671289e-01
2.60447273e-01
-6.33926052e-02
4.94070428e-03
-1.76876554e-01
-7.03340754e-01
4.50709201e-01
1.37703890e-01
-8.87409484e-02
0.00000000e+00
0.00000000e+00
0.00000000e+00
-3.14601236e-01
-2.43870095e-01
8.28566680e-02
4.99690441e-01
-1.76697130e-01
2.24906706e-01
3.64185265e-01
2.52182058e-01
-5.10925037e-02
0.00000000e+00
-2.95095331e-01
1.35815808e-01
-5.44344943e-01
2.97975978e-01
1.23199842e-01
5.35184930e-02
-3.34024039e-01
-8.88172873e-03
-5.55229168e-02
-9.89422833e-02
136
-1.66797446e-02
0.00000000e+00
0.00000000e+00
-4.85690854e-03
-1.12556078e-03
8.84241347e-02
-2.25336900e-03
-7.37191640e-03
2.26735665e-04
0.00000000e+00
0.00000000e+00
5.93926418e-02
2.08272444e-02
-5.28319787e-02
6.47199678e-02
-3.16836000e-03
3.42227672e-03
0.00000000e+00
0.00000000e+00
0.00000000e+00
1.74643998e-01
-1.01290577e-01
-1.90925827e-01
-2.19221902e-01
-1.69967454e-02
3.45720639e-02
2.71712749e-01
3.74718804e-02
-3.41476329e-01
7.42746942e-02
1.76861469e-01
0.00000000e+00
-3.12849053e-01
-4.91757925e-02
2.35373438e-01
0.00000000e+00
-3.55367880e-02
-1.00701204e-02
3.01599257e-01
0.00000000e+00
2.03765959e-02
-2.56321972e-01
1.22187607e-01
0.00000000e+00
0.00000000e+00
0.00000000e+00
1.14892675e-01
-2.98108617e-01
5.20841728e-01
-1.13538067e-01
-5.57690155e-01
0.00000000e+00
-5.98629622e-01
-5.58766289e-02
4.58475132e-02
-3.78765948e-01
0.00000000e+00
2.71697844e-01
8.63601328e-02
1.12875643e-01
-2.65514850e-02
-1.83176227e-01
4.25670940e-01
-1.18996013e-01
1.27014188e-01
2.85782988e-02
2.24793695e-01
-2.16129661e-01
-3.15192388e-01
4.51529890e-02
1.11383998e-01
0.00000000e+00
2.44828672e-01
-7.55575332e-02
1.70816066e-01
-2.12414970e-01
0.00000000e+00
-4.54097000e-02
1.09680994e-01
1.76432222e-01
-1.76167033e-01
0.00000000e+00
5.34030483e-02
7.08918315e-03
1.48904280e-01
-3.67013664e-02
-4.28156425e-01
-3.16569365e-02
-1.01292639e+00
0.00000000e+00
0.00000000e+00
0.00000000e+00
1.77354372e-02
-1.34040241e-01
-5.24215993e-03
1.31507295e+00
-1.49035750e+00
-1.91197185e-01
5.13182960e-01
9.51683457e-01
-9.49585955e-01
0.00000000e+00
-1.26626686e-02
5.64434992e-01
-1.25688081e+00
3.17797350e-01
1.00127397e+00
2.55157142e-01
-5.50647205e-01
-8.85361872e-01
-9.67849397e-02
-3.76504097e-01
-9.19697226e-01
0.00000000e+00
0.00000000e+00
0.00000000e+00
-3.06333797e-01
2.26869607e-01
-1.07676121e-01
1.22035502e+00
-1.31857181e+00
-2.20563591e-02
4.54556030e-01
2.27959817e-01
-5.69418308e-01
0.00000000e+00
8.09632397e-02
5.55058838e-01
-1.03663203e+00
6.91464608e-01
9.35199796e-02
-7.16547854e-02
-5.97341184e-01
-5.29444583e-01
2.35251599e-01
-1.46566992e-01
6 2
-1.5079e+00 5.8831e-01
8 -1
0 1 4 5 3 7 2 8 
217
1.87522479e-01
1.09616021e-01
-3.52840190e-01
1.74362509e-01
-6.04625291e-02
1.68400740e-02
-6.10166759e-02
1.18235506e-01
1.40756824e-01
-6.24606717e-01
-2.10114173e-01
-6.57291403e-01
3.78359033e-01
3.91155473e-01
0.00000000e+00
0.00000000e+00
0.00000000e+00
-4.08462196e-01
6.57552791e-03
3.31562858e-01
1.05039364e+00
3.58367891e-03
-8.31996629e-02
-6.22004957e-02
1.33050542e-03
5.49325800e-01
0.00000000e+00
0.00000000e+00
-5.24296367e-02
4.84524924e-02
1.45056255e-01
-1.70540288e-01
3.76193572e-02
4.17633695e-01
0.00000000e+00
0.00000000e+00
0.00000000e+00
3.89388924e-02
-2.31196184e-01
-3.39204701e-01
-2.13768486e-01
-7.25460834e-02
3.10241014e-02
8.42374690e-01
0.00000000e+00
-4.39775316e-01
-1.55946122e-01
4.65616926e-01
0.00000000e+00
-1.14595301e-01
-1.07933110e-01
3.00841265e-01
0.00000000e+00
-1.62768217e-01
-3.95521966e-01
2.51333958e-01
0.00000000e+00
1.63254738e-01
1.00707160e-01
1.50408215e-01
-2.60844901e-01
9.97616243e-04
3.15469516e-01
0.00000000e+00
-4.37451660e-01
-3.78527718e-01
3.95615137e-01
5.28238147e-01
2.18701131e-01
4.05475145e-01
0.00000000e+00
-2.65604298e-01
-4.64232758e-01
4.75674431e-01
-2.19687744e-01
1.33831896e-01
1.88441430e-01
0.00000000e+00
-1.48780938e-01
-6.94718508e-02
3.43086314e-01
-3.38670089e-01
1.49596652e-01
1.66491506e-01
0.00000000e+00
-1.16655618e-01
1.07829149e-01
-1.50642638e-02
-4.04052318e-01
1.22478153e-01
3.07477412e-01
0.00000000e+00
1.26879895e-01
3.90565621e-01
-9.82811563e-02
-2.37935093e-02
-3.78404669e-02
-1.18018254e-01
0.00000000e+00
-3.25467302e-02
-2.92943518e-01
2.97709605e-01
-3.20918105e-01
7.87391535e-02
-2.65092616e-01
0.00000000e+00
-6.96004241e-01
-4.43788008e-01
3.03003200e-01
-5.20069590e-02
7.38911589e-01
5.27291046e-01
0.00000000e+00
-2.66915890e-01
-2.05872217e-01
5.05163407e-01
-2.18489969e-01
1.07663032e-01
3.07845762e-02
-7.92289081e-02
2.21747669e-01
-8.18864381e-01
0.00000000e+00
0.00000000e+00
0.00000000e+00
7.53022552e-02
1.61411981e-01
-9.16281065e-02
1.83751036e+00
-8.98680027e-01
1.91477956e-01
1.09603322e-01
2.26776117e-01
-4.95978311e-01
0.00000000e+00
8.38105772e-03
-4.27222407e-01
-9.20165418e-01
3.58075782e-01
2.72257542e-01
-5.40896813e-02
-2.37095987e-01
-1.37527032e+00
-2.13862230e-01
6.54331739e-01
-7.02437478e-02
0.00000000e+00
0.00000000e+00
0.00000000e+00
3.31217137e-02
-7.58392290e-02
-5.58764284e-02
-1.99441237e-01
-2.95974961e-01
-6.39096455e-02
1.32490627e-01
3.43360846e-01
-7.18615463e-01
0.00000000e+00
8.21990886e-02
3.41132707e-01
-3.85052961e-01
1.32411670e-01
3.21241450e-01
3.01175233e-01
-1.12499081e-01
3.17050891e-01
2.04219364e-01
-3.71438333e-01
-7.87169385e-01
0.00000000e+00
0.00000000e+00
0.00000000e+00
-5.78191971e-01
3.55577791e-01
-5.71206663e-01
1.65370740e+00
-1.44241664e+00
-3.49400430e-01
5.91102022e-02
5.61990049e-01
-4.55787366e-01
0.00000000e+00
-4.32611070e-01
7.58941405e-01
-8.52823009e-01
9.52767768e-02
4.08739268e-01
3.31632305e-01
-2.77020095e-01
-7.05207164e-02
1.64285679e-01
-1.46452298e-01
-2.94310553e-02
0.00000000e+00
0.00000000e+00
0.00000000e+00
2.46372372e-01
-2.65285061e-01
3.01534194e-01
-3.49223243e-01
4.79706366e-03
1.57996701e-01
6.69607905e-02
-2.97370517e-01
2.81323069e-01
0.00000000e+00
2.78896094e-01
-2.16280603e-01
-2.75078636e-01
4.58738487e-01
1.46572077e-01
-1.21926211e-01
-9.37644328e-02
-3.77020123e-01
4.22407655e-02
-1.89138436e-02
136
-5.91172338e-02
1.68969770e-03
-2.70280106e-03
2.69764846e-02
-1.40831279e-03
-1.60531247e-01
1.92888026e-03
7.27478314e-02
1.86442795e-03
0.00000000e+00
0.00000000e+00
-3.60657993e-01
-1.98002279e-01
-6.95204445e-02
2.51205610e-01
2.89768727e-01
2.66668425e-01
0.00000000e+00
0.00000000e+00
0.00000000e+00
1.57432284e-01
-8.96769292e-02
-1.89286945e-01
-2.75637274e-01
-1.03293231e-01
8.43583195e-02
3.01075397e-01
9.47943026e-02
-3.97960623e-01
6.11703610e-02
1.99656285e-01
0.00000000e+00
-4.28157593e-01
-1.23372555e-01
2.77986969e-01
0.00000000e+00
-1.12616051e-01
9.33281120e-02
4.04355260e-01
0.00000000e+00
-3.40262324e-02
-3.10464931e-01
1.98225066e-01
0.00000000e+00
0.00000000e+00
0.00000000e+00
1.92374225e-01
-3.58954539e-01
5.03411686e-01
-1.35329281e-01
-5.84456113e-01
0.00000000e+00
-8.32779491e-01
-8.32483304e-02
-1.04279973e-02
-4.20496725e-01
0.00000000e+00
4.48521572e-01
1.24406787e-01
1.55394327e-01
-1.01937052e-01
-2.80298122e-01
3.89142156e-01
-1.27797488e-01
1.13958807e-01
1.28297098e-02
3.02837503e-01
-2.35090025e-01
-3.24291008e-01
4.97655659e-02
1.28427186e-01
0.00000000e+00
3.84361399e-01
-9.38218486e-03
1.77667497e-01
-2.36806969e-01
0.00000000e+00
-8.94670590e-02
2.59937813e-02
1.84577111e-01
-1.97027031e-01
0.00000000e+00
1.16982830e-01
-5.87789393e-04
1.69063139e-01
-3.14511627e-01
-3.73597988e-01
-3.99167630e-02
-9.80606057e-01
0.00000000e+00
0.00000000e+00
0.00000000e+00
-2.46344586e-02
-1.85955932e-01
-1.64507958e-02
1.23257907e+00
-1.44981916e+00
-1.63158777e-01
5.31843188e-01
9.55388147e-01
-8.81959302e-01
0.00000000e+00
-1.35713421e-02
5.44244178e-01
-1.30640961e+00
3.49628630e-01
9.71429065e-01
2.66997804e-01
-5.15143455e-01
-8.76464843e-01
-7.86096812e-02
-3.20538774e-01
-9.21376238e-01
0.00000000e+00
0.00000000e+00
0.00000000e+00
-3.30154393e-01
2.51848984e-01
-1.02102959e-01
1.31258199e+00
-1.26206668e+00
-3.80185487e-02
4.73668439e-01
2.33236914e-01
-6.61780137e-01
0.00000000e+00
9.97922723e-02
5.46213535e-01
-1.07661761e+00
6.99331600e-01
5.57059136e-02
-9.64215456e-02
-6.24173182e-01
-5.30025868e-01
2.53782411e-01
-1.26177373e-01
10 2
-1.4777e+00 5.9312e-01
8 -1
0 1 4 5 3 7 2 8 
217
-1.52008662e-01
-1.32140406e-01
2.65976562e-01
9.91490011e-02
5.41183846e-02
-1.91197520e-01
-2.80623351e-01
2.03284505e-01
-8.54560634e-02
2.56363539e-01
-4.05882144e-01
6.70951295e-01
5.65834511e-01
7.18785346e-02
1.04348337e-01
5.66106735e-03
3.31591241e-01
7.61994407e-02
-1.71059535e-03
5.17893793e-01
-3.43227173e-01
-3.22380163e-03
5.75669744e-01
1.06707327e-02
1.88349744e-03
1.80281709e-01
0.00000000e+00
0.00000000e+00
-2.65705323e-01
-1.05610987e-01
1.08706438e-01
2.57378374e-01
-5.26792795e-02
-9.40978839e-02
0.00000000e+00
0.00000000e+00
0.00000000e+00
-1.20816818e-02
-1.57691369e-01
-1.88839692e-01
-2.33544226e-01
-1.15168276e-01
1.07780398e-01
4.47536183e-01
0.00000000e+00
-2.88838024e-01
-5.73982220e-02
2.75470040e-01
0.00000000e+00
-4.09122865e-01
2.72359324e-02
2.12785016e-01
0.00000000e+00
1.61071488e-02
-9.08878703e-02
5.93563247e-02
0.00000000e+00
1.37416470e-01
-4.37671251e-01
4.03538640e-01
-1.00155079e-01
-2.90728642e-01
2.38875058e-01
0.00000000e+00
-4.00596984e-01
-3.66322070e-01
1.16790777e-01
5.92859106e-01
2.89921971e-01
3.81314868e-01
0.00000000e+00
-5.44437271e-01
-2.25025080e-01
3.54852445e-01
-2.53017278e-01
3.75761634e-02
1.19252456e-01
0.00000000e+00
-8.61906035e-02
-1.33277006e-01
-3.92598963e-02
1.59086872e-01
-2.65581626e-02
-1.62103485e-01
0.00000000e+00
-1.30993602e-01
1.73350535e-01
6.03579151e-02
-7.66788185e-01
2.75015461e-02
1.73631852e-01
0.00000000e+00
1.04034993e-01
1.55724482e-01
-1.41307924e-01
-2.38734763e-01
-8.03945337e-03
-2.53396611e-01
0.00000000e+00
-1.68331593e-01
-2.92248448e-01
3.79375777e-02
-3.43136979e-01
-2.16146468e-02
-1.44055550e-01
0.00000000e+00
-3.88133610e-01
-7.71829888e-01
2.17197602e-01
1.47731741e-01
1.89273453e-02
-3.96697049e-01
0.00000000e+00
-4.62250838e-01
-6.30413610e-01
9.70716448e-03
-2.88949867e-01
3.00535011e-01
8.61791507e-03
-8.83502715e-01
-1.62839791e-01
-1.04641425e+00
0.00000000e+00
0.00000000e+00
0.00000000e+00
-6.90488422e-01
1.11632443e+00
2.71243487e-02
9.87465722e-01
-1.72498614e+00
7.48838042e-01
4.85552912e-01
1.25741247e-01
-3.12097709e-01
0.00000000e+00
-1.11067335e+00
-1.76099801e-02
-7.37802741e-01
1.05851010e+00
2.77176611e-01
9.27166426e-02
-8.21525673e-02
-1.32197078e+00
5.25627529e-01
-4.93710142e-01
-5.15484084e-02
0.00000000e+00
0.00000000e+00
0.00000000e+00
3.21964403e-01
-5.84985498e-01
5.86392995e-02
1.86597920e-01
2.30403492e-01
-4.44092435e-01
1.08946030e-01
3.43322012e-01
-2.03432231e-02
0.00000000e+00
4.39525035e-01
2.89726074e-01
-1.96897587e-01
-2.73401143e-01
6.36301011e-02
-6.64587399e-02
-3.66002441e-01
1.02954597e-01
-3.07054207e-01
6.19779030e-02
-6.19560748e-01
0.00000000e+00
0.00000000e+00
0.00000000e+00
-6.25218340e-01
1.69678044e-01
-1.37685717e-01
7.05861009e-01
-2.25140698e-01
-3.20813978e-01
5.37731275e-01
-2.63236388e-01
-4.76899473e-01
0.00000000e+00
4.43769189e-01
2.16446175e-01
-1.16045494e+00
1.30867250e+00
1.05914854e-01
-6.09929465e-01
-6.46178454e-01
-3.20931901e-01
2.82792772e-01
3.96062785e-01
-1.33368316e-01
0.00000000e+00
0.00000000e+00
0.00000000e+00
8.74205039e-02
-5.54540580e-02
-4.78647674e-02
1.47758460e-01
-7.17044379e-01
1.85096937e-01
-5.78872522e-02
6.28464301e-02
-2.62800220e-01
0.00000000e+00
-1.88941033e-01
1.72171666e-01
3.30267692e-01
-2.50628293e-01
2.40306147e-01
1.61820755e-01
1.05541993e-01
7.16128967e-02
9.31780073e-02
-2.10769803e-01
136
1.19752473e-04
-3.38322527e-01
8.70081845e-03
1.88203656e-01
-1.77805020e-03
3.88999652e-02
1.87751801e-03
1.11338659e-01
6.46111766e-04
0.00000000e+00
0.00000000e+00
9.41638330e-02
1.22716561e-01
2.11288351e-02
9.97067972e-02
-2.87872720e-02
-1.33962880e-01
0.00000000e+00
0.00000000e+00
0.00000000e+00
1.49517330e-01
-7.82089912e-02
-1.86884455e-01
-2.66005703e-01
-1.13000148e-01
3.63550103e-02
3.91635409e-01
9.27052380e-02
-5.05710327e-01
1.55094569e-01
2.90847682e-01
0.00000000e+00
-5.90400053e-01
-1.18879821e-01
3.02204783e-01
0.00000000e+00
-1.35735378e-01
1.11378676e-01
5.25340282e-01
0.00000000e+00
-1.02672643e-01
-3.05086137e-01
2.54914854e-01
0.00000000e+00
0.00000000e+00
0.00000000e+00
2.25739740e-01
-2.64409186e-01
5.12428014e-01
-1.22999204e-01
-5.38688279e-01
0.00000000e+00
-1.18503529e+00
-1.86458553e-01
-9.67402280e-02
-3.70579158e-01
0.00000000e+00
6.55020397e-01
1.83732943e-01
1.92734017e-01
-9.63980469e-02
-2.89752563e-01
4.17852503e-01
-9.84750816e-02
9.39178616e-02
4.48801384e-02
3.81975581e-01
-3.11749410e-01
-3.33432137e-01
4.00269916e-02
1.64848314e-02
0.00000000e+00
5.11165680e-01
2.80274697e-02
1.95899031e-01
-2.29849110e-01
0.00000000e+00
-1.05413411e-01
3.00009324e-02
1.73130865e-01
-1.41967974e-01
0.00000000e+00
1.35462763e-01
4.32432986e-02
1.57526779e-01
-2.97315705e-01
-3.70425445e-01
-4.74472665e-03
-9.84178458e-01
0.00000000e+00
0.00000000e+00
0.00000000e+00
7.13388106e-03
-1.78275957e-01
-1.15954763e-02
1.21927341e+00
-1.49357471e+00
-1.80466996e-01
5.19450899e-01
9.76858382e-01
-9.52285625e-01
0.00000000e+00
-5.27493565e-03
5.05235145e-01
-1.34910581e+00
3.73392184e-01
9.87397036e-01
2.83968461e-01
-4.75144504e-01
-8.49534232e-01
-6.39090333e-02
-2.97720570e-01
-9.14957579e-01
0.00000000e+00
0.00000000e+00
0.00000000e+00
-3.14639941e-01
2.29743056e-01
-1.25204983e-01
1.27484971e+00
-1.25564775e+00
-3.73768496e-02
5.08910094e-01
2.65376000e-01
-5.86893523e-01
0.00000000e+00
8.64271324e-02
5.41003287e-01
-1.10335743e+00
6.48955264e-01
5.74481618e-02
-4.76601786e-02
-5.98374374e-01
-5.47129183e-01
2.36868087e-01
-1.48254165e-01
