0 10 -999999999 -1 -1
1 2 0 -1 -1
0.1165 0.2326
356
4.04003235e-02
9.38671547e-02
0.00000000e+00
6.95907792e-01
-6.81259256e-02
7.35596437e-01
7.54196797e-01
0.00000000e+00
0.00000000e+00
0.00000000e+00
0.00000000e+00
0.00000000e+00
0.00000000e+00
4.53438909e-01
2.92692072e-01
-5.02231900e-02
0.00000000e+00
0.00000000e+00
0.00000000e+00
0.00000000e+00
0.00000000e+00
0.00000000e+00
0.00000000e+00
0.00000000e+00
0.00000000e+00
0.00000000e+00
0.00000000e+00
0.00000000e+00
0.00000000e+00
0.00000000e+00
0.00000000e+00
0.00000000e+00
0.00000000e+00
0.00000000e+00
0.00000000e+00
0.00000000e+00
0.00000000e+00
0.00000000e+00
0.00000000e+00
0.00000000e+00
0.00000000e+00
0.00000000e+00
0.00000000e+00
0.00000000e+00
0.00000000e+00
0.00000000e+00
0.00000000e+00
0.00000000e+00
0.00000000e+00
0.00000000e+00
0.00000000e+00
-3.17179247e-02
-1.65469652e-01
7.37888270e-01
0.00000000e+00
0.00000000e+00
0.00000000e+00
0.00000000e+00
2.12745690e-01
5.61636142e-02
1.68674787e-01
-3.43887927e-01
-1.38546256e-01
3.03154044e-01
-1.47156334e-01
-5.48453030e-02
-5.53175629e-02
2.46114841e-01
4.96296812e-01
2.71865950e-03
-8.31837089e-02
9.16918089e-01
-1.89499076e-02
-1.04127880e-01
-1.20025186e+00
1.01048700e-02
-3.33142846e-01
-1.72562720e-01
-2.87432912e-03
-4.40032762e-02
0.00000000e+00
0.00000000e+00
0.00000000e+00
0.00000000e+00
-4.10802260e-02
3.47444966e-01
7.53890597e-01
-2.26267114e-01
1.24658551e-01
-9.18246451e-01
-6.20959308e-01
-4.69499006e-01
-2.97303456e-01
-2.00141713e-01
-7.85955312e-01
-4.25940575e-01
4.61283978e-01
1.03350433e-01
2.89482997e-01
-2.84287358e-01
5.75787443e-02
-8.67695562e-02
0.00000000e+00
0.00000000e+00
3.09892517e+00
2.38086059e+00
0.00000000e+00
0.00000000e+00
0.00000000e+00
0.00000000e+00
0.00000000e+00
0.00000000e+00
-3.09900749e-01
-7.38883888e-01
-5.42050199e-01
-5.06090657e-03
-1.28322137e-01
-1.33430697e+00
-2.41502475e+00
6.84904617e-01
7.48485920e-01
1.04706566e+00
-4.59198735e-01
5.92757580e-01
1.58296299e-01
-4.49667095e-01
-6.72727481e-03
-4.75510398e-01
-1.14754816e+00
-6.18293933e-01
4.34785311e+00
4.22851077e+00
4.47662359e+00
4.43570257e+00
4.78547597e+00
4.48119807e+00
2.64493570e-01
5.58225703e-01
4.92986734e-01
6.31134333e-02
-2.48948167e-01
-4.39795258e-01
0.00000000e+00
-4.37091262e-01
0.00000000e+00
-1.23988432e+00
-5.42606416e-01
1.23435458e-02
0.00000000e+00
0.00000000e+00
0.00000000e+00
0.00000000e+00
1.98990291e-01
0.00000000e+00
0.00000000e+00
0.00000000e+00
-1.58589968e-01
0.00000000e+00
0.00000000e+00
-9.64874388e-01
-7.12170916e-01
-8.84903067e-01
-5.40465241e-01
-4.90682816e-01
-1.25263616e+00
0.00000000e+00
0.00000000e+00
0.00000000e+00
5.26573540e-01
1.32539314e-01
3.83055427e-01
1.66342649e+00
-2.94964876e+00
3.76962719e-01
1.37119279e+00
1.05421409e+00
-2.96265350e+00
0.00000000e+00
1.46130770e+00
2.45954645e-01
-2.41070779e+00
1.23017507e+00
-2.19649560e+00
1.05285853e+00
-4.87286889e-02
-1.49853424e+00
-2.68474972e-02
1.34271959e+00
2.59954434e-01
0.00000000e+00
0.00000000e+00
0.00000000e+00
-1.46014947e-01
2.57371798e-01
-3.33090848e-01
-1.99126159e-01
8.28876065e-01
-2.25921174e-01
-4.27698809e-01
-1.79826070e-01
1.07071437e+00
0.00000000e+00
-6.66557677e-01
4.40216497e-01
1.39896032e-01
-1.58546567e-01
7.04707283e-01
-2.71855254e-01
2.18560187e-02
1.05540213e-01
-2.61731360e-01
-4.38854981e-01
-3.64483492e-01
-5.93702192e-01
0.00000000e+00
1.96029162e-01
-2.37701214e-01
1.27708673e+00
-6.27417440e-01
-1.24337148e+00
-1.25916853e-01
0.00000000e+00
0.00000000e+00
0.00000000e+00
-4.72433660e-01
-1.18297443e+00
4.11421656e-01
8.64503956e-01
-8.23100344e-01
4.89503633e-01
8.41294279e-01
4.73483453e-01
-1.65626857e+00
0.00000000e+00
5.63441690e-01
-7.27566187e-01
5.50480944e-01
3.38673418e-01
-1.17852329e+00
2.76555513e-01
-2.98660049e-02
-1.44824333e-01
5.02429345e-01
7.77852079e-01
2.29218700e-01
0.00000000e+00
-8.29264040e-01
6.91893294e-02
-8.88152666e-01
-1.18468724e-01
0.00000000e+00
0.00000000e+00
-9.99719006e-02
1.49760912e+00
-1.47495331e-01
-1.46858251e+00
-7.69683942e-01
0.00000000e+00
0.00000000e+00
7.36865357e-01
-1.37558588e+00
0.00000000e+00
0.00000000e+00
0.00000000e+00
-9.61502246e-01
1.61887607e+00
-5.46052139e-01
-5.07841641e-02
-1.59347406e+00
1.27662905e-01
-1.33571881e+00
-7.90340002e-01
5.24727342e-02
0.00000000e+00
8.06125732e-01
1.98618789e+00
-1.33169055e-01
9.21367764e-01
1.34988059e-01
5.25976166e-01
-4.59327562e-01
-2.80003721e+00
9.80547187e-02
1.02310733e+00
-1.85510922e-01
0.00000000e+00
0.00000000e+00
0.00000000e+00
3.21071976e-02
-1.61585994e-01
-3.95742252e-02
1.62179701e-01
0.00000000e+00
-2.81356399e-01
4.93802315e-01
4.37383511e-01
8.64325058e-02
0.00000000e+00
-1.54027997e-01
2.76856168e-01
-6.12186602e-01
2.99326249e-01
-3.27136149e-01
2.02251992e-02
2.93492159e-01
0.00000000e+00
-5.90111659e-02
-1.91512423e-01
-5.25475224e-01
-4.37016492e-01
9.04496921e-01
6.87758094e-01
-9.11151545e-01
1.42632599e+00
-4.72784310e-01
0.00000000e+00
5.71818494e-03
0.00000000e+00
0.00000000e+00
0.00000000e+00
-4.11628231e-01
1.82076490e-01
-8.19056623e-02
-6.51569342e-01
0.00000000e+00
-1.50433966e-01
-9.00629202e-01
-3.46003525e-01
4.67914879e-01
0.00000000e+00
-8.25094047e-04
5.51721361e-01
5.55690952e-02
1.01837902e-02
9.06831485e-01
-3.09737217e-01
7.98038191e-02
0.00000000e+00
9.09072634e-01
-2.52560908e-01
-8.84587321e-02
5.00916889e-01
-5.29918497e-02
0.00000000e+00
-8.50110659e-01
-4.47886575e-01
1.05133054e+00
0.00000000e+00
0.00000000e+00
3.89175680e-02
-3.96513866e-01
0.00000000e+00
-4.02224084e-01
-3.60872099e-01
0.00000000e+00
0.00000000e+00
247
-6.51313532e-01
-6.51313532e-01
0.00000000e+00
-2.95959508e-02
-6.21717582e-01
-8.33979710e-01
0.00000000e+00
0.00000000e+00
0.00000000e+00
0.00000000e+00
0.00000000e+00
0.00000000e+00
0.00000000e+00
0.00000000e+00
0.00000000e+00
0.00000000e+00
0.00000000e+00
0.00000000e+00
0.00000000e+00
0.00000000e+00
0.00000000e+00
0.00000000e+00
0.00000000e+00
0.00000000e+00
0.00000000e+00
0.00000000e+00
0.00000000e+00
0.00000000e+00
0.00000000e+00
0.00000000e+00
0.00000000e+00
0.00000000e+00
0.00000000e+00
0.00000000e+00
0.00000000e+00
0.00000000e+00
0.00000000e+00
0.00000000e+00
0.00000000e+00
0.00000000e+00
0.00000000e+00
5.21192261e-01
-1.80885568e-03
1.88145118e+00
-3.07020493e-02
-1.33262748e+00
-3.05788920e-03
-1.72132949e+00
2.91800389e-04
0.00000000e+00
0.00000000e+00
0.00000000e+00
0.00000000e+00
0.00000000e+00
0.00000000e+00
0.00000000e+00
1.17538085e-01
1.60646592e-02
9.89077995e-01
2.42190310e+00
3.88879147e+00
0.00000000e+00
0.00000000e+00
0.00000000e+00
0.00000000e+00
0.00000000e+00
0.00000000e+00
-1.53071982e+00
-6.19868676e-01
6.29127033e-02
-5.09872068e-01
4.26898029e-01
-9.02566798e-01
3.56580004e-01
9.22286097e-01
1.55980425e+00
2.43401233e+00
0.00000000e+00
1.64169631e+00
-5.99063452e-01
7.35554925e-01
6.56954748e-02
1.33239498e-01
0.00000000e+00
0.00000000e+00
6.31745244e+00
6.31475996e+00
6.63614765e+00
6.28573594e+00
6.38589064e+00
5.88172219e+00
0.00000000e+00
-4.02180023e-01
-9.66886815e-01
-8.68670582e-01
-1.28806597e+00
-4.31945735e-01
0.00000000e+00
0.00000000e+00
0.00000000e+00
0.00000000e+00
0.00000000e+00
-3.67030471e-01
0.00000000e+00
-7.30596363e-01
0.00000000e+00
0.00000000e+00
7.92828305e-02
0.00000000e+00
0.00000000e+00
-2.27262123e+00
-4.52988739e-01
-1.29359624e+00
-1.54992622e+00
-7.17557547e-01
-1.74658498e+00
0.00000000e+00
0.00000000e+00
0.00000000e+00
1.30030751e+00
4.08228690e-01
3.30401503e-01
2.63494399e+00
-3.09814891e+00
-9.68614709e-01
1.18534394e+00
2.27099100e+00
-1.84219205e+00
0.00000000e+00
1.44223237e+00
-1.49656342e-01
-5.13998873e-01
5.89603519e-01
-2.72346412e+00
6.31385779e-01
-1.01698002e+00
-1.71574312e+00
-6.28499567e-01
1.17274426e-01
-6.67577319e-01
-1.18859387e-01
0.00000000e+00
5.55012772e-01
1.70371156e-02
-3.41467513e-01
0.00000000e+00
0.00000000e+00
0.00000000e+00
-3.64472605e-01
1.01523998e+00
-4.48051932e-01
-1.03460546e+00
3.21358342e-01
-1.47755833e-01
-1.03368826e+00
-8.96607409e-01
1.09663805e+00
0.00000000e+00
-1.78201692e-01
1.28835052e+00
-2.36499502e-01
1.25881872e-01
1.03040215e+00
-4.93057577e-01
1.77674024e-01
0.00000000e+00
1.57378134e-01
1.91211775e-01
-5.48717932e-01
0.00000000e+00
-9.76278992e-02
-2.92089205e-01
-1.07900766e+00
-3.34129352e-01
0.00000000e+00
0.00000000e+00
-1.68929241e+00
-7.44878307e-01
0.00000000e+00
0.00000000e+00
6.03740594e-01
-2.26748377e+00
0.00000000e+00
0.00000000e+00
0.00000000e+00
9.39469399e-01
8.99966532e-01
8.31794981e-01
1.03743532e+00
0.00000000e+00
-7.63414462e-02
8.98219837e-01
1.38040145e+00
0.00000000e+00
0.00000000e+00
2.92008095e+00
1.76787907e+00
2.12964416e-01
1.65017061e+00
5.58185651e-01
1.56054290e+00
9.55918547e-01
0.00000000e+00
1.31903266e+00
1.85724894e+00
-3.66014701e-01
7.73068459e-01
-1.76079293e-01
1.29534383e+00
0.00000000e+00
-5.77329949e-01
0.00000000e+00
0.00000000e+00
0.00000000e+00
8.22000447e-01
0.00000000e+00
1.04005742e-01
9.59718054e-01
0.00000000e+00
1.00652803e+00
7.88525908e-01
-1.45733527e-01
0.00000000e+00
0.00000000e+00
4.81580709e-01
4.32159561e-01
0.00000000e+00
0.00000000e+00
0.00000000e+00
-7.89786589e-02
2.67714605e-01
0.00000000e+00
0.00000000e+00
3.31235252e-01
-1.13908316e+00
2.93227965e-01
9.14386206e-01
0.00000000e+00
-1.90146907e+00
0.00000000e+00
0.00000000e+00
0.00000000e+00
0.00000000e+00
4.21525613e-01
-1.43010024e-01
0.00000000e+00
0.00000000e+00
1 -999999999 6 0 -1
1 0 2 1 -1
-3.7831e-02 8.0720e-01
356
3.74028508e-01
0.00000000e+00
0.00000000e+00
0.00000000e+00
0.00000000e+00
0.00000000e+00
0.00000000e+00
0.00000000e+00
0.00000000e+00
0.00000000e+00
0.00000000e+00
0.00000000e+00
0.00000000e+00
0.00000000e+00
0.00000000e+00
0.00000000e+00
5.27146568e-02
3.21313851e-01
2.75884107e-01
0.00000000e+00
0.00000000e+00
0.00000000e+00
0.00000000e+00
0.00000000e+00
0.00000000e+00
0.00000000e+00
0.00000000e+00
0.00000000e+00
7.54038323e-01
3.95217550e-01
-8.73371766e-01
1.32117654e-02
3.60816743e-01
-5.26990308e-01
-6.51973901e-01
3.83059602e-01
4.72670422e-02
3.48289531e-01
-2.25607102e-01
1.91912542e-01
-2.20678190e-01
0.00000000e+00
0.00000000e+00
0.00000000e+00
0.00000000e+00
0.00000000e+00
0.00000000e+00
0.00000000e+00
0.00000000e+00
0.00000000e+00
0.00000000e+00
-2.58553851e-01
-2.77514584e-01
-6.32198578e-01
0.00000000e+00
0.00000000e+00
0.00000000e+00
0.00000000e+00
-4.66909294e-01
-3.70765152e-01
2.29142566e-01
3.99156814e-01
5.97843186e-01
-3.56755805e-01
4.31435294e-01
-9.92054464e-01
-4.17483244e-01
-9.43328314e-01
3.76301503e-01
-1.07862001e-02
-1.91999708e-01
3.94814884e-01
-5.04776276e-03
-3.07335598e-01
-4.55630128e-01
7.19958214e-04
-2.28783325e-01
5.85422503e-02
-1.79019343e-04
-4.86426444e-01
0.00000000e+00
0.00000000e+00
0.00000000e+00
0.00000000e+00
1.10272129e-01
0.00000000e+00
-3.86180554e-01
-1.24704389e-01
2.08688534e-01
7.72118150e-01
-9.39287006e-02
-1.78382196e-01
-4.53000567e-01
-4.43896317e-01
-1.03805959e+00
-4.33664862e-01
-1.67462705e-01
-1.59516443e-05
-1.24842290e-01
6.06235213e-02
2.07054804e-01
9.96158935e-03
0.00000000e+00
0.00000000e+00
1.64691955e+00
2.09668408e+00
0.00000000e+00
0.00000000e+00
0.00000000e+00
0.00000000e+00
0.00000000e+00
0.00000000e+00
-9.79236720e-01
-7.11977167e-01
-2.07604286e-01
4.03641223e-01
4.90281863e-01
-2.67995956e-01
-1.20982629e+00
8.48892040e-01
1.32913504e+00
9.63486425e-01
-1.99572618e+00
4.54899096e-01
-2.22079535e-01
-3.48756896e-01
3.93463670e-02
-1.49292259e-01
-7.43663521e-01
-6.89069868e-01
2.98368345e+00
2.80354292e+00
3.19379897e+00
2.95552803e+00
3.20903038e+00
3.08720755e+00
3.00025768e-01
9.36344904e-01
9.33888833e-01
5.78502226e-01
-1.90011307e-01
-5.19660879e-01
0.00000000e+00
0.00000000e+00
0.00000000e+00
0.00000000e+00
0.00000000e+00
2.71879377e-01
0.00000000e+00
0.00000000e+00
0.00000000e+00
0.00000000e+00
3.90860135e-01
0.00000000e+00
0.00000000e+00
0.00000000e+00
-1.68316274e-02
0.00000000e+00
0.00000000e+00
-8.35336624e-01
-6.87932013e-01
-5.54020225e-01
-5.84959029e-01
-3.33298727e-01
-1.27289104e+00
0.00000000e+00
0.00000000e+00
0.00000000e+00
8.24451257e-01
1.77286916e+00
-1.28770019e+00
2.02945605e+00
-1.69074568e+00
-6.07036532e-01
4.76930795e-01
6.90950433e-01
-4.21785929e-01
0.00000000e+00
5.77137873e-01
1.15661269e+00
-1.76509072e+00
1.00639485e+00
-9.58420009e-01
3.54506501e-01
-4.45757476e-01
-1.61105071e+00
-1.16074081e+00
-2.13872599e-01
2.14197737e-01
0.00000000e+00
0.00000000e+00
0.00000000e+00
-9.52269152e-02
-7.43911975e-01
3.77885833e-01
-1.18842921e-01
-1.13931184e-01
1.01515699e-01
2.51169853e-01
1.86599159e-01
2.86309360e-02
0.00000000e+00
5.56264777e-02
-1.78774906e-01
-2.25395235e-01
-4.13598219e-02
-4.38694521e-02
9.44422850e-02
6.90289164e-02
6.20087793e-02
2.43271370e-01
3.05330838e-01
-4.07538933e-01
-1.40485109e-01
0.00000000e+00
3.29190394e-02
1.45270090e-01
6.37827054e-01
-1.01105539e-01
-6.77206624e-01
9.32340601e-03
0.00000000e+00
0.00000000e+00
0.00000000e+00
-5.70291806e-02
9.09409731e-01
-2.61970204e-01
1.70009091e-01
1.57532436e-01
1.86148091e-01
4.86825516e-01
-1.59315043e-01
-2.31342407e-02
0.00000000e+00
1.50784157e-01
-2.13712275e-01
4.32245022e-01
-8.93464142e-02
-1.14846619e+00
-4.45618195e-02
-2.18562632e-01
-3.28257433e-01
2.20783937e-01
-1.60059138e-01
-2.67053824e-01
0.00000000e+00
-5.02788531e-01
2.81149785e-02
-8.65352109e-01
-5.47446904e-01
0.00000000e+00
0.00000000e+00
-1.14733645e-01
6.85726263e-01
-6.47652016e-01
-5.85521151e-01
-3.17905205e-01
0.00000000e+00
0.00000000e+00
-2.52071803e-01
-8.87318952e-01
0.00000000e+00
0.00000000e+00
0.00000000e+00
-6.73157709e-02
6.04675447e-01
-7.62521732e-01
1.38282642e-02
-1.79239332e+00
-5.26814765e-01
-1.21815022e+00
-4.68542773e-01
-4.68058436e-01
0.00000000e+00
8.72261653e-01
2.02369491e+00
-2.03953854e-01
1.36301328e+00
7.12209823e-01
1.11846325e-01
5.98163551e-01
-2.47878997e+00
3.64418825e-01
4.35109805e-01
-1.91146791e-02
0.00000000e+00
0.00000000e+00
0.00000000e+00
-1.78024671e-01
-1.62073573e-01
2.02413880e-01
5.07895199e-01
0.00000000e+00
1.24850307e-01
6.83007008e-01
3.42949016e-01
4.43495586e-01
0.00000000e+00
-9.72377164e-02
-3.01126077e-01
-3.71646711e-01
1.05558990e-01
-9.95489100e-01
9.66444322e-02
-2.78385893e-01
5.56571707e-01
-3.32398975e-01
1.99818682e-01
3.05070306e-02
3.02987065e-01
-1.44026837e-01
5.52082449e-02
8.66411687e-01
8.77321442e-01
-9.57672124e-02
-4.78567165e-01
1.04929797e-01
0.00000000e+00
0.00000000e+00
0.00000000e+00
-2.92007692e-01
-2.23122815e-02
-2.72836415e-01
-3.23896444e-01
0.00000000e+00
-2.02162188e-01
-1.03070575e+00
-2.86927894e-01
1.58650936e-01
0.00000000e+00
-7.62675196e-02
6.61240563e-01
3.03171976e-01
-4.91296001e-01
1.55962505e+00
-1.37111915e-01
2.60637218e-01
2.12464086e-01
3.35320932e-01
-2.23109600e-01
-2.72480035e-01
-5.29042625e-01
1.33852797e-01
-4.12906072e-01
-9.17825983e-01
-8.57007291e-01
0.00000000e+00
0.00000000e+00
0.00000000e+00
-9.91658001e-02
0.00000000e+00
0.00000000e+00
-6.08186923e-02
-5.97486458e-01
-1.46122483e-01
-2.07017635e-01
247
-4.61042172e-02
0.00000000e+00
0.00000000e+00
0.00000000e+00
0.00000000e+00
0.00000000e+00
0.00000000e+00
0.00000000e+00
0.00000000e+00
0.00000000e+00
0.00000000e+00
0.00000000e+00
0.00000000e+00
0.00000000e+00
-6.78652348e-02
2.17610175e-02
-1.11787024e-01
4.39217891e-02
0.00000000e+00
0.00000000e+00
0.00000000e+00
0.00000000e+00
0.00000000e+00
0.00000000e+00
0.00000000e+00
0.00000000e+00
0.00000000e+00
1.05349106e-02
0.00000000e+00
9.49940005e-01
-9.39405095e-01
0.00000000e+00
-2.40494143e-01
-2.85814564e-01
0.00000000e+00
0.00000000e+00
0.00000000e+00
0.00000000e+00
0.00000000e+00
0.00000000e+00
0.00000000e+00
-9.85462222e-02
1.25454474e-02
1.36870242e-01
3.38747450e-03
-1.37442293e-01
3.28720337e-03
5.30140562e-02
2.97871026e-04
0.00000000e+00
0.00000000e+00
0.00000000e+00
0.00000000e+00
2.96887808e-01
2.90894208e-01
6.94548842e-01
-3.32781812e-01
-3.07024452e-01
-6.62949553e-01
1.47632696e+00
2.02602033e+00
0.00000000e+00
0.00000000e+00
0.00000000e+00
0.00000000e+00
0.00000000e+00
0.00000000e+00
-4.40972128e-01
-2.46441909e-01
-1.64920656e-01
2.74446023e-01
1.42804347e-01
-1.08734686e+00
-1.21102524e+00
3.42087037e-01
3.44617509e-01
9.20997914e-01
-4.50812867e-01
5.46537459e-01
-1.76515445e-01
-2.34960067e-01
-2.98126049e-01
-2.44636477e-01
-1.32930615e+00
-2.80982172e-01
2.13922406e+00
2.63422666e+00
2.62713541e+00
3.02393135e+00
3.56008991e+00
3.52334311e+00
0.00000000e+00
6.64268612e-01
6.98472908e-01
4.36808835e-01
-6.94571220e-01
-4.13234019e-02
0.00000000e+00
5.81311697e-01
0.00000000e+00
0.00000000e+00
0.00000000e+00
1.15915342e-01
0.00000000e+00
4.92401808e-01
0.00000000e+00
0.00000000e+00
-5.38506025e-01
0.00000000e+00
0.00000000e+00
-1.11411575e+00
-6.56598287e-01
-5.84823508e-01
-7.86133453e-01
-1.71875346e-01
-1.24142180e+00
0.00000000e+00
0.00000000e+00
0.00000000e+00
1.61518937e-01
8.03653551e-01
7.68923983e-02
1.31506039e+00
-5.79793148e-01
-3.85784174e-01
2.76309254e-01
5.53070374e-01
-5.45662133e-01
0.00000000e+00
8.12195365e-01
7.06236811e-01
-2.14825621e+00
4.31765921e-01
-2.16882034e-01
1.21289599e-01
-2.27137988e-03
-1.49276225e+00
-1.09801020e+00
-2.99928712e-02
-4.12535205e-01
9.02509306e-02
0.00000000e+00
2.93434392e-01
3.57695815e-01
-3.75160021e-01
0.00000000e+00
0.00000000e+00
0.00000000e+00
2.48048226e-01
1.21877694e-01
-2.39058706e-01
-5.19962493e-01
-6.35778328e-01
1.27469155e-01
-1.79202492e-01
-4.98032668e-01
-1.30692689e-01
0.00000000e+00
1.76885197e-02
2.80227563e-01
1.58747121e-02
1.26762706e-01
7.32835556e-01
1.52187209e-02
1.40362636e-01
-3.22929341e-02
4.47179559e-02
-1.12231562e-02
-5.02786135e-01
0.00000000e+00
-2.33256034e-02
8.98071118e-02
-8.28886591e-01
-7.46849218e-01
0.00000000e+00
0.00000000e+00
6.17739240e-01
-8.20373729e-02
0.00000000e+00
0.00000000e+00
9.01019389e-01
-9.58008799e-01
0.00000000e+00
0.00000000e+00
0.00000000e+00
-7.89923170e-01
1.40107948e+00
-1.47297264e-01
1.78087720e-01
-1.20692757e+00
2.95572143e-01
-1.26271275e+00
1.20474489e-01
1.96663310e-01
0.00000000e+00
7.37529308e-01
1.79691742e+00
-7.18006062e-01
4.91405882e-01
-1.20905509e-01
2.80753107e-01
-6.38730561e-01
-1.18269560e+00
-6.48461106e-01
2.59167929e-01
4.10982164e-01
4.05753550e-01
-7.12539319e-02
-1.38014291e-01
-3.72494584e-01
-2.01442098e-01
0.00000000e+00
0.00000000e+00
0.00000000e+00
4.72583279e-01
0.00000000e+00
-1.38094813e-01
4.00369995e-01
0.00000000e+00
5.35933345e-02
3.12269203e-01
-1.02236457e-02
6.05841311e-03
0.00000000e+00
-1.76246944e-01
-3.68298013e-02
0.00000000e+00
0.00000000e+00
-2.09650072e-01
5.89373880e-02
2.84873967e-01
0.00000000e+00
0.00000000e+00
1.73106092e-01
5.22861401e-03
-9.87905919e-01
-4.40714636e-01
1.39386888e-02
-1.36899096e+00
0.00000000e+00
0.00000000e+00
0.00000000e+00
0.00000000e+00
-1.77103960e-01
-4.89236045e-01
8.03387773e-02
1.94874162e-01
3 1
-1.5091e-03 3.3870e-01
2 0
0 1 
217
-2.01129017e-01
-4.36882964e-02
6.16456121e-02
-1.75291157e-02
-3.66453796e-01
4.06776366e-02
-1.84052666e-01
1.15521018e-01
2.19909782e-01
-4.54506485e-01
1.42581379e-01
-1.97852735e-01
-1.31137149e-02
3.80999638e-01
1.75308746e-02
7.54911229e-03
2.38622652e-01
2.03317899e-01
-1.20924234e-02
2.74030180e-01
2.65123093e-02
2.70999632e-03
-1.82325659e-02
-4.48490099e-01
-6.67091875e-03
2.14749798e-02
0.00000000e+00
0.00000000e+00
0.00000000e+00
0.00000000e+00
0.00000000e+00
0.00000000e+00
6.45314704e-01
-2.52521933e-01
2.03933111e-01
-5.41326990e-01
0.00000000e+00
-2.52499248e-01
7.80717070e-02
0.00000000e+00
0.00000000e+00
0.00000000e+00
0.00000000e+00
0.00000000e+00
0.00000000e+00
-8.66520083e-02
-1.65847240e-01
7.80717070e-02
0.00000000e+00
0.00000000e+00
0.00000000e+00
0.00000000e+00
0.00000000e+00
0.00000000e+00
0.00000000e+00
0.00000000e+00
0.00000000e+00
0.00000000e+00
0.00000000e+00
0.00000000e+00
7.80717070e-02
-1.65847240e-01
-8.66520083e-02
0.00000000e+00
-1.62986998e-01
1.06317095e-01
2.27884812e-02
-5.25147055e-02
-3.13687825e-02
-1.43469087e-01
9.53320590e-02
-2.08685543e-01
-2.74052535e-01
7.60082306e-02
2.16431987e-01
-1.63783763e-01
3.97535247e-01
0.00000000e+00
0.00000000e+00
0.00000000e+00
0.00000000e+00
0.00000000e+00
0.00000000e+00
0.00000000e+00
0.00000000e+00
0.00000000e+00
0.00000000e+00
0.00000000e+00
0.00000000e+00
0.00000000e+00
0.00000000e+00
0.00000000e+00
0.00000000e+00
0.00000000e+00
0.00000000e+00
0.00000000e+00
0.00000000e+00
0.00000000e+00
0.00000000e+00
0.00000000e+00
0.00000000e+00
0.00000000e+00
0.00000000e+00
0.00000000e+00
0.00000000e+00
0.00000000e+00
0.00000000e+00
0.00000000e+00
0.00000000e+00
0.00000000e+00
0.00000000e+00
0.00000000e+00
0.00000000e+00
0.00000000e+00
0.00000000e+00
0.00000000e+00
0.00000000e+00
0.00000000e+00
0.00000000e+00
-3.53992706e-01
-6.06336012e-01
-6.44092303e-01
0.00000000e+00
0.00000000e+00
0.00000000e+00
4.10625810e-01
3.37929374e-01
-5.81002118e-01
1.04319770e+00
-1.15387169e+00
-3.83295172e-01
2.50758784e-02
8.95275953e-01
-4.27852554e-01
0.00000000e+00
-7.74540829e-02
7.19428935e-01
-5.46914248e-01
2.06021647e-01
-2.62945540e-01
2.09093632e-01
-2.46509567e-01
-3.64004678e-01
-2.38211816e-01
-2.08679766e-01
-1.65961605e-01
0.00000000e+00
0.00000000e+00
0.00000000e+00
-2.92661105e-01
-1.57513377e-01
9.78776746e-02
-7.11074108e-02
1.11331693e-01
-7.65241926e-02
6.16113005e-02
8.92015364e-03
-9.54783737e-02
0.00000000e+00
1.03660350e-01
2.71391148e-01
-6.03800198e-01
3.91618318e-01
2.08463994e-01
1.76446369e-01
-2.37541953e-01
-3.82843690e-01
9.46420176e-02
2.25545676e-01
-1.21210569e-01
0.00000000e+00
0.00000000e+00
0.00000000e+00
5.97906178e-02
2.33505679e-01
-3.01880583e-01
-2.74425538e-01
-7.46385836e-01
2.02146390e-01
-1.90334251e+00
3.48206447e-01
-5.49086043e-01
0.00000000e+00
2.08364286e-01
1.38915633e+00
-4.46880799e-01
6.41379806e-01
-6.90062400e-01
6.61989562e-01
1.50097173e+00
-8.74976789e-01
4.94698245e-02
3.70849250e-01
-3.10796999e-01
0.00000000e+00
0.00000000e+00
0.00000000e+00
2.05077662e-02
-2.82907803e-01
-6.82666918e-02
2.30260109e-01
-7.05823570e-01
2.20006113e-02
7.70683616e-01
-6.65826316e-02
5.58228991e-01
0.00000000e+00
1.19968409e-01
-3.56769611e-01
-6.08364211e-01
1.25929658e-01
3.26964986e-03
9.52252876e-02
-3.97873050e-01
-2.83457437e-01
2.43850901e-01
2.69323006e-01
136
8.30176619e-01
4.96805624e-01
2.39431891e-02
4.55533066e-01
-6.99035750e-03
-5.65361346e-01
1.15935705e-02
4.43199275e-01
-2.50675508e-03
0.00000000e+00
0.00000000e+00
0.00000000e+00
0.00000000e+00
-5.32251037e-01
5.02319792e-01
3.78080461e-01
1.52172300e-02
1.23002226e-01
3.43807948e-01
-9.36770073e-01
4.07789284e-01
1.35915741e+00
0.00000000e+00
0.00000000e+00
0.00000000e+00
0.00000000e+00
0.00000000e+00
-9.36770073e-01
-2.88064635e-02
4.36595748e-01
1.35915741e+00
0.00000000e+00
0.00000000e+00
0.00000000e+00
0.00000000e+00
0.00000000e+00
0.00000000e+00
0.00000000e+00
0.00000000e+00
0.00000000e+00
0.00000000e+00
0.00000000e+00
0.00000000e+00
0.00000000e+00
0.00000000e+00
0.00000000e+00
0.00000000e+00
9.09152080e-01
-1.45580204e-01
-1.32079969e-01
-7.36178277e-01
-3.23800276e-01
-6.41776261e-01
-5.04870188e-01
-6.33291995e-01
-6.59346884e-01
0.00000000e+00
0.00000000e+00
0.00000000e+00
0.00000000e+00
1.35915741e+00
4.36595748e-01
-2.88064635e-02
0.00000000e+00
0.00000000e+00
0.00000000e+00
0.00000000e+00
0.00000000e+00
0.00000000e+00
0.00000000e+00
0.00000000e+00
0.00000000e+00
0.00000000e+00
0.00000000e+00
0.00000000e+00
0.00000000e+00
0.00000000e+00
0.00000000e+00
0.00000000e+00
0.00000000e+00
0.00000000e+00
0.00000000e+00
0.00000000e+00
0.00000000e+00
0.00000000e+00
0.00000000e+00
3.16285106e-01
1.14149182e-01
-7.31319368e-01
0.00000000e+00
0.00000000e+00
0.00000000e+00
-7.41451901e-02
3.99687657e-01
-3.30383838e-01
1.14407022e+00
-1.55135694e+00
-1.85952701e-01
4.43383966e-01
4.77265221e-01
-2.38575632e-02
0.00000000e+00
1.20312335e-01
1.26383975e+00
-1.82920719e+00
6.95103971e-01
6.27796812e-01
-6.66807494e-02
-1.84332274e-01
-1.03809422e+00
-4.20478793e-01
-1.98289845e-01
-5.11645646e-01
0.00000000e+00
0.00000000e+00
0.00000000e+00
2.84668416e-01
7.89743164e-01
-4.11048829e-01
3.73571954e-01
-1.81543357e+00
-6.06041005e-01
-1.55997384e+00
-9.14082178e-02
-1.15539138e+00
0.00000000e+00
1.00709891e+00
1.62361119e+00
-2.62260404e-01
1.00038757e+00
-3.70407238e-01
9.06118239e-01
-2.80589094e-01
-1.09862207e+00
9.45913439e-02
1.05973922e+00
2 1
-5.0922e-01 4.4647e-01
3 1
0 1 3 
217
-8.80333369e-02
-2.93516384e-01
3.40315618e-02
-1.55145094e-01
-1.66861072e-01
-1.51350876e-01
-2.00769677e-01
3.03566193e-01
4.53215919e-02
3.07660560e-01
3.15355204e-01
-5.47833335e-01
-8.10793836e-02
-6.37660160e-02
-4.18606858e-03
-1.24962014e-04
1.41216090e-01
1.46748240e-01
-3.23856636e-03
9.45441165e-02
1.13760589e-01
3.40985223e-04
-4.70976885e-02
-3.44356098e-01
-3.64848889e-04
1.71235594e-01
0.00000000e+00
0.00000000e+00
0.00000000e+00
0.00000000e+00
0.00000000e+00
0.00000000e+00
-1.36403286e-01
-6.40681773e-01
-2.33505102e-01
8.82340330e-01
-3.75347430e-02
-2.39439253e-01
-1.55075182e-01
3.44015842e-01
0.00000000e+00
0.00000000e+00
0.00000000e+00
0.00000000e+00
-3.75347430e-02
-3.21889381e-01
6.98994876e-02
2.45031983e-01
0.00000000e+00
-2.26315183e-01
-1.73791982e-01
3.44015842e-01
0.00000000e+00
0.00000000e+00
0.00000000e+00
0.00000000e+00
0.00000000e+00
0.00000000e+00
0.00000000e+00
0.00000000e+00
4.15255843e-01
6.98994876e-02
-5.35653924e-01
2.38667918e-01
-3.67544516e-01
4.35659279e-01
4.75771125e-02
1.26285261e-01
-6.73385169e-03
-1.81889863e-01
-1.29858486e-01
-4.43330181e-01
-9.61667605e-01
4.14284784e-01
2.85582828e-01
7.08705464e-02
4.18623643e-01
-1.01168869e-01
5.66762158e-02
-2.87531994e-02
2.14286038e-02
-3.87996932e-01
-6.49692878e-02
1.75793981e-01
0.00000000e+00
0.00000000e+00
0.00000000e+00
0.00000000e+00
0.00000000e+00
0.00000000e+00
0.00000000e+00
0.00000000e+00
0.00000000e+00
0.00000000e+00
0.00000000e+00
0.00000000e+00
0.00000000e+00
0.00000000e+00
0.00000000e+00
0.00000000e+00
0.00000000e+00
0.00000000e+00
0.00000000e+00
0.00000000e+00
0.00000000e+00
0.00000000e+00
0.00000000e+00
0.00000000e+00
0.00000000e+00
0.00000000e+00
0.00000000e+00
0.00000000e+00
0.00000000e+00
0.00000000e+00
0.00000000e+00
0.00000000e+00
0.00000000e+00
0.00000000e+00
0.00000000e+00
-5.45821420e-01
-4.88966438e-01
-5.40195591e-01
0.00000000e+00
0.00000000e+00
0.00000000e+00
3.00394783e-01
-2.26696203e-02
-1.26144312e-01
3.21798623e-01
-4.99950290e-01
-2.93392597e-02
1.22489306e-01
3.52470891e-01
-3.07823719e-01
0.00000000e+00
2.01811767e-01
9.18553338e-02
-4.00524705e-01
3.34383034e-01
-2.12305426e-01
1.61963126e-01
-1.57691367e-01
-1.76723560e-01
-4.13142063e-01
-8.10481327e-02
-2.42822105e-01
0.00000000e+00
0.00000000e+00
0.00000000e+00
-1.89376615e-01
-1.90504261e-01
-1.11527146e-02
-1.05635992e-01
-2.51283325e-01
-1.90123216e-01
1.20827376e-01
-2.24800300e-02
2.72108873e-01
0.00000000e+00
1.58307362e-01
-3.60180501e-01
-7.84446057e-01
2.99908750e-01
2.29693791e-01
1.47723427e-01
7.13807841e-02
5.11933498e-02
2.42115698e-01
2.69101195e-01
-4.03078838e-01
0.00000000e+00
0.00000000e+00
0.00000000e+00
-8.21035790e-02
-1.71975344e-01
-1.14110267e-01
-1.01396682e-02
-5.48534910e-01
-1.27723504e-03
1.40709966e-01
2.79160843e-01
-6.56200749e-02
0.00000000e+00
3.66193364e-01
1.54296777e-01
-1.06795287e-01
6.41108569e-01
-7.33653949e-01
-1.94407041e-01
1.46167862e-01
-5.72511692e-01
-1.00566160e-01
5.70978989e-01
-1.76716818e-01
0.00000000e+00
0.00000000e+00
0.00000000e+00
1.00285323e-01
-1.63676421e-01
-6.78920639e-02
-1.68637576e-02
-5.07078621e-01
3.40453857e-02
-1.43972509e-01
2.68919564e-02
1.27543202e-01
0.00000000e+00
1.04113270e-01
2.32496047e-01
-3.69924845e-01
2.53019025e-01
3.59610645e-01
3.89706216e-01
1.30782061e-02
-8.54748345e-01
2.64999547e-01
4.16509198e-02
136
4.96150646e-01
1.06159114e-01
1.70428814e-02
2.00715384e-01
1.59504624e-03
1.48106776e-01
4.52648725e-04
4.11693710e-02
6.87619893e-04
0.00000000e+00
0.00000000e+00
0.00000000e+00
0.00000000e+00
1.19523910e-02
1.52852199e-01
3.77677803e-01
-2.85639707e-01
-4.63026099e-02
2.85610570e-01
0.00000000e+00
1.67026890e-01
8.03514125e-02
2.58047081e-01
0.00000000e+00
0.00000000e+00
0.00000000e+00
0.00000000e+00
0.00000000e+00
-1.78361953e-01
3.45388843e-01
7.04165631e-01
0.00000000e+00
-2.70102259e-01
-3.53711959e-01
2.58047081e-01
0.00000000e+00
0.00000000e+00
0.00000000e+00
0.00000000e+00
0.00000000e+00
0.00000000e+00
0.00000000e+00
0.00000000e+00
0.00000000e+00
0.00000000e+00
0.00000000e+00
4.16534868e-01
-4.34132722e-01
6.10782100e-02
2.75063824e-02
-5.97899201e-01
-7.53059925e-02
-3.82432957e-01
-1.67867584e-01
-1.86997680e-01
-4.46213875e-01
6.00669550e-01
2.61248233e-01
-5.62519946e-02
1.81842781e-01
2.99690246e-01
3.45388843e-01
-4.48464212e-01
0.00000000e+00
0.00000000e+00
0.00000000e+00
0.00000000e+00
0.00000000e+00
0.00000000e+00
0.00000000e+00
0.00000000e+00
0.00000000e+00
0.00000000e+00
0.00000000e+00
0.00000000e+00
0.00000000e+00
0.00000000e+00
0.00000000e+00
0.00000000e+00
0.00000000e+00
0.00000000e+00
0.00000000e+00
0.00000000e+00
0.00000000e+00
0.00000000e+00
0.00000000e+00
2.72344942e-01
-3.52753069e-01
-7.43089011e-01
0.00000000e+00
0.00000000e+00
0.00000000e+00
7.76337215e-02
4.79993409e-01
-1.66916239e-01
1.28472106e+00
-1.33608950e+00
-2.57375445e-01
1.84752333e-01
6.60163844e-01
-1.91162719e-01
0.00000000e+00
1.21347903e-01
1.49757575e+00
-1.60083635e+00
6.19828175e-01
4.02655537e-01
1.05366299e-01
-9.57600172e-02
-1.89813557e+00
-5.46972910e-01
-8.38782866e-02
-6.72165648e-01
0.00000000e+00
0.00000000e+00
0.00000000e+00
5.03785423e-01
6.48094269e-01
-4.17619909e-01
1.03938498e-01
-2.11491566e+00
-2.64695610e-01
-1.09592429e+00
1.70238487e-01
-5.17139666e-01
0.00000000e+00
8.09571999e-01
1.31365560e+00
-4.77174656e-01
8.27730322e-01
-6.35277953e-01
9.48814945e-01
1.51065327e-01
-1.45846589e+00
-2.45873622e-01
1.07802674e+00
4 1
-4.9387e-01 4.4310e-01
4 1
0 1 3 2 
217
-1.78642494e-01
-5.72269253e-01
3.48371783e-01
-1.89579490e-01
5.85386672e-02
4.11226046e-02
-4.32539022e-01
3.15881362e-01
-1.27079008e-01
5.76469920e-02
2.34265745e-01
-3.75825601e-01
8.81711239e-02
-9.55167340e-02
1.40974487e-01
-1.77233591e-03
1.93547280e-01
7.13800668e-02
-6.15580349e-04
6.96726413e-02
-2.08587577e-01
3.58071395e-03
5.13443332e-02
-1.82409471e-01
4.73196708e-04
-2.47093718e-03
0.00000000e+00
0.00000000e+00
0.00000000e+00
0.00000000e+00
1.70366113e-01
0.00000000e+00
-4.47586979e-01
-5.84293661e-01
-7.85566298e-02
8.28322410e-01
0.00000000e+00
-2.06760248e-01
-5.79432118e-01
4.22676889e-03
6.03323104e-01
0.00000000e+00
0.00000000e+00
0.00000000e+00
0.00000000e+00
-1.30812113e-01
-6.94027549e-02
3.75333020e-01
0.00000000e+00
5.23125394e-02
-3.79177418e-01
-7.25126849e-02
0.00000000e+00
-7.69003452e-01
1.41103192e-01
4.18697106e-01
0.00000000e+00
4.17360095e-02
-3.83693662e-01
6.03323104e-01
-1.65297977e-01
6.51550568e-02
-7.84995734e-02
-1.43386086e-01
-5.54329936e-01
1.01498167e-01
2.53088820e-01
-4.88455214e-02
2.65984709e-01
-2.47236545e-01
-3.40918843e-02
-7.78220513e-01
-3.81570091e-01
5.18046044e-01
-1.80417386e-02
1.15623860e-01
6.92480511e-02
6.98078738e-02
-1.10438256e-01
-3.54744047e-01
1.21911087e-02
-2.92865071e-01
-1.50203220e-01
1.18346389e-01
0.00000000e+00
-2.24259410e-01
2.24636994e-01
-7.75985807e-02
4.17223823e-02
1.23215497e-01
-5.13728691e-02
0.00000000e+00
0.00000000e+00
0.00000000e+00
0.00000000e+00
0.00000000e+00
0.00000000e+00
0.00000000e+00
0.00000000e+00
0.00000000e+00
0.00000000e+00
0.00000000e+00
0.00000000e+00
0.00000000e+00
0.00000000e+00
0.00000000e+00
0.00000000e+00
0.00000000e+00
0.00000000e+00
0.00000000e+00
0.00000000e+00
0.00000000e+00
0.00000000e+00
0.00000000e+00
0.00000000e+00
0.00000000e+00
0.00000000e+00
0.00000000e+00
0.00000000e+00
-4.97416656e-01
-7.61740396e-01
-2.32096153e-01
0.00000000e+00
0.00000000e+00
0.00000000e+00
-3.99203056e-01
-1.38274099e-01
-7.19237220e-02
8.54060790e-01
-8.01607542e-01
-5.16824380e-01
2.94442567e-01
2.28112957e-01
6.11770772e-02
0.00000000e+00
8.31121139e-02
2.05036784e-01
-4.49972725e-01
4.82145966e-01
4.00668882e-01
-2.00278391e-01
8.07178570e-02
-2.97753663e-01
-1.16029044e-01
7.02954751e-02
-2.56058741e-01
0.00000000e+00
0.00000000e+00
0.00000000e+00
1.66846628e-01
-7.72033196e-02
-1.36288033e-01
3.18405289e-01
-3.12670963e-01
1.68710532e-01
6.52355069e-02
1.96323661e-01
-1.00449647e-01
0.00000000e+00
4.81913203e-02
2.01504941e-01
-7.83301156e-01
-5.75064260e-02
-5.67277154e-02
3.59620321e-01
1.27169735e-01
-4.67044686e-01
1.05757512e-01
-2.26322417e-02
-3.19180262e-01
0.00000000e+00
0.00000000e+00
0.00000000e+00
1.96550320e-02
-1.32056307e-01
-3.68632173e-01
1.33558216e-02
-4.96343638e-01
-1.17344474e-01
-5.09632445e-01
2.00294712e-01
6.69807150e-02
0.00000000e+00
-3.11749710e-01
5.42626714e-01
-2.76715636e-01
1.65084474e-01
-7.89998159e-02
7.52291172e-01
5.54393710e-02
-5.40103122e-01
2.77344287e-01
4.19324759e-01
-2.85668349e-01
0.00000000e+00
0.00000000e+00
0.00000000e+00
1.50220416e-01
-2.09467219e-01
-1.18014473e-01
-7.05081085e-03
-8.73779308e-01
3.94448590e-02
-2.53515742e-01
1.06701423e-01
-3.35680156e-01
0.00000000e+00
4.28219343e-01
3.88406838e-01
-1.65960093e-01
5.01355754e-01
9.81551478e-02
1.99914620e-01
2.24405088e-01
-9.46216766e-01
2.40929552e-01
2.46263176e-01
136
3.25787904e-02
5.37742284e-01
-1.06178478e-02
3.51056839e-02
-1.75582801e-03
-2.59979031e-01
-3.10458286e-04
-2.80290147e-01
5.49485599e-04
0.00000000e+00
0.00000000e+00
0.00000000e+00
0.00000000e+00
7.30440208e-03
5.96163510e-02
2.93951425e-01
-3.50348716e-01
-1.47059798e-01
1.69115127e-01
0.00000000e+00
-2.11149029e-01
-2.78586632e-01
-5.86576677e-02
5.81417936e-01
0.00000000e+00
0.00000000e+00
0.00000000e+00
0.00000000e+00
-3.83667526e-01
2.61815669e-02
1.33812283e-01
0.00000000e+00
3.13007704e-01
-5.22812429e-01
2.30419008e-01
1.46336931e-01
-2.60095273e-01
7.03186555e-02
4.18429627e-01
0.00000000e+00
-6.21946821e-01
-8.55594816e-02
5.81417936e-01
0.00000000e+00
0.00000000e+00
0.00000000e+00
2.93757900e-01
-6.72556047e-01
-6.02639511e-02
-9.00030844e-02
1.85825000e-02
-7.28407015e-01
-9.12213606e-02
3.75458940e-01
1.24002530e-01
-5.84795073e-01
2.65815861e-01
-1.14945413e-01
-2.95406710e-01
1.31144577e-02
-8.58421538e-02
-8.35557004e-01
8.04229125e-01
5.90809175e-02
3.22059547e-01
-4.49384679e-01
0.00000000e+00
0.00000000e+00
0.00000000e+00
0.00000000e+00
0.00000000e+00
0.00000000e+00
0.00000000e+00
0.00000000e+00
0.00000000e+00
0.00000000e+00
0.00000000e+00
0.00000000e+00
0.00000000e+00
0.00000000e+00
0.00000000e+00
0.00000000e+00
0.00000000e+00
0.00000000e+00
0.00000000e+00
0.00000000e+00
2.61498959e-01
-1.13649655e-01
-7.53492937e-01
0.00000000e+00
0.00000000e+00
0.00000000e+00
8.33996256e-02
5.17015896e-01
-1.75639402e-01
1.06089064e+00
-1.31919158e+00
-4.73655413e-01
9.23944915e-02
6.58079606e-01
-9.60189925e-02
0.00000000e+00
1.95174520e-01
1.44674264e+00
-1.71388712e+00
6.94777969e-01
3.73451287e-01
-5.90284841e-02
-4.38754832e-01
-1.23352156e+00
-4.25999393e-01
6.02771600e-02
-5.44001551e-01
0.00000000e+00
0.00000000e+00
0.00000000e+00
3.54619666e-01
6.53719310e-01
-4.19311183e-01
5.55909255e-02
-1.94541972e+00
-3.84297887e-01
-8.35028493e-01
2.38598093e-01
-4.18779461e-01
0.00000000e+00
7.53050242e-01
1.30338755e+00
-5.41665464e-01
6.21012536e-01
-5.34335433e-01
8.80947988e-01
2.12451725e-01
-1.12792688e+00
-3.50998962e-01
9.40383891e-01
10 2
-5.7043e-01 4.5851e-01
5 -1
0 1 3 2 4 
217
-8.19922359e-01
2.09491986e-01
2.70471588e-01
-1.46413045e-01
-5.03340900e-01
-4.28796752e-01
-4.16579477e-01
-3.80409411e-01
-3.25768893e-01
-1.00776895e-01
-2.48084845e-01
3.09579238e-01
6.73851755e-01
1.53142398e-01
0.00000000e+00
0.00000000e+00
0.00000000e+00
0.00000000e+00
0.00000000e+00
0.00000000e+00
0.00000000e+00
0.00000000e+00
0.00000000e+00
-8.79045069e-01
3.94541405e-03
3.47936398e-01
0.00000000e+00
0.00000000e+00
0.00000000e+00
0.00000000e+00
0.00000000e+00
0.00000000e+00
0.00000000e+00
1.11793935e-01
4.13785885e-01
1.31172111e+00
0.00000000e+00
-4.93362001e-01
-6.76368521e-02
-4.41678304e-01
-2.82196371e-01
4.64951169e-01
0.00000000e+00
0.00000000e+00
0.00000000e+00
-6.90201421e-02
-2.67045324e-01
-1.62292731e-01
0.00000000e+00
-8.65464194e-02
-5.48998473e-01
-2.86747574e-03
0.00000000e+00
-4.43269521e-01
-4.76533304e-01
7.11035305e-01
0.00000000e+00
9.57094939e-02
-1.14820559e-01
1.09730190e-01
-3.14226094e-01
-3.08582027e-01
-1.97114237e-01
-3.44371751e-01
-6.28029308e-01
-1.83639498e-02
-1.89634342e-01
-1.27566999e-01
3.42113041e-01
1.38282733e-01
7.85569896e-01
-8.53699884e-01
0.00000000e+00
2.51794904e-02
1.20110539e-01
-7.76971861e-01
-6.24208337e-01
3.38291995e-02
-3.05958316e-01
0.00000000e+00
-3.28124666e-01
7.26991007e-03
-2.19668577e-01
2.52078355e-01
-8.80072573e-01
-2.56697991e-01
-1.99559206e-02
6.83568958e-02
1.61107999e-02
2.48491310e-01
4.51601665e-02
-8.24381630e-01
-6.80991794e-02
-8.29354986e-01
-1.38364949e-02
1.31285914e-02
8.63949447e-02
7.33672083e-02
0.00000000e+00
0.00000000e+00
0.00000000e+00
0.00000000e+00
0.00000000e+00
0.00000000e+00
0.00000000e+00
0.00000000e+00
0.00000000e+00
0.00000000e+00
0.00000000e+00
0.00000000e+00
0.00000000e+00
0.00000000e+00
0.00000000e+00
0.00000000e+00
0.00000000e+00
0.00000000e+00
0.00000000e+00
0.00000000e+00
0.00000000e+00
-7.61910048e-01
-1.22934219e-01
-8.22690993e-01
0.00000000e+00
0.00000000e+00
0.00000000e+00
-3.78569627e-01
1.05581831e+00
-7.78966182e-01
5.66499918e-01
-1.14960555e+00
-5.68954148e-01
-2.65821733e-01
4.49454043e-01
-8.02847291e-01
0.00000000e+00
6.81268397e-01
1.82638633e+00
-5.60669415e-01
4.64789893e-01
-3.56946626e-01
-1.37045549e-01
-2.75307584e-01
-9.62989303e-01
3.06287699e-02
3.40186361e-01
-1.49665717e-01
0.00000000e+00
0.00000000e+00
0.00000000e+00
-7.63847872e-02
-2.39567317e-01
2.84491055e-01
6.33006349e-01
-3.97792878e-01
4.44616587e-02
3.25595124e-01
6.75680475e-02
5.24518863e-01
0.00000000e+00
-2.16008084e-01
-4.39902137e-01
-9.16358189e-01
9.83745100e-02
3.37539576e-01
1.30332148e-02
7.76288629e-02
3.81721264e-02
-1.88376575e-01
-1.19665137e-01
-6.40433324e-01
0.00000000e+00
0.00000000e+00
0.00000000e+00
4.63655833e-01
4.43535062e-02
2.49555824e-01
1.06749738e-01
-8.14353096e-01
-7.76619186e-02
-7.47145305e-02
4.45944279e-01
-2.96146998e-01
0.00000000e+00
6.56097146e-01
1.15197773e-02
1.43885866e-02
4.79399146e-01
1.73501401e-02
1.01269415e+00
9.83873298e-01
0.00000000e+00
4.16668970e-01
5.49025044e-01
-7.50993991e-01
0.00000000e+00
0.00000000e+00
0.00000000e+00
7.59621865e-01
2.52336952e-01
4.17404412e-03
7.54646107e-01
-7.48082972e-02
2.68854094e-01
2.13162246e-01
8.36931583e-01
-4.81651866e-03
0.00000000e+00
7.59584928e-01
8.66867113e-01
2.14289512e-01
1.06635394e+00
5.62097109e-01
8.50446811e-01
3.15194050e-01
0.00000000e+00
5.26586599e-01
9.54495655e-01
136
4.74114222e-01
0.00000000e+00
0.00000000e+00
3.25734935e-01
1.10568122e-02
3.93561030e-01
-5.91593249e-03
-3.39439459e-01
2.18143720e-03
0.00000000e+00
0.00000000e+00
0.00000000e+00
0.00000000e+00
-2.03101014e-01
5.68214895e-01
4.66536547e-01
-3.23680254e-01
-1.57217400e-01
2.27851868e-01
0.00000000e+00
-6.92900724e-02
-4.60377496e-03
-1.04742592e-01
8.89669365e-02
5.67533395e-01
0.00000000e+00
0.00000000e+00
0.00000000e+00
2.27091686e-01
-4.77984075e-02
5.40970501e-01
0.00000000e+00
-6.14483081e-02
-5.19533040e-01
2.34432331e-01
-5.71737149e-02
-6.21022741e-01
-3.08346297e-01
9.74241922e-01
0.00000000e+00
-9.36298865e-01
-2.07938696e-01
1.16708856e+00
0.00000000e+00
0.00000000e+00
0.00000000e+00
-2.75992641e-02
-1.02334160e+00
-4.80251461e-02
-1.11606003e-01
-1.22138211e-01
-5.07939685e-01
-8.51062969e-01
8.99789033e-02
-9.06245690e-02
-5.46783913e-01
5.20065396e-01
1.84147882e-01
-6.85109868e-02
1.62767683e-01
-5.83423949e-02
1.47994531e-01
1.88762421e-01
-1.82529629e-02
1.99125767e-01
-2.68196401e-01
5.22917685e-01
3.82609252e-01
3.20206181e-02
1.13385688e-01
-1.45309842e-01
0.00000000e+00
0.00000000e+00
0.00000000e+00
0.00000000e+00
0.00000000e+00
0.00000000e+00
0.00000000e+00
0.00000000e+00
0.00000000e+00
0.00000000e+00
0.00000000e+00
0.00000000e+00
0.00000000e+00
0.00000000e+00
0.00000000e+00
2.05813425e-01
-2.47147027e-01
-7.67400532e-01
0.00000000e+00
0.00000000e+00
0.00000000e+00
4.71543036e-02
3.97202176e-01
-2.23423708e-01
9.82495335e-01
-1.42713291e+00
-2.92626742e-01
1.40168475e-01
6.13992025e-01
-3.52765242e-01
0.00000000e+00
2.33786257e-01
1.40766828e+00
-1.78186473e+00
6.66648425e-01
4.61367237e-01
2.00894881e-01
-1.73646022e-01
-1.34266467e+00
-3.87942973e-01
6.32890681e-02
-5.96582290e-01
0.00000000e+00
0.00000000e+00
0.00000000e+00
3.74495772e-01
5.51703538e-01
-4.00666288e-01
8.50152773e-02
-2.01966711e+00
-2.86407646e-01
-9.48998587e-01
1.66874232e-01
-4.72002974e-01
0.00000000e+00
7.84998621e-01
1.31501897e+00
-4.54056866e-01
6.86817015e-01
-4.12104570e-01
9.41675923e-01
9.27312715e-02
-1.45177333e+00
-1.46751358e-01
9.96515822e-01
5 1
-7.5335e-01 4.7768e-01
6 0
0 1 3 2 4 10 
217
-1.68910011e-01
1.63549861e-01
-1.04157570e-01
2.38781570e-01
-9.48576499e-02
4.13622564e-02
-1.25045436e-01
1.05871072e-01
2.09919319e-01
-1.87097907e-02
-1.09751946e-01
8.74162505e-02
-4.91742983e-02
7.38003607e-01
1.16743285e-01
-2.97374946e-02
5.49632729e-01
2.83289040e-01
-2.13629037e-02
3.00774135e-01
-7.45498454e-01
-1.68350798e-03
-6.67702897e-02
1.76556118e-01
8.35437874e-04
-6.08530075e-02
0.00000000e+00
0.00000000e+00
0.00000000e+00
0.00000000e+00
0.00000000e+00
0.00000000e+00
-9.76093031e-02
-6.02944225e-02
1.83724175e-01
-6.54142786e-02
0.00000000e+00
-2.82735324e-02
-2.48870709e-01
-2.35809801e-01
-2.35292764e-01
2.40206463e-01
3.39130333e-01
0.00000000e+00
0.00000000e+00
1.19757946e-01
-3.68030312e-01
-1.99668336e-01
0.00000000e+00
3.92787722e-01
7.04497387e-03
-6.43150655e-01
0.00000000e+00
-8.27062828e-01
-6.92185237e-02
9.17344694e-01
0.00000000e+00
-4.46246135e-01
-4.21297865e-01
1.27641562e+00
2.14552515e-03
-2.78209012e-01
1.07153476e-01
0.00000000e+00
-7.59088043e-01
-4.89208792e-01
3.45423183e-01
-3.63400042e-02
2.44754849e-01
6.81173642e-02
-1.56919244e-01
-5.11430367e-01
-7.57220121e-01
3.46616629e-01
1.10692889e-01
1.52822972e-01
8.16358456e-02
-3.09588384e-02
-2.36878698e-01
-2.15506351e-01
-1.12986623e-01
-5.80558671e-01
2.11914148e-01
-4.08621148e-02
-4.98614186e-01
-1.92644476e-01
-6.70141948e-01
9.78266756e-02
-3.83931609e-01
4.24521975e-01
8.81305796e-01
1.77845761e-01
-1.63623274e-01
-1.86385452e-01
8.96538424e-02
-2.97494581e-01
-2.72786340e-01
-1.82667528e-01
0.00000000e+00
2.97652400e-01
0.00000000e+00
5.81356808e-02
3.19524546e-01
-5.24698091e-01
-7.70472846e-02
0.00000000e+00
0.00000000e+00
0.00000000e+00
0.00000000e+00
0.00000000e+00
0.00000000e+00
0.00000000e+00
0.00000000e+00
0.00000000e+00
0.00000000e+00
0.00000000e+00
0.00000000e+00
0.00000000e+00
0.00000000e+00
6.80946474e-02
2.44807545e-01
-3.29297533e-01
0.00000000e+00
0.00000000e+00
0.00000000e+00
-2.58125279e-01
7.09502354e-01
-2.52096159e-01
1.43551522e+00
-5.06759253e-01
-3.10222831e-01
8.91046572e-02
1.05396532e+00
-8.16450690e-01
0.00000000e+00
-3.65099275e-01
-3.16779769e-01
-9.69671095e-01
-8.81227107e-01
9.07935839e-01
1.61284429e-01
-5.35198850e-01
-4.56711312e-01
-9.39084167e-02
1.07564468e+00
-2.87676068e-01
0.00000000e+00
0.00000000e+00
0.00000000e+00
-2.74880200e-01
-5.03377192e-01
1.69185838e-02
-6.19709236e-02
-6.44043828e-02
1.14767371e-01
1.99141398e-01
-2.70739744e-01
3.74339644e-01
0.00000000e+00
2.30691667e-01
6.89770694e-01
-6.07432709e-01
8.11776262e-01
-1.54061096e-01
5.89333125e-02
1.86556235e-01
-4.48114261e-01
-4.66099959e-02
-5.38980731e-01
2.47859338e-01
0.00000000e+00
0.00000000e+00
0.00000000e+00
6.24744547e-01
1.52665636e+00
-7.05198982e-01
-4.59961107e-02
-5.59723916e-01
-4.24674772e-01
-5.17281929e-02
-1.52158942e+00
-3.69957768e-01
0.00000000e+00
4.55206732e-01
1.35006073e+00
2.00450402e-01
2.88520103e-01
-9.29099445e-01
1.08310177e+00
-9.13655230e-01
-1.61140035e+00
3.95619201e-01
1.45652369e+00
-3.83019033e-01
0.00000000e+00
0.00000000e+00
0.00000000e+00
-2.21222108e-01
-7.78436480e-02
3.19319421e-01
-2.29727021e-01
-4.33956656e-01
4.98531361e-01
-9.23688266e-01
6.96801191e-01
-5.94329713e-01
0.00000000e+00
1.12469660e-01
1.20506577e-01
-3.41285208e-01
1.51495223e-01
-2.11388939e-01
-2.00660488e-01
2.49710714e-01
4.03283700e-01
2.44177307e-01
5.47878602e-02
136
2.11686177e-02
2.92390477e-01
2.22912075e-02
1.93320742e-01
-4.65992955e-03
-4.44461497e-01
9.43448752e-03
-2.00811047e-02
-1.01157147e-03
0.00000000e+00
0.00000000e+00
0.00000000e+00
0.00000000e+00
-4.60280930e-01
1.84130787e-01
2.78914330e-01
-1.41806685e-01
-1.32506006e-02
1.73461716e-01
0.00000000e+00
-2.83193773e-01
-1.56202576e-01
-7.17905065e-02
1.78996106e-01
4.62119074e-01
-9.81915722e-02
0.00000000e+00
0.00000000e+00
1.02234380e-01
-1.27580617e-01
3.53486424e-01
0.00000000e+00
-1.28521851e-01
-4.03685709e-01
2.66772271e-01
-6.34944925e-02
-6.79588990e-01
-2.63837932e-01
8.64764984e-01
0.00000000e+00
-9.28294664e-01
9.75837653e-04
1.17902669e+00
0.00000000e+00
0.00000000e+00
0.00000000e+00
0.00000000e+00
-2.40796923e-01
3.59993593e-02
2.31901620e-02
2.39721164e-01
-6.38192134e-01
-1.21056119e+00
-5.59662038e-02
-1.75439944e-01
-3.78657118e-01
-4.10004159e-01
5.85419782e-01
9.85164365e-03
1.76856726e-01
-2.21717392e-01
-1.75907498e-02
-4.33382438e-04
-1.17266620e-01
1.78034657e-01
-2.36889755e-01
2.37595621e-01
4.19912204e-01
4.04798874e-02
1.00569393e-01
-1.79665419e-01
0.00000000e+00
4.77058808e-01
1.80297392e-02
1.49276366e-01
-3.47492859e-01
0.00000000e+00
0.00000000e+00
0.00000000e+00
0.00000000e+00
0.00000000e+00
0.00000000e+00
0.00000000e+00
0.00000000e+00
0.00000000e+00
0.00000000e+00
1.71270046e-01
-4.41931699e-02
-7.73642697e-01
0.00000000e+00
0.00000000e+00
0.00000000e+00
2.41759436e-02
4.57993879e-01
-1.93421994e-01
1.18817607e+00
-1.61938376e+00
-2.86031085e-01
3.57762976e-01
6.65665839e-01
-2.03242000e-01
0.00000000e+00
9.78321849e-02
1.37636049e+00
-1.75582577e+00
5.54157752e-01
4.09163796e-01
-1.31494147e-02
-1.70850639e-01
-1.10795048e+00
-3.25662934e-01
-2.29413555e-01
-6.02486598e-01
0.00000000e+00
0.00000000e+00
0.00000000e+00
2.17566469e-01
2.53395281e-01
-6.35693216e-01
3.07304988e-01
-1.98070815e+00
-5.21891682e-01
-7.53957785e-01
8.10579113e-02
-1.87346689e-01
0.00000000e+00
7.86321525e-01
1.30817840e+00
-4.23838064e-01
9.47036466e-01
-2.42941734e-01
9.18284763e-01
2.67978263e-01
-1.90741439e+00
4.16418937e-02
9.22539152e-01
7 1
-7.8676e-01 4.8514e-01
7 1
0 1 3 2 4 10 5 
217
-5.30161439e-01
-6.20242033e-01
7.52630173e-01
1.95539181e-03
-1.09331364e-01
-1.02026599e-01
-6.29425154e-01
4.05731553e-01
-1.56791306e-01
1.19471524e-01
-2.47410368e-01
1.65508470e-01
6.12796753e-01
-1.63029564e-01
5.91976262e-01
-1.44485554e-02
2.58989425e-01
-3.69525930e-01
3.64462093e-03
3.02689879e-01
2.91428964e-01
2.56989830e-03
7.57233012e-02
-1.04404074e+00
-5.49474660e-05
5.54200921e-01
0.00000000e+00
0.00000000e+00
0.00000000e+00
0.00000000e+00
0.00000000e+00
0.00000000e+00
2.38395247e-01
-7.48077993e-01
-1.75664968e-01
1.51788720e-01
0.00000000e+00
-2.42999358e-01
-1.70535657e-01
-8.89986941e-02
-3.40547945e-01
3.42797519e-02
-1.96618403e-01
4.75258866e-01
0.00000000e+00
1.43665295e-01
-2.06116625e-01
2.80913027e-01
0.00000000e+00
-5.06171738e-01
-1.91589239e-01
7.33386079e-02
0.00000000e+00
-9.22355567e-01
-4.69402959e-01
7.53366826e-01
0.00000000e+00
-1.74231387e-01
-1.34617323e-01
6.56675485e-01
-3.26681631e-01
-3.60517030e-02
-1.67428105e-01
-1.89626374e-01
-6.45735615e-01
-5.81127777e-01
1.08624592e-01
-9.41433436e-02
1.96575957e-01
-9.08356349e-02
-8.68586795e-01
-4.24142445e-01
-1.63781794e-02
4.57419316e-01
2.25050730e-02
3.05148485e-01
1.30720933e-01
1.77679237e-01
-4.27646415e-01
1.90551622e-01
-9.21235186e-02
-2.60910178e-01
-1.88070742e-01
-2.00604307e-01
0.00000000e+00
-4.05960672e-01
2.11205632e-01
1.95960162e-01
-1.55796944e-01
-3.20160929e-01
-4.10068037e-01
0.00000000e+00
2.46814100e-02
-3.52418597e-02
-3.04554302e-02
-1.48174665e-01
-5.24387419e-01
-5.59933130e-01
0.00000000e+00
-2.66164972e-01
-1.96474358e-01
-3.59098805e-01
1.02086673e-01
9.51023374e-02
2.02735265e-01
-5.02895157e-01
-2.87974145e-01
-1.73671746e-01
-6.01606777e-02
-2.90809967e-01
3.20868541e-01
5.99279235e-01
0.00000000e+00
0.00000000e+00
0.00000000e+00
0.00000000e+00
0.00000000e+00
0.00000000e+00
0.00000000e+00
-2.86702332e-01
-2.02439779e-01
-2.21221721e-01
0.00000000e+00
0.00000000e+00
0.00000000e+00
-2.02795526e-01
-1.98195687e-01
-1.30495938e-01
6.96512803e-01
-3.76099686e-01
-2.16142331e-01
3.05111992e-01
-1.85912737e-01
-1.44516631e-01
0.00000000e+00
-2.31955215e-01
1.71398750e+00
-5.56840782e-01
3.89469649e-01
-5.64537197e-01
-1.12498709e-01
-1.71724872e-01
-3.88855429e-01
1.72378555e-01
-1.81114812e-02
-3.84426229e-01
0.00000000e+00
0.00000000e+00
0.00000000e+00
1.12299415e-01
1.63019694e-01
7.41713715e-02
1.56848464e-01
-5.78997212e-01
1.11599239e-01
1.60960417e-01
3.60662612e-01
-2.07071106e-01
0.00000000e+00
2.35011242e-01
-5.74353313e-01
-7.38606832e-01
1.03416891e-01
1.87677776e-01
3.23380593e-01
2.07712939e-02
-4.48842168e-02
-1.20921953e-01
-1.29410606e-01
-2.18585269e-01
0.00000000e+00
0.00000000e+00
0.00000000e+00
1.33260691e+00
-5.33196659e-02
-2.17779444e-01
-2.34255543e-01
-2.68474438e-01
-2.16432714e-01
-8.11479725e-01
5.05447655e-01
-8.66137587e-01
0.00000000e+00
-4.85608264e-02
5.93205344e-01
1.76229659e-01
4.11592276e-01
-7.60565748e-01
1.82738792e-01
3.67579572e-01
-8.45451492e-05
1.57521785e-01
1.10986122e+00
-3.93579635e-01
0.00000000e+00
0.00000000e+00
0.00000000e+00
-2.01886922e-01
-1.90405595e-01
-3.87684388e-03
1.39808307e-01
-6.41666520e-01
1.01718427e-01
-1.20970859e-01
2.29573551e-02
2.00939873e-01
0.00000000e+00
6.38347104e-01
4.17813594e-01
-9.43243888e-02
7.44936738e-01
4.39491727e-01
4.74454293e-01
3.33146170e-01
-1.66303091e-04
1.89051749e-01
7.38939658e-02
136
-1.13710890e-01
5.49330507e-01
-1.50160174e-02
-6.53789211e-03
-2.38104697e-03
-2.82012897e-01
-2.30717474e-03
-3.74490607e-01
6.60275980e-04
0.00000000e+00
0.00000000e+00
0.00000000e+00
0.00000000e+00
1.18880922e-01
-3.97219392e-02
1.80690904e-01
-3.45579299e-01
-1.86464243e-01
1.58482766e-01
0.00000000e+00
-4.52566686e-01
-1.16831376e-01
-5.72081091e-02
6.75601688e-02
2.24691500e-01
1.54017949e-01
7.22142184e-02
0.00000000e+00
7.23723684e-02
-4.70255513e-02
5.27825229e-02
0.00000000e+00
8.88427536e-02
-3.47283792e-01
-1.33811581e-02
-5.97293475e-02
-5.62070775e-01
-1.47062138e-01
6.28531350e-01
0.00000000e+00
-7.93152306e-01
-1.21609315e-01
1.17897835e+00
0.00000000e+00
0.00000000e+00
0.00000000e+00
9.10498467e-02
-8.57663845e-01
-2.02727293e-03
-3.57256559e-02
5.28476971e-02
-8.34570896e-01
-4.63070264e-01
1.43824192e-01
-1.92911640e-02
-5.65135141e-01
1.03951085e-01
-1.73277029e-01
-1.60490223e-01
1.68576605e-02
-2.70914046e-01
-1.16856753e-01
-1.15702063e-01
-1.02246238e-01
1.10809380e-01
-3.38188524e-01
0.00000000e+00
2.28404379e+00
4.00117795e-01
4.16965011e-01
-1.60129996e-01
0.00000000e+00
-7.89985014e-03
-8.43567203e-03
3.17404189e-02
-2.08455005e-01
-1.10300969e-01
-2.05838059e-01
-3.26177857e-01
1.01999477e-01
-4.91499227e-01
0.00000000e+00
0.00000000e+00
0.00000000e+00
0.00000000e+00
0.00000000e+00
1.93299858e-01
-3.30619000e-01
-7.66770086e-01
0.00000000e+00
0.00000000e+00
0.00000000e+00
-2.74459903e-02
3.42260225e-01
-2.04836311e-01
1.05707742e+00
-1.36780220e+00
-5.51967865e-01
1.10888095e-01
6.01583081e-01
-2.07595658e-02
0.00000000e+00
1.33289547e-01
1.42301715e+00
-1.69613276e+00
7.07248043e-01
4.13734012e-01
5.33408726e-02
-6.41787773e-02
-1.31825668e+00
-4.39315205e-01
8.14868117e-02
-6.74632193e-01
0.00000000e+00
0.00000000e+00
0.00000000e+00
3.81160523e-01
5.93025709e-01
-3.72245682e-01
2.02841168e-01
-2.13507650e+00
-3.03012514e-01
-8.27942216e-01
2.29253043e-01
-3.95443817e-01
0.00000000e+00
7.04125269e-01
1.21263043e+00
-5.37203775e-01
6.29805127e-01
-4.16521482e-01
9.12839246e-01
2.10375122e-01
-1.54758190e+00
-2.14152422e-01
9.98492477e-01
9 1
-1.6360e+00 5.4742e-01
8 1
0 1 3 2 4 10 5 7 
217
-3.93067943e-01
-9.18900992e-03
3.31907864e-01
-1.37154968e-02
4.80219864e-01
4.29614510e-01
-5.39200396e-01
7.67904357e-02
-2.76288102e-01
9.92969729e-02
-1.45292634e-01
1.31905112e+00
8.74933268e-02
7.24115997e-01
-6.42799625e-02
1.71195728e-02
2.85484055e-01
1.66555364e-01
-1.76731227e-03
3.89760399e-01
-5.58104320e-01
-1.05823315e-04
5.91312214e-01
6.27609761e-02
7.95619751e-04
2.04631169e-01
0.00000000e+00
0.00000000e+00
0.00000000e+00
0.00000000e+00
0.00000000e+00
0.00000000e+00
2.41954141e-01
-7.46331712e-01
-3.49951082e-01
5.51004133e-01
0.00000000e+00
-1.94214579e-01
-1.84753196e-01
-5.04319504e-01
4.74772783e-02
-5.51568556e-03
4.75243830e-01
-2.69860870e-02
0.00000000e+00
1.07537198e-02
-2.58875730e-01
3.56825931e-01
0.00000000e+00
-6.74573008e-01
-2.70031680e-01
2.46315223e-01
0.00000000e+00
-2.34524492e-01
-3.29318754e-01
4.68872644e-01
0.00000000e+00
-1.33754588e-01
2.21636989e-01
2.06731349e-01
-3.60256802e-01
1.56450474e-01
-1.89261615e-01
1.60911133e-01
-8.00625857e-01
0.00000000e+00
1.31336118e-01
-9.05511444e-02
1.15310662e-01
-9.16532595e-02
-4.01403109e-01
-6.33820806e-01
1.59330115e-01
6.22214636e-01
2.96937380e-01
1.99413366e-02
3.21148199e-01
5.71849342e-01
-5.61241570e-01
0.00000000e+00
-1.47878943e-01
-4.75323507e-02
-2.55796771e-01
7.26991772e-02
-1.27302519e-01
-4.62283025e-01
-1.54882345e-01
-8.81632592e-02
-2.79057891e-01
2.84680860e-01
-1.29854527e-01
-2.98287247e-01
-1.27650037e-01
-3.05839521e-01
1.79714379e-01
-1.27880931e-01
-1.46845038e-01
2.36930079e-01
0.00000000e+00
-2.74060343e-01
0.00000000e+00
-5.81907239e-02
1.15819642e-01
-6.08168756e-02
-5.15523698e-02
-6.39925819e-01
1.11711907e-01
-5.63307352e-01
2.51328778e-01
-6.99688477e-02
-1.16182808e-01
-2.36495568e-01
-3.20624605e-01
-2.58765512e-01
-1.32727599e-01
4.07761853e-01
-2.69979112e-01
-2.21439679e-01
8.68606748e-02
-2.00022102e-01
-1.07252464e-01
-7.72963212e-01
0.00000000e+00
0.00000000e+00
0.00000000e+00
-9.31545060e-01
5.01775061e-01
-8.23916198e-01
-3.89235075e-01
-1.32917969e+00
-1.97917160e-01
4.48325313e-01
5.77529971e-01
-2.22032879e-01
0.00000000e+00
2.29781830e-01
2.54590789e-01
-1.96008216e-01
1.72673333e+00
-6.48529852e-01
5.42502976e-01
-6.17168739e-01
-5.03465138e-01
7.39749792e-01
6.50457323e-02
-1.15850527e-01
0.00000000e+00
0.00000000e+00
0.00000000e+00
4.48405949e-01
-1.71615745e-01
1.61729647e-01
4.09131843e-01
3.52923400e-02
-1.02022622e-01
-1.21197634e-01
-3.06858004e-01
1.78617321e-01
0.00000000e+00
4.81901707e-02
2.80857427e-01
-1.06422820e+00
-3.75806651e-01
7.90527512e-01
1.15725520e-02
2.22068916e-01
-2.99927887e-01
-3.31497134e-01
7.09096720e-02
2.58192468e-01
0.00000000e+00
0.00000000e+00
0.00000000e+00
3.60897950e-01
-3.11892985e-01
6.90011030e-02
2.95038424e-01
-7.43049197e-01
4.54821252e-01
-1.22543551e+00
3.57050539e-01
3.50900186e-02
0.00000000e+00
7.12028852e-01
4.25468757e-01
-2.36906218e-01
1.09740285e-01
4.72266200e-01
8.29223990e-01
7.39784630e-01
0.00000000e+00
2.76228027e-01
-8.28960390e-01
-5.24940572e-01
0.00000000e+00
0.00000000e+00
0.00000000e+00
-1.00440161e-01
5.70466316e-01
-2.24654592e-01
5.57571840e-02
-1.57083985e-02
8.42506270e-03
2.92842095e-01
-9.23260651e-03
2.89696213e-02
0.00000000e+00
1.07487249e-01
9.23228000e-01
-4.44695883e-01
5.55746283e-01
-1.26118165e-01
5.79717925e-02
-1.15821933e-01
0.00000000e+00
4.32360558e-01
8.72803098e-01
136
7.94719749e-02
-6.24275103e-01
3.31228535e-02
3.13921513e-01
-9.93479511e-04
3.22197577e-01
-3.55541858e-03
6.76279875e-02
5.39451491e-04
0.00000000e+00
0.00000000e+00
0.00000000e+00
0.00000000e+00
1.02956527e-02
1.63485404e-01
1.39757515e-01
-3.31814594e-01
-9.48621492e-02
2.23989825e-01
0.00000000e+00
-1.69338860e-01
3.12391669e-02
3.63377783e-02
5.35312354e-02
9.81336463e-02
1.00790983e-01
-7.01435223e-02
0.00000000e+00
2.23319924e-01
-1.87376570e-03
1.28055557e-01
0.00000000e+00
4.38413348e-02
-2.75670536e-01
-1.19928006e-01
1.75204226e-02
-4.91352745e-01
-1.96572281e-01
5.89680920e-01
0.00000000e+00
-8.06499825e-01
9.20639421e-04
9.97804635e-01
0.00000000e+00
0.00000000e+00
0.00000000e+00
1.66153204e-01
-6.51603023e-01
8.37575884e-02
4.42713267e-02
-1.40101644e-01
-3.95901680e-01
-6.47043508e-01
1.19488068e-01
-2.41230364e-02
-5.14459149e-01
2.85367690e-01
-1.81057893e-02
-8.42821931e-02
9.98031175e-02
-1.61411256e-01
1.54138146e-01
-8.69546784e-02
-7.53028619e-03
8.17430852e-02
-1.42834131e-01
2.24194094e-01
2.19951505e-01
1.48278716e-02
8.86854749e-02
-2.40844415e-01
0.00000000e+00
2.59689602e-01
8.53550615e-02
7.12959218e-02
-2.25088500e-01
2.12146568e-02
-6.74511454e-02
-2.56895069e-01
1.41035004e-01
-4.13411612e-01
3.17673999e-01
7.83409522e-02
-1.58141893e-01
1.48484138e-01
-1.01495034e-01
5.90542332e-02
-2.85385721e-01
-8.49425184e-01
0.00000000e+00
0.00000000e+00
0.00000000e+00
9.81036658e-03
4.05111331e-01
-2.53105172e-01
1.13702447e+00
-1.39009267e+00
-3.37790878e-01
1.90880049e-01
6.00400877e-01
-1.31830717e-01
0.00000000e+00
1.52929616e-01
1.28740084e+00
-1.85646320e+00
6.35033842e-01
3.60037446e-01
5.82801050e-02
-1.07917812e-01
-1.29886656e+00
-3.92673280e-01
8.24061562e-02
-6.74787721e-01
0.00000000e+00
0.00000000e+00
0.00000000e+00
3.91596315e-01
5.02824056e-01
-3.98235181e-01
9.82869274e-02
-2.13435143e+00
-3.15850768e-01
-9.27192860e-01
2.43342839e-01
-4.71841323e-01
0.00000000e+00
7.13323936e-01
1.21889801e+00
-5.12581295e-01
8.28360746e-01
-4.27829646e-01
9.67671361e-01
2.77486927e-01
-1.44964781e+00
-2.54026550e-01
9.74978021e-01
8 1
-1.7266e+00 5.5529e-01
8 1
0 1 3 2 4 10 5 7 
217
-5.79890520e-03
-3.66058311e-01
3.75475220e-02
-3.76300748e-01
-4.91012339e-02
-1.10319110e-01
7.02006557e-02
-8.00662181e-02
-5.94086826e-02
3.94592451e-01
4.76912974e-01
7.02771808e-02
-4.44402618e-01
-3.69058020e-01
-4.09343143e-01
2.38653854e-02
-6.18380364e-02
-2.13189593e-01
4.48481666e-03
-1.75217162e-01
3.41080292e-01
-3.39810685e-03
-1.61865824e-01
2.75653538e-01
-6.67684090e-04
-9.11409547e-02
0.00000000e+00
0.00000000e+00
0.00000000e+00
0.00000000e+00
0.00000000e+00
0.00000000e+00
0.00000000e+00
-7.24544229e-01
-1.27919550e-01
8.64725705e-01
0.00000000e+00
-5.06022800e-01
-2.88069356e-01
-1.61769668e-01
2.40510935e-01
4.77496619e-01
3.72403199e-02
1.95805498e-01
0.00000000e+00
-2.55702640e-02
3.07858654e-02
2.96121561e-01
0.00000000e+00
-1.86359253e-01
-3.16684876e-01
-3.67291883e-02
0.00000000e+00
-3.92326919e-01
-4.65563118e-01
8.13472421e-01
0.00000000e+00
-4.10063369e-01
0.00000000e+00
9.84952676e-01
-1.53038531e-01
2.91625869e-01
-1.43395791e-01
1.01232032e-01
-1.15052860e+00
0.00000000e+00
7.59212790e-01
-2.63555800e-01
2.84284875e-01
-6.58659190e-02
-8.45364002e-01
-1.82332794e-01
-5.74112736e-01
5.23556299e-01
3.39252922e-01
4.98341592e-01
3.07886132e-01
2.11356743e-01
3.21858125e-02
0.00000000e+00
3.13951306e-01
-2.48869643e-01
-5.63292767e-01
-2.75362368e-01
0.00000000e+00
1.13133018e-01
-3.19665626e-01
1.88010715e-01
-4.02111608e-01
4.56169873e-02
-4.17380735e-01
0.00000000e+00
-9.14652685e-02
-1.39546239e-02
2.50782134e-01
-2.86259961e-01
4.19079371e-01
3.60129508e-01
0.00000000e+00
-1.15046190e-01
-2.23031688e-01
2.40154751e-01
-2.13623231e-01
-1.30907466e-01
-1.80355419e-01
3.10901491e-01
-1.39745924e-02
-1.16383084e+00
1.83026821e-02
-5.43577181e-01
-3.21028486e-01
-3.51727099e-01
0.00000000e+00
4.13373489e-02
-1.00214991e-01
4.73003211e-01
-2.95940388e-01
8.30338745e-02
-3.39965640e-02
1.90464676e-01
-1.96880598e-02
-3.33533615e-01
0.00000000e+00
0.00000000e+00
0.00000000e+00
1.20383037e-01
7.85426241e-01
-6.98974108e-02
6.52073425e-01
4.26443532e-02
-1.70898634e-01
3.29771117e-01
1.67439407e-01
1.31390984e-01
0.00000000e+00
5.92826492e-01
2.91678422e-01
-1.71140213e-01
4.71382457e-01
4.51798761e-01
7.37073042e-01
-3.52097545e-01
-3.72506851e-02
4.49797965e-01
3.74694946e-02
-9.09798554e-01
0.00000000e+00
0.00000000e+00
0.00000000e+00
3.32053228e-01
2.47788981e-01
6.59317863e-01
6.92971623e-01
-8.22448782e-02
9.29180905e-02
6.69877074e-01
6.17306751e-01
7.38603103e-01
0.00000000e+00
4.43708211e-01
6.69478994e-01
-2.73825483e-01
9.06055676e-01
9.34468163e-01
5.74000011e-01
8.68271254e-01
-9.28047846e-03
3.57462585e-01
6.42417688e-01
-4.23031691e-01
0.00000000e+00
0.00000000e+00
0.00000000e+00
4.32522185e-01
-3.81423503e-02
-9.06981041e-01
1.31477968e-01
-3.35462356e-01
3.36649694e-01
-6.20191178e-01
-1.12279877e-01
-2.07638927e-01
0.00000000e+00
1.97449495e-01
5.49345634e-01
-1.77196265e-01
7.54503832e-01
-5.24226835e-02
7.81310393e-02
8.37839506e-02
0.00000000e+00
3.32381887e-01
-1.42873165e-01
-2.66755080e-01
0.00000000e+00
0.00000000e+00
0.00000000e+00
5.73084077e-03
2.53555982e-01
3.12841055e-01
-2.90530977e-01
-1.03386099e+00
-3.42900723e-01
-1.89213057e-01
2.46257191e-01
2.51215952e-01
0.00000000e+00
1.45551732e-01
3.65407427e-01
1.85557825e-01
3.33748667e-01
1.23467384e-01
3.01954550e-01
3.06085610e-02
0.00000000e+00
1.22972671e-01
4.88496806e-01
136
6.50047642e-02
-6.18468671e-01
3.30544943e-02
3.37188238e-01
-1.58009660e-03
3.07750066e-01
-3.56291937e-03
3.85351312e-02
5.69762718e-04
0.00000000e+00
0.00000000e+00
0.00000000e+00
0.00000000e+00
-1.43203972e-01
2.77177214e-01
2.38098613e-01
-3.54522265e-01
-1.16697613e-01
1.68957677e-01
0.00000000e+00
-1.26779250e-01
5.51974986e-02
3.73198528e-02
2.45332800e-02
-4.96101668e-02
3.66603757e-02
9.48112703e-02
0.00000000e+00
1.82022060e-01
4.58049572e-02
9.69596532e-02
0.00000000e+00
6.80024880e-02
-3.63738989e-01
-2.55653665e-02
-3.98853203e-02
-5.37698379e-01
-8.83051366e-02
5.76663296e-01
0.00000000e+00
-7.46254382e-01
-1.59868048e-02
9.49154309e-01
0.00000000e+00
0.00000000e+00
0.00000000e+00
1.74927020e-01
-6.73205934e-01
6.33317373e-02
4.28329207e-02
-3.60222528e-02
-4.17502890e-01
-6.92478264e-01
1.19829678e-01
-4.53160537e-02
-5.81857340e-01
3.24573941e-01
-9.61409081e-02
-9.27658951e-02
8.15572544e-02
-1.32598956e-01
1.29284300e-01
-5.08382081e-03
7.03403416e-03
1.34119308e-01
-1.49583019e-01
2.13060433e-01
1.39541569e-01
2.82123455e-03
7.12556208e-02
-1.72420211e-01
0.00000000e+00
2.75910577e-01
5.33236268e-02
1.01322680e-01
-1.74877609e-01
-3.03742083e-02
5.11385089e-03
-1.99781749e-01
1.44635627e-01
-3.20108471e-01
3.54821672e-01
4.89205870e-02
-1.81489273e-01
1.46462510e-01
-3.60026261e-02
1.44948701e-01
-2.87495266e-01
-7.76251164e-01
0.00000000e+00
0.00000000e+00
0.00000000e+00
6.00941128e-02
3.45208701e-01
-2.48035423e-01
1.17711820e+00
-1.36594707e+00
-3.34985612e-01
1.42080435e-01
6.46818481e-01
-1.27445881e-01
0.00000000e+00
1.19634271e-01
1.32921847e+00
-1.80099293e+00
6.19624318e-01
3.05839964e-01
7.56310718e-02
-1.48854989e-01
-1.23603174e+00
-3.79441764e-01
4.42162190e-02
-6.61079193e-01
0.00000000e+00
0.00000000e+00
0.00000000e+00
4.31494492e-01
5.27044992e-01
-3.74594707e-01
7.50324742e-02
-2.09295409e+00
-3.03839546e-01
-9.05902798e-01
2.57412404e-01
-4.79626979e-01
0.00000000e+00
7.71637277e-01
1.21379793e+00
-5.89926754e-01
7.39392842e-01
-4.59230988e-01
9.53751259e-01
2.43980753e-01
-1.47340877e+00
-2.18787854e-01
1.02364887e+00
6 2
-2.0034e+00 5.7244e-01
8 -1
0 1 3 2 4 10 5 7 
217
-1.84151272e+00
-1.66690208e-01
5.23125910e-01
0.00000000e+00
-2.29687804e+00
4.36040417e-01
-1.89959160e+00
2.08311023e+00
1.26177220e-01
6.47695226e-02
2.27797057e+00
-4.25247111e+00
0.00000000e+00
0.00000000e+00
-6.62576296e-02
-2.25186466e-02
2.15527550e-01
1.15168342e+00
-4.86647988e-02
7.46878158e-01
0.00000000e+00
0.00000000e+00
0.00000000e+00
0.00000000e+00
0.00000000e+00
0.00000000e+00
0.00000000e+00
0.00000000e+00
0.00000000e+00
0.00000000e+00
0.00000000e+00
0.00000000e+00
-1.67234001e+00
-6.38295725e-01
-5.61885991e-01
0.00000000e+00
0.00000000e+00
-1.77706410e+00
-7.90600515e-01
7.16127311e-01
1.60523813e+00
1.47946938e+00
3.74472538e+00
0.00000000e+00
0.00000000e+00
4.03992242e-01
-2.09478846e-01
-1.32160457e+00
0.00000000e+00
1.86742812e+00
1.82340644e+00
-4.15885267e-01
0.00000000e+00
1.66705229e+00
0.00000000e+00
1.88096581e-01
0.00000000e+00
0.00000000e+00
0.00000000e+00
2.86420403e+00
-1.25771531e+00
2.73305112e-01
-8.57102516e-01
0.00000000e+00
-1.67527621e+00
0.00000000e+00
7.50163678e-01
-1.41974677e-01
-3.56928892e-02
9.59254407e-01
-1.44617437e+00
-1.03810711e+00
0.00000000e+00
3.60108758e-01
1.40805107e-01
2.82660013e-01
1.16855136e+00
0.00000000e+00
6.50209008e-01
0.00000000e+00
-1.20309569e+00
-2.93101716e-01
-4.07918732e-01
8.95560479e-01
2.75478775e+00
-6.06929628e-01
-1.88145314e-01
-3.04478381e+00
6.42719481e-01
-9.44587032e-01
-1.46067267e+00
-3.14951378e-01
-4.98461388e-02
0.00000000e+00
-8.32488715e-01
5.97222684e-01
-6.44226485e-01
1.31308539e-01
0.00000000e+00
-7.90900716e-01
0.00000000e+00
-1.18139065e+00
-5.29309748e-01
1.30778645e-01
1.21132362e+00
0.00000000e+00
2.92387271e+00
0.00000000e+00
2.23802409e+00
-2.42595645e+00
0.00000000e+00
0.00000000e+00
-3.36433946e-01
4.98859803e-01
-4.06248712e-01
-6.24068246e-01
1.36549412e-01
-1.37987033e+00
-2.43626698e+00
4.01150321e-01
-4.71279939e-02
-5.32581227e-01
0.00000000e+00
0.00000000e+00
0.00000000e+00
-2.68914321e-01
2.42534504e+00
1.74583969e+00
3.81860813e+00
-2.88869076e-01
-5.77648727e-02
4.57610965e+00
-1.01146943e+00
2.64079937e+00
0.00000000e+00
-1.62335933e-01
4.75686951e+00
-2.05977719e+00
1.29687978e+00
-1.37068884e-02
1.01141990e+00
1.38459883e+00
-8.34590952e-02
2.68600890e+00
-1.69536351e+00
-1.55860005e+00
0.00000000e+00
0.00000000e+00
0.00000000e+00
-4.03021183e-01
1.23350095e-01
-6.47439000e-01
4.78203059e-01
-4.70849757e-01
2.07379278e+00
-8.26464366e-01
2.23788853e+00
3.45328467e-01
0.00000000e+00
1.26226459e+00
-4.86475616e-01
2.04652521e+00
9.00961836e-01
-2.02834745e-02
1.50053569e+00
3.42995207e+00
-1.62375217e-01
-1.58021969e-01
1.64529294e+00
-2.91102736e+00
0.00000000e+00
0.00000000e+00
0.00000000e+00
-8.98606936e-01
0.00000000e+00
0.00000000e+00
0.00000000e+00
-1.53069605e-02
0.00000000e+00
-3.25558003e-01
0.00000000e+00
2.81172766e+00
0.00000000e+00
2.61606465e+00
0.00000000e+00
3.68240146e+00
-4.10221655e-01
1.18028045e+00
5.96950506e+00
5.05445447e+00
0.00000000e+00
-3.70526096e-03
2.00948891e+00
6.35163411e-01
0.00000000e+00
0.00000000e+00
0.00000000e+00
4.69871798e-01
0.00000000e+00
0.00000000e+00
0.00000000e+00
-1.72563581e-02
0.00000000e+00
-4.88817155e-01
0.00000000e+00
-6.46399128e-01
0.00000000e+00
3.15040365e-01
0.00000000e+00
-2.10858532e+00
-6.22969562e-01
-4.61964025e-01
-2.86971922e+00
-2.63886465e+00
0.00000000e+00
-9.96618400e-03
-9.00617617e-01
136
-4.96658168e-01
-1.99791496e-01
-1.23041280e-02
-3.59130876e-01
-6.34030986e-03
-8.00457281e-01
1.97773660e-02
0.00000000e+00
0.00000000e+00
0.00000000e+00
0.00000000e+00
0.00000000e+00
0.00000000e+00
1.09167144e+00
2.51502018e+00
3.01412005e+00
2.62156250e+00
2.66815821e+00
0.00000000e+00
0.00000000e+00
-5.85718406e-02
3.87926042e-02
8.54533181e-02
1.18406516e-01
-3.37662165e-02
-1.03151048e-01
-2.60582891e-01
0.00000000e+00
-3.43387808e-01
-1.00394941e-02
7.26155100e-01
0.00000000e+00
-8.98643823e-01
-3.79216023e-01
1.84919055e-01
-5.26651848e-01
-7.28621592e-01
-4.16831679e-01
1.45027322e+00
0.00000000e+00
-1.26177279e+00
1.31358103e-01
1.78763750e+00
0.00000000e+00
0.00000000e+00
0.00000000e+00
6.48446415e-01
-2.06166344e+00
-2.68223483e-01
-3.02093536e-01
2.47366051e-01
-1.96681001e+00
-2.00410393e+00
-3.36027162e-01
-4.00706619e-01
-7.20294955e-01
-1.00639274e+00
8.74050031e-01
1.98578046e-01
2.94103234e-01
-8.47090525e-01
-3.32680269e-01
-1.62850105e-01
-7.57273446e-02
9.57809313e-02
9.84597501e-02
1.24066884e-01
1.64719828e+00
3.06248117e-01
3.13506441e-01
-1.24543622e-01
0.00000000e+00
1.09611733e+00
2.21677725e-01
2.30113683e-01
4.03725130e-01
-8.30725362e-01
-3.32776696e-01
-1.40382112e-01
-8.48379056e-04
-3.32768944e-01
2.12854729e+00
1.13133239e-03
-8.10502212e-02
1.12637705e-01
-1.22309457e-01
2.08222537e-01
-3.28358003e-02
-8.39416210e-01
0.00000000e+00
0.00000000e+00
0.00000000e+00
1.17312488e-01
2.28917797e-01
-1.67442861e-01
1.33476967e+00
-1.32559422e+00
-3.67426920e-01
4.45465832e-01
7.07144580e-01
7.31886392e-02
0.00000000e+00
-5.72854640e-02
1.06732789e+00
-2.31984670e+00
7.83262444e-01
7.76336753e-01
1.42792862e-01
-5.25788492e-01
-1.27380613e+00
-3.17238360e-01
-1.61506018e-01
-6.62635601e-01
0.00000000e+00
0.00000000e+00
0.00000000e+00
6.00080724e-02
6.18916952e-01
-7.27102608e-01
2.01281740e-01
-1.77942459e+00
-2.57268563e-01
-5.68425892e-01
6.60964830e-02
-6.29532950e-02
0.00000000e+00
5.66037218e-01
1.11289805e+00
-1.04549633e+00
1.00655473e+00
-5.96942040e-01
5.19575069e-01
5.76854381e-02
-7.42937383e-01
1.03657820e-01
8.05203521e-01
