0 10 -999999999 -1 -1
1 2 0 -1 -1
-0.1286 0.5459
356
3.10396272e-01
-2.43397888e-01
5.53794160e-01
6.57095040e-01
-3.32751027e-01
0.00000000e+00
0.00000000e+00
0.00000000e+00
0.00000000e+00
1.12518732e+00
-3.85450380e-01
0.00000000e+00
0.00000000e+00
3.68682827e-01
2.87893256e-01
5.18956913e-04
0.00000000e+00
0.00000000e+00
0.00000000e+00
0.00000000e+00
0.00000000e+00
0.00000000e+00
0.00000000e+00
0.00000000e+00
0.00000000e+00
0.00000000e+00
0.00000000e+00
0.00000000e+00
0.00000000e+00
0.00000000e+00
0.00000000e+00
0.00000000e+00
0.00000000e+00
0.00000000e+00
0.00000000e+00
0.00000000e+00
0.00000000e+00
0.00000000e+00
0.00000000e+00
0.00000000e+00
0.00000000e+00
0.00000000e+00
0.00000000e+00
0.00000000e+00
0.00000000e+00
0.00000000e+00
0.00000000e+00
0.00000000e+00
0.00000000e+00
0.00000000e+00
0.00000000e+00
-2.59620500e-01
-6.97430634e-02
1.46103056e+00
0.00000000e+00
0.00000000e+00
0.00000000e+00
0.00000000e+00
6.99438803e-01
-3.70128703e-01
-1.98351804e-01
3.86976130e-02
-2.47858136e-02
-1.01852698e-01
-2.04096986e-01
5.32521741e-01
3.81920726e-02
9.06018225e-01
4.48587404e-01
1.04932158e-02
1.48992544e-02
7.27721799e-01
-1.03401527e-02
5.71117113e-02
-4.47458721e-01
6.26136316e-03
-5.94996722e-02
-4.18454211e-01
9.17367612e-03
2.85298787e-01
0.00000000e+00
0.00000000e+00
0.00000000e+00
0.00000000e+00
0.00000000e+00
0.00000000e+00
0.00000000e+00
1.58222023e-03
2.71853355e-01
3.69606970e-02
-6.13869772e-01
-1.82573646e-01
-6.58643148e-01
-2.60490768e-01
-4.85148039e-01
-3.21412904e-01
-1.62318218e-01
1.45532800e-01
-8.01719670e-02
-2.80928837e-01
-3.30152648e-01
-3.67341907e-01
0.00000000e+00
0.00000000e+00
2.23638039e+00
2.72031797e+00
0.00000000e+00
0.00000000e+00
0.00000000e+00
0.00000000e+00
0.00000000e+00
0.00000000e+00
-5.84282887e-01
-3.83640437e-01
-5.65728019e-01
1.51124089e-02
1.35037689e-01
-5.42482875e-01
-2.23629780e+00
4.33781863e-01
7.72688133e-01
1.11293939e+00
-6.56374680e-01
6.73222908e-01
1.50484480e-01
-4.61621171e-01
-3.85861777e-01
-3.82419066e-01
-1.01103990e+00
-4.19424073e-01
4.59501362e+00
4.60954529e+00
5.16417655e+00
5.18846231e+00
5.26124182e+00
4.99977041e+00
1.56608778e+00
7.70687991e-01
5.44937127e-01
7.99455037e-02
-3.92483014e-01
-5.71443000e-01
0.00000000e+00
-2.27475291e-01
-6.75174778e-01
-7.32374129e-01
-5.22042147e-01
-2.44739935e-03
0.00000000e+00
0.00000000e+00
0.00000000e+00
0.00000000e+00
9.99598116e-02
0.00000000e+00
0.00000000e+00
0.00000000e+00
2.10436460e-01
0.00000000e+00
0.00000000e+00
-8.71200499e-01
-9.73594227e-01
-1.18691867e+00
-9.52389892e-01
-3.51802532e-01
-1.92598412e+00
0.00000000e+00
0.00000000e+00
0.00000000e+00
7.99580778e-01
-5.27545437e-01
3.91127863e-01
1.48569648e+00
-2.65526311e+00
4.32471005e-01
9.87236579e-01
-1.87685380e-01
-1.60259360e+00
0.00000000e+00
1.63955812e+00
1.49816766e-01
-1.32173708e+00
2.14588256e-01
-1.42585709e+00
9.03320356e-01
-3.35521544e-01
-2.27483887e+00
1.77208899e-02
1.38394091e+00
1.17585656e-01
0.00000000e+00
0.00000000e+00
0.00000000e+00
-2.42707241e-01
2.64969486e-01
-2.42774432e-01
-1.08198626e-01
1.50277674e-01
-3.77004350e-01
-3.58586577e-01
1.18977315e-01
7.78386009e-01
0.00000000e+00
-6.40567518e-01
5.25243259e-01
-8.57907866e-02
2.41890019e-01
6.15211337e-01
-1.60982000e-01
8.84065750e-02
1.50484950e-02
-1.57650647e-01
-3.06562335e-01
-6.51331617e-01
-4.64094124e-01
0.00000000e+00
-5.07860567e-02
-3.51774213e-01
8.94486341e-01
-9.50585504e-01
0.00000000e+00
-3.70970225e-01
0.00000000e+00
0.00000000e+00
0.00000000e+00
6.87689547e-01
-8.74772805e-01
5.99104929e-02
5.15744734e-01
-5.60570524e-01
1.58220985e-01
8.33682681e-01
-5.45523129e-01
-1.13100206e+00
0.00000000e+00
4.61579285e-01
-5.00101344e-01
6.46085699e-01
4.10757795e-02
-1.11531286e+00
2.08151363e-01
3.78691400e-01
-2.62179269e-01
-7.42417558e-02
7.01901563e-01
-1.87237493e-01
0.00000000e+00
-5.08597724e-01
1.12281910e-01
-1.27465250e+00
-5.09500103e-01
0.00000000e+00
0.00000000e+00
-8.11402522e-01
1.88610024e+00
-4.77046875e-01
0.00000000e+00
-7.65152399e-01
0.00000000e+00
0.00000000e+00
1.25254553e+00
-1.53872120e+00
0.00000000e+00
0.00000000e+00
0.00000000e+00
-2.96998363e-01
1.10605102e+00
-4.76057363e-02
3.55523946e-01
-1.27914092e+00
-3.04082878e-01
-1.40158869e+00
-1.36551460e+00
-1.17544073e-01
0.00000000e+00
7.55859687e-01
2.36594888e+00
6.58708354e-02
1.24477504e+00
4.04931046e-01
-2.31261794e-02
-8.17718165e-01
-2.71816057e+00
1.44254327e-01
3.89544197e-01
-3.16109152e-02
0.00000000e+00
0.00000000e+00
0.00000000e+00
-1.22264357e-01
-1.07815054e-01
-6.31641421e-01
2.96109620e-01
1.09977940e-02
-5.61915489e-02
4.31794818e-01
4.27817534e-01
4.49191934e-01
0.00000000e+00
-7.54081423e-01
-2.16280979e-01
-4.01800755e-01
-2.46916005e-01
-2.43718921e-01
2.29765805e-01
1.92320463e-01
8.00063527e-01
-1.70710288e-02
-7.18909162e-02
-7.11863076e-01
-7.65750201e-01
2.18623265e+00
1.34244459e+00
1.51946763e-01
1.32528201e+00
-5.65112892e-01
0.00000000e+00
-2.82228715e-01
0.00000000e+00
0.00000000e+00
0.00000000e+00
-2.52750522e-01
8.28982437e-01
-1.73712850e-01
-8.83600416e-01
1.32780831e-01
-1.81422062e-01
-8.60374629e-01
6.31479550e-01
4.95897563e-01
0.00000000e+00
3.06125089e-01
1.83165232e-01
-3.55562470e-01
-5.01738644e-02
7.07824439e-01
-7.15987561e-02
-5.60830773e-01
0.00000000e+00
1.16887353e-01
-5.12629747e-01
5.38871256e-02
9.18048245e-01
4.18347383e-01
-2.62713496e-01
-8.26858124e-01
-4.21168466e-01
7.29341089e-01
6.11200168e-01
2.46097773e-02
1.03910631e+00
-8.68793380e-01
0.00000000e+00
-4.05689658e-01
-1.38790033e-01
-2.22080849e-01
0.00000000e+00
247
-6.34418007e-01
-6.34418007e-01
0.00000000e+00
-4.25022741e-01
-2.09395266e-01
0.00000000e+00
0.00000000e+00
0.00000000e+00
0.00000000e+00
0.00000000e+00
0.00000000e+00
0.00000000e+00
0.00000000e+00
0.00000000e+00
0.00000000e+00
0.00000000e+00
0.00000000e+00
0.00000000e+00
0.00000000e+00
0.00000000e+00
0.00000000e+00
0.00000000e+00
0.00000000e+00
0.00000000e+00
0.00000000e+00
0.00000000e+00
0.00000000e+00
0.00000000e+00
0.00000000e+00
0.00000000e+00
0.00000000e+00
0.00000000e+00
0.00000000e+00
0.00000000e+00
0.00000000e+00
0.00000000e+00
0.00000000e+00
0.00000000e+00
0.00000000e+00
0.00000000e+00
0.00000000e+00
4.97734675e-01
-1.18057032e-02
3.42069985e-01
-5.58534016e-03
-1.03389146e+00
1.29351337e-02
-4.40331206e-01
2.18905655e-02
0.00000000e+00
0.00000000e+00
0.00000000e+00
0.00000000e+00
0.00000000e+00
0.00000000e+00
0.00000000e+00
-9.45278466e-01
2.02864215e-01
1.07996244e-01
2.85689174e+00
4.77990653e+00
0.00000000e+00
0.00000000e+00
0.00000000e+00
0.00000000e+00
0.00000000e+00
0.00000000e+00
-5.16186666e-01
-9.43226270e-01
-2.45934484e-01
-8.02843489e-01
-6.76189666e-01
-3.06929177e-01
8.58879047e-01
1.78940444e-01
2.87909358e-01
1.54294007e+00
0.00000000e+00
1.08953702e+00
-1.43297871e-01
-3.20090147e-01
-3.28195728e-01
-8.93004578e-01
-1.18932243e+00
-1.87101821e+00
6.82031051e+00
8.20873221e+00
8.02684981e+00
7.77260109e+00
8.17783720e+00
8.16137476e+00
0.00000000e+00
9.24915044e-02
4.29253635e-01
-5.69858610e-03
1.86621654e-02
-7.92486393e-01
0.00000000e+00
0.00000000e+00
2.85350486e-01
0.00000000e+00
0.00000000e+00
-3.24018969e-01
0.00000000e+00
-6.69395572e-01
0.00000000e+00
0.00000000e+00
3.49775641e-02
0.00000000e+00
0.00000000e+00
-2.50062614e+00
-1.44083626e+00
-2.05047350e+00
-1.72075744e+00
-1.19294096e+00
-3.49130975e+00
0.00000000e+00
0.00000000e+00
0.00000000e+00
1.63029478e+00
1.58653226e+00
2.59190039e+00
3.77320372e+00
-2.61876496e-01
2.05252628e+00
2.76069415e+00
2.98637274e+00
1.07394915e+00
0.00000000e+00
3.34687130e+00
2.10792509e+00
1.22617819e+00
1.77779703e+00
1.19605194e+00
2.62198866e+00
1.10988417e+00
0.00000000e+00
1.62316068e+00
2.67271249e+00
-1.61858297e+00
-9.64403109e-01
0.00000000e+00
6.80407021e-01
6.38789929e-02
-1.40156235e-01
0.00000000e+00
0.00000000e+00
0.00000000e+00
5.46140704e-01
9.40673323e-01
-5.77317320e-01
-2.28503934e-01
0.00000000e+00
6.12590622e-03
-1.33745890e-01
3.55050078e-01
1.02413448e+00
0.00000000e+00
-6.13249008e-01
1.52215360e+00
0.00000000e+00
4.40883270e-01
1.02341728e+00
5.53013723e-02
2.79370444e-01
0.00000000e+00
7.08886611e-01
2.62787342e-01
-6.54179859e-01
0.00000000e+00
-5.50818212e-01
9.46976136e-02
-1.87272678e+00
-4.76433146e-01
0.00000000e+00
0.00000000e+00
0.00000000e+00
-1.39629364e+00
0.00000000e+00
0.00000000e+00
0.00000000e+00
-2.91369840e+00
0.00000000e+00
0.00000000e+00
0.00000000e+00
8.45603871e-01
1.37970462e+00
1.79066736e+00
2.35511116e+00
-3.32714713e-01
6.03290235e-01
1.39273807e+00
1.20485446e+00
6.55735703e-01
0.00000000e+00
2.25727766e+00
1.89547125e+00
-1.60735921e-01
1.74414398e+00
8.29418776e-01
1.91640016e+00
1.42898548e+00
0.00000000e+00
1.55124153e-01
2.41722537e+00
-1.09628407e+00
-4.54797343e-01
2.53213255e+00
3.07179498e+00
2.03166574e+00
3.40926193e-02
0.00000000e+00
0.00000000e+00
0.00000000e+00
-3.94988527e-02
0.00000000e+00
-9.30910696e-01
-1.08263880e-01
0.00000000e+00
6.41483194e-02
3.88178237e-01
-4.21706968e-01
0.00000000e+00
0.00000000e+00
-8.94218679e-02
6.89603114e-02
1.13438426e-01
-1.93381014e-01
0.00000000e+00
-4.16824248e-01
-2.45558395e-01
0.00000000e+00
8.21917705e-01
-1.18010021e-01
-6.41486729e-01
1.17295472e+00
1.77646723e+00
1.04705051e+00
-1.81741433e+00
-1.26596009e+00
3.33870525e+00
2.48922602e+00
0.00000000e+00
-5.51454235e-01
1.52170131e+00
0.00000000e+00
0.00000000e+00
1 -999999999 6 0 -1
1 0 2 1 -1
-5.8731e-01 1.0501e+00
356
4.39320243e-01
0.00000000e+00
0.00000000e+00
0.00000000e+00
0.00000000e+00
0.00000000e+00
0.00000000e+00
0.00000000e+00
0.00000000e+00
0.00000000e+00
0.00000000e+00
0.00000000e+00
0.00000000e+00
0.00000000e+00
0.00000000e+00
0.00000000e+00
2.56409142e-01
1.82911101e-01
-5.62287946e-03
0.00000000e+00
0.00000000e+00
0.00000000e+00
0.00000000e+00
0.00000000e+00
0.00000000e+00
0.00000000e+00
0.00000000e+00
0.00000000e+00
2.35599450e-01
2.51101192e-01
-4.92323521e-01
-2.03760041e-01
6.43080285e-01
-2.85978892e-01
-1.26055381e+00
1.11446051e+00
2.38689121e-01
5.11124545e-02
6.21729104e-01
3.11063965e-02
-9.53997334e-02
0.00000000e+00
0.00000000e+00
0.00000000e+00
0.00000000e+00
0.00000000e+00
0.00000000e+00
0.00000000e+00
0.00000000e+00
0.00000000e+00
0.00000000e+00
-2.77951029e-01
-1.54594726e-01
-1.01651814e-01
0.00000000e+00
0.00000000e+00
0.00000000e+00
0.00000000e+00
0.00000000e+00
0.00000000e+00
-9.53818456e-02
-3.06620534e-02
3.67341304e-04
2.02315742e-01
2.48629142e-01
-5.16499959e-01
-2.46972514e-01
-9.57986143e-01
-2.10528009e-01
-1.53408685e-02
-3.84115442e-02
2.56174814e-01
-5.68084187e-03
-2.14568751e-01
3.80588487e-01
-2.48739736e-03
-4.48808005e-01
1.30849519e-02
2.87771870e-03
-4.68555591e-01
0.00000000e+00
0.00000000e+00
0.00000000e+00
0.00000000e+00
0.00000000e+00
0.00000000e+00
0.00000000e+00
-9.25509666e-02
1.68994134e-01
3.62877076e-01
-2.72509632e-01
-5.71546893e-01
-5.97698384e-01
-4.33451293e-01
-1.15972137e+00
-3.51115330e-02
-4.49658980e-01
-3.64975309e-01
-2.16250841e-01
4.68349696e-02
6.08220164e-01
3.82531609e-01
0.00000000e+00
0.00000000e+00
2.09771459e+00
2.98998893e+00
0.00000000e+00
0.00000000e+00
0.00000000e+00
0.00000000e+00
0.00000000e+00
0.00000000e+00
-1.14936753e+00
-7.63732431e-01
-6.16516458e-01
7.28236692e-02
3.44230931e-01
4.54167470e-01
-1.13084161e+00
6.21277379e-01
-9.13907433e-02
1.58181610e+00
-1.60660755e+00
8.58572773e-01
-5.64962371e-01
-1.86540280e-01
-6.33874296e-01
-4.39155460e-01
-7.37174411e-01
-2.21788221e-01
3.48589206e+00
4.62695800e+00
4.91811629e+00
4.88513711e+00
5.10513036e+00
5.25143778e+00
1.19833718e+00
1.43555937e+00
7.29795770e-01
9.83977701e-03
-3.91849729e-01
-8.87169016e-01
0.00000000e+00
2.37161075e-01
3.97240413e-02
-2.96585230e-01
-1.27086575e-01
-2.45523234e-01
0.00000000e+00
0.00000000e+00
0.00000000e+00
0.00000000e+00
2.32826358e-01
0.00000000e+00
0.00000000e+00
0.00000000e+00
2.06493886e-01
0.00000000e+00
0.00000000e+00
-1.28454208e+00
-9.72893485e-01
-5.88613595e-01
-6.85500863e-01
-6.77513011e-01
-1.65839435e+00
0.00000000e+00
0.00000000e+00
0.00000000e+00
7.30217118e-01
-3.30976777e-01
2.72093810e-01
2.39325563e+00
-3.20007540e+00
-2.06214342e-01
3.75835406e-01
1.33303738e-01
-3.55849988e-01
0.00000000e+00
1.05303150e+00
1.60688703e+00
-1.71286294e+00
7.66051533e-01
-6.57991398e-01
1.06016408e+00
-3.23087204e-01
-2.85505350e+00
-8.17071911e-01
4.09949268e-01
1.13128339e-01
0.00000000e+00
0.00000000e+00
0.00000000e+00
2.74673294e-02
-3.06362754e-01
-4.37155795e-02
-2.25761200e-01
1.49072558e-02
2.87570954e-02
2.53666879e-01
3.25166750e-01
9.13254670e-02
0.00000000e+00
3.80921748e-02
-5.36813641e-01
-4.43335921e-02
3.66733790e-02
2.81014982e-01
-1.61649652e-01
-2.98336297e-02
2.36954882e-01
-4.31407890e-02
1.70712980e-01
-5.80805495e-01
-2.77377168e-01
0.00000000e+00
4.35336767e-01
2.66402483e-01
2.35536011e-01
-5.65118413e-01
5.22052339e-02
9.11621282e-02
0.00000000e+00
0.00000000e+00
0.00000000e+00
3.36394395e-01
5.87720546e-01
4.43946638e-01
4.30457668e-01
-4.70090992e-02
6.19183959e-01
3.26450435e-01
-1.51399907e-01
-8.21043934e-02
0.00000000e+00
3.68057654e-01
8.49140739e-02
4.30259140e-02
-5.24244996e-01
-1.47615005e+00
2.52684287e-01
9.28588848e-02
-6.52602697e-01
-6.70428782e-01
1.09407601e-01
-3.03428326e-01
0.00000000e+00
-4.13385955e-01
-4.27603732e-01
-1.07758885e+00
-6.95516317e-01
0.00000000e+00
0.00000000e+00
-1.60341471e-01
6.84886880e-01
-1.52673088e+00
0.00000000e+00
-3.82072537e-01
0.00000000e+00
0.00000000e+00
-3.38670461e-01
-1.26612661e+00
0.00000000e+00
0.00000000e+00
0.00000000e+00
-1.60273784e-01
-5.46488676e-01
2.02189608e-01
9.43856255e-01
-1.92386997e+00
-1.16239015e+00
-5.97766447e-01
1.66686723e-01
-5.66081986e-01
0.00000000e+00
8.70711385e-01
1.85448931e+00
-1.59446564e+00
7.66226823e-01
1.00597268e+00
1.01173872e+00
1.29214713e-01
-2.64601219e+00
7.32607496e-01
2.47528535e-01
2.41313328e-01
0.00000000e+00
0.00000000e+00
0.00000000e+00
1.47957467e-01
-1.77532197e-03
-2.52907221e-01
-2.48952475e-01
0.00000000e+00
3.65827808e-01
1.38650079e-01
-9.71952128e-02
2.86101638e-01
0.00000000e+00
3.18400768e-02
-3.16965413e-01
2.69779581e-01
2.81499025e-01
-2.64311178e-01
-2.16310512e-01
-9.86743186e-02
0.00000000e+00
-1.80697508e-01
2.26315433e-01
-4.87759589e-01
-2.30119727e-01
6.69509622e-01
1.03941459e+00
6.76657351e-01
3.55781655e-01
-5.52199826e-01
-3.37015556e-02
-1.77157309e-01
0.00000000e+00
0.00000000e+00
0.00000000e+00
-3.45772516e-01
-2.31364648e-01
-1.80398993e-01
-3.62862683e-01
0.00000000e+00
-6.50788321e-01
-1.04485323e+00
5.96110098e-01
-4.28502020e-01
0.00000000e+00
7.71625776e-03
4.22332748e-01
2.89651711e-01
5.58193708e-01
7.73708824e-01
7.62431961e-03
-3.71516744e-01
0.00000000e+00
7.59099213e-01
-7.53337665e-02
-2.57639862e-01
7.50399996e-01
1.11215259e+00
3.27056856e-01
-7.78367017e-01
-3.58493869e-01
6.99691260e-01
1.59734563e-01
-7.78842142e-01
8.56675109e-01
-1.04177182e+00
0.00000000e+00
-4.19873148e-01
-2.78955622e-02
9.81486586e-02
-4.01895674e-01
247
-3.05514216e-01
0.00000000e+00
0.00000000e+00
0.00000000e+00
0.00000000e+00
0.00000000e+00
0.00000000e+00
0.00000000e+00
0.00000000e+00
0.00000000e+00
0.00000000e+00
0.00000000e+00
0.00000000e+00
0.00000000e+00
-2.07009017e-01
-9.85051990e-02
-1.77943797e-01
-2.90652197e-02
0.00000000e+00
0.00000000e+00
0.00000000e+00
0.00000000e+00
0.00000000e+00
0.00000000e+00
0.00000000e+00
0.00000000e+00
0.00000000e+00
-3.05514216e-01
0.00000000e+00
-3.05514216e-01
0.00000000e+00
0.00000000e+00
2.38757562e-01
-2.15428879e-03
0.00000000e+00
0.00000000e+00
0.00000000e+00
0.00000000e+00
0.00000000e+00
0.00000000e+00
0.00000000e+00
-9.36004434e-02
1.31451318e-02
2.50722168e-01
-1.16784143e-03
-2.79291827e-02
-2.00926335e-04
-4.34706758e-01
2.94312187e-03
0.00000000e+00
0.00000000e+00
0.00000000e+00
0.00000000e+00
0.00000000e+00
0.00000000e+00
0.00000000e+00
1.24846319e-01
-1.77939605e-01
-2.52420931e-01
2.33915070e+00
2.99508098e+00
0.00000000e+00
0.00000000e+00
0.00000000e+00
0.00000000e+00
0.00000000e+00
0.00000000e+00
-1.22104185e+00
-5.45940977e-01
-5.13696896e-01
7.10626978e-02
1.75584496e-01
-6.10632389e-01
-1.19759502e+00
5.21530696e-01
3.70411364e-01
8.97047753e-01
-6.69353684e-01
1.73060078e-01
-4.13452889e-01
-3.59591664e-01
-8.89124137e-01
-2.82944325e-01
-9.86596853e-01
-4.63986511e-01
5.02333576e+00
4.52413394e+00
5.41973363e+00
5.32513401e+00
5.64526462e+00
5.36559395e+00
1.95940379e+00
3.65862933e-01
3.88132085e-01
4.82193253e-01
-3.74885438e-01
-3.53180984e-01
0.00000000e+00
0.00000000e+00
-6.32080360e-01
-5.16217646e-01
-5.50656401e-01
-1.38647227e-02
0.00000000e+00
9.51011857e-02
0.00000000e+00
0.00000000e+00
-4.00615402e-01
0.00000000e+00
0.00000000e+00
-1.84560021e+00
-9.59691511e-01
-6.03979552e-01
-5.93833457e-01
-8.61161531e-01
-1.56367106e+00
0.00000000e+00
0.00000000e+00
0.00000000e+00
7.25125100e-01
4.12525244e-01
-3.93403889e-01
1.21639785e+00
-2.60428778e+00
-4.74072057e-01
4.30199617e-01
2.81308937e-01
6.57269978e-02
0.00000000e+00
1.02866729e+00
8.63210523e-01
-1.85891094e+00
5.27343129e-01
-1.11563406e-01
4.92937147e-01
-6.11192025e-01
-2.04271249e+00
-1.76235520e-01
6.65265204e-01
-5.31360727e-01
-1.01489098e-01
0.00000000e+00
8.89119797e-01
3.23488094e-01
-2.69017653e-01
0.00000000e+00
0.00000000e+00
0.00000000e+00
-1.77767863e-01
-2.97810945e-01
-8.40051104e-02
1.80835886e-03
0.00000000e+00
1.47215087e-01
-7.36528358e-02
1.63395789e-01
-3.52705899e-01
0.00000000e+00
1.78887311e-01
1.85004230e-01
-3.20759651e-03
-1.19452378e-01
7.58716769e-01
9.36297238e-02
1.44593020e-01
0.00000000e+00
1.92655032e-01
1.02138443e-01
-4.29871629e-01
0.00000000e+00
-2.62918438e-01
-1.62192500e-01
-1.03231034e+00
-8.58202414e-01
0.00000000e+00
0.00000000e+00
0.00000000e+00
-1.74107922e-01
0.00000000e+00
0.00000000e+00
-3.92911982e-01
-1.45499499e+00
0.00000000e+00
0.00000000e+00
0.00000000e+00
3.97135716e-01
1.46417513e+00
-1.95649563e-01
8.22303396e-01
-8.66658910e-01
-1.98403806e-01
-5.59342593e-01
-7.62901935e-02
7.65551187e-01
0.00000000e+00
6.62602525e-01
2.11458578e+00
-2.59983827e-01
7.94209200e-01
1.96478766e-01
7.89956176e-01
-3.98101046e-01
0.00000000e+00
1.54336970e-01
6.30637267e-02
-5.47983693e-01
-1.26677078e-01
1.13977020e+00
1.37606415e+00
1.43963044e+00
-4.64934760e-01
0.00000000e+00
0.00000000e+00
0.00000000e+00
2.13484545e-01
4.09505038e-01
4.96542652e-01
9.37779833e-01
0.00000000e+00
2.96497501e-01
3.19148950e-01
1.70725064e-01
-9.99283036e-02
0.00000000e+00
3.14766884e-01
7.05372474e-01
-1.12300225e-01
1.73589769e-01
-2.65554907e-02
3.09018813e-01
7.69165489e-01
0.00000000e+00
-1.55570767e-01
7.77203793e-01
-4.21306615e-01
7.36867532e-01
9.31477569e-01
5.24944142e-01
-9.07011295e-01
-4.67156379e-01
4.37419779e-02
6.66321056e-01
5.21097883e-01
-4.39854917e-01
-2.04839315e-01
3.07292247e-01
3.66490627e-01
3 1
-2.4445e-01 4.2849e-01
2 0
0 1 
217
3.14880652e-02
-3.25795554e-03
-1.21506287e-01
-5.85928470e-01
1.67927265e-01
1.32600025e-01
1.89844503e-01
5.49743665e-01
3.89395882e-01
6.34643326e-01
1.38697679e+00
-1.82984612e-01
0.00000000e+00
0.00000000e+00
-2.90099562e-01
1.60136351e-02
-4.44805779e-02
4.01627950e-01
-9.09968168e-03
-5.19319566e-01
-1.49241413e-01
-2.35524346e-03
-7.38855603e-01
6.92010901e-02
2.63793499e-03
-8.10796054e-01
0.00000000e+00
0.00000000e+00
0.00000000e+00
0.00000000e+00
0.00000000e+00
0.00000000e+00
0.00000000e+00
-4.64120787e-01
2.26699174e-01
2.68909679e-01
0.00000000e+00
-8.47133779e-02
1.16201443e-01
0.00000000e+00
0.00000000e+00
0.00000000e+00
0.00000000e+00
0.00000000e+00
0.00000000e+00
-3.20532990e-02
-5.26600789e-02
1.16201443e-01
0.00000000e+00
0.00000000e+00
0.00000000e+00
0.00000000e+00
0.00000000e+00
0.00000000e+00
0.00000000e+00
0.00000000e+00
0.00000000e+00
0.00000000e+00
0.00000000e+00
0.00000000e+00
1.16201443e-01
-5.26600789e-02
-3.20532990e-02
0.00000000e+00
-5.26600789e-02
0.00000000e+00
-5.25243632e-03
3.83020074e-03
8.94005804e-02
-1.43057454e-01
1.19544658e-01
-1.51597957e-01
9.03537024e-01
1.05839967e-01
1.19968285e-01
-4.22986024e-02
9.37565453e-01
0.00000000e+00
0.00000000e+00
0.00000000e+00
0.00000000e+00
0.00000000e+00
0.00000000e+00
0.00000000e+00
0.00000000e+00
0.00000000e+00
0.00000000e+00
0.00000000e+00
0.00000000e+00
0.00000000e+00
0.00000000e+00
0.00000000e+00
0.00000000e+00
0.00000000e+00
0.00000000e+00
0.00000000e+00
0.00000000e+00
0.00000000e+00
0.00000000e+00
0.00000000e+00
0.00000000e+00
0.00000000e+00
0.00000000e+00
0.00000000e+00
0.00000000e+00
0.00000000e+00
0.00000000e+00
0.00000000e+00
0.00000000e+00
0.00000000e+00
0.00000000e+00
0.00000000e+00
0.00000000e+00
0.00000000e+00
0.00000000e+00
0.00000000e+00
0.00000000e+00
0.00000000e+00
0.00000000e+00
5.98915464e-01
-4.68814485e-01
-3.04599858e-01
0.00000000e+00
0.00000000e+00
0.00000000e+00
-8.83811351e-01
-5.57856763e-01
-4.67386324e-01
6.14293664e-01
-6.75320568e-01
8.32657081e-02
7.22551983e-01
6.52376308e-01
-7.97184549e-01
0.00000000e+00
1.19758149e+00
6.61957943e-01
-1.58849495e-01
-4.11054543e-01
-6.41729156e-01
6.31668533e-01
-1.50742094e-02
-8.56138649e-01
-7.19734556e-01
1.31584468e+00
-8.73012174e-02
0.00000000e+00
0.00000000e+00
0.00000000e+00
3.12185768e-01
4.54671322e-01
9.96258965e-02
3.27590402e-01
-1.21717254e+00
-1.88797847e-01
-2.97731954e-01
-3.22853682e-01
5.28472056e-01
0.00000000e+00
-3.15613045e-01
5.48181240e-01
-6.92479141e-01
3.31852950e-01
7.49903268e-01
-5.84948889e-02
-7.68874171e-02
-2.84821150e-01
3.58748265e-01
-3.43680714e-01
-6.17044955e-01
0.00000000e+00
0.00000000e+00
0.00000000e+00
-9.07082638e-01
-4.59265236e-01
8.75519895e-01
4.68448320e-01
-4.09851885e-02
-1.05629025e+00
-6.19187674e-01
-1.58816125e+00
-4.95725237e-01
0.00000000e+00
-2.54779926e-02
2.04900515e+00
-4.02493674e-01
5.58381305e-01
-1.58195201e+00
1.09900908e+00
9.69126407e-01
-1.95809612e-01
1.28795303e-01
6.07100353e-01
-1.54558518e-01
0.00000000e+00
0.00000000e+00
0.00000000e+00
5.41197215e-01
-9.09714015e-02
-5.04277976e-01
2.26987011e-01
-8.63920119e-01
6.09406300e-01
5.10175287e-01
5.84407154e-01
5.15635455e-01
0.00000000e+00
1.22058156e-01
-6.34424638e-01
-8.99787607e-01
-8.55190729e-02
1.02558288e+00
-8.87696106e-02
-2.10530732e-01
-8.56274086e-01
1.33812703e-01
-1.89345443e-01
136
6.00856738e-01
2.92481590e-01
1.89582716e-02
8.66605930e-01
-1.20406861e-02
-1.95410133e-01
8.36975406e-04
-3.62820650e-01
2.72059819e-03
0.00000000e+00
0.00000000e+00
0.00000000e+00
0.00000000e+00
0.00000000e+00
0.00000000e+00
0.00000000e+00
1.39826470e-01
1.68258871e-01
2.92771397e-01
0.00000000e+00
-5.15025912e-02
6.52359329e-01
0.00000000e+00
0.00000000e+00
0.00000000e+00
0.00000000e+00
0.00000000e+00
0.00000000e+00
-2.07934511e-01
1.56431920e-01
6.52359329e-01
0.00000000e+00
0.00000000e+00
0.00000000e+00
0.00000000e+00
0.00000000e+00
0.00000000e+00
0.00000000e+00
0.00000000e+00
0.00000000e+00
0.00000000e+00
0.00000000e+00
0.00000000e+00
0.00000000e+00
0.00000000e+00
0.00000000e+00
0.00000000e+00
8.21860481e-01
1.28878759e-01
-5.97192378e-02
-1.42130052e+00
1.32169322e-03
-2.09256204e-01
-2.84521887e-01
-3.04530339e-01
-3.69829868e-02
0.00000000e+00
0.00000000e+00
0.00000000e+00
0.00000000e+00
6.52359329e-01
1.56431920e-01
-2.07934511e-01
0.00000000e+00
0.00000000e+00
0.00000000e+00
0.00000000e+00
0.00000000e+00
0.00000000e+00
0.00000000e+00
0.00000000e+00
0.00000000e+00
0.00000000e+00
0.00000000e+00
0.00000000e+00
0.00000000e+00
0.00000000e+00
0.00000000e+00
0.00000000e+00
0.00000000e+00
0.00000000e+00
0.00000000e+00
0.00000000e+00
0.00000000e+00
0.00000000e+00
0.00000000e+00
8.48444061e-01
8.95610572e-02
-4.37775492e-01
0.00000000e+00
0.00000000e+00
0.00000000e+00
1.47915031e-02
3.49730997e-01
-1.62086397e-02
1.39594927e+00
-2.31894451e+00
-2.64312115e-01
2.41892773e-01
4.64077679e-01
3.52953472e-01
0.00000000e+00
1.88732413e-01
1.04263934e+00
-1.41543361e+00
3.88377283e-01
7.71580353e-01
5.34528736e-01
-5.49823671e-01
-2.12042371e+00
9.78997760e-03
4.92326959e-01
-7.85177556e-01
0.00000000e+00
0.00000000e+00
0.00000000e+00
2.04069455e-01
9.37805349e-01
-5.74029110e-01
9.08977617e-01
-1.55847331e+00
-5.81418660e-01
-9.01038889e-01
-5.56950055e-01
-1.13214732e-01
0.00000000e+00
5.32023013e-01
1.81742684e+00
-3.13717565e-01
7.28832411e-01
-2.22298193e-01
6.22594663e-01
-2.61807386e-01
-2.07659960e+00
7.13323061e-02
5.51308290e-01
5 1
-8.8648e-01 5.2947e-01
3 0
0 1 3 
217
3.10102480e-01
2.33191904e-02
-3.36843916e-01
1.10828915e-01
-2.26115779e-01
3.45338311e-02
4.40612646e-01
-9.28787836e-01
-4.53200048e-01
-6.52900633e-01
-5.85716676e-01
-1.02385244e+00
1.13452234e+00
1.89007102e+00
4.78457288e-01
2.10631575e-02
2.47620471e-01
1.64108051e+00
-2.15186517e-02
2.76072268e-01
-8.33203839e-01
7.28766621e-05
6.21416911e-01
-9.76231477e-01
3.75137840e-03
4.89106161e-01
0.00000000e+00
0.00000000e+00
0.00000000e+00
0.00000000e+00
0.00000000e+00
0.00000000e+00
0.00000000e+00
-9.17258725e-02
4.43687773e-02
3.57459575e-01
0.00000000e+00
4.26960033e-01
-6.92562984e-03
-1.09931924e-01
0.00000000e+00
0.00000000e+00
0.00000000e+00
0.00000000e+00
0.00000000e+00
4.66959172e-03
4.22290442e-01
1.00656110e+00
0.00000000e+00
-6.02270853e-02
-9.53259641e-01
-1.09931924e-01
0.00000000e+00
0.00000000e+00
0.00000000e+00
0.00000000e+00
0.00000000e+00
0.00000000e+00
0.00000000e+00
0.00000000e+00
-5.66304684e-02
4.22290442e-01
-5.55574935e-02
0.00000000e+00
-5.30969200e-01
0.00000000e+00
3.22902886e-01
1.22709393e-01
5.18168794e-01
4.39808223e-01
1.06837466e-01
-1.62394960e-01
0.00000000e+00
3.19131804e-01
-5.98693444e-02
4.65281693e-02
4.41266612e-01
0.00000000e+00
-1.05801528e+00
0.00000000e+00
-4.10097034e-01
-3.21165655e-01
-7.13321616e-01
-4.27912751e-01
0.00000000e+00
0.00000000e+00
0.00000000e+00
0.00000000e+00
0.00000000e+00
0.00000000e+00
0.00000000e+00
0.00000000e+00
0.00000000e+00
0.00000000e+00
0.00000000e+00
0.00000000e+00
0.00000000e+00
0.00000000e+00
0.00000000e+00
0.00000000e+00
0.00000000e+00
0.00000000e+00
0.00000000e+00
0.00000000e+00
0.00000000e+00
0.00000000e+00
0.00000000e+00
0.00000000e+00
0.00000000e+00
0.00000000e+00
0.00000000e+00
0.00000000e+00
0.00000000e+00
0.00000000e+00
0.00000000e+00
0.00000000e+00
0.00000000e+00
0.00000000e+00
0.00000000e+00
6.62502750e-01
2.10714843e-01
-6.76345887e-01
0.00000000e+00
0.00000000e+00
0.00000000e+00
-8.61808277e-01
2.51039032e-01
5.05215951e-01
8.46981949e-01
-1.07048489e+00
3.36470448e-01
4.27919796e-03
-1.05256723e+00
-3.94615011e-01
0.00000000e+00
-6.88615179e-01
2.16352171e+00
-2.63244258e-01
4.95373928e-01
7.57955129e-01
2.18716740e-01
-7.13858928e-01
-7.61603693e-01
-1.17150727e+00
7.22404769e-01
5.27964787e-02
0.00000000e+00
0.00000000e+00
0.00000000e+00
5.33948245e-01
4.74423954e-02
-2.87552217e-01
2.21359625e-01
-7.58430279e-01
-3.41132522e-01
-4.46438916e-02
6.88458059e-01
2.09783279e-01
0.00000000e+00
5.59824962e-01
-5.32767220e-01
-8.39345072e-01
1.96476933e-01
4.02379874e-02
-3.80577027e-02
4.18292262e-01
-2.83689344e-01
4.26675985e-01
-1.64085007e-01
-9.30313909e-01
0.00000000e+00
0.00000000e+00
0.00000000e+00
4.05781043e-01
3.92182513e+00
4.89363737e-01
2.92591326e-01
-3.70426064e-02
-2.90906788e-01
-1.15123641e+00
3.78204387e-01
2.68316989e-01
0.00000000e+00
1.05286140e+00
1.99860920e+00
4.52092984e-01
-2.50643275e-02
-5.34509959e-01
2.96644015e-01
-1.67748808e-01
1.54803070e-02
4.06380931e-01
2.28357197e+00
-1.20344583e+00
0.00000000e+00
0.00000000e+00
0.00000000e+00
1.14136924e+00
-3.06954758e-01
1.03946237e+00
1.14870938e+00
-7.80600703e-02
1.76186562e+00
1.48147160e+00
7.63274376e-01
6.46324310e-01
0.00000000e+00
8.21426345e-01
1.12967231e+00
2.23598011e-01
1.68085955e+00
1.67656045e+00
1.34089416e+00
1.19307733e+00
7.06633619e-01
1.39684862e+00
2.74883179e-01
136
5.94745216e-01
8.54264318e-01
-2.83359563e-03
4.88588657e-01
-8.81484065e-03
-3.51603677e-01
-9.07077523e-05
-3.96504082e-01
2.12675340e-03
0.00000000e+00
0.00000000e+00
0.00000000e+00
0.00000000e+00
0.00000000e+00
0.00000000e+00
0.00000000e+00
1.19995867e-01
2.26604726e-01
2.48144623e-01
0.00000000e+00
-2.95482053e-01
1.19394100e-01
7.70833168e-01
0.00000000e+00
0.00000000e+00
0.00000000e+00
0.00000000e+00
0.00000000e+00
-2.74898771e-01
-2.05832822e-02
7.87459268e-01
0.00000000e+00
-4.77613211e-01
-1.90451957e-01
7.70833168e-01
0.00000000e+00
0.00000000e+00
0.00000000e+00
0.00000000e+00
0.00000000e+00
0.00000000e+00
0.00000000e+00
0.00000000e+00
0.00000000e+00
0.00000000e+00
0.00000000e+00
0.00000000e+00
7.60101475e-01
2.42997245e-01
3.04927933e-02
-4.82512767e-01
-2.70098815e-01
-4.82413167e-01
-3.04453245e-01
-2.62767979e-01
2.07011189e-01
-3.82927494e-01
8.74904709e-01
-1.53185127e-01
1.19668189e-01
-2.49494075e-01
-2.05832822e-02
-7.52511982e-01
0.00000000e+00
0.00000000e+00
0.00000000e+00
0.00000000e+00
0.00000000e+00
0.00000000e+00
0.00000000e+00
0.00000000e+00
0.00000000e+00
0.00000000e+00
0.00000000e+00
0.00000000e+00
0.00000000e+00
0.00000000e+00
0.00000000e+00
0.00000000e+00
0.00000000e+00
0.00000000e+00
0.00000000e+00
0.00000000e+00
0.00000000e+00
0.00000000e+00
0.00000000e+00
7.00962237e-01
-3.08245846e-02
-4.59045100e-01
0.00000000e+00
0.00000000e+00
0.00000000e+00
1.16320719e-01
3.71880612e-01
-1.55596799e-01
1.29643522e+00
-2.44279764e+00
-3.36922591e-01
3.50945350e-01
3.62160694e-01
3.42023326e-01
0.00000000e+00
2.20364697e-01
1.11182514e+00
-1.32276028e+00
3.52991139e-01
6.45640459e-01
5.92425165e-01
-6.92647304e-01
-1.78642209e+00
-1.10861381e-02
5.26175235e-01
-8.18907400e-01
0.00000000e+00
0.00000000e+00
0.00000000e+00
2.18176588e-01
4.03412922e-01
-7.06059812e-01
7.87564511e-01
-1.41236716e+00
-5.79736396e-01
-3.81327348e-01
-5.07861698e-01
1.35653220e-01
0.00000000e+00
4.74057645e-01
1.53745708e+00
-5.44779078e-01
5.98823195e-01
-1.42881678e-01
7.68875829e-01
1.65070039e-01
-2.14010260e+00
-1.39607769e-01
6.46725109e-01
4 1
-9.4849e-01 5.1562e-01
4 1
0 1 3 5 
217
-2.89878272e-01
1.69718220e-02
2.19420011e-01
-6.89082216e-01
0.00000000e+00
0.00000000e+00
-8.31749564e-01
8.10518313e-01
1.15560028e-01
3.20724772e-01
5.58601929e-01
-7.48726160e-02
-3.14447299e-01
-5.78412606e-01
1.50826261e-01
-5.41150021e-02
3.24195901e-01
6.94744878e-02
-9.41685433e-03
1.24811802e-01
4.55273166e-02
2.27177788e-03
-8.59786907e-02
-5.55706338e-01
-2.53894161e-03
1.14397263e-01
0.00000000e+00
0.00000000e+00
0.00000000e+00
0.00000000e+00
0.00000000e+00
0.00000000e+00
0.00000000e+00
-2.60161703e-01
-4.30139191e-01
4.00422621e-01
0.00000000e+00
-1.48924748e-01
-2.88739565e-01
3.11512318e-01
-1.63726278e-01
0.00000000e+00
0.00000000e+00
0.00000000e+00
0.00000000e+00
-3.43376492e-01
1.94451743e-01
4.70820341e-01
0.00000000e+00
-3.93831573e-01
-7.57247388e-02
-2.64745943e-01
0.00000000e+00
-4.47601372e-01
1.57597779e-01
3.37426525e-01
0.00000000e+00
6.71733754e-01
0.00000000e+00
-1.63726278e-01
2.87456668e-02
1.94451743e-01
-5.13075682e-01
6.78029267e-01
-8.34606501e-01
0.00000000e+00
-9.21575342e-03
4.55608351e-01
-1.24085284e-01
-4.91501783e-02
-2.18694291e-01
-2.94381391e-01
-4.88615123e-01
-6.37797436e-02
-4.50929319e-01
2.86977154e-01
4.53785335e-01
7.42354222e-01
-3.73035699e-01
0.00000000e+00
-1.51405403e-01
-3.89978056e-01
-5.07791393e-01
-1.23105943e-01
-4.81810190e-01
6.94035276e-02
-4.83413069e-01
-9.24551304e-02
-6.59932545e-02
2.14983521e-01
-2.35607180e-01
0.00000000e+00
0.00000000e+00
0.00000000e+00
0.00000000e+00
0.00000000e+00
0.00000000e+00
0.00000000e+00
0.00000000e+00
0.00000000e+00
0.00000000e+00
0.00000000e+00
0.00000000e+00
0.00000000e+00
0.00000000e+00
0.00000000e+00
0.00000000e+00
0.00000000e+00
0.00000000e+00
0.00000000e+00
0.00000000e+00
0.00000000e+00
0.00000000e+00
0.00000000e+00
0.00000000e+00
0.00000000e+00
0.00000000e+00
0.00000000e+00
0.00000000e+00
8.19217575e-01
-7.21383428e-01
4.41200147e-01
0.00000000e+00
0.00000000e+00
0.00000000e+00
-1.81566694e-02
6.75945418e-01
8.39628347e-01
1.05473491e+00
-1.10095645e-01
2.06410962e-01
4.59902632e-01
6.37008451e-01
4.73222778e-01
0.00000000e+00
4.40231098e-01
1.44899603e+00
3.38706753e-02
8.69607674e-01
-3.72948694e-01
4.17975557e-01
-5.22777351e-01
-1.40290410e-02
2.55312737e-01
4.78004018e-02
-1.14960856e+00
0.00000000e+00
0.00000000e+00
0.00000000e+00
1.19843995e+00
7.62780993e-01
4.42393946e-01
9.75422408e-01
-2.47718023e-01
6.72328589e-01
9.13859282e-01
6.97971097e-01
7.19241152e-01
0.00000000e+00
9.33678886e-01
6.28604584e-01
2.51734315e-01
7.40679714e-01
1.14994549e+00
1.12929272e+00
1.18788213e+00
5.19053074e-01
7.35780367e-01
1.31058765e+00
-7.45894262e-01
0.00000000e+00
0.00000000e+00
0.00000000e+00
-4.33538702e-01
-1.50133105e-01
5.68426901e-01
5.94918715e-01
-6.37280127e-02
-2.66834585e-01
5.89697209e-01
2.91036542e-01
8.20136317e-01
0.00000000e+00
2.56787155e-02
1.12416577e+00
-5.25696455e-01
4.09756378e-01
-1.40144514e+00
7.19352538e-01
3.13519562e-01
-1.27956625e-03
6.94820079e-01
5.61350173e-01
-7.70829404e-01
0.00000000e+00
0.00000000e+00
0.00000000e+00
1.06546317e+00
6.27596824e-01
4.53602115e-02
2.75227256e-01
-1.95892491e-01
5.36676565e-01
2.09194466e-01
4.56230608e-01
1.73019229e-01
0.00000000e+00
8.11374992e-01
5.48205706e-01
5.60863175e-01
9.79043754e-01
1.35171519e+00
5.98989787e-01
7.20288694e-01
-2.79904812e-03
5.00225540e-01
6.91082131e-01
136
1.64019821e-01
3.15864492e-01
-3.74780025e-03
2.13098961e-01
-2.51225864e-03
-7.50577554e-02
1.10993623e-03
-2.89885876e-01
-7.50196974e-04
0.00000000e+00
0.00000000e+00
0.00000000e+00
0.00000000e+00
0.00000000e+00
0.00000000e+00
0.00000000e+00
-9.98845064e-02
-6.15731015e-02
3.25477429e-01
0.00000000e+00
5.34806452e-02
-3.87573396e-02
1.47738971e-01
1.55754466e-03
0.00000000e+00
0.00000000e+00
0.00000000e+00
0.00000000e+00
-6.01401656e-03
5.94946618e-02
4.17208217e-01
0.00000000e+00
-1.96911369e-01
-3.58730849e-02
1.25887540e-01
0.00000000e+00
-1.79714569e-01
-4.34665334e-02
1.33219216e-01
0.00000000e+00
-1.81955544e-01
7.05877587e-02
1.55754466e-03
0.00000000e+00
0.00000000e+00
0.00000000e+00
8.03036165e-01
-7.52293363e-01
1.38339055e-01
-4.00003856e-02
-8.51486495e-01
-6.65623333e-01
1.01027834e-01
2.80826427e-01
1.12024909e-01
3.61124038e-02
3.83651479e-01
-2.92450317e-03
-2.76266072e-01
7.08560013e-02
-2.54503821e-01
-1.63308088e-01
2.19991982e-02
1.96810124e-01
-4.48916791e-02
-1.53009589e-01
0.00000000e+00
0.00000000e+00
0.00000000e+00
0.00000000e+00
0.00000000e+00
0.00000000e+00
0.00000000e+00
0.00000000e+00
0.00000000e+00
0.00000000e+00
0.00000000e+00
0.00000000e+00
0.00000000e+00
0.00000000e+00
0.00000000e+00
0.00000000e+00
0.00000000e+00
0.00000000e+00
0.00000000e+00
0.00000000e+00
7.65058882e-01
-1.67324728e-02
-5.33594431e-01
0.00000000e+00
0.00000000e+00
0.00000000e+00
1.03184498e-02
4.25995947e-01
-1.82856648e-01
1.24745097e+00
-2.27570279e+00
-3.63733224e-01
1.44307965e-01
5.71061126e-01
3.28163532e-01
0.00000000e+00
4.25298769e-01
1.20856134e+00
-1.39748648e+00
4.87685481e-01
7.11238416e-01
2.58992940e-01
-6.92451228e-01
-1.88761012e+00
1.02898679e-01
3.44272459e-01
-7.37550852e-01
0.00000000e+00
0.00000000e+00
0.00000000e+00
1.29015582e-01
8.66982291e-01
-5.99326357e-01
8.66526051e-01
-1.71356396e+00
-3.81652250e-01
-4.61797973e-01
-5.41924319e-01
-8.36207289e-02
0.00000000e+00
4.70986881e-01
1.61293648e+00
-6.87838993e-01
4.12935096e-01
-3.44465262e-01
6.76696133e-01
2.80565818e-01
-1.70751452e+00
-1.52459522e-01
6.19968698e-01
2 1
-1.4175e+00 5.4327e-01
5 1
0 1 3 5 4 
217
-3.42095011e-01
-4.77251837e-01
4.24404997e-01
1.72407412e-01
0.00000000e+00
0.00000000e+00
-4.34190492e-01
8.60442677e-01
1.74730152e-01
2.53506136e-01
-8.15953494e-02
1.12437847e-01
-5.04044141e-01
-8.83748237e-01
7.81604866e-01
-2.76143718e-02
-2.63554246e-01
3.20512263e-01
-4.13905217e-04
-5.94452299e-01
-4.07897752e-01
7.77798527e-03
-4.49059834e-01
-1.03631439e+00
2.19934805e-03
-1.68971830e-01
0.00000000e+00
0.00000000e+00
0.00000000e+00
0.00000000e+00
0.00000000e+00
0.00000000e+00
0.00000000e+00
-9.64258845e-01
-1.55703614e-01
7.77867448e-01
0.00000000e+00
-6.77912409e-01
-5.06581784e-02
3.95617028e-01
3.64959427e-01
-3.74100879e-01
0.00000000e+00
0.00000000e+00
0.00000000e+00
-8.46951701e-03
3.63989653e-01
4.76165762e-01
0.00000000e+00
-8.90777838e-01
-1.43581715e-01
-2.89839052e-01
0.00000000e+00
-2.44650018e-01
9.50236049e-02
1.39338358e-01
0.00000000e+00
8.05108896e-02
-1.07345296e+00
1.15364782e+00
-2.16627122e-01
3.63989653e-01
-4.89457542e-01
5.34056648e-01
-1.29207807e+00
0.00000000e+00
-1.45754450e-02
2.37825951e-01
4.30501853e-01
2.11895944e-01
-6.17207320e-01
-4.46179164e-01
0.00000000e+00
6.26075981e-01
-1.35123252e-01
9.52154914e-02
1.31848017e-01
9.70292387e-01
-1.48894544e-01
0.00000000e+00
-5.81732767e-01
-4.97140958e-01
-5.81760087e-01
-2.36118180e-01
-4.39221665e-01
-5.32910429e-02
5.63837453e-02
-3.35428398e-01
1.18320609e-01
4.85846095e-01
3.94379826e-01
-3.61172594e-01
1.46264674e-01
0.00000000e+00
-3.20262569e-01
3.31468099e-01
1.93075477e-01
-3.50826300e-01
0.00000000e+00
0.00000000e+00
0.00000000e+00
0.00000000e+00
0.00000000e+00
0.00000000e+00
0.00000000e+00
0.00000000e+00
0.00000000e+00
0.00000000e+00
0.00000000e+00
0.00000000e+00
0.00000000e+00
0.00000000e+00
0.00000000e+00
0.00000000e+00
0.00000000e+00
0.00000000e+00
0.00000000e+00
0.00000000e+00
0.00000000e+00
7.07560699e-01
3.24621393e-01
-3.77197142e-01
0.00000000e+00
0.00000000e+00
0.00000000e+00
5.23405762e-02
5.10681586e-02
-3.19218179e-01
1.16463475e-01
-4.38743872e-01
4.67992166e-02
1.03357206e+00
4.51313311e-01
7.95917986e-01
0.00000000e+00
1.23974919e-03
-1.29453439e+00
-1.56824109e-01
-2.00098221e-01
-9.77095343e-01
-1.49298073e-01
1.55486154e-01
2.62381499e-02
-2.27713856e-01
6.55890061e-01
-8.42040421e-02
0.00000000e+00
0.00000000e+00
0.00000000e+00
2.76903445e-01
7.51480287e-02
-7.29424726e-02
-2.84223037e-01
-8.88814426e-01
-4.19164686e-01
-1.15144794e-01
-1.88441763e-01
-9.26440021e-02
0.00000000e+00
3.48411665e-01
8.73313220e-01
-7.77478011e-01
3.56937727e-01
5.57798737e-01
3.24156962e-01
-1.65113599e-01
-2.36726634e-01
2.13766526e-01
1.30053072e-01
-1.19918301e+00
0.00000000e+00
0.00000000e+00
0.00000000e+00
5.67154276e-01
7.30437372e-01
-8.79979131e-01
8.93591285e-01
0.00000000e+00
1.10059994e-01
-1.01110310e+00
4.89960400e-01
-5.18805129e-01
0.00000000e+00
1.40454376e+00
1.51385063e+00
-2.74210729e-01
1.49626544e-01
3.26844335e-01
-6.69900629e-01
3.36511591e-01
0.00000000e+00
-3.37395346e-01
8.88753096e-01
-4.80062333e-01
0.00000000e+00
0.00000000e+00
0.00000000e+00
4.23996607e-01
4.27957983e-01
1.08057412e+00
4.03427778e-01
0.00000000e+00
7.34914467e-01
1.13316652e+00
9.00146133e-02
1.02044871e+00
0.00000000e+00
6.62728305e-01
7.88650587e-01
7.96245334e-01
7.87047170e-01
8.62132742e-01
8.80732767e-01
7.36449033e-01
0.00000000e+00
7.73244319e-01
5.06487452e-01
136
2.19386930e-01
7.44769374e-02
1.38819366e-02
2.21708540e-01
-9.74539357e-04
7.04260999e-02
2.03859087e-03
-1.47224648e-01
-3.13219714e-04
0.00000000e+00
0.00000000e+00
0.00000000e+00
0.00000000e+00
0.00000000e+00
0.00000000e+00
0.00000000e+00
-1.16444835e-01
-9.08882292e-02
4.26719993e-01
0.00000000e+00
2.42882530e-02
-1.13669214e-01
-6.63360583e-02
5.85949088e-01
-2.10845139e-01
0.00000000e+00
0.00000000e+00
0.00000000e+00
-2.83762773e-01
1.71670587e-01
5.25345837e-01
0.00000000e+00
-3.35673395e-01
-1.64157657e-01
4.25426575e-01
0.00000000e+00
-2.17637381e-01
-1.09976535e-01
3.36661605e-01
0.00000000e+00
-3.02249829e-02
3.11970773e-01
-4.10255723e-01
0.00000000e+00
0.00000000e+00
0.00000000e+00
7.01164358e-01
-4.91657190e-01
1.40211451e-01
-6.40466881e-02
-6.64424412e-01
-3.88686102e-01
-4.78612430e-01
-6.83287364e-02
2.02692712e-03
4.24329707e-02
3.67070880e-01
5.52304602e-02
-1.97732377e-01
5.71664237e-02
1.13248821e-01
-3.04787181e-02
2.90540106e-01
1.71886445e-01
-2.06157054e-02
-2.50730336e-01
-2.27308520e-01
3.33371712e-01
2.89462338e-02
1.68624476e-01
-7.76869904e-02
0.00000000e+00
0.00000000e+00
0.00000000e+00
0.00000000e+00
0.00000000e+00
0.00000000e+00
0.00000000e+00
0.00000000e+00
0.00000000e+00
0.00000000e+00
0.00000000e+00
0.00000000e+00
0.00000000e+00
0.00000000e+00
0.00000000e+00
7.66658015e-01
-1.74801386e-01
-4.97880082e-01
0.00000000e+00
0.00000000e+00
0.00000000e+00
1.72810943e-02
3.76943666e-01
-1.17955079e-01
1.34729463e+00
-2.49120712e+00
-2.93718708e-01
1.20308744e-01
5.13407065e-01
1.57993441e-01
0.00000000e+00
3.50918435e-01
1.18668925e+00
-1.44881609e+00
4.57796128e-01
7.04731686e-01
5.03034253e-01
-4.04064327e-01
-1.84123046e+00
-3.89448458e-03
3.66607789e-01
-8.57196911e-01
0.00000000e+00
0.00000000e+00
0.00000000e+00
2.13560890e-01
6.79332550e-01
-7.37266166e-01
7.73511483e-01
-1.64722898e+00
-3.37947542e-01
-4.87923214e-01
-3.94948375e-01
-1.10992304e-01
0.00000000e+00
3.51333735e-01
1.40992196e+00
-6.43719168e-01
5.40026883e-01
-3.04838914e-01
7.62909983e-01
2.91278105e-01
-1.67596686e+00
-6.59110170e-02
5.27670048e-01
10 2
-1.3889e+00 5.5516e-01
6 -1
0 1 3 5 4 2 
217
4.00268869e-01
6.49288514e-01
-1.60501794e-01
-4.53273964e-01
-4.12097886e-01
-3.55217477e-01
-9.29225726e-01
8.22679988e-01
2.00196371e-01
4.07435915e-01
1.04091074e+00
5.40785526e-01
5.00485368e-01
-3.31359669e-01
0.00000000e+00
0.00000000e+00
0.00000000e+00
0.00000000e+00
0.00000000e+00
0.00000000e+00
0.00000000e+00
0.00000000e+00
0.00000000e+00
-6.67873383e-01
7.29062470e-04
-2.20169082e-01
0.00000000e+00
0.00000000e+00
0.00000000e+00
0.00000000e+00
0.00000000e+00
0.00000000e+00
0.00000000e+00
-5.17175826e-01
-1.20125000e-01
1.03756970e+00
0.00000000e+00
-9.77090708e-02
-1.25960227e-01
-2.30906620e-01
-1.14182013e-01
4.32269718e-01
5.36757082e-01
0.00000000e+00
0.00000000e+00
1.04830733e-01
4.25656894e-01
4.40757743e-01
0.00000000e+00
-9.56538883e-01
2.83815151e-01
-5.43561757e-01
0.00000000e+00
-1.35575134e-01
0.00000000e+00
9.93343789e-01
0.00000000e+00
5.08863061e-01
0.00000000e+00
3.01206007e-01
-8.63495614e-02
4.25656894e-01
6.09615358e-02
6.73847359e-01
-9.86904049e-01
0.00000000e+00
8.84273549e-02
6.56726525e-01
6.24898204e-01
5.35761854e-01
-3.29303809e-01
-1.49116414e-01
0.00000000e+00
6.36375240e-01
-5.45013845e-01
2.42313851e-01
-2.34006224e-01
6.27852101e-01
-3.44389618e-01
0.00000000e+00
2.96698046e-01
-4.70052235e-01
-1.79891660e-01
-3.08821689e-01
-9.75233795e-01
7.30193676e-01
-9.25792779e-01
1.29414425e-01
4.77960813e-01
5.15894562e-01
6.23276680e-02
-5.33169174e-01
-1.27730615e-01
0.00000000e+00
4.30956730e-02
-1.26205101e-01
1.01807299e+00
9.55064421e-01
6.44904618e-01
-7.12150709e-01
0.00000000e+00
4.65501393e-01
-9.24732464e-02
2.01356727e-03
-1.48855194e-01
0.00000000e+00
0.00000000e+00
0.00000000e+00
0.00000000e+00
0.00000000e+00
0.00000000e+00
0.00000000e+00
0.00000000e+00
0.00000000e+00
0.00000000e+00
0.00000000e+00
0.00000000e+00
0.00000000e+00
0.00000000e+00
7.27132360e-01
-1.04360543e+00
4.45977244e-01
0.00000000e+00
0.00000000e+00
0.00000000e+00
3.33507893e-01
-1.80411346e+00
4.62403911e-01
1.47172667e+00
-1.56083701e+00
-2.65966947e-01
3.88062639e-01
9.05967366e-02
3.35790734e-01
0.00000000e+00
-3.28264629e-01
8.66588781e-01
-1.05863137e+00
6.06469935e-01
7.84122135e-01
2.92223291e-01
-3.98489595e-01
-1.14279943e-01
-6.39097410e-01
9.84164886e-01
-5.50519008e-01
0.00000000e+00
0.00000000e+00
0.00000000e+00
-3.95346873e-02
1.07478911e+00
-3.48378703e-01
3.51704809e-01
-2.14911514e-01
-7.28075524e-02
-1.62765963e-02
-1.79398647e-01
-1.56372007e-01
0.00000000e+00
2.68246298e-01
1.13974749e-01
-1.48127000e-01
-7.48839360e-02
-4.13898816e-01
1.15890789e-01
2.25722155e-01
-9.15571280e-01
1.64896684e-01
-2.85582868e-01
-1.80329838e+00
0.00000000e+00
0.00000000e+00
0.00000000e+00
7.69021869e-01
3.24243318e-01
3.20607825e-01
4.01943706e-01
-2.32393500e-02
3.41205656e-01
5.22750867e-01
3.03350050e-01
-1.91901685e-01
0.00000000e+00
1.31755898e+00
2.06356357e+00
4.33675480e-01
6.04627256e-01
-1.09154846e+00
-1.63466603e-02
1.22938471e+00
-3.16893684e-02
2.53656562e-01
1.00352551e+00
-9.33715805e-01
0.00000000e+00
0.00000000e+00
0.00000000e+00
9.64932026e-01
4.11269322e-01
3.93089175e-01
1.11589869e+00
-4.92246046e-02
9.95127095e-01
2.95786741e-01
7.98080828e-01
1.15621814e+00
0.00000000e+00
6.96856184e-01
1.00767494e+00
6.95604916e-01
1.42701636e+00
1.89758520e+00
1.63276225e+00
9.55012975e-01
-3.00728121e-02
9.18032557e-01
9.94895704e-01
136
7.68743677e-02
6.03035434e-02
-1.45867834e-02
1.93422679e-01
4.30778082e-03
1.24875958e-01
6.75652196e-03
-3.01727813e-01
8.73721108e-04
0.00000000e+00
0.00000000e+00
0.00000000e+00
0.00000000e+00
0.00000000e+00
0.00000000e+00
0.00000000e+00
-2.03906301e-01
-1.07011714e-01
3.87792382e-01
0.00000000e+00
1.66621279e-01
-1.53776754e-01
-3.57114332e-01
4.65375346e-02
5.80467743e-02
3.16559866e-01
0.00000000e+00
0.00000000e+00
-2.20112672e-01
-1.37044017e-01
4.86060424e-01
0.00000000e+00
-1.88859293e-01
-2.39093091e-01
4.02121208e-01
0.00000000e+00
-1.88557980e-01
-2.09348093e-01
3.97740321e-01
0.00000000e+00
1.62928589e-01
1.45009739e-01
-3.33970765e-01
0.00000000e+00
0.00000000e+00
0.00000000e+00
3.15094774e-01
-7.55570238e-01
1.21206543e-01
-6.40796097e-02
-8.25714516e-01
-1.09885841e-01
-3.24715516e-01
1.88071347e-01
8.62810327e-02
3.32213782e-01
4.30757482e-01
-3.02019500e-01
-1.92060469e-01
1.29883646e-02
-1.81635687e-01
-1.13927790e-01
3.31672487e-01
1.47179954e-01
3.49020265e-02
-2.15508224e-01
9.82070559e-02
-4.34521445e-02
1.98196750e-02
1.57025546e-01
-2.97942725e-01
-7.97844684e-02
-3.39259362e-02
-8.89095623e-02
3.66523834e-01
-7.07300399e-02
0.00000000e+00
0.00000000e+00
0.00000000e+00
0.00000000e+00
0.00000000e+00
0.00000000e+00
0.00000000e+00
0.00000000e+00
0.00000000e+00
0.00000000e+00
7.42737647e-01
2.26380389e-02
-5.20118527e-01
0.00000000e+00
0.00000000e+00
0.00000000e+00
-4.20105581e-03
3.44666419e-01
-1.87557473e-01
1.17745185e+00
-2.45664255e+00
-3.25279748e-01
1.31603036e-01
5.09279340e-01
1.86828782e-01
0.00000000e+00
3.79904521e-01
1.32310289e+00
-1.39602407e+00
4.97302738e-01
7.88249455e-01
4.38718972e-01
-5.49056989e-01
-1.85944294e+00
2.54698666e-02
4.55508427e-01
-6.67010828e-01
0.00000000e+00
0.00000000e+00
0.00000000e+00
2.49698683e-01
6.35443913e-01
-4.60892883e-01
7.46487426e-01
-1.62806078e+00
-3.70825140e-01
-4.73522621e-01
-4.84057757e-01
-9.51798909e-02
0.00000000e+00
4.44847726e-01
1.49744768e+00
-6.15319599e-01
5.10461125e-01
-2.22544845e-01
6.63165803e-01
2.68325455e-01
-1.81236295e+00
-1.79127997e-01
6.59005821e-01
7 1
-1.6338e+00 5.6190e-01
7 1
0 1 3 5 4 2 10 
217
3.07175590e-02
-3.24418304e-01
-1.80290931e-01
-7.50758799e-02
0.00000000e+00
0.00000000e+00
7.89470489e-01
-3.53370859e-01
6.74875959e-01
2.56230231e-01
6.81658127e-01
-1.02713698e-01
-1.05640242e+00
-1.03927937e-01
1.91332778e+00
-7.86528788e-02
-4.68061750e-01
7.53799854e-01
6.13903622e-04
-8.26238402e-01
-6.71233406e-01
1.82570942e-03
-2.21799196e-01
-1.96517667e+00
3.45831994e-04
2.44735440e-01
0.00000000e+00
0.00000000e+00
0.00000000e+00
0.00000000e+00
0.00000000e+00
0.00000000e+00
0.00000000e+00
-3.80520712e-01
-1.49159158e-01
5.60397430e-01
0.00000000e+00
-1.75406806e-01
-3.97938282e-01
-2.83256805e-01
-9.18109530e-02
8.02888685e-01
0.00000000e+00
0.00000000e+00
0.00000000e+00
4.79969633e-02
7.11423526e-02
6.74722674e-01
0.00000000e+00
-5.09981742e-01
-3.64474963e-01
-3.32144122e-02
0.00000000e+00
-5.03160701e-01
-2.16264242e-01
9.92465252e-02
0.00000000e+00
1.55737544e-01
1.87437341e-01
4.21530220e-01
3.65134242e-01
7.11423526e-02
-4.05559035e-01
-5.10349997e-01
1.88190486e-01
0.00000000e+00
-2.03699746e-01
1.06205191e+00
5.56576817e-01
2.73893620e-01
-1.78997527e+00
9.80567338e-01
0.00000000e+00
1.07940437e+00
-4.62840911e-01
-2.39278873e-01
-1.39078670e+00
3.60466046e-01
-1.86782475e-01
0.00000000e+00
8.87968260e-03
-2.88691870e-01
-1.51845695e-01
-8.11580165e-01
-2.93868844e-01
1.80059717e-01
-1.55400782e+00
-1.02676074e+00
1.92079297e+00
1.17128743e+00
2.20974622e-01
0.00000000e+00
-2.06444885e-01
0.00000000e+00
5.04044676e-01
-5.88884817e-01
-2.66882232e-01
-7.38999401e-01
0.00000000e+00
-7.95096638e-01
0.00000000e+00
2.83962594e-01
1.88249569e-02
5.41851603e-01
-1.46541449e+00
0.00000000e+00
8.07653439e-02
0.00000000e+00
1.10545406e-01
-6.18208680e-02
-1.60593191e-01
-2.98685043e-01
0.00000000e+00
0.00000000e+00
0.00000000e+00
0.00000000e+00
0.00000000e+00
0.00000000e+00
0.00000000e+00
1.46324137e+00
-9.76523258e-02
1.01932996e+00
0.00000000e+00
0.00000000e+00
0.00000000e+00
3.07409852e-01
4.52359345e-01
1.10052704e-02
1.24247706e+00
-1.11152147e-01
-1.17062728e+00
-7.80174353e-01
3.18949207e-01
8.74983221e-01
0.00000000e+00
8.36727363e-01
1.15561809e+00
-4.67603902e-02
2.26091977e-01
6.77788646e-01
2.44055243e+00
2.95932872e-01
-1.14986296e-01
1.03908664e+00
2.52074278e-02
-1.54696257e+00
0.00000000e+00
0.00000000e+00
0.00000000e+00
5.93814050e-01
8.43371400e-01
1.06203652e+00
9.71658438e-01
-2.32797707e-01
1.39614701e+00
1.43791051e+00
9.80904575e-01
5.64236873e-01
0.00000000e+00
7.44107846e-01
7.88603322e-01
-5.10942242e-02
1.15191619e+00
8.94891453e-01
-2.33283278e-01
4.82499056e-01
-1.91309016e-01
5.52155932e-01
1.20515667e+00
-1.27789089e-01
0.00000000e+00
0.00000000e+00
0.00000000e+00
1.00007381e-01
0.00000000e+00
7.01503402e-01
4.14030872e-01
-9.01973753e-01
-6.94988458e-01
4.93891076e-01
-5.16259925e-01
4.24907218e-01
0.00000000e+00
1.79837669e-01
7.90943507e-01
-9.85686322e-02
7.30898693e-01
-4.71167137e-01
3.26721316e-01
-2.40119669e-01
0.00000000e+00
-2.47229395e-01
6.46280641e-01
-4.95976517e-01
0.00000000e+00
0.00000000e+00
0.00000000e+00
3.08899086e-01
0.00000000e+00
-5.53006473e-01
2.97417438e-01
-5.69872929e-02
5.04149533e-01
-3.99602655e-01
-2.06152851e-01
2.03760846e-01
0.00000000e+00
5.43563464e-01
3.68668872e-01
2.44931992e-01
4.81218043e-01
4.76276980e-01
2.64274454e-01
8.97831881e-01
0.00000000e+00
2.40400116e-01
1.18947176e-01
136
-1.91831200e-01
3.48200579e-01
-1.55143410e-02
1.41483759e-01
-4.02802731e-03
-2.26644392e-01
1.23193154e-03
-4.54871146e-01
-4.74855309e-04
0.00000000e+00
0.00000000e+00
0.00000000e+00
0.00000000e+00
0.00000000e+00
0.00000000e+00
0.00000000e+00
-2.31376793e-01
-2.09160367e-01
2.48705960e-01
0.00000000e+00
-2.25772568e-01
-1.84193204e-01
-2.50466434e-01
3.81306690e-03
6.57323819e-02
2.40993828e-01
1.58061730e-01
0.00000000e+00
-6.62520906e-01
3.31775773e-01
5.56540305e-01
0.00000000e+00
-8.14092061e-01
-3.15043522e-02
6.84817646e-01
0.00000000e+00
-6.57121943e-01
-2.11297235e-01
6.00833637e-01
0.00000000e+00
-1.58385746e-01
-9.37221572e-03
1.78495897e-01
0.00000000e+00
0.00000000e+00
0.00000000e+00
5.17036899e-01
-4.37434929e-01
1.57956089e-01
-5.87176158e-02
-8.32112694e-01
-1.29051511e+00
-1.00160554e+00
-2.63957462e-01
-2.01309294e-01
3.41854860e-01
2.51298848e-01
-2.93089216e-01
-1.94576909e-01
-4.73360166e-02
-2.92281006e-01
-4.58816287e-01
-6.47075628e-02
-8.68709840e-03
-3.92888272e-02
-1.52535829e-01
0.00000000e+00
1.55120137e+00
2.55686853e-01
3.82064594e-01
-6.45495416e-02
0.00000000e+00
1.27560786e+00
7.94276418e-02
5.69295771e-01
-9.48123372e-03
0.00000000e+00
3.54708280e-01
2.16865647e-01
5.67208085e-02
1.77754984e-03
0.00000000e+00
0.00000000e+00
0.00000000e+00
0.00000000e+00
0.00000000e+00
7.38961367e-01
-1.01513634e-01
-4.76881215e-01
0.00000000e+00
0.00000000e+00
0.00000000e+00
7.63550881e-02
3.87065030e-01
-1.88151157e-01
1.29659429e+00
-2.37193968e+00
-4.57149814e-01
1.30403955e-01
3.61703860e-01
1.89000698e-01
0.00000000e+00
4.14506503e-01
1.21931032e+00
-1.41959027e+00
4.73045542e-01
6.55520207e-01
5.28605288e-01
-3.14116254e-01
-1.79777192e+00
-6.04981943e-02
4.00225287e-01
-8.55602609e-01
0.00000000e+00
0.00000000e+00
0.00000000e+00
2.72171638e-01
5.41306210e-01
-6.19247596e-01
8.36242527e-01
-1.77527985e+00
-4.43174346e-01
-4.42857928e-01
-3.97816168e-01
-6.07519556e-02
0.00000000e+00
4.60045060e-01
1.50206805e+00
-6.63012742e-01
5.48960582e-01
-1.85787151e-01
7.65764697e-01
2.53628326e-01
-1.95460776e+00
-9.43299922e-02
6.01075791e-01
9 1
-1.8831e+00 5.6985e-01
8 1
0 1 3 5 4 2 10 7 
217
3.06585354e-01
-1.16775060e+00
3.80710287e-02
0.00000000e+00
0.00000000e+00
0.00000000e+00
3.99487401e-01
4.37494172e-01
3.12003791e-01
2.36042415e-01
-4.18959994e-01
-3.30506550e-01
-7.58863057e-01
-1.39959078e+00
-2.68402367e-01
6.12949658e-02
-1.58475689e+00
5.94159764e-01
1.21188220e-02
-1.18265862e+00
-3.44162763e-01
7.66701345e-03
-5.38800338e-01
3.24990721e-01
5.85875905e-03
-3.44645480e-01
0.00000000e+00
0.00000000e+00
0.00000000e+00
0.00000000e+00
0.00000000e+00
0.00000000e+00
0.00000000e+00
-1.45609324e+00
3.39722630e-02
1.72870633e+00
0.00000000e+00
-3.44526016e-01
-5.36864566e-01
-5.06932134e-01
1.95705059e-01
8.60673060e-01
4.61686775e-01
0.00000000e+00
0.00000000e+00
2.59482888e-01
-2.75373117e-01
5.15331083e-01
0.00000000e+00
9.59684935e-02
-1.08208301e+00
5.29350364e-02
0.00000000e+00
3.61187028e-01
-7.04271099e-01
5.22476672e-01
0.00000000e+00
0.00000000e+00
0.00000000e+00
6.02483947e-01
1.34527135e-01
-2.75373117e-01
4.47431336e-01
-5.01488813e-01
-1.64611636e-01
0.00000000e+00
5.58560914e-01
1.40831668e-01
4.14124890e-01
1.12199018e-01
1.49508937e+00
-2.21563031e+00
0.00000000e+00
8.47994112e-01
-4.83203306e-01
1.79132177e-01
5.76012512e-01
5.42726824e-01
1.36106632e-01
0.00000000e+00
-6.86812979e-01
3.30341047e-01
3.14564878e-01
2.61766960e-02
3.57149667e-01
-7.90888290e-01
5.22136736e-01
1.07798192e+00
-2.02736501e+00
-3.37657945e-01
5.13172431e-02
-1.01613950e+00
-7.37614379e-02
0.00000000e+00
1.24033385e+00
-8.23800900e-01
1.56152442e-01
-4.60992720e-01
0.00000000e+00
-3.67046840e-01
0.00000000e+00
6.60852906e-01
-9.19530521e-01
3.20536956e-01
1.43027560e+00
0.00000000e+00
3.26041835e-01
0.00000000e+00
5.29344051e-01
3.31238593e-01
-5.48800531e-01
-1.14305276e+00
-1.12704948e+00
4.78560229e-03
-2.72789333e-01
6.71137170e-01
-1.08147426e+00
7.57712059e-01
1.67132766e-01
1.13243409e+00
1.63667009e+00
-5.34148094e-01
0.00000000e+00
0.00000000e+00
0.00000000e+00
7.88294619e-02
-3.04996304e-01
1.23547224e+00
1.53174588e+00
-7.03526569e-01
-4.97339357e-03
5.20381899e-01
4.57777512e-01
7.60906964e-01
0.00000000e+00
-8.09102905e-02
3.64933000e-01
-9.80784224e-02
1.00071169e-02
1.90051912e-01
6.83634323e-01
1.39333030e+00
3.14932675e-01
-4.78922827e-01
1.02498310e+00
-9.67273445e-01
0.00000000e+00
0.00000000e+00
0.00000000e+00
6.99956945e-01
1.22575718e+00
-1.24537100e-01
9.21124432e-01
5.65732938e-01
-1.30783252e-02
6.42009876e-01
1.24280889e+00
8.38230686e-01
0.00000000e+00
1.03001410e+00
1.08570105e+00
-2.04070316e-01
1.41491340e+00
1.17068721e+00
1.39075981e+00
5.92468325e-01
6.78349575e-01
1.12004412e+00
1.02617965e+00
-3.67909994e-01
0.00000000e+00
0.00000000e+00
0.00000000e+00
1.19485114e+00
1.55378265e+00
-3.06351763e-01
-2.82053887e-02
-1.46506208e-01
-4.13883191e-01
6.75411118e-01
6.24807796e-01
-1.59305057e-02
0.00000000e+00
1.90385334e+00
-5.60311078e-01
0.00000000e+00
-2.49738269e-01
-8.52283533e-01
-2.35771713e+00
1.82924470e+00
0.00000000e+00
0.00000000e+00
-1.09629429e-01
-3.27617317e-01
0.00000000e+00
0.00000000e+00
0.00000000e+00
6.47032001e-02
1.61513198e-01
5.11610427e-01
-8.61344627e-02
-4.29754759e-01
9.21165281e-01
2.09929496e-01
6.52576614e-02
-1.63518157e-02
0.00000000e+00
8.79197842e-02
1.13354731e+00
0.00000000e+00
9.77990362e-01
8.41111181e-01
1.54130259e+00
-1.87065161e-01
0.00000000e+00
0.00000000e+00
6.07046222e-01
136
1.95395982e-01
-4.32499115e-01
3.01210795e-02
1.98087358e-01
2.77569720e-03
2.43076324e-01
2.78728481e-03
1.86731414e-01
-1.37710765e-03
0.00000000e+00
0.00000000e+00
0.00000000e+00
0.00000000e+00
0.00000000e+00
0.00000000e+00
0.00000000e+00
-4.98337926e-02
-6.02525477e-02
3.05482322e-01
0.00000000e+00
7.62273504e-02
-4.74731070e-02
-6.68840697e-02
2.80896067e-02
2.04036673e-01
-9.62555732e-02
9.76551019e-02
0.00000000e+00
-3.81099437e-01
3.17503833e-01
4.60698093e-01
0.00000000e+00
-3.57556557e-01
-4.36191113e-02
4.84503115e-01
0.00000000e+00
-4.74614501e-01
-6.46513831e-02
4.32443379e-01
0.00000000e+00
-9.50926198e-02
1.53604914e-02
-9.84793209e-02
0.00000000e+00
0.00000000e+00
0.00000000e+00
5.66402109e-01
-3.41808279e-01
1.72558521e-01
-1.07179862e-02
-1.11007023e+00
-7.38442258e-01
-5.69920858e-01
-9.64361441e-02
-7.46840718e-02
3.03251132e-01
3.81197388e-01
-9.09174036e-02
-1.61087498e-01
1.65184565e-02
-8.55545560e-02
-2.92330122e-01
-1.76959994e-02
1.31984317e-01
-3.81344816e-02
-2.31585198e-01
1.39350307e-01
-9.20537674e-02
-4.33738491e-02
6.69881148e-02
4.49406707e-02
-2.72672367e-01
3.42617082e-01
-6.22095946e-02
4.02043551e-01
-5.37736262e-01
0.00000000e+00
6.50697189e-01
2.83263621e-01
9.36120189e-02
-1.39004029e-01
4.15990633e-01
-3.17826453e-01
-1.63690106e-01
6.86910370e-02
-2.63406768e-02
7.41061820e-01
-1.07640760e-01
-4.98704382e-01
0.00000000e+00
0.00000000e+00
0.00000000e+00
5.34279612e-02
3.17064648e-01
-1.20711870e-01
1.37482821e+00
-2.44050530e+00
-3.57766671e-01
2.60426299e-01
4.97408306e-01
1.80447070e-01
0.00000000e+00
3.79271293e-01
1.22054148e+00
-1.55775380e+00
3.49872461e-01
7.29613283e-01
5.02121085e-01
-4.00119815e-01
-1.94881713e+00
-5.64157083e-03
4.67589682e-01
-8.33310559e-01
0.00000000e+00
0.00000000e+00
0.00000000e+00
2.69161431e-01
7.01629382e-01
-5.60431547e-01
8.00137665e-01
-1.67309923e+00
-4.01131204e-01
-5.04182065e-01
-4.57228175e-01
-9.13927593e-02
0.00000000e+00
3.97630048e-01
1.45295911e+00
-6.67180009e-01
5.87079148e-01
-1.93454505e-01
6.82466772e-01
2.07046636e-01
-2.01806315e+00
-2.89387101e-02
6.63680611e-01
8 1
-2.1551e+00 5.8103e-01
8 1
0 1 3 5 4 2 10 7 
217
3.57615979e-02
-8.23153592e-01
2.00182384e-02
3.61822293e-01
0.00000000e+00
0.00000000e+00
-3.73206776e-01
1.48177792e+00
8.36040269e-01
-1.02317027e+00
1.17951132e+00
-2.31377749e+00
-4.29237328e-01
-5.62493525e-01
4.61648310e-01
1.15047006e-01
-1.47485446e+00
5.90915203e-01
-2.51276690e-03
1.83815494e-01
2.22683520e-01
-2.87904893e-03
2.51014921e-01
-1.23948543e+00
5.61474318e-03
6.10985640e-01
0.00000000e+00
0.00000000e+00
0.00000000e+00
0.00000000e+00
0.00000000e+00
0.00000000e+00
0.00000000e+00
-8.17889189e-01
9.95546078e-02
7.54096179e-01
0.00000000e+00
-9.76536940e-01
-3.98484761e-01
1.87959234e-01
5.52088712e-01
1.65543622e+00
1.63082017e+00
0.00000000e+00
0.00000000e+00
-7.00397653e-01
-1.03369948e-01
1.00881066e-01
0.00000000e+00
-5.73135763e-01
1.14502553e+00
5.11420868e-01
0.00000000e+00
-2.10140432e-01
0.00000000e+00
8.86489926e-01
0.00000000e+00
1.38777763e+00
0.00000000e+00
-1.04329856e+00
-1.27487387e-02
-1.03369948e-01
1.51880285e-01
0.00000000e+00
-1.36197016e+00
0.00000000e+00
-1.88660988e-02
5.35539298e-01
3.78463183e-01
-4.37915317e-02
7.94802159e-01
-8.90698379e-01
0.00000000e+00
5.23947474e-01
-2.23642852e-01
-3.92289655e-01
-9.66033066e-01
9.08418281e-01
-1.44688014e-02
0.00000000e+00
-2.75428732e-01
4.74940695e-01
-5.82759150e-01
-4.47337235e-01
-6.74241878e-01
1.05466598e+00
1.38639846e-01
-5.18926972e-01
5.45047631e-01
1.74264467e-01
8.38654131e-01
-6.93494038e-01
-7.21672298e-02
0.00000000e+00
-8.53156713e-02
-8.43622661e-01
8.86738537e-01
1.27104973e+00
0.00000000e+00
7.62801689e-01
0.00000000e+00
1.22024151e+00
-8.99888681e-01
-2.73965575e-01
-3.08855012e+00
0.00000000e+00
-1.65312029e-01
0.00000000e+00
-4.74912104e-02
-3.09681001e-01
2.48564838e-01
9.97430785e-01
9.72437413e-01
-3.67462439e-01
6.25026791e-01
1.82380853e-01
-7.75519509e-01
-7.51594230e-01
-6.68287481e-01
1.14682260e+00
-6.16063819e-01
-7.71819730e-02
0.00000000e+00
0.00000000e+00
0.00000000e+00
7.14784393e-01
3.17550948e-01
-9.64453308e-02
-5.45604188e-01
-1.31967355e-01
1.85402432e-01
1.39373062e+00
-7.57514166e-01
8.22033628e-01
0.00000000e+00
9.30904432e-01
2.58305155e+00
-2.20503625e-04
1.07783440e+00
1.91406578e-01
6.57269618e-01
-2.10777609e-01
-4.73108156e-02
6.55417417e-01
1.73849039e+00
-1.61988973e+00
0.00000000e+00
0.00000000e+00
0.00000000e+00
1.01783396e+00
1.22646599e+00
1.19310059e+00
1.97161487e+00
-2.79527574e-01
9.22805532e-01
6.93757463e-01
1.54385027e+00
1.01017001e+00
0.00000000e+00
9.83568924e-01
-5.33425531e-02
-7.64740940e-04
7.35479067e-01
7.20664410e-01
1.07690366e+00
1.68040137e+00
-9.09277027e-02
7.73383057e-01
5.40583731e-01
1.67337979e-01
0.00000000e+00
0.00000000e+00
0.00000000e+00
-1.88219922e-01
0.00000000e+00
0.00000000e+00
-5.95772408e-01
-9.65622638e-03
2.07715405e-01
1.72275736e+00
-1.24320765e+00
4.59695440e-01
0.00000000e+00
-1.07163245e+00
-6.99310087e-01
-5.13143226e-01
9.08661955e-01
3.81677568e-01
7.42070338e-01
-3.01400308e-01
0.00000000e+00
-2.19564322e-03
1.17632109e+00
-1.16989912e+00
0.00000000e+00
0.00000000e+00
0.00000000e+00
7.42026725e-01
0.00000000e+00
0.00000000e+00
1.51225622e+00
-2.22231418e-02
3.67344766e-01
-6.91765976e-01
2.65228731e-01
1.22815702e-01
0.00000000e+00
1.05263074e+00
1.14308446e+00
-1.11128600e+00
3.11537425e-01
5.57600230e-01
4.06593824e-01
9.54210750e-01
0.00000000e+00
-5.13864147e-03
1.68928774e-01
136
1.06809701e-01
-3.87412602e-01
3.14838604e-02
1.55471924e-01
4.10690950e-03
1.80468555e-01
4.47730907e-03
1.58281824e-01
-8.63488019e-04
0.00000000e+00
0.00000000e+00
0.00000000e+00
0.00000000e+00
0.00000000e+00
0.00000000e+00
0.00000000e+00
-1.05849806e-01
-9.87186501e-02
3.11378157e-01
0.00000000e+00
1.56917444e-01
-1.66599649e-02
-1.27052209e-01
-2.06469459e-01
-5.94080467e-02
1.58735061e-01
2.00746876e-01
0.00000000e+00
-3.02720560e-01
1.59731183e-01
4.57621024e-01
0.00000000e+00
-4.20402036e-01
-7.89765961e-02
4.89040911e-01
0.00000000e+00
-3.63896644e-01
-3.09662868e-02
4.01181709e-01
0.00000000e+00
-1.49248263e-01
7.85698902e-02
-1.33124630e-01
0.00000000e+00
0.00000000e+00
0.00000000e+00
4.52801596e-01
-3.24443406e-01
2.63029050e-01
-8.57629523e-03
-3.93083359e-01
-7.03880565e-01
-5.32386938e-01
-7.09936955e-02
3.12865412e-03
1.89965154e-01
3.41749614e-01
-2.07991887e-02
-1.86214010e-01
7.14282859e-02
-1.58573619e-01
-1.43238991e-01
-3.56020353e-02
1.19746135e-01
-2.69839185e-02
-6.83034653e-02
1.16773693e-01
-1.09660576e-01
-5.68443530e-02
1.24523258e-01
-1.73739177e-01
-2.20469756e-01
8.51244578e-02
-1.29279049e-01
3.77430762e-01
2.99909619e-02
0.00000000e+00
4.61392370e-01
2.33937060e-01
1.18904120e-01
-1.02095009e-01
2.64042397e-01
-2.37221328e-01
-1.31847189e-01
9.34361910e-02
-1.22122102e-01
7.62392135e-01
-6.53531899e-02
-4.89159940e-01
0.00000000e+00
0.00000000e+00
0.00000000e+00
6.97674585e-02
4.38658038e-01
-2.38783927e-01
1.25753352e+00
-2.39510403e+00
-4.58407374e-01
1.51339804e-01
3.49620599e-01
2.84327988e-01
0.00000000e+00
4.06348122e-01
1.28584439e+00
-1.49942586e+00
4.05632345e-01
7.19002464e-01
4.85997769e-01
-3.52154694e-01
-1.75137684e+00
-5.35416221e-02
4.05561910e-01
-7.78589719e-01
0.00000000e+00
0.00000000e+00
0.00000000e+00
2.49959496e-01
7.11185013e-01
-4.74890890e-01
8.17183274e-01
-1.83008617e+00
-4.29439370e-01
-4.42094081e-01
-4.94346606e-01
-9.43912691e-02
0.00000000e+00
3.32272764e-01
1.50988478e+00
-6.97370599e-01
6.36729199e-01
-1.69088790e-01
6.65215416e-01
1.06971802e-01
-1.77298413e+00
-7.04430542e-03
6.03744755e-01
6 2
-2.2641e+00 6.0973e-01
8 -1
0 1 3 5 4 2 10 7 
217
1.96281034e+00
-5.82083729e-01
-2.07622803e-01
0.00000000e+00
4.41820292e-01
3.40117842e-01
-8.11304698e-01
2.65930691e+00
4.10480388e-01
6.99418737e-01
2.64961884e+00
-3.53652573e+00
0.00000000e+00
0.00000000e+00
-1.30059661e+00
-2.74612713e-02
4.45732448e-01
1.51532561e+00
-1.46326501e-02
-1.11506854e+00
0.00000000e+00
0.00000000e+00
0.00000000e+00
0.00000000e+00
0.00000000e+00
0.00000000e+00
0.00000000e+00
0.00000000e+00
0.00000000e+00
0.00000000e+00
0.00000000e+00
0.00000000e+00
0.00000000e+00
7.67390789e-01
3.78594892e-01
8.16824656e-01
0.00000000e+00
1.00109434e+00
-4.38154893e-01
-1.60644034e+00
-1.77968770e+00
-7.57177415e-01
0.00000000e+00
0.00000000e+00
0.00000000e+00
-1.06468983e-01
7.61143712e-01
3.70726897e+00
0.00000000e+00
-4.43071704e-01
0.00000000e+00
2.77871270e+00
0.00000000e+00
0.00000000e+00
0.00000000e+00
0.00000000e+00
0.00000000e+00
0.00000000e+00
0.00000000e+00
0.00000000e+00
1.49787274e+00
7.61143712e-01
-2.96206116e-01
0.00000000e+00
1.60445136e+00
0.00000000e+00
2.58035495e-01
3.50524788e-01
1.00323480e-01
-8.59837890e-02
2.07411556e+00
1.99963115e+00
0.00000000e+00
-2.13594258e+00
7.55928429e-01
2.50061985e-02
3.51955322e+00
0.00000000e+00
-7.71716609e-01
0.00000000e+00
1.11098170e+00
8.21731210e-01
1.62354525e+00
1.34016225e+00
0.00000000e+00
5.29941235e-01
0.00000000e+00
1.24347843e+00
-5.83788296e-01
0.00000000e+00
0.00000000e+00
-1.38020453e+00
-1.43257521e+00
0.00000000e+00
-1.02466188e+00
-2.65410236e-01
0.00000000e+00
0.00000000e+00
-3.58376893e-01
-1.90352482e+00
0.00000000e+00
-5.46458599e-01
-1.03607630e+00
0.00000000e+00
0.00000000e+00
0.00000000e+00
1.24091941e-02
0.00000000e+00
1.40146804e+00
-5.13179654e-01
1.13705769e+00
-1.92575025e-01
-1.42343006e+00
-3.19996836e-01
0.00000000e+00
1.51448196e+00
-7.63639492e-01
2.19175527e+00
1.23189494e+00
9.87794016e-01
3.64931685e-01
-1.01073467e+00
0.00000000e+00
0.00000000e+00
0.00000000e+00
-1.65662965e-02
5.73707702e+00
3.80040178e+00
1.05722519e+00
-1.03489170e-01
5.03008100e-01
-1.76892552e-01
-2.55056260e-02
5.07642728e-01
0.00000000e+00
2.60847016e+00
3.20334151e+00
-2.38589672e-01
-2.49615198e-02
-4.74258467e-01
1.81299244e+00
-2.35996024e-03
-3.85477975e-02
-7.31235114e-01
-1.28626177e-01
-5.44053406e-01
0.00000000e+00
0.00000000e+00
0.00000000e+00
-2.44628666e-02
-3.34470288e+00
-1.32739411e+00
7.45495524e-01
-1.60294716e-01
5.28727738e-01
6.54500366e-01
-3.95264849e-02
1.04181236e+00
0.00000000e+00
-8.40548657e-01
-1.68288576e-01
-3.09589551e-01
-4.93980479e-02
1.31132008e+00
-4.65229963e-01
-2.38878073e-03
-6.22221921e-02
-7.80910655e-01
1.24588769e+00
-2.60079252e-01
0.00000000e+00
0.00000000e+00
0.00000000e+00
-1.52041686e-01
-1.78928770e-01
-3.60482713e-02
-2.11068059e-01
-9.25728635e-02
-2.53143259e-02
-1.76697121e+00
-4.09238491e-01
4.89118103e-01
0.00000000e+00
-9.24200467e-01
-1.97135682e+00
-2.11370337e-01
-7.91381237e-01
2.41062761e+00
1.82781514e+00
0.00000000e+00
0.00000000e+00
0.00000000e+00
1.79424628e+00
-8.80161615e-01
0.00000000e+00
0.00000000e+00
0.00000000e+00
3.24122193e-01
-2.55098909e-01
-6.29510182e-02
-2.33704172e-01
-1.23925179e-01
-3.32455641e-02
1.15952824e+00
-4.92313137e-01
-3.29932227e-01
0.00000000e+00
9.79446672e-01
2.62769992e+00
-2.62183387e-01
-1.40456998e+00
-6.35609116e-01
-7.17182082e-01
0.00000000e+00
0.00000000e+00
0.00000000e+00
-4.01030586e-01
136
-2.19279931e-01
3.00165937e-01
-1.28870263e-02
-2.09062943e-01
1.21266870e-03
-1.58588394e-01
1.20599117e-02
0.00000000e+00
0.00000000e+00
0.00000000e+00
0.00000000e+00
0.00000000e+00
0.00000000e+00
0.00000000e+00
0.00000000e+00
0.00000000e+00
-8.59189462e-02
-3.51501261e-02
-9.82108584e-02
0.00000000e+00
1.21809461e-01
-1.33200277e-01
-2.70952006e-01
-2.67103407e-01
-4.56641350e-02
1.01034891e-01
2.74795541e-01
0.00000000e+00
-6.46442299e-01
7.69709481e-01
2.38610208e-01
0.00000000e+00
-2.73933112e-01
-5.21882005e-01
4.23541925e-01
0.00000000e+00
-6.16987784e-01
-8.10157711e-01
3.15908139e-01
0.00000000e+00
2.63270664e-01
4.19406804e-01
2.19675759e-01
0.00000000e+00
0.00000000e+00
0.00000000e+00
0.00000000e+00
1.32116795e-01
1.54375769e-01
-6.67346035e-02
-8.18851738e-01
-5.99207947e-01
-6.74884584e-01
-1.25468427e-01
-1.01611863e-01
2.10611080e-02
0.00000000e+00
1.59968820e+00
4.20477250e-02
2.72818195e-01
-3.40190040e-02
-1.53109691e+00
1.08714698e-01
2.02098572e-01
-7.44633832e-02
-2.63267693e-01
-3.32719496e-01
3.28138011e-01
7.81917365e-02
1.51726596e-01
0.00000000e+00
4.63657919e-02
-3.52813807e-01
-5.82206784e-02
1.98039450e-01
2.03882705e-01
4.99439753e-01
2.09075414e-01
8.54831757e-02
1.27426268e-01
-1.63025357e-01
3.10320866e-02
-2.38245165e-01
3.58459544e-03
2.77124263e-02
-1.65432546e-01
7.78109392e-01
1.22144527e-01
-4.77971576e-01
0.00000000e+00
0.00000000e+00
0.00000000e+00
3.07164684e-02
2.61530571e-01
-1.22002183e-01
1.28861585e+00
-2.26821183e+00
-2.97062466e-01
3.65464881e-01
7.35790243e-01
4.62203489e-01
0.00000000e+00
3.47831394e-01
1.10093644e+00
-1.85169209e+00
5.04948192e-01
8.40179360e-01
3.18534002e-01
-9.07378855e-01
-1.62682473e+00
-5.22223879e-02
3.90672073e-01
-7.61779301e-01
0.00000000e+00
0.00000000e+00
0.00000000e+00
5.84166034e-02
7.72081182e-01
-5.55302432e-01
8.05628278e-01
-1.70629749e+00
-3.33097696e-01
-1.94466149e-01
-4.77366379e-01
8.14077709e-02
0.00000000e+00
2.13584716e-01
1.36835150e+00
-7.61485198e-01
9.49735312e-01
-3.52802917e-01
4.89004303e-01
-1.19194812e-01
-1.57731068e+00
8.62995648e-02
4.91035234e-01
