0 10 -999999999 -1 -1
1 2 0 -1 -1
-0.02385 0.3412
356
5.77940241e-01
-2.13129803e-01
7.91070044e-01
6.29100415e-01
-4.21110025e-01
6.01068798e-01
-2.50322522e-02
0.00000000e+00
0.00000000e+00
0.00000000e+00
0.00000000e+00
0.00000000e+00
0.00000000e+00
6.23017257e-01
-1.64719283e-02
2.25550867e-02
0.00000000e+00
0.00000000e+00
0.00000000e+00
0.00000000e+00
0.00000000e+00
0.00000000e+00
0.00000000e+00
0.00000000e+00
0.00000000e+00
0.00000000e+00
0.00000000e+00
0.00000000e+00
0.00000000e+00
0.00000000e+00
0.00000000e+00
0.00000000e+00
0.00000000e+00
0.00000000e+00
0.00000000e+00
0.00000000e+00
0.00000000e+00
0.00000000e+00
0.00000000e+00
0.00000000e+00
0.00000000e+00
0.00000000e+00
0.00000000e+00
0.00000000e+00
0.00000000e+00
0.00000000e+00
0.00000000e+00
0.00000000e+00
0.00000000e+00
0.00000000e+00
0.00000000e+00
-4.83039322e-01
-1.67728284e-01
7.90337101e-01
0.00000000e+00
0.00000000e+00
0.00000000e+00
0.00000000e+00
1.25559124e-01
-1.43020863e-01
2.43516057e-01
-1.50479322e-01
1.01614719e-01
-5.90792567e-01
-3.03124522e-01
2.83503389e-01
4.10374864e-01
-4.90128930e-01
6.71123541e-01
5.27610832e-03
1.27048143e-01
1.51048648e+00
-2.09662718e-02
-1.29027697e-02
-1.31138859e+00
8.70797809e-03
-1.35463435e-01
-2.92281195e-01
-4.94117072e-03
1.09271152e-01
0.00000000e+00
0.00000000e+00
0.00000000e+00
0.00000000e+00
0.00000000e+00
0.00000000e+00
0.00000000e+00
2.90690477e-01
4.40977651e-01
-1.51323899e-01
-8.36970476e-01
-4.86582332e-01
-2.67711936e-01
-2.48713308e-01
-9.92524523e-01
-4.22954546e-01
-3.45460855e-01
-4.82672120e-01
1.68871789e-01
-2.12666080e-01
6.98797856e-03
-2.26279635e-01
0.00000000e+00
0.00000000e+00
2.40388319e+00
2.79516755e+00
0.00000000e+00
0.00000000e+00
0.00000000e+00
0.00000000e+00
0.00000000e+00
0.00000000e+00
-8.45785123e-01
-9.87478599e-01
-2.35429323e-01
3.33413575e-02
3.76402415e-01
-1.66993672e-01
-1.85492024e+00
8.75918676e-02
4.32125002e-01
1.19881418e+00
5.70452343e-02
5.87738232e-01
-2.25897471e-01
-8.81501038e-01
-4.89241394e-01
1.58497335e-01
-1.06286735e+00
-2.24611673e-01
4.03798701e+00
3.92144418e+00
4.21373568e+00
4.46231481e+00
4.59148032e+00
4.59488547e+00
0.00000000e+00
9.53977222e-01
2.44662501e-02
5.98015269e-01
4.81392674e-01
-7.44377044e-02
0.00000000e+00
0.00000000e+00
0.00000000e+00
-6.54642727e-01
0.00000000e+00
1.90691068e-01
0.00000000e+00
0.00000000e+00
0.00000000e+00
0.00000000e+00
5.08394281e-01
0.00000000e+00
0.00000000e+00
0.00000000e+00
6.95459608e-02
0.00000000e+00
0.00000000e+00
-5.44584655e-01
-1.00254545e+00
-1.10374301e+00
-8.23397498e-01
-5.68899643e-01
-1.82594294e+00
0.00000000e+00
0.00000000e+00
0.00000000e+00
6.48475391e-01
1.16668199e-01
-1.12021476e-01
1.38720171e+00
-2.89502309e+00
1.11236012e-01
7.27574470e-01
1.43653533e+00
-1.32317963e+00
0.00000000e+00
1.30608430e+00
7.61253277e-01
-1.58549886e+00
-8.20845008e-01
-1.18383200e+00
2.12614856e-01
-5.75948731e-01
-1.89266246e+00
-9.85861981e-03
1.86528338e+00
3.12095181e-01
0.00000000e+00
0.00000000e+00
0.00000000e+00
-5.65531914e-02
-1.19512533e-01
-3.20186486e-01
-9.30381599e-02
3.75707455e-01
-6.18704777e-01
-6.95675936e-02
-6.32353672e-01
9.14657664e-01
0.00000000e+00
-2.40650022e-01
5.45538401e-01
-1.28719736e-01
6.53604910e-01
7.33037019e-01
2.53026135e-01
1.20791460e-01
-5.18891994e-01
-1.68193026e-01
-3.17896672e-01
-5.11028838e-01
-4.13726926e-01
0.00000000e+00
-2.63306718e-02
-2.71904945e-01
1.03180468e+00
-4.82529624e-01
-9.63001982e-01
-4.02453469e-01
0.00000000e+00
0.00000000e+00
0.00000000e+00
3.59395947e-01
-7.83085970e-01
1.10808920e-01
9.40163027e-01
-7.98223436e-01
1.25427516e+00
3.20259500e-01
4.78223112e-02
-7.71691123e-01
0.00000000e+00
1.64443983e-01
1.46039660e-01
-3.27702128e-01
-4.13561411e-01
-7.85692161e-01
-1.63740156e-01
4.92955237e-01
2.14535287e-02
-4.05049776e-01
1.88675414e-01
-9.73019121e-02
0.00000000e+00
-9.03427268e-02
8.04468405e-02
-1.31491411e+00
-5.88818520e-01
0.00000000e+00
0.00000000e+00
-3.93377004e-01
1.54062726e+00
-8.81988527e-01
0.00000000e+00
-7.26095586e-01
0.00000000e+00
0.00000000e+00
2.16345408e-02
-1.67264266e+00
0.00000000e+00
0.00000000e+00
0.00000000e+00
-1.02361836e+00
2.31713267e+00
-4.65676764e-01
7.58065771e-01
-2.38008309e+00
-6.24091721e-01
-2.03996581e+00
-9.04006584e-01
1.37401614e-01
0.00000000e+00
8.24325904e-01
2.03919589e+00
-4.63329568e-02
7.09252439e-01
5.95988173e-01
3.78222465e-01
-1.27052906e+00
-1.71431863e+00
1.60784044e-01
8.75611358e-01
-8.18963646e-02
0.00000000e+00
0.00000000e+00
0.00000000e+00
-4.95013591e-02
-1.05041776e+00
4.57533089e-02
1.61258014e-01
0.00000000e+00
2.52589253e-01
6.62989290e-01
3.88354493e-01
4.79190817e-01
0.00000000e+00
-4.85910306e-02
2.22540202e-01
-1.31911496e+00
7.24303915e-01
-2.20392658e-02
2.73285407e-01
8.07424594e-01
0.00000000e+00
-2.38864542e-01
6.63869859e-02
-2.38213616e-01
1.58031738e-01
9.35439215e-01
3.62634313e-01
-1.14004179e+00
1.17961816e+00
-8.58588329e-01
0.00000000e+00
-3.77747969e-01
0.00000000e+00
0.00000000e+00
0.00000000e+00
-9.72381877e-01
7.56241490e-01
-4.99093523e-01
-2.40060311e-01
0.00000000e+00
-1.68411389e-01
-9.71010250e-01
1.08648975e+00
2.38454388e-01
0.00000000e+00
-1.10866787e-01
9.64644917e-02
1.13280928e+00
-3.96663575e-02
6.06800621e-01
-2.51431478e-01
-5.73957197e-01
0.00000000e+00
1.13095045e+00
-3.56620962e-01
-3.96245354e-01
5.72872578e-01
9.57194026e-01
0.00000000e+00
-1.43442904e+00
-1.26177475e+00
6.98490678e-01
0.00000000e+00
0.00000000e+00
2.13232375e+00
0.00000000e+00
0.00000000e+00
-1.72654289e-01
1.88468036e-01
0.00000000e+00
0.00000000e+00
247
-3.50483739e-01
-3.50483739e-01
0.00000000e+00
1.20908927e-01
-4.71392666e-01
0.00000000e+00
0.00000000e+00
0.00000000e+00
0.00000000e+00
0.00000000e+00
0.00000000e+00
0.00000000e+00
0.00000000e+00
0.00000000e+00
0.00000000e+00
0.00000000e+00
0.00000000e+00
0.00000000e+00
0.00000000e+00
0.00000000e+00
0.00000000e+00
0.00000000e+00
0.00000000e+00
0.00000000e+00
0.00000000e+00
0.00000000e+00
0.00000000e+00
0.00000000e+00
0.00000000e+00
0.00000000e+00
0.00000000e+00
0.00000000e+00
0.00000000e+00
0.00000000e+00
0.00000000e+00
0.00000000e+00
0.00000000e+00
0.00000000e+00
0.00000000e+00
0.00000000e+00
0.00000000e+00
6.69935261e-01
-1.86665562e-02
5.55421609e-01
-8.83029075e-03
-1.01852011e+00
8.59361218e-03
-5.57320500e-01
3.24634501e-02
0.00000000e+00
0.00000000e+00
0.00000000e+00
0.00000000e+00
0.00000000e+00
0.00000000e+00
0.00000000e+00
-3.00054930e-01
2.75322283e-01
-3.25751093e-01
2.59517737e+00
4.37014178e+00
0.00000000e+00
0.00000000e+00
0.00000000e+00
0.00000000e+00
0.00000000e+00
0.00000000e+00
-1.19717350e+00
-1.16806765e+00
-1.66743970e-01
7.40306264e-02
-1.63434871e-01
-3.24271750e-01
0.00000000e+00
6.10819504e-01
4.76727538e-01
1.73201393e+00
0.00000000e+00
9.65970403e-01
5.95626294e-02
4.16801877e-01
8.38832806e-01
5.58987470e-01
0.00000000e+00
1.08962341e+00
6.88446498e+00
6.49404886e+00
5.83528896e+00
6.46454287e+00
6.46454292e+00
6.76961116e+00
0.00000000e+00
0.00000000e+00
0.00000000e+00
-1.18108169e-01
-4.03724891e-01
-1.12313449e+00
0.00000000e+00
0.00000000e+00
0.00000000e+00
0.00000000e+00
0.00000000e+00
-2.61882659e-01
0.00000000e+00
6.40980400e-02
0.00000000e+00
0.00000000e+00
-4.14581779e-01
0.00000000e+00
0.00000000e+00
-2.35013468e+00
-1.30797878e+00
-1.63768233e+00
-1.16167567e+00
-1.20881517e+00
-2.94566111e+00
0.00000000e+00
0.00000000e+00
0.00000000e+00
2.50200184e+00
1.83295938e+00
1.76055915e+00
3.37458132e+00
0.00000000e+00
1.21063040e+00
2.33232467e+00
2.07457023e+00
1.55824771e+00
0.00000000e+00
2.19137710e+00
5.33675293e-01
0.00000000e+00
1.89009131e+00
1.26453396e+00
2.18381959e+00
1.24230391e+00
0.00000000e+00
2.33309327e+00
2.64625862e+00
-1.50486771e+00
-9.00973421e-01
0.00000000e+00
4.14752796e-01
-1.23839051e-01
-3.90578142e-01
0.00000000e+00
0.00000000e+00
0.00000000e+00
0.00000000e+00
9.75398211e-01
0.00000000e+00
5.30019141e-01
0.00000000e+00
0.00000000e+00
0.00000000e+00
8.29125685e-01
9.37362551e-01
0.00000000e+00
6.39753245e-01
1.97762267e+00
0.00000000e+00
0.00000000e+00
1.55711635e+00
4.46999681e-01
0.00000000e+00
0.00000000e+00
2.74844330e-01
5.41931307e-01
-6.03894285e-01
0.00000000e+00
3.79081532e-02
-3.95007361e-01
-1.44079340e+00
-4.07005360e-01
0.00000000e+00
0.00000000e+00
1.44723338e-01
-1.03378804e+00
0.00000000e+00
0.00000000e+00
0.00000000e+00
-2.37049084e+00
0.00000000e+00
0.00000000e+00
0.00000000e+00
6.55904027e-01
1.34520185e+00
1.33905430e+00
1.96832082e+00
0.00000000e+00
-2.58607079e-01
9.67866918e-01
7.90965965e-01
-1.84553399e+00
0.00000000e+00
1.84424092e+00
1.64100003e+00
-1.01523886e-01
9.14768571e-01
2.90009640e-01
1.29346850e+00
8.69045811e-01
0.00000000e+00
0.00000000e+00
2.68254822e+00
-1.47412650e+00
-4.93676500e-01
2.14072499e+00
2.50932215e+00
0.00000000e+00
-4.58243676e-01
0.00000000e+00
0.00000000e+00
0.00000000e+00
8.12030881e-01
0.00000000e+00
5.32591724e-01
7.74870982e-01
0.00000000e+00
7.82503137e-01
5.60274798e-01
4.12895478e-01
1.94955219e+00
0.00000000e+00
6.59434120e-01
1.86714904e-01
0.00000000e+00
0.00000000e+00
0.00000000e+00
0.00000000e+00
1.11161657e-02
0.00000000e+00
0.00000000e+00
1.03100442e-01
-9.80450000e-01
1.45515125e+00
1.25258797e+00
0.00000000e+00
-8.96364340e-01
-6.67999166e-01
-8.25730818e-02
0.00000000e+00
0.00000000e+00
-2.28365175e-01
-7.72332716e-01
0.00000000e+00
0.00000000e+00
1 -999999999 6 0 -1
1 0 2 1 -1
-3.7908e-01 8.9626e-01
356
4.03693322e-02
0.00000000e+00
0.00000000e+00
0.00000000e+00
0.00000000e+00
0.00000000e+00
0.00000000e+00
0.00000000e+00
0.00000000e+00
0.00000000e+00
0.00000000e+00
0.00000000e+00
0.00000000e+00
0.00000000e+00
0.00000000e+00
0.00000000e+00
-1.57535945e-01
1.97905277e-01
5.04099423e-01
0.00000000e+00
0.00000000e+00
0.00000000e+00
0.00000000e+00
0.00000000e+00
0.00000000e+00
0.00000000e+00
0.00000000e+00
0.00000000e+00
3.90360202e-01
6.98449446e-01
-5.84710225e-01
-9.86373415e-02
1.39006674e-01
-9.05319155e-01
0.00000000e+00
1.16457606e+00
2.24379151e-01
6.17343688e-01
5.86239170e-01
1.89338126e-01
1.78948668e-01
0.00000000e+00
0.00000000e+00
0.00000000e+00
0.00000000e+00
0.00000000e+00
0.00000000e+00
0.00000000e+00
0.00000000e+00
0.00000000e+00
0.00000000e+00
-2.28754747e-01
-9.12437503e-02
-4.36211168e-01
0.00000000e+00
0.00000000e+00
0.00000000e+00
0.00000000e+00
-1.38606153e-01
-7.70650872e-02
-2.42318773e-01
7.83588938e-01
2.28828688e-01
3.15016488e-01
2.84326425e-01
-5.85088502e-01
-9.18608548e-02
-6.41661444e-01
-6.23076845e-01
-7.14523186e-04
3.09019815e-01
1.28902258e+00
-1.38457294e-02
-5.67481587e-03
-3.60459443e-01
2.27753789e-03
1.15693522e-01
-2.65116961e-01
6.78937529e-04
7.66263309e-02
0.00000000e+00
0.00000000e+00
0.00000000e+00
0.00000000e+00
0.00000000e+00
0.00000000e+00
0.00000000e+00
-1.53827392e-01
9.50212197e-02
1.01894637e-01
1.95484870e-01
-3.19277790e-01
-5.83708621e-02
-3.45983539e-01
-1.18542865e+00
-1.20124436e-01
-1.03009625e+00
-4.08607874e-01
-2.90018837e-01
-6.71287889e-01
4.99927838e-01
3.37076666e-01
0.00000000e+00
0.00000000e+00
1.74439493e+00
2.68500421e+00
0.00000000e+00
0.00000000e+00
0.00000000e+00
0.00000000e+00
0.00000000e+00
0.00000000e+00
-9.13232622e-01
-9.45615882e-01
-4.02924628e-01
7.58021750e-02
2.47379625e-01
2.34565740e-01
-7.43268440e-01
6.11888885e-01
1.22396304e+00
7.12966256e-01
-2.23057297e+00
4.09995456e-01
-7.78318422e-01
-6.33785116e-01
3.73904612e-02
7.98450666e-02
-1.31625046e+00
-1.84886359e-02
3.35471296e+00
3.13652000e+00
3.86770442e+00
4.18981315e+00
4.04708562e+00
4.34586034e+00
1.39032810e+00
1.99457427e+00
5.52063149e-01
-1.53267608e-02
4.51803476e-01
-6.76609567e-01
0.00000000e+00
0.00000000e+00
0.00000000e+00
0.00000000e+00
0.00000000e+00
1.11720858e-01
0.00000000e+00
0.00000000e+00
0.00000000e+00
0.00000000e+00
-1.50277752e-02
0.00000000e+00
0.00000000e+00
0.00000000e+00
5.53971074e-02
0.00000000e+00
0.00000000e+00
-1.33681312e+00
-1.01462092e+00
-5.44352475e-01
-6.89404675e-01
-7.63469280e-01
-1.70402559e+00
0.00000000e+00
0.00000000e+00
0.00000000e+00
7.60332366e-01
6.67850669e-01
-1.96576715e-01
1.74257549e+00
-2.66033130e+00
-6.71788241e-01
4.07573874e-01
-4.40163807e-01
4.49253229e-01
0.00000000e+00
8.21178964e-01
1.30530511e+00
-2.64305648e+00
-2.44419255e-01
-3.41459008e-03
6.22569055e-01
-5.37127017e-01
-2.24142473e+00
2.42160292e-01
9.15477492e-01
1.94744252e-01
0.00000000e+00
0.00000000e+00
0.00000000e+00
1.47720214e-02
-5.46438201e-01
1.95419886e-02
-1.04644943e-01
-3.15929787e-02
8.84768798e-02
3.40451292e-02
2.37139205e-01
3.81488172e-02
0.00000000e+00
-3.89593608e-02
-1.96308542e-01
3.17530704e-01
-2.99870766e-03
1.70316384e-01
-1.28440108e-01
1.59507499e-01
3.02226937e-02
-4.21222387e-02
1.76548010e-01
-6.26270317e-01
-3.43545995e-01
0.00000000e+00
-5.71714667e-01
3.76870719e-03
4.01246119e-01
-6.47196547e-01
-9.75955666e-02
3.55783341e-02
0.00000000e+00
0.00000000e+00
0.00000000e+00
4.74157394e-01
2.69710803e-01
4.33168819e-01
1.75841185e-01
-3.05951699e-02
1.11770305e-01
3.93055037e-01
5.51450518e-01
4.24580039e-01
0.00000000e+00
-7.86679143e-02
2.49512642e-01
-4.33753720e-01
-4.78879650e-01
-8.08369225e-01
-1.92306643e-01
-2.47872886e-01
-2.33001369e-01
-1.70944130e-01
-3.73277701e-01
-2.82724322e-01
0.00000000e+00
4.17441049e-01
-2.24284439e-01
-1.07775528e+00
-6.71074922e-01
0.00000000e+00
0.00000000e+00
0.00000000e+00
6.80272454e-01
-6.33426802e-01
0.00000000e+00
-4.06680353e-01
0.00000000e+00
0.00000000e+00
0.00000000e+00
-1.30782176e+00
0.00000000e+00
0.00000000e+00
0.00000000e+00
7.40025077e-01
3.31287086e-01
-1.75339468e-01
2.91268859e-01
0.00000000e+00
-3.78750812e-01
-1.07673233e+00
-2.54521440e-01
-4.48098665e-01
0.00000000e+00
9.17711232e-01
2.11262252e+00
-2.54507406e-01
7.79745622e-01
1.49550187e+00
4.22040519e-01
5.33679105e-01
-1.78397060e+00
1.83214386e-01
1.77190842e+00
-1.42048848e-01
0.00000000e+00
0.00000000e+00
0.00000000e+00
1.82769842e-01
1.39769610e-01
-5.83569728e-02
5.12412373e-01
0.00000000e+00
2.50977412e-01
5.71598034e-01
1.73696900e-01
5.97108888e-01
0.00000000e+00
4.02045729e-01
-8.08613883e-02
-1.80231564e-01
2.12222901e-01
-5.03855042e-01
1.82917740e-01
2.93820204e-02
0.00000000e+00
1.94251170e-01
1.23946403e-01
-1.35973937e-01
1.80747313e-01
-7.03982240e-01
1.03246264e-01
2.66792135e-01
6.39569675e-01
-8.54858758e-01
3.96036395e-01
-2.38976516e-01
0.00000000e+00
0.00000000e+00
0.00000000e+00
-5.22374285e-01
8.22465734e-01
-1.28259866e+00
-2.35933063e-01
0.00000000e+00
6.35449586e-02
-1.21912776e+00
-8.49989881e-01
-7.20414943e-01
0.00000000e+00
1.83074688e-01
7.75320640e-01
1.06980407e+00
3.39001839e-01
1.60556983e+00
3.98177952e-01
1.91214766e-01
0.00000000e+00
-4.07533516e-01
4.23067961e-01
-3.16721249e-01
2.80253417e-01
4.58748286e-01
3.51478230e-01
-1.17184782e+00
-7.25099788e-01
0.00000000e+00
6.94889625e-02
0.00000000e+00
1.24865089e+00
0.00000000e+00
0.00000000e+00
-4.46748031e-01
2.59765213e-01
-1.30164357e-01
4.11227667e-01
247
5.88953956e-02
0.00000000e+00
0.00000000e+00
0.00000000e+00
0.00000000e+00
0.00000000e+00
0.00000000e+00
0.00000000e+00
0.00000000e+00
0.00000000e+00
0.00000000e+00
0.00000000e+00
0.00000000e+00
0.00000000e+00
-6.53035655e-02
1.24198961e-01
2.53187903e-01
-3.18491468e-01
0.00000000e+00
0.00000000e+00
0.00000000e+00
0.00000000e+00
0.00000000e+00
0.00000000e+00
0.00000000e+00
0.00000000e+00
0.00000000e+00
5.88953956e-02
0.00000000e+00
5.88953956e-02
0.00000000e+00
0.00000000e+00
6.72478323e-02
-2.46871138e-01
0.00000000e+00
0.00000000e+00
0.00000000e+00
0.00000000e+00
0.00000000e+00
0.00000000e+00
0.00000000e+00
-1.10154149e-02
1.05246682e-02
6.49586704e-02
1.87387814e-03
2.07310095e-01
-3.68554591e-03
-2.02357955e-01
-9.84771670e-05
0.00000000e+00
0.00000000e+00
0.00000000e+00
0.00000000e+00
0.00000000e+00
0.00000000e+00
0.00000000e+00
2.51965055e-01
-1.22850767e-01
-6.98306104e-02
1.55034709e+00
2.27743756e+00
0.00000000e+00
0.00000000e+00
0.00000000e+00
0.00000000e+00
0.00000000e+00
0.00000000e+00
-1.09984740e+00
-1.12701935e+00
1.97571916e-02
2.71732430e-01
3.15110611e-01
1.28814816e-01
-1.03804120e+00
-1.36905876e-01
5.35771564e-02
7.67238440e-01
1.14479000e-01
5.59235015e-01
-3.35194220e-01
-7.24443058e-01
-2.73567603e-01
2.12340729e-01
-6.59444582e-01
-7.57815957e-01
3.47290479e+00
3.21064451e+00
3.22293748e+00
3.72071080e+00
4.18797962e+00
4.10393450e+00
0.00000000e+00
0.00000000e+00
7.48976221e-01
4.48688275e-01
1.83207848e-01
-2.68170709e-01
0.00000000e+00
0.00000000e+00
0.00000000e+00
0.00000000e+00
0.00000000e+00
3.68496755e-01
0.00000000e+00
3.19582531e-01
0.00000000e+00
0.00000000e+00
-2.60687135e-01
0.00000000e+00
0.00000000e+00
-1.25011231e+00
-8.23671020e-01
-6.67780680e-01
-2.97580804e-01
-6.70849049e-01
-1.49145170e+00
0.00000000e+00
0.00000000e+00
0.00000000e+00
1.10553636e+00
1.32492332e-01
-1.17229236e+00
1.06545579e+00
-1.91941762e+00
-1.21191458e+00
6.85565241e-01
2.32008743e-01
1.31647914e-01
0.00000000e+00
9.74529673e-01
1.54490989e+00
-1.72972974e+00
5.36533806e-01
8.96236749e-01
8.52878366e-02
-6.13304455e-01
-2.29433028e+00
-7.17515517e-01
7.76848512e-01
-2.91360492e-01
1.25861705e-01
0.00000000e+00
3.79535186e-01
4.81915356e-01
-6.26343571e-01
0.00000000e+00
0.00000000e+00
0.00000000e+00
1.32269548e-01
-2.51195445e-01
3.38798368e-01
0.00000000e+00
0.00000000e+00
5.30289736e-01
3.63468850e-02
0.00000000e+00
2.77716182e-01
0.00000000e+00
5.26922962e-01
2.91357025e-02
0.00000000e+00
2.21039834e-01
8.17996512e-01
5.36205490e-01
0.00000000e+00
0.00000000e+00
3.80529715e-01
6.79733287e-01
-4.17222197e-01
0.00000000e+00
-3.29669616e-01
-5.35879764e-03
-1.20009121e+00
-9.49532724e-01
0.00000000e+00
0.00000000e+00
0.00000000e+00
-2.50558483e-01
0.00000000e+00
0.00000000e+00
0.00000000e+00
-9.68429853e-01
0.00000000e+00
0.00000000e+00
0.00000000e+00
-1.20498552e+00
2.03711056e+00
-7.02634656e-01
5.03454146e-01
-1.63853043e+00
-2.11786756e-01
-1.45199056e+00
-4.80683852e-01
3.32469016e-01
0.00000000e+00
9.95470551e-01
2.43175499e+00
-4.07198572e-01
9.91272871e-01
7.56901412e-01
5.98758255e-01
-6.72680739e-01
0.00000000e+00
-9.67537060e-02
8.04929954e-01
1.23491540e-01
1.07246130e-01
6.96921596e-02
8.47515426e-02
4.63270725e-01
-6.65019812e-01
0.00000000e+00
0.00000000e+00
0.00000000e+00
7.32328305e-01
3.39109696e-01
5.53055899e-01
8.83550655e-01
0.00000000e+00
3.89874203e-01
4.55682673e-01
0.00000000e+00
4.65983932e-01
0.00000000e+00
4.75923625e-01
4.70678399e-01
0.00000000e+00
0.00000000e+00
2.27431203e-01
5.90816230e-01
8.32550857e-01
0.00000000e+00
5.72211753e-01
5.88412083e-01
1.62454107e-02
-7.67900155e-01
-1.01605773e-01
-2.32920276e-01
-1.09192139e+00
-4.04826934e-01
0.00000000e+00
4.93973868e-01
0.00000000e+00
-6.87094459e-01
-9.77554287e-02
2.93712866e-01
-2.50633611e-01
3 1
-5.1596e-01 3.8641e-01
2 0
0 1 
217
-7.46325627e-01
-4.22733030e-01
6.97277420e-01
8.13964308e-02
-8.06710786e-01
5.79047478e-01
-3.16179881e-01
9.30510995e-01
6.68603520e-01
3.98373788e-01
8.34928461e-01
-1.44892517e+00
0.00000000e+00
0.00000000e+00
1.43286490e-01
-1.02151437e-02
-3.13759258e-02
6.76908101e-01
-1.68161210e-02
-1.61959730e-05
-8.86438795e-01
1.04724823e-03
1.15375131e-01
-6.80081422e-01
1.03235009e-01
-6.98313054e-01
0.00000000e+00
0.00000000e+00
0.00000000e+00
0.00000000e+00
0.00000000e+00
0.00000000e+00
0.00000000e+00
-1.40457903e-01
-2.11046544e-01
-3.94821179e-01
0.00000000e+00
-6.53843678e-01
-9.24819488e-02
0.00000000e+00
0.00000000e+00
0.00000000e+00
0.00000000e+00
0.00000000e+00
0.00000000e+00
-3.31444661e-01
-3.22399017e-01
-9.24819488e-02
0.00000000e+00
0.00000000e+00
0.00000000e+00
0.00000000e+00
0.00000000e+00
0.00000000e+00
0.00000000e+00
0.00000000e+00
0.00000000e+00
0.00000000e+00
0.00000000e+00
0.00000000e+00
-9.24819488e-02
-3.22399017e-01
-3.31444661e-01
0.00000000e+00
-3.22399017e-01
0.00000000e+00
-3.02631866e-01
6.86599199e-01
-1.21294744e-01
-9.13780332e-02
8.10989760e-02
-4.12543637e-01
-3.93585438e-01
-3.02661532e-01
-2.90151423e-02
-1.12219434e-01
4.86721694e-01
0.00000000e+00
0.00000000e+00
0.00000000e+00
0.00000000e+00
0.00000000e+00
0.00000000e+00
0.00000000e+00
0.00000000e+00
0.00000000e+00
0.00000000e+00
0.00000000e+00
0.00000000e+00
0.00000000e+00
0.00000000e+00
0.00000000e+00
0.00000000e+00
0.00000000e+00
0.00000000e+00
0.00000000e+00
0.00000000e+00
0.00000000e+00
0.00000000e+00
0.00000000e+00
0.00000000e+00
0.00000000e+00
0.00000000e+00
0.00000000e+00
0.00000000e+00
0.00000000e+00
0.00000000e+00
0.00000000e+00
0.00000000e+00
0.00000000e+00
0.00000000e+00
0.00000000e+00
0.00000000e+00
0.00000000e+00
0.00000000e+00
0.00000000e+00
0.00000000e+00
0.00000000e+00
0.00000000e+00
3.47211894e-01
-5.71256984e-01
-4.48823577e-01
0.00000000e+00
0.00000000e+00
0.00000000e+00
-2.73058139e-01
8.08129289e-01
-7.17220608e-01
2.12802251e-02
-7.03998926e-01
-2.35068103e-01
1.85409949e-01
8.91164251e-01
3.51810183e-02
0.00000000e+00
3.47684210e-01
2.24841893e+00
-6.78476609e-01
-6.69444457e-02
-4.44924067e-01
-8.54383630e-01
5.15193396e-01
1.30202098e-01
-1.04064490e+00
-6.16767516e-01
-2.21253633e-01
0.00000000e+00
0.00000000e+00
0.00000000e+00
3.38224742e-01
-5.24940931e-01
-1.32218046e-01
6.92917869e-01
-7.21925849e-01
-5.01843037e-01
-3.32567394e-01
-5.73698537e-01
6.22469489e-01
0.00000000e+00
-1.27479303e-01
1.19704601e-02
-4.20621370e-01
4.08320138e-01
3.73428595e-01
1.78646525e-01
-4.30059464e-01
-9.97351655e-01
1.13117685e+00
7.84297288e-01
-7.58700844e-01
0.00000000e+00
0.00000000e+00
0.00000000e+00
-2.45471130e-01
1.29583770e+00
-5.27301178e-01
2.03265154e+00
-1.39459404e-01
1.06386316e+00
-2.39335852e+00
-5.95598191e-03
-2.43444342e+00
0.00000000e+00
1.18611161e+00
2.97582746e+00
5.19215145e-01
1.89395182e+00
4.13195057e-02
3.17446162e+00
7.99732834e-02
0.00000000e+00
8.24382014e-01
9.32806234e-01
-1.43672356e+00
0.00000000e+00
0.00000000e+00
0.00000000e+00
1.40580674e+00
6.87071364e-03
1.33014194e+00
5.32179961e-01
-2.19603731e-01
7.71224081e-01
2.18778426e+00
1.29726403e+00
3.48565586e+00
0.00000000e+00
8.95768233e-01
5.47027629e-01
4.21753676e-02
4.84626969e-01
1.03647708e+00
-2.85627174e-01
1.46322359e+00
0.00000000e+00
7.31377424e-01
1.30872506e+00
136
1.21843014e+00
2.43937009e-01
2.32661602e-02
1.10371201e+00
-1.13926010e-02
-6.11182846e-01
1.42946294e-02
4.81963966e-01
-8.58505988e-03
0.00000000e+00
0.00000000e+00
0.00000000e+00
0.00000000e+00
0.00000000e+00
0.00000000e+00
0.00000000e+00
2.01598849e-01
2.39841668e-01
7.76989626e-01
0.00000000e+00
-9.25535889e-03
1.22768550e+00
0.00000000e+00
0.00000000e+00
0.00000000e+00
0.00000000e+00
0.00000000e+00
0.00000000e+00
-7.00660543e-02
6.08106954e-02
1.22768550e+00
0.00000000e+00
0.00000000e+00
0.00000000e+00
0.00000000e+00
0.00000000e+00
0.00000000e+00
0.00000000e+00
0.00000000e+00
0.00000000e+00
0.00000000e+00
0.00000000e+00
0.00000000e+00
0.00000000e+00
0.00000000e+00
0.00000000e+00
0.00000000e+00
7.89598028e-01
-1.83026928e-01
-2.92334283e-01
0.00000000e+00
7.39959858e-02
-1.44062040e-01
-5.08732672e-01
-5.45491025e-01
-5.59440257e-02
0.00000000e+00
0.00000000e+00
0.00000000e+00
0.00000000e+00
1.22768550e+00
6.08106954e-02
-7.00660543e-02
0.00000000e+00
0.00000000e+00
0.00000000e+00
0.00000000e+00
0.00000000e+00
0.00000000e+00
0.00000000e+00
0.00000000e+00
0.00000000e+00
0.00000000e+00
0.00000000e+00
0.00000000e+00
0.00000000e+00
0.00000000e+00
0.00000000e+00
0.00000000e+00
0.00000000e+00
0.00000000e+00
0.00000000e+00
0.00000000e+00
0.00000000e+00
0.00000000e+00
0.00000000e+00
6.90766033e-01
2.41721306e-01
-7.07643025e-01
0.00000000e+00
0.00000000e+00
0.00000000e+00
-1.66453057e-01
7.35414368e-01
-2.05764201e-01
1.07761041e+00
-1.90055390e+00
-5.46242287e-01
3.08560367e-01
-4.95163371e-02
6.45527478e-01
0.00000000e+00
4.20670101e-01
1.60656619e+00
-1.48016273e+00
4.20441018e-01
9.58264630e-01
-1.01732707e-01
-6.37967049e-01
-2.00675956e+00
-1.00943669e-01
3.15397912e-01
-6.70455004e-01
0.00000000e+00
0.00000000e+00
0.00000000e+00
3.13459864e-01
1.23032664e+00
-2.37444763e-01
3.00931464e-01
-2.00078314e+00
-8.01398951e-01
-1.71722098e+00
-5.86878719e-01
-4.72792324e-01
0.00000000e+00
6.86255966e-01
2.07816352e+00
-3.94370263e-01
8.62734890e-01
8.06606899e-02
1.94112661e-01
-2.36634370e-01
-1.30447841e+00
3.24409891e-01
1.01049132e+00
4 1
-8.4146e-01 4.5547e-01
3 1
0 1 3 
217
-3.15205397e-02
-4.33287320e-02
-1.25898142e-01
-5.64850832e-01
0.00000000e+00
0.00000000e+00
2.45792649e-01
8.31271978e-02
3.75541924e-01
1.82851315e-01
-2.34598129e-01
8.13643725e-01
-2.58175876e-01
-5.73340040e-01
-1.16077558e-01
4.71128400e-02
-3.94871078e-01
8.68690659e-02
-6.26232405e-03
1.41989767e-01
-9.70453948e-03
-4.57842337e-03
1.34391838e-01
7.39249217e-03
8.83652503e-04
-1.34204742e-01
0.00000000e+00
0.00000000e+00
0.00000000e+00
0.00000000e+00
0.00000000e+00
0.00000000e+00
0.00000000e+00
-7.44444731e-01
-1.46018869e-01
8.67972302e-01
0.00000000e+00
-3.32495824e-01
-1.09279449e-01
4.10254733e-01
0.00000000e+00
0.00000000e+00
0.00000000e+00
0.00000000e+00
0.00000000e+00
-3.03977867e-01
-2.85179561e-02
3.57693884e-01
0.00000000e+00
1.34317912e-01
-6.01291245e-01
4.10254733e-01
0.00000000e+00
0.00000000e+00
0.00000000e+00
0.00000000e+00
0.00000000e+00
0.00000000e+00
0.00000000e+00
0.00000000e+00
1.66657372e-01
-2.85179561e-02
-1.69659956e-01
-1.04290574e-01
-5.25518627e-01
0.00000000e+00
-9.79501005e-04
9.46128289e-01
5.99268162e-01
1.54813220e-02
4.58013468e-03
-1.74240090e-01
5.28172119e-01
3.67671606e-02
-5.38883636e-01
1.01372255e-01
1.09101384e+00
3.54403610e-01
-3.29205550e-01
0.00000000e+00
4.37839796e-02
-8.61562959e-01
-1.00502580e-01
2.66810278e-01
0.00000000e+00
0.00000000e+00
0.00000000e+00
0.00000000e+00
0.00000000e+00
0.00000000e+00
0.00000000e+00
0.00000000e+00
0.00000000e+00
0.00000000e+00
0.00000000e+00
0.00000000e+00
0.00000000e+00
0.00000000e+00
0.00000000e+00
0.00000000e+00
0.00000000e+00
0.00000000e+00
0.00000000e+00
0.00000000e+00
0.00000000e+00
0.00000000e+00
0.00000000e+00
0.00000000e+00
0.00000000e+00
0.00000000e+00
0.00000000e+00
0.00000000e+00
0.00000000e+00
0.00000000e+00
0.00000000e+00
0.00000000e+00
0.00000000e+00
0.00000000e+00
0.00000000e+00
8.49214349e-01
-6.94165869e-01
-4.77540388e-01
0.00000000e+00
0.00000000e+00
0.00000000e+00
-2.12273364e-01
7.52978470e-01
-1.38391715e-01
2.12010102e-01
2.13645082e-01
-3.78784587e-01
-7.32654794e-02
5.35154158e-01
7.18194215e-01
0.00000000e+00
-4.21077512e-01
2.07422515e+00
-1.24388875e-02
7.11177030e-01
3.94524524e-01
-1.82598602e-01
-1.09245499e+00
1.10759085e-01
2.62941139e-01
8.75460376e-01
-6.94341966e-01
0.00000000e+00
0.00000000e+00
0.00000000e+00
1.10597346e+00
4.49260375e-01
9.22407049e-01
1.04605489e+00
-2.86741549e-01
7.33543095e-01
7.40171047e-01
5.98673847e-01
8.06383719e-01
0.00000000e+00
1.17397139e+00
6.05304654e-01
-2.67811849e-02
5.59166502e-01
4.46873208e-01
1.07355362e+00
9.93653975e-01
1.08794329e-01
6.29463930e-01
6.76235513e-01
-6.11151386e-01
0.00000000e+00
0.00000000e+00
0.00000000e+00
8.40178091e-02
2.23079298e-01
6.18501580e-01
-1.25077511e-01
-7.06922331e-02
-2.42699782e-01
1.37358406e-01
4.85836799e-01
6.03746345e-01
0.00000000e+00
-1.27110852e-01
1.25296263e+00
-3.68280542e-01
-9.96571770e-02
-2.04062703e-01
-3.26639034e-01
-4.85309045e-01
0.00000000e+00
8.44936037e-01
1.40232374e+00
-8.26825882e-01
0.00000000e+00
0.00000000e+00
0.00000000e+00
7.34397845e-01
5.71022456e-01
2.79723040e-01
7.94539550e-01
-1.43317105e-01
3.54493170e-01
-5.40202326e-01
2.16889378e-01
2.58313112e-01
0.00000000e+00
8.62017260e-01
6.26351996e-01
5.65961770e-01
8.04471851e-01
8.07803771e-01
8.65794735e-01
7.28033979e-01
0.00000000e+00
5.33954593e-01
3.16725216e-01
136
4.70473315e-01
-3.84316053e-01
9.96346042e-03
5.90871201e-01
-7.14539459e-03
3.35058940e-01
-4.71895008e-03
-7.11407730e-02
1.54963081e-05
0.00000000e+00
0.00000000e+00
0.00000000e+00
0.00000000e+00
0.00000000e+00
0.00000000e+00
0.00000000e+00
8.03177349e-02
-1.10174755e-02
4.06138071e-01
0.00000000e+00
3.95658537e-02
1.88628988e-02
4.12044562e-01
0.00000000e+00
0.00000000e+00
0.00000000e+00
0.00000000e+00
0.00000000e+00
-9.96679121e-02
1.39233766e-01
5.35619208e-01
0.00000000e+00
1.23171115e-01
-6.39927424e-01
4.12044562e-01
0.00000000e+00
0.00000000e+00
0.00000000e+00
0.00000000e+00
0.00000000e+00
0.00000000e+00
0.00000000e+00
0.00000000e+00
0.00000000e+00
0.00000000e+00
0.00000000e+00
4.10771849e-01
-9.11465508e-01
1.04965997e-01
-1.38658425e-01
0.00000000e+00
1.36296532e-01
-1.12793329e-01
6.17836658e-02
-1.20225358e-01
2.98344862e-01
4.35357276e-01
1.39827786e-01
-9.95299326e-02
5.14670926e-02
5.33983953e-01
1.39233766e-01
2.35032032e-02
0.00000000e+00
0.00000000e+00
0.00000000e+00
0.00000000e+00
0.00000000e+00
0.00000000e+00
0.00000000e+00
0.00000000e+00
0.00000000e+00
0.00000000e+00
0.00000000e+00
0.00000000e+00
0.00000000e+00
0.00000000e+00
0.00000000e+00
0.00000000e+00
0.00000000e+00
0.00000000e+00
0.00000000e+00
0.00000000e+00
0.00000000e+00
0.00000000e+00
0.00000000e+00
6.52577188e-01
-1.28374349e-01
-7.19564638e-01
0.00000000e+00
0.00000000e+00
0.00000000e+00
8.74772682e-02
7.66350894e-01
-5.20150601e-01
6.51818746e-01
-1.85807888e+00
-7.70546485e-01
5.23157522e-02
-1.04580644e-01
7.98202999e-01
0.00000000e+00
3.06443495e-01
1.81673905e+00
-1.34781653e+00
5.63930637e-01
9.38762553e-01
-2.49331696e-01
-5.57366467e-01
-1.83531563e+00
1.52988564e-01
3.88592333e-01
-7.40466406e-01
0.00000000e+00
0.00000000e+00
0.00000000e+00
5.44375111e-01
8.43839054e-01
-4.82975911e-01
3.34588396e-01
-2.34662501e+00
-6.89128400e-01
-1.32777355e+00
-4.52720535e-01
2.31303988e-01
0.00000000e+00
6.42120671e-01
1.69761365e+00
-6.81578341e-01
4.90190030e-01
9.01939829e-02
6.14280800e-01
1.79253010e-01
-1.38187801e+00
-2.13935332e-01
1.16839000e+00
2 1
-1.1207e+00 4.5969e-01
4 1
0 1 3 4 
217
-2.08936730e-01
-4.98047799e-01
3.04613441e-01
-6.22480904e-01
0.00000000e+00
0.00000000e+00
-6.23872064e-01
1.25544906e-01
-4.08138968e-02
-1.95392183e-01
4.10687317e-01
-4.49468430e-01
1.93247015e-01
-1.47319952e+00
-3.10054142e-01
-8.94883543e-03
-1.11789054e-02
-2.98346462e-01
5.32883766e-03
-1.63853091e-01
5.33961015e-01
5.05419564e-03
-4.90931677e-01
-1.34497141e-01
-3.77112230e-04
-1.65163321e-01
0.00000000e+00
0.00000000e+00
0.00000000e+00
0.00000000e+00
0.00000000e+00
0.00000000e+00
0.00000000e+00
-7.61982554e-01
-2.57007922e-01
8.10053745e-01
0.00000000e+00
-1.86088042e-01
-3.12529650e-01
3.26066788e-01
-3.63858256e-02
0.00000000e+00
0.00000000e+00
0.00000000e+00
0.00000000e+00
-1.86023781e-01
-6.42615952e-05
6.72450321e-01
0.00000000e+00
-2.20244145e-01
-3.43348185e-01
-7.21006266e-02
0.00000000e+00
-2.75361583e-01
-1.46026058e-01
4.49481048e-01
0.00000000e+00
-3.33690679e-02
-1.79445663e-02
-3.63858256e-02
3.43421515e-01
-1.46090320e-01
-4.06267925e-01
7.15581702e-01
-1.22296477e+00
0.00000000e+00
3.90982228e-01
-3.35144374e-01
-9.25358875e-02
1.47913406e-01
-3.34422229e-01
-3.80576347e-01
5.10091094e-01
6.21770171e-01
8.81749100e-02
-1.15708325e-01
1.76659616e-01
2.29340050e-01
2.85115636e-01
0.00000000e+00
-8.42147126e-01
-5.74803963e-01
1.18754710e-01
-2.67654134e-01
-2.14060739e-01
6.47300614e-02
0.00000000e+00
1.43597146e-02
1.18475723e-01
-7.39657675e-02
-2.70261547e-01
0.00000000e+00
0.00000000e+00
0.00000000e+00
0.00000000e+00
0.00000000e+00
0.00000000e+00
0.00000000e+00
0.00000000e+00
0.00000000e+00
0.00000000e+00
0.00000000e+00
0.00000000e+00
0.00000000e+00
0.00000000e+00
0.00000000e+00
0.00000000e+00
0.00000000e+00
0.00000000e+00
0.00000000e+00
0.00000000e+00
0.00000000e+00
0.00000000e+00
0.00000000e+00
0.00000000e+00
0.00000000e+00
0.00000000e+00
0.00000000e+00
0.00000000e+00
1.13430696e+00
-6.49286788e-01
-3.16451266e-01
0.00000000e+00
0.00000000e+00
0.00000000e+00
5.21181419e-02
-1.85817320e-01
2.00330043e-01
3.57668124e-01
-2.63146265e-01
6.27502143e-02
8.47977393e-02
6.22546091e-02
5.84106408e-01
0.00000000e+00
-1.56917944e-01
8.30783986e-02
-2.03056466e-03
4.78913721e-01
-2.52410272e-01
2.21894471e-01
6.50308944e-02
-2.68701199e-01
5.39658126e-01
3.29292671e-01
-4.29228082e-01
0.00000000e+00
0.00000000e+00
0.00000000e+00
6.35361947e-01
2.13858898e-01
1.98826913e-02
2.65444326e-01
-2.95315353e-01
9.32696146e-02
3.87755738e-01
2.08173594e-01
7.36408076e-01
0.00000000e+00
5.61668892e-01
4.54579010e-01
-3.90069689e-03
2.87705424e-01
9.24949787e-01
-1.43704741e-01
2.76024948e-01
-6.72881882e-02
4.18307225e-01
7.27624141e-01
-9.41364919e-01
0.00000000e+00
0.00000000e+00
0.00000000e+00
2.66876643e-01
3.38741591e-01
-2.62305800e-02
-1.57356507e-01
-2.67115043e-02
-4.91098064e-01
-1.03731707e-01
5.35593264e-01
2.45092156e-01
0.00000000e+00
-1.22101364e+00
1.16658716e+00
-4.79282003e-01
3.74476956e-01
5.78633680e-01
8.61958531e-01
-4.19905554e-01
0.00000000e+00
-8.33100969e-05
7.17135237e-01
-5.74432490e-01
0.00000000e+00
0.00000000e+00
0.00000000e+00
3.67994075e-01
-1.88641837e-01
1.96670544e-01
5.36430309e-01
-5.19645029e-02
2.99434036e-01
3.66101604e-01
2.02969947e-01
7.38777766e-01
0.00000000e+00
9.88645108e-01
7.39145302e-01
2.75469401e-01
6.13120608e-01
4.92500992e-01
4.67551075e-02
7.06321318e-01
0.00000000e+00
-3.44502485e-04
7.01375823e-01
136
2.35617745e-01
-5.67325592e-01
1.84886315e-02
4.66569836e-01
-2.21590648e-03
2.39299565e-01
9.98436083e-04
9.70739358e-02
1.00642843e-04
0.00000000e+00
0.00000000e+00
0.00000000e+00
0.00000000e+00
0.00000000e+00
0.00000000e+00
0.00000000e+00
-8.33397793e-02
-9.13786038e-02
4.11483220e-01
0.00000000e+00
-5.69935404e-02
-7.20402324e-02
1.91656775e-01
1.72994742e-01
0.00000000e+00
0.00000000e+00
0.00000000e+00
0.00000000e+00
-2.13626373e-01
1.56632833e-01
3.43995452e-01
0.00000000e+00
-1.18002710e-01
-2.31360518e-01
2.55765557e-01
0.00000000e+00
-2.99551093e-01
2.32878637e-01
1.56732264e-01
0.00000000e+00
9.58695394e-02
-3.16710586e-01
1.72994742e-01
0.00000000e+00
0.00000000e+00
0.00000000e+00
5.09321123e-01
-6.67880757e-01
2.93943212e-01
-7.03513384e-02
-3.88445043e-01
1.43234555e-01
-6.78545192e-01
-1.46906217e-01
6.24203093e-03
-1.88772058e-01
3.42832315e-01
3.42294047e-02
-1.05196156e-01
4.58594235e-02
1.70738082e-01
1.33084655e-02
2.37978161e-01
8.37536130e-03
1.92556221e-01
-1.01578625e-01
0.00000000e+00
0.00000000e+00
0.00000000e+00
0.00000000e+00
0.00000000e+00
0.00000000e+00
0.00000000e+00
0.00000000e+00
0.00000000e+00
0.00000000e+00
0.00000000e+00
0.00000000e+00
0.00000000e+00
0.00000000e+00
0.00000000e+00
0.00000000e+00
0.00000000e+00
0.00000000e+00
0.00000000e+00
0.00000000e+00
6.22844178e-01
-2.58982088e-02
-7.18362820e-01
0.00000000e+00
0.00000000e+00
0.00000000e+00
-9.97358859e-02
7.65151036e-01
-2.74418606e-01
9.51188167e-01
-1.91626811e+00
-6.43903118e-01
-1.14474368e-02
-7.28365346e-02
5.95385142e-01
0.00000000e+00
3.17012901e-01
1.80853544e+00
-1.45380421e+00
4.69588791e-01
7.75664950e-01
-1.16398973e-01
-4.46207480e-01
-1.83333021e+00
1.27060003e-01
3.40401320e-01
-6.89374064e-01
0.00000000e+00
0.00000000e+00
0.00000000e+00
5.58565963e-01
9.61748129e-01
-4.09167363e-01
2.33906168e-01
-2.19492418e+00
-7.38582202e-01
-1.44170497e+00
-4.72553919e-01
9.26104943e-02
0.00000000e+00
5.98673683e-01
1.62012050e+00
-6.45210612e-01
3.95978313e-01
-1.27859153e-02
6.71805722e-01
-8.36317633e-02
-9.20273980e-01
-6.31194584e-02
1.15917133e+00
10 2
-1.1012e+00 4.7120e-01
5 -1
0 1 3 4 2 
217
9.79295415e-01
1.49211045e-01
-4.02469940e-01
-3.96219511e-01
3.71033836e-01
2.90132106e-01
1.17838863e-01
-2.41059917e-01
-1.15664694e-01
7.06590524e-01
7.35218074e-01
1.34131899e-01
-1.29130664e-01
-3.13262392e-02
0.00000000e+00
0.00000000e+00
0.00000000e+00
0.00000000e+00
0.00000000e+00
0.00000000e+00
0.00000000e+00
0.00000000e+00
0.00000000e+00
4.61316076e-01
1.70527261e-03
-8.17236916e-01
0.00000000e+00
0.00000000e+00
0.00000000e+00
0.00000000e+00
0.00000000e+00
0.00000000e+00
0.00000000e+00
-4.57443432e-01
1.49937686e-01
1.28680116e+00
0.00000000e+00
3.57643231e-01
-3.60527779e-01
-3.39031493e-02
2.42686027e-01
7.73397086e-01
0.00000000e+00
0.00000000e+00
0.00000000e+00
-5.81556349e-01
-1.08368987e-01
5.86829114e-01
0.00000000e+00
-1.40395659e-01
6.81096289e-03
3.32862121e-01
0.00000000e+00
1.09010783e+00
-1.06776934e-01
-9.08396111e-02
0.00000000e+00
-3.68007722e-02
5.51452978e-01
-5.24029281e-01
3.54812294e-01
-2.15145921e-01
8.39629043e-01
1.02731147e+00
-6.84193447e-01
0.00000000e+00
3.18748843e-01
2.13281977e-01
3.17428553e-01
1.46486377e-01
8.20902573e-01
-4.89547520e-01
0.00000000e+00
2.98697067e-01
-4.44138451e-01
3.49243295e-01
-1.18498635e-01
5.81266921e-01
2.08128144e-01
0.00000000e+00
-1.16594771e-02
-1.94359009e-01
2.01559827e-01
-2.09886849e-01
-3.36266991e-02
1.29807901e-01
0.00000000e+00
1.24881334e-01
1.91432625e-01
7.58232878e-01
-3.16664836e-02
-4.68588789e-01
-5.67591235e-01
-6.18593989e-01
1.37585777e+00
-5.51462113e-01
6.39617673e-01
-1.02897581e+00
0.00000000e+00
0.00000000e+00
0.00000000e+00
0.00000000e+00
0.00000000e+00
0.00000000e+00
0.00000000e+00
0.00000000e+00
0.00000000e+00
0.00000000e+00
0.00000000e+00
0.00000000e+00
0.00000000e+00
0.00000000e+00
0.00000000e+00
0.00000000e+00
0.00000000e+00
0.00000000e+00
0.00000000e+00
0.00000000e+00
0.00000000e+00
4.06583990e-01
-7.20373344e-01
-4.96474245e-01
0.00000000e+00
0.00000000e+00
0.00000000e+00
-3.70155187e-01
6.08503112e-01
-7.29507187e-01
2.21857527e+00
-1.12315309e+00
-5.34083100e-01
-4.64199937e-01
2.94593893e-01
5.30834925e-01
0.00000000e+00
4.24168790e-01
1.12078377e+00
-8.75554167e-01
7.88831898e-02
8.74151870e-01
-2.57077915e-01
-3.54991746e-01
-1.12534011e+00
2.14239911e-01
-1.02714654e+00
-1.43467658e-01
0.00000000e+00
0.00000000e+00
0.00000000e+00
2.79913870e-01
-5.74214713e-03
2.94639191e-01
-5.55670561e-01
-3.15654216e-01
1.30015570e-01
2.38730149e-01
-3.38632621e-01
4.28471702e-01
0.00000000e+00
1.67912993e-02
2.30343479e-01
-6.10815512e-01
-2.92969129e-03
-8.00663430e-02
-3.39245576e-01
1.34432729e-01
-3.21989569e-01
-5.38821425e-02
7.27822731e-01
-1.03640659e+00
0.00000000e+00
0.00000000e+00
0.00000000e+00
1.01568335e+00
1.53166940e+00
1.48465850e-01
7.07142067e-01
-5.69016915e-02
-2.00331365e-02
-7.60406351e-02
-2.85537286e-01
3.05620930e-01
0.00000000e+00
-6.62698342e-01
2.17024175e+00
-2.09553624e+00
7.56211900e-01
9.48854037e-01
2.01331781e+00
3.10256764e-03
0.00000000e+00
-7.18263227e-01
1.00788526e+00
-1.14757552e+00
0.00000000e+00
0.00000000e+00
0.00000000e+00
9.31245052e-01
-1.34202169e-01
6.77665360e-02
7.60738427e-01
-1.30183550e-01
8.87219338e-01
3.22077754e-01
1.29051520e+00
8.67524029e-01
0.00000000e+00
1.62790225e+00
8.16758154e-01
1.66074339e+00
1.02818606e+00
9.02033043e-01
-1.57980509e-02
1.04124493e+00
0.00000000e+00
1.93046591e+00
9.50306556e-01
136
-6.38036246e-02
0.00000000e+00
0.00000000e+00
3.99983564e-02
1.06667282e-02
2.28386116e-01
-3.49184552e-03
-2.91265470e-01
2.43631557e-03
0.00000000e+00
0.00000000e+00
0.00000000e+00
0.00000000e+00
0.00000000e+00
0.00000000e+00
0.00000000e+00
-2.63947532e-02
-1.70732088e-01
1.33879798e-01
0.00000000e+00
1.00488830e-01
-3.56088893e-01
-4.89342570e-01
1.53695264e-01
5.27443745e-01
0.00000000e+00
0.00000000e+00
0.00000000e+00
-6.50867086e-01
-2.15148213e-01
6.57556891e-01
0.00000000e+00
-3.78313123e-01
-2.21248545e-02
4.15682585e-01
0.00000000e+00
2.46709837e-01
-9.02143675e-02
4.26203848e-01
0.00000000e+00
4.02837548e-01
-6.86065048e-01
-1.70061641e-01
0.00000000e+00
0.00000000e+00
0.00000000e+00
1.44277689e-01
-1.15783017e+00
2.29322070e-01
-1.44519362e-01
-8.10810603e-01
1.03399898e-01
-4.83032722e-01
1.80208028e-01
5.17642900e-02
-6.82935757e-04
3.54498916e-01
1.97419937e-02
-7.90322437e-02
8.79314631e-02
-1.61269978e-01
-1.38198699e-01
7.08310813e-01
1.50202465e-01
3.51069560e-01
-3.80720623e-01
2.22556975e-01
-5.01700013e-01
-6.95021830e-02
2.33183501e-01
-5.11245363e-01
0.00000000e+00
0.00000000e+00
0.00000000e+00
0.00000000e+00
0.00000000e+00
0.00000000e+00
0.00000000e+00
0.00000000e+00
0.00000000e+00
0.00000000e+00
0.00000000e+00
0.00000000e+00
0.00000000e+00
0.00000000e+00
0.00000000e+00
5.35829431e-01
-7.64207216e-02
-7.66668883e-01
0.00000000e+00
0.00000000e+00
0.00000000e+00
-2.63452547e-02
6.84545591e-01
-4.63657827e-01
7.72891904e-01
-1.96113040e+00
-8.51849941e-01
-1.01136172e-01
-1.19890920e-01
6.90959202e-01
0.00000000e+00
2.87810035e-01
1.77585295e+00
-1.45632913e+00
5.81971694e-01
8.95982620e-01
-4.88848479e-03
-4.97405933e-01
-1.58318619e+00
1.86489674e-01
4.22647697e-01
-7.00745585e-01
0.00000000e+00
0.00000000e+00
0.00000000e+00
5.68559687e-01
1.06849476e+00
-3.22579093e-01
2.42520083e-01
-2.14695733e+00
-6.67634092e-01
-1.28943993e+00
-4.35102105e-01
2.13803043e-01
0.00000000e+00
5.98699457e-01
1.57342345e+00
-7.00975756e-01
5.64065538e-01
-1.48829444e-01
5.56083611e-01
1.79057168e-01
-1.45227580e+00
-2.64729125e-01
1.16307028e+00
5 1
-1.1730e+00 4.8229e-01
6 0
0 1 3 4 2 10 
217
1.15366682e+00
7.23022206e-02
-1.13003647e+00
1.10301245e+00
-1.01842059e-01
8.25779037e-01
7.44885361e-01
3.54284156e-02
3.01008379e-01
-2.47041524e+00
1.45260126e-01
-1.37223945e+00
0.00000000e+00
0.00000000e+00
-2.11348068e-01
2.70470419e-03
4.32328866e-01
1.59835136e+00
-1.40321172e-02
-4.23265190e-01
-3.97459593e-01
1.91159368e-02
-7.13472675e-01
1.64123128e-01
-4.06276136e-02
2.07915650e-01
0.00000000e+00
0.00000000e+00
0.00000000e+00
0.00000000e+00
0.00000000e+00
0.00000000e+00
0.00000000e+00
-2.79025145e-01
3.94224264e-01
1.03846770e+00
0.00000000e+00
8.31806760e-02
-2.48318029e-01
4.12970542e-01
3.44946484e-01
6.04059482e-01
0.00000000e+00
0.00000000e+00
0.00000000e+00
3.90199590e-01
-1.95514187e-01
6.07238047e-01
0.00000000e+00
6.64477230e-01
-1.83069198e+00
-3.77433262e-01
0.00000000e+00
-2.99516408e-01
2.63684069e-01
3.51394960e-01
0.00000000e+00
8.77387839e-02
0.00000000e+00
-2.55191869e-01
6.81196531e-01
6.81698822e-02
4.04300410e-01
0.00000000e+00
-1.52402484e-02
0.00000000e+00
7.90514086e-01
2.53426645e-01
3.78392986e-01
1.93911539e-01
1.52207868e+00
-6.79179481e-01
1.22127893e+00
5.51111745e-01
-5.33448485e-01
-2.40344117e-01
5.63307151e-01
1.51540535e+00
-3.97919281e-01
0.00000000e+00
2.33972255e-01
-1.74283038e+00
-1.97791503e-01
3.52366452e-01
-1.53599038e+00
7.94265824e-01
0.00000000e+00
7.67679226e-01
3.78259179e-01
1.12771216e+00
-1.17454766e+00
1.95872795e-01
-8.68448003e-02
0.00000000e+00
9.06913184e-01
-8.63689922e-01
1.37725644e-01
2.51619760e-01
0.00000000e+00
9.26025518e-01
0.00000000e+00
3.36251624e-01
1.56644769e-01
1.74368310e-01
-6.80342084e-01
0.00000000e+00
0.00000000e+00
0.00000000e+00
0.00000000e+00
0.00000000e+00
0.00000000e+00
0.00000000e+00
0.00000000e+00
0.00000000e+00
0.00000000e+00
0.00000000e+00
0.00000000e+00
0.00000000e+00
0.00000000e+00
5.79569164e-01
-1.04313840e-01
-2.35285067e-01
0.00000000e+00
0.00000000e+00
0.00000000e+00
1.83752085e+00
-1.41503802e+00
5.94999974e-02
1.19406148e+00
-1.72325391e+00
-4.55121139e-01
2.26652154e+00
6.51926432e-01
-5.93497200e-01
0.00000000e+00
1.79180525e+00
3.41250463e+00
3.99689137e-02
1.10095965e+00
1.36296871e+00
-1.16619947e-02
9.83994534e-01
-2.60925462e-01
3.99323545e-01
-1.33040914e+00
-1.40061445e+00
0.00000000e+00
0.00000000e+00
0.00000000e+00
-2.23112814e-01
1.72192456e+00
5.06157156e-01
8.52975913e-01
1.43353750e+00
1.18787798e+00
-2.22040090e-01
1.04289582e+00
2.04959794e+00
0.00000000e+00
2.40592801e-01
1.29473721e-01
4.79297672e-01
1.00648674e+00
8.82708947e-01
-2.20945071e-02
9.74596426e-02
-3.65250838e-01
7.77970754e-01
1.92039152e+00
-1.19918794e+00
0.00000000e+00
0.00000000e+00
0.00000000e+00
-7.88073732e-01
3.00008668e+00
1.92112224e+00
3.61692147e-01
-6.80501737e-02
-8.63941422e-01
-6.81764132e-01
4.22952560e-01
4.85451124e-01
0.00000000e+00
2.31339332e-01
2.54998707e+00
6.17129355e-01
-2.09287242e-02
-1.22012600e+00
3.60198174e-01
-1.04052287e+00
0.00000000e+00
3.72805162e-01
1.29685896e+00
-8.66875376e-01
0.00000000e+00
0.00000000e+00
0.00000000e+00
1.35740179e+00
3.50376714e-01
4.33279767e-02
9.71852748e-01
-1.33802135e-01
1.49620600e+00
-1.87735103e-01
3.43845658e-01
9.24833170e-01
0.00000000e+00
1.18746783e+00
5.08712569e-01
-2.76414318e-01
-2.67047438e-02
1.29178947e+00
7.17852637e-01
1.72339204e+00
0.00000000e+00
1.49871681e+00
6.68281226e-01
136
2.07542577e-01
3.09608441e-01
1.65688942e-02
8.23829679e-01
-1.03646092e-02
-7.79264134e-01
1.36636840e-02
-1.46631409e-01
3.61123614e-02
0.00000000e+00
0.00000000e+00
0.00000000e+00
0.00000000e+00
0.00000000e+00
0.00000000e+00
0.00000000e+00
-2.13890783e-03
-5.15022183e-02
2.61183703e-01
0.00000000e+00
5.68804898e-02
-1.69634677e-01
-1.81935303e-01
1.91352000e-02
5.78838060e-01
-9.57411936e-02
0.00000000e+00
0.00000000e+00
-3.80416970e-01
1.34926614e-01
1.02452065e+00
0.00000000e+00
-3.84391684e-01
-4.04820142e-01
8.83972887e-01
0.00000000e+00
-3.04006928e-01
1.13225069e-01
5.27183370e-01
0.00000000e+00
-9.20447613e-02
-1.08198409e+00
1.71378555e-01
0.00000000e+00
0.00000000e+00
0.00000000e+00
0.00000000e+00
9.01513912e-02
2.48949630e-01
-3.73560279e-02
0.00000000e+00
-5.81337072e-01
-5.79523272e-01
-1.73005176e-01
-1.11407201e-01
-3.98175936e-01
5.55276176e-01
5.60155632e-01
2.77689259e-02
1.59114534e-01
1.45545808e-01
-2.19517185e-01
1.45235694e-01
8.82535880e-02
1.76483824e-01
-5.33283355e-01
1.44410492e-01
-6.49124940e-01
-2.35690800e-01
1.93986336e-01
4.70918602e-02
5.01243430e-01
9.09270364e-02
1.04691707e-03
1.31394112e-01
-8.36766965e-01
0.00000000e+00
0.00000000e+00
0.00000000e+00
0.00000000e+00
0.00000000e+00
0.00000000e+00
0.00000000e+00
0.00000000e+00
0.00000000e+00
0.00000000e+00
6.97849183e-01
7.01982658e-02
-7.01919375e-01
0.00000000e+00
0.00000000e+00
0.00000000e+00
1.03776493e-01
6.24870478e-01
-2.84109243e-01
1.05522886e+00
-1.93053736e+00
-8.31955477e-01
8.69806768e-02
-1.22622208e-01
6.78442272e-01
0.00000000e+00
1.82196397e-01
1.71964666e+00
-1.63886592e+00
6.06926786e-01
9.08984902e-01
-1.94707732e-02
-6.74316105e-01
-1.67691483e+00
2.34297672e-01
2.75521344e-01
-7.18365779e-01
0.00000000e+00
0.00000000e+00
0.00000000e+00
2.74369597e-01
8.65450999e-01
-5.40577076e-01
1.48301397e-01
-2.10620213e+00
-9.23503930e-01
-1.19953512e+00
-4.66655828e-01
3.55016331e-01
0.00000000e+00
6.93663000e-01
1.73725753e+00
-4.72013326e-01
8.51106315e-01
4.55597289e-02
4.37502485e-01
5.89884189e-02
-1.43414611e+00
1.84530355e-02
9.38598908e-01
7 1
-1.4868e+00 5.0440e-01
7 1
0 1 3 4 2 10 5 
217
-4.80965045e-01
-3.66864277e-01
5.55452944e-01
1.70488026e-01
-4.30708367e-01
-5.14848878e-02
-5.88764701e-01
5.83912605e-01
-4.28371961e-02
3.32706148e-01
1.01911597e+00
-1.57525154e+00
-4.37770755e-01
-6.11024892e-01
-5.35967941e-01
1.59802864e-01
-1.09407990e+00
-2.11145947e-01
-3.21140055e-03
7.75827912e-02
2.87767614e-01
-7.33057770e-03
2.45847063e-01
-2.16187717e-02
1.10612448e-03
8.13332836e-02
0.00000000e+00
0.00000000e+00
0.00000000e+00
0.00000000e+00
0.00000000e+00
0.00000000e+00
0.00000000e+00
-8.43958174e-01
-3.72117975e-02
4.00204926e-01
0.00000000e+00
-1.23766716e-01
-3.33014711e-01
-1.17823547e-01
1.48629541e-01
4.83282080e-02
0.00000000e+00
0.00000000e+00
0.00000000e+00
-1.51549755e-01
-1.08505464e-01
5.32706292e-01
0.00000000e+00
2.32685470e-01
-5.79888604e-01
-1.90688124e-01
0.00000000e+00
-6.78349835e-01
-3.74600362e-01
1.35211874e+00
0.00000000e+00
0.00000000e+00
0.00000000e+00
0.00000000e+00
-3.21983034e-01
4.19877750e-01
-5.78859762e-01
-4.12627764e-01
-9.03523956e-01
0.00000000e+00
3.62820786e-01
3.63659232e-01
4.72365890e-01
7.26499905e-02
0.00000000e+00
-4.71712581e-01
1.70772623e-01
-3.37377380e-01
-2.83927825e-02
3.30217727e-01
5.73946454e-01
9.53999637e-01
-3.82180022e-01
0.00000000e+00
-6.91004888e-01
1.30507188e+00
-3.61779773e-01
-3.02899196e-01
0.00000000e+00
-2.65240184e-01
0.00000000e+00
8.17812696e-02
-5.80683020e-01
-2.97506131e-01
-2.35325734e-01
0.00000000e+00
-4.93498878e-01
0.00000000e+00
4.78220584e-01
6.55557723e-02
-4.65686751e-01
-7.58212558e-01
0.00000000e+00
1.62224925e-01
0.00000000e+00
1.48204656e-01
5.04710098e-01
-7.91394626e-01
-1.32273883e+00
-2.18785606e-01
-4.06303576e-01
0.00000000e+00
-2.29441201e-01
-6.43702119e-01
3.73565339e-01
3.35402845e-01
0.00000000e+00
0.00000000e+00
0.00000000e+00
0.00000000e+00
0.00000000e+00
0.00000000e+00
0.00000000e+00
1.05310976e+00
2.74308588e-01
-1.15887197e+00
0.00000000e+00
0.00000000e+00
0.00000000e+00
-1.17539190e+00
-2.41814926e-01
2.51874833e-01
1.41374593e+00
-5.75416771e-02
-1.51500430e-02
1.10396612e+00
-3.95925839e-01
1.05523928e-01
0.00000000e+00
5.27236811e-01
2.22050953e+00
-5.31218422e-03
9.25679474e-02
1.10548599e+00
0.00000000e+00
6.72303648e-03
-2.94280690e-02
-1.82398256e-01
1.00316188e+00
-7.94446478e-01
0.00000000e+00
0.00000000e+00
0.00000000e+00
1.41702772e+00
1.08853386e+00
1.01470820e+00
9.52400150e-01
-8.95736983e-02
8.56606121e-01
4.25660228e-01
1.26666133e+00
1.29607198e+00
0.00000000e+00
5.74072604e-01
2.68856034e-01
-1.38294350e-02
1.00372549e+00
7.70061464e-01
0.00000000e+00
8.25418740e-01
-6.05268723e-02
6.88971326e-01
5.72964293e-01
-8.31529809e-01
0.00000000e+00
0.00000000e+00
0.00000000e+00
-3.42657241e-01
-1.90362776e-01
-2.82567225e-01
0.00000000e+00
-7.53202058e-02
5.63792263e-01
9.50716698e-01
-1.23777983e-01
1.15046889e+00
0.00000000e+00
7.31616410e-01
2.41133292e+00
-6.85343532e-02
8.08319216e-01
-1.36168371e+00
3.34615800e-02
-2.16062485e-01
0.00000000e+00
-5.11555455e-01
2.29821812e+00
-9.56408366e-01
0.00000000e+00
0.00000000e+00
0.00000000e+00
1.11205383e+00
7.31707342e-01
8.15964763e-01
0.00000000e+00
-5.78454074e-02
5.55374781e-01
-3.96076061e-01
1.13530961e+00
2.05962742e-01
0.00000000e+00
7.79476690e-01
6.46383756e-01
-7.84493109e-02
1.41364382e+00
1.43655960e+00
1.12806469e+00
8.15960529e-01
0.00000000e+00
1.63225563e+00
5.39230574e-01
136
1.37970476e-01
-5.16190447e-01
1.96147066e-02
4.47678538e-01
-3.14001180e-03
2.20799900e-01
-8.33271127e-04
-1.43175140e-02
3.46770607e-05
0.00000000e+00
0.00000000e+00
0.00000000e+00
0.00000000e+00
0.00000000e+00
0.00000000e+00
0.00000000e+00
-4.78502903e-02
-1.09798088e-01
3.81258433e-01
0.00000000e+00
-2.70069271e-01
-1.34967884e-01
7.78977179e-02
9.40535369e-02
6.37889932e-01
-2.47049339e-01
0.00000000e+00
0.00000000e+00
-2.45441886e-01
6.45374585e-02
5.91146205e-01
0.00000000e+00
-5.18536162e-01
-3.01404157e-02
2.82991947e-01
0.00000000e+00
-1.65881296e-02
-2.81823281e-01
3.65344236e-01
0.00000000e+00
2.20484805e-02
-2.72429237e-01
1.76861260e-01
0.00000000e+00
0.00000000e+00
0.00000000e+00
4.49861270e-01
-9.69716745e-01
2.31079455e-01
-9.25827262e-02
0.00000000e+00
-5.31424216e-02
-7.05375275e-01
-9.46514874e-02
-8.11793913e-02
-1.17088294e-02
6.34794836e-01
-1.57620234e-01
-4.32224366e-02
2.42992506e-02
-2.75040380e-02
3.77392120e-01
2.40508254e-01
6.86744131e-02
1.52118554e-01
-4.62211933e-01
0.00000000e+00
1.14978859e-01
-6.45146105e-02
3.03329402e-01
-2.50454527e-01
0.00000000e+00
1.63427803e-01
-1.82844862e-02
1.16940253e-01
-2.50209269e-01
-2.72698639e-01
3.20246841e-01
-4.27987836e-01
2.50977147e-01
-3.49245689e-01
0.00000000e+00
0.00000000e+00
0.00000000e+00
0.00000000e+00
0.00000000e+00
7.40027325e-01
-2.17729994e-01
-6.29480277e-01
0.00000000e+00
0.00000000e+00
0.00000000e+00
6.92241800e-02
6.73716718e-01
-5.44712142e-01
8.94752527e-01
-1.88134036e+00
-7.48674458e-01
-2.10667792e-02
-2.10163404e-01
7.96743048e-01
0.00000000e+00
3.70895261e-01
1.86076274e+00
-1.46718181e+00
4.87725704e-01
7.73699954e-01
-7.72153067e-02
-4.42328678e-01
-1.84591219e+00
1.50199355e-01
5.31395363e-01
-7.63982519e-01
0.00000000e+00
0.00000000e+00
0.00000000e+00
4.50448183e-01
8.85542060e-01
-5.36748088e-01
4.36644445e-01
-2.17927260e+00
-6.36612043e-01
-1.39196807e+00
-4.62810423e-01
2.34753109e-01
0.00000000e+00
5.41589134e-01
1.65739872e+00
-6.05220550e-01
5.78949601e-01
1.43782843e-02
5.01796763e-01
1.39944326e-01
-1.35331713e+00
-1.37249732e-01
1.09777149e+00
9 1
-1.8833e+00 5.2531e-01
8 1
0 1 3 4 2 10 5 7 
217
4.47381145e-01
-1.17688014e-01
-2.60944712e-01
0.00000000e+00
0.00000000e+00
0.00000000e+00
3.63418460e-01
-1.88373426e-01
4.06493249e-01
6.80974449e-02
-4.75760775e-01
4.41453110e-01
-3.19448003e-01
-3.70503978e-01
-3.66089375e-01
2.19532207e-02
-6.77124550e-01
9.44052807e-01
-5.11894150e-03
-2.97951357e-01
-6.18153552e-01
-4.24309277e-03
1.49877990e-01
4.87571266e-01
8.85619017e-04
-3.39906799e-01
0.00000000e+00
0.00000000e+00
0.00000000e+00
0.00000000e+00
0.00000000e+00
0.00000000e+00
0.00000000e+00
-5.30493597e-01
-8.30042212e-02
1.06087896e+00
0.00000000e+00
-4.24939396e-01
-4.21814139e-01
-3.13952910e-01
3.24187113e-01
5.46227756e-01
9.90445885e-01
0.00000000e+00
0.00000000e+00
-8.60841568e-01
-2.27729106e-01
6.19204420e-01
0.00000000e+00
-7.11414044e-01
1.29266858e+00
-3.42949906e-01
0.00000000e+00
2.13567426e-01
-8.94223467e-01
1.54366895e+00
0.00000000e+00
4.40416099e-01
0.00000000e+00
7.96027726e-01
-2.52300286e-01
9.64566132e-01
-2.64884702e-01
1.20450075e-01
-1.37074803e+00
0.00000000e+00
7.92877955e-01
4.07515449e-01
9.04801149e-01
3.22549365e-01
-7.94337681e-01
-1.23934405e-01
0.00000000e+00
8.22985364e-01
-3.50540388e-01
5.42667867e-01
4.90096219e-01
6.53843391e-01
-2.60196735e-01
0.00000000e+00
-1.21506050e-01
-6.07604561e-01
1.75240540e-01
2.13554551e-01
0.00000000e+00
-8.54042611e-02
0.00000000e+00
4.94253131e-01
-2.92536531e-01
1.84189636e-01
-2.21181527e-01
0.00000000e+00
-3.34791362e-01
-6.12885514e-01
8.61085341e-01
-7.35435786e-01
-2.52728605e-01
-2.21896297e-01
0.00000000e+00
-1.79385212e-01
0.00000000e+00
4.66454937e-01
-2.93533149e-01
1.60311421e-01
3.35581885e-01
-2.66129023e-01
5.17763677e-01
0.00000000e+00
-1.35923241e-01
-9.12349712e-01
3.31669731e-01
-1.62331809e-01
0.00000000e+00
-9.77156684e-01
-1.47382172e+00
6.86905760e-01
-5.01992032e-01
7.74390552e-02
5.34668034e-02
4.16924751e-01
5.38953765e-01
-9.38291080e-01
0.00000000e+00
0.00000000e+00
0.00000000e+00
4.51819258e-01
1.69641826e-01
-2.56312215e-01
1.28282697e+00
-1.67712017e-02
7.04353825e-01
3.02913514e-01
3.34946939e-01
1.09694508e+00
0.00000000e+00
3.19293971e-02
1.49354974e+00
-1.75894450e-03
7.55430463e-01
-1.30398347e+00
3.89393158e-01
2.65705486e-01
-2.69130059e-02
6.38977466e-01
1.03610559e+00
-1.05997400e+00
0.00000000e+00
0.00000000e+00
0.00000000e+00
1.25127412e+00
1.31863414e+00
1.12920479e+00
1.01988462e+00
-4.54978978e-02
5.76239666e-01
1.05689895e+00
1.19496202e+00
1.47476060e+00
0.00000000e+00
1.29878554e+00
7.74316807e-01
-3.62434956e-03
8.59619196e-01
1.86358302e+00
8.80062987e-01
1.13364186e+00
-5.54196549e-02
7.79654977e-01
1.03151003e+00
-4.07234651e-01
0.00000000e+00
0.00000000e+00
0.00000000e+00
5.36216487e-01
-1.53957359e-03
-7.03456823e-03
8.56828462e-01
-2.05835527e-03
2.29625667e-01
-2.81963085e-02
2.32848417e-02
0.00000000e+00
0.00000000e+00
5.59589759e-01
1.05786756e+00
0.00000000e+00
9.13461954e-01
-1.19718646e+00
5.89965479e-02
8.58075555e-01
0.00000000e+00
-1.63771795e-03
-1.51180020e-01
-5.54370519e-01
0.00000000e+00
0.00000000e+00
0.00000000e+00
3.05866137e-01
-2.46260844e-03
-1.54134967e-02
5.33089778e-01
-3.89493613e-03
2.71875124e-01
-6.07626205e-02
2.39866667e-01
0.00000000e+00
0.00000000e+00
6.17184792e-01
1.17839441e+00
0.00000000e+00
5.25497173e-01
9.19822841e-01
7.90470253e-01
2.84421661e-01
0.00000000e+00
-4.08932859e-03
9.79363762e-01
136
1.94228273e-01
-5.34593460e-01
1.47384852e-02
3.42399729e-01
-3.60667900e-04
3.05829074e-01
1.39689543e-03
8.05929301e-02
-5.68393815e-05
0.00000000e+00
0.00000000e+00
0.00000000e+00
0.00000000e+00
0.00000000e+00
0.00000000e+00
0.00000000e+00
-5.07041845e-02
-1.08509329e-01
3.54665271e-01
0.00000000e+00
-3.24031629e-01
-1.33000401e-01
1.68465207e-01
2.30884808e-01
5.29066094e-01
-2.23550363e-01
0.00000000e+00
0.00000000e+00
-1.47540162e-01
9.16924886e-02
5.46211471e-01
0.00000000e+00
-3.16596949e-01
-1.76818599e-01
2.83468129e-01
0.00000000e+00
-4.27333694e-01
-3.02965903e-02
2.65208538e-01
0.00000000e+00
8.25648453e-02
-2.88476624e-01
3.12145420e-01
0.00000000e+00
0.00000000e+00
0.00000000e+00
4.54324235e-01
-8.58223559e-01
2.18248917e-01
-9.37418179e-02
0.00000000e+00
-7.72839976e-02
-7.31621963e-01
-1.52003228e-01
-1.04707493e-01
1.86199305e-02
4.68861491e-01
-1.70919440e-01
-1.43052335e-01
3.35627339e-02
1.68461920e-01
3.83007292e-01
2.01639469e-01
-3.59018794e-03
1.79339240e-01
-3.65110588e-01
5.62129230e-02
-9.12739923e-02
-1.05473300e-01
2.54817723e-01
-3.91439624e-01
0.00000000e+00
2.50392796e-01
-3.59350421e-02
1.33689386e-01
-5.42596206e-01
-1.91977321e-01
2.64479489e-01
-4.44080309e-01
2.26800938e-01
-1.26828212e-01
4.65284473e-02
8.62180825e-02
-1.02752931e-01
1.16349106e-01
2.01882313e-01
7.17219063e-01
-5.56914807e-02
-6.41174439e-01
0.00000000e+00
0.00000000e+00
0.00000000e+00
-5.65228836e-03
6.98957969e-01
-3.38999824e-01
8.85338333e-01
-1.87573883e+00
-7.48659212e-01
-4.85772081e-02
-2.72508211e-01
7.13649602e-01
0.00000000e+00
3.10041151e-01
1.83554851e+00
-1.49606241e+00
5.23771385e-01
8.97798036e-01
-1.40976313e-01
-4.39456312e-01
-1.72566579e+00
2.20758495e-01
3.65258475e-01
-7.12421351e-01
0.00000000e+00
0.00000000e+00
0.00000000e+00
4.90791619e-01
9.21480255e-01
-4.02061682e-01
2.66875856e-01
-2.25075114e+00
-7.86757147e-01
-1.31639057e+00
-3.99250912e-01
2.07239762e-01
0.00000000e+00
5.55250071e-01
1.53655101e+00
-6.07820087e-01
6.67334785e-01
3.46126528e-02
5.23538360e-01
1.08702187e-01
-1.33800496e+00
8.27433224e-03
1.06796426e+00
8 1
-1.9597e+00 5.2805e-01
8 1
0 1 3 4 2 10 5 7 
217
1.39897592e-01
-6.57097418e-01
-1.89037157e-01
8.60697683e-01
0.00000000e+00
0.00000000e+00
-1.38184582e-01
8.57044905e-01
5.45430696e-01
-1.55935184e+00
-3.23370658e-01
1.04566827e+00
2.50316438e-02
-2.92794158e-01
4.55999319e-01
-1.60750623e-02
-3.13072104e-01
-3.01849448e-02
-1.63213691e-02
5.06554807e-01
-7.37545380e-01
6.20339254e-03
1.78365636e-01
4.51628598e-01
-3.84016112e-05
-1.74750135e-01
0.00000000e+00
0.00000000e+00
0.00000000e+00
0.00000000e+00
0.00000000e+00
0.00000000e+00
0.00000000e+00
-1.54871768e+00
-2.78205006e-03
1.69139733e+00
0.00000000e+00
-1.58444540e-01
-7.73111819e-01
1.36252544e-01
2.14190199e+00
2.62291420e+00
0.00000000e+00
0.00000000e+00
0.00000000e+00
-6.01201245e-01
-1.71638512e-01
2.60707957e-01
0.00000000e+00
4.35679975e-01
0.00000000e+00
-4.77432133e-01
0.00000000e+00
4.75440040e-01
2.20859432e-01
4.49801401e-01
0.00000000e+00
8.42588229e-01
0.00000000e+00
-2.45802202e-01
6.12850357e-01
5.72235733e-01
-1.04518850e+00
1.70173890e-01
-1.17005832e+00
0.00000000e+00
4.57030351e-01
3.50397737e-01
6.82751670e-01
4.10634733e-01
0.00000000e+00
1.99132759e-01
0.00000000e+00
-1.55834009e-01
2.81200147e-01
-8.56775398e-01
-2.39647996e-01
5.82396214e-01
5.15728590e-02
0.00000000e+00
-2.93150366e-01
-5.48801530e-01
-2.00921115e-01
9.73448799e-01
0.00000000e+00
2.28252606e-01
0.00000000e+00
5.70393033e-01
-1.30144753e+00
-1.04130820e+00
-8.75613392e-01
0.00000000e+00
-1.26055792e-01
0.00000000e+00
3.09352801e-01
-8.01703642e-01
4.14014878e-02
1.23423051e-01
0.00000000e+00
7.29249232e-01
0.00000000e+00
-4.77665428e-01
8.20180183e-01
-1.11686213e-01
-6.52060009e-01
1.13543054e-01
8.02381828e-01
0.00000000e+00
2.97136196e-01
-8.82511042e-01
-1.07316349e+00
-6.05382922e-01
0.00000000e+00
8.90930027e-03
-9.33962472e-01
3.56594477e-02
-2.21050225e-01
-4.88857860e-01
7.09872224e-01
-2.09727861e-01
4.45300478e-01
-8.11745714e-01
0.00000000e+00
0.00000000e+00
0.00000000e+00
3.68209900e-01
1.36737772e+00
6.89504855e-01
1.06768826e+00
-8.87060898e-02
2.06747501e-01
1.38381649e+00
1.27591521e+00
2.20683747e-01
0.00000000e+00
2.63696132e-01
-6.03022503e-01
-4.21489170e-03
2.69067702e-01
9.07620762e-01
2.24393228e-01
5.88890731e-01
-6.07327166e-02
1.00574813e-01
9.84724756e-01
-1.51086650e+00
0.00000000e+00
0.00000000e+00
0.00000000e+00
8.92434844e-01
5.95214921e-01
8.48365109e-01
1.14487286e+00
-1.97696755e-01
7.70557202e-01
5.44083283e-01
1.20657192e+00
1.69291817e+00
0.00000000e+00
1.29731250e+00
1.73223041e+00
-1.34781910e-02
1.55049340e+00
1.24923499e+00
8.46431748e-01
9.18709388e-01
-1.51823406e-01
1.24119548e+00
1.13516080e+00
-1.44829286e+00
0.00000000e+00
0.00000000e+00
0.00000000e+00
-4.61951811e-01
-7.76601327e-04
9.47285598e-01
3.96540256e-01
0.00000000e+00
4.26462484e-01
-6.92636944e-03
3.52771193e-01
1.09207803e+00
0.00000000e+00
-1.20910642e+00
1.49953720e+00
-4.33163967e-02
-2.98279982e-01
-2.74853000e-02
-1.02152553e-01
-1.05329944e-01
0.00000000e+00
0.00000000e+00
1.60596655e+00
-5.49210796e-01
0.00000000e+00
0.00000000e+00
0.00000000e+00
6.54471374e-01
-1.60201964e-03
-2.66984105e-01
1.06558690e+00
0.00000000e+00
1.79082000e-01
-2.31194192e-02
7.56253056e-01
7.19137154e-01
0.00000000e+00
1.18423825e+00
8.62871068e-01
-1.08563168e-01
1.67143121e+00
8.93929955e-01
9.13913721e-01
9.61731063e-01
0.00000000e+00
0.00000000e+00
3.12202117e-01
136
1.58379882e-01
-5.25430211e-01
1.53550556e-02
3.69289565e-01
-6.82997430e-04
2.79106558e-01
-1.24720084e-04
3.54139708e-02
-1.83980138e-04
0.00000000e+00
0.00000000e+00
0.00000000e+00
0.00000000e+00
0.00000000e+00
0.00000000e+00
0.00000000e+00
-1.53398045e-02
-1.08597422e-01
2.92888855e-01
0.00000000e+00
-2.66903303e-01
-1.08627223e-01
3.05689610e-02
9.81850113e-02
5.51872728e-01
2.16154045e-01
0.00000000e+00
0.00000000e+00
-2.07507053e-01
1.01013750e-01
5.28722116e-01
0.00000000e+00
-3.94740120e-01
-1.59307636e-01
3.40776089e-01
0.00000000e+00
-2.38225095e-01
-1.64288969e-01
3.11657374e-01
0.00000000e+00
1.21910931e-01
-1.23851830e-01
4.22203263e-02
0.00000000e+00
0.00000000e+00
0.00000000e+00
4.01698658e-01
-7.48133344e-01
2.46849666e-01
-6.53564139e-02
0.00000000e+00
-7.61012131e-02
-6.42460125e-01
-8.96835848e-02
-6.51381119e-02
4.45533211e-02
7.15665031e-01
-3.84292909e-01
-8.92099929e-02
-1.47343946e-02
8.17032700e-02
2.57527886e-01
2.41252719e-01
5.22172711e-02
1.54477548e-01
-3.51688281e-01
5.03068452e-02
-1.50860480e-01
-1.19738784e-01
2.47601704e-01
-6.52746675e-01
0.00000000e+00
1.45999594e-01
8.71822239e-03
8.34255287e-02
-1.90027383e-01
-3.13104537e-01
3.98016709e-01
-2.77523823e-01
2.15482988e-01
-3.43264600e-01
3.80158521e-02
1.06847095e-01
-9.56374644e-02
1.44893467e-01
2.52567629e-01
6.72480284e-01
-6.19980124e-02
-6.82986566e-01
0.00000000e+00
0.00000000e+00
0.00000000e+00
4.71751043e-02
7.31407592e-01
-5.31640405e-01
9.06615795e-01
-1.83032141e+00
-6.95331996e-01
-8.85561232e-02
-1.64699252e-01
7.50315541e-01
0.00000000e+00
3.10856891e-01
1.70777906e+00
-1.43892641e+00
5.17647338e-01
8.16671052e-01
-1.05017122e-01
-5.86331950e-01
-1.66901891e+00
2.26674721e-01
4.11713919e-01
-6.97614274e-01
0.00000000e+00
0.00000000e+00
0.00000000e+00
4.80942849e-01
8.07911309e-01
-4.73040295e-01
3.65446287e-01
-2.26815427e+00
-7.39063918e-01
-1.42784889e+00
-4.52298180e-01
1.21053140e-01
0.00000000e+00
5.77996045e-01
1.60632750e+00
-6.10347318e-01
6.82914417e-01
5.08215918e-03
4.67810262e-01
1.06868293e-01
-1.10698660e+00
5.48894477e-02
1.10288349e+00
6 2
-2.0322e+00 5.3837e-01
8 -1
0 1 3 4 2 10 5 7 
217
4.52320088e+00
-2.94642908e-01
-1.18496703e+00
0.00000000e+00
0.00000000e+00
0.00000000e+00
8.84765272e-01
6.64857179e-01
1.95070494e+00
-1.32714366e-01
0.00000000e+00
0.00000000e+00
0.00000000e+00
0.00000000e+00
5.25775534e-01
1.32311201e-03
-2.68282409e+00
3.99742534e+00
-1.18343913e-01
-3.53109402e+00
0.00000000e+00
0.00000000e+00
0.00000000e+00
0.00000000e+00
0.00000000e+00
0.00000000e+00
0.00000000e+00
0.00000000e+00
0.00000000e+00
0.00000000e+00
0.00000000e+00
0.00000000e+00
0.00000000e+00
2.80879777e+00
1.71440311e+00
0.00000000e+00
0.00000000e+00
-1.00980460e+00
-2.81974204e+00
-3.23114043e+00
-4.71460149e+00
0.00000000e+00
0.00000000e+00
0.00000000e+00
0.00000000e+00
-2.88570003e+00
-5.11685204e-01
1.84726978e+00
0.00000000e+00
-3.60570497e+00
0.00000000e+00
1.65757211e+00
0.00000000e+00
0.00000000e+00
0.00000000e+00
9.82587420e-01
0.00000000e+00
0.00000000e+00
0.00000000e+00
-1.41068866e+00
1.54090376e-01
2.26567634e+00
2.10343416e+00
0.00000000e+00
1.89482892e-01
0.00000000e+00
3.07615850e+00
-4.79404826e-01
1.25755949e+00
-2.98152760e-01
-1.32254076e+00
2.57951811e+00
0.00000000e+00
1.90590154e+00
-3.64583453e-01
1.36032199e+00
3.90773838e-01
0.00000000e+00
-3.07421059e-01
0.00000000e+00
2.35416768e+00
6.68120449e-01
2.47645426e+00
1.03776058e+00
-7.49038373e-01
-1.08854850e-01
0.00000000e+00
2.75880408e+00
-1.13609652e+00
2.62229002e+00
-2.35085994e+00
3.59713093e-03
-1.42584869e+00
0.00000000e+00
3.43000124e+00
-1.03198692e+00
2.51545120e+00
2.03998002e+00
0.00000000e+00
6.24815208e-01
0.00000000e+00
3.41874418e+00
-6.08352759e-01
4.79641486e-01
-2.03885155e+00
0.00000000e+00
6.15915637e-01
0.00000000e+00
2.47416714e+00
-3.25989441e+00
1.43311810e+00
1.25381533e+00
-7.67633156e-01
-3.39949843e+00
0.00000000e+00
7.00763611e-01
-1.20796358e+00
0.00000000e+00
0.00000000e+00
1.64249630e+00
1.16997520e+00
-7.71931068e-02
0.00000000e+00
0.00000000e+00
0.00000000e+00
-7.80473119e-02
1.74708621e-01
0.00000000e+00
9.84978873e-01
-1.46784600e-01
-1.22704230e+00
2.30426673e+00
-3.07622798e-01
-4.26575307e+00
0.00000000e+00
-3.30529241e+00
-1.38021716e+00
0.00000000e+00
0.00000000e+00
3.49697002e+00
0.00000000e+00
-1.16939636e-03
-7.16347489e-01
0.00000000e+00
8.64435443e-01
-9.35039463e-01
0.00000000e+00
0.00000000e+00
0.00000000e+00
-8.42169373e-02
1.37968291e+00
0.00000000e+00
1.28911193e+00
-2.59363974e-01
-1.52003121e+00
-1.06761431e+00
-5.36509127e-01
4.18772862e+00
0.00000000e+00
2.74249057e+00
2.66494814e+00
0.00000000e+00
0.00000000e+00
-6.69850634e-01
0.00000000e+00
-3.54666987e-03
-9.60399380e-01
0.00000000e+00
4.17819004e-01
-9.17637267e-01
0.00000000e+00
0.00000000e+00
0.00000000e+00
-4.92132362e+00
0.00000000e+00
-2.32124971e-02
0.00000000e+00
0.00000000e+00
0.00000000e+00
-4.98558023e+00
-5.21015196e-02
2.00468162e+00
0.00000000e+00
9.07845503e-01
0.00000000e+00
0.00000000e+00
-1.51777650e-01
0.00000000e+00
1.79446493e+00
-3.06727875e+00
0.00000000e+00
-1.19115517e-02
3.98547104e+00
-8.38708435e-01
0.00000000e+00
0.00000000e+00
0.00000000e+00
3.80651863e+00
0.00000000e+00
-3.06564389e-02
0.00000000e+00
0.00000000e+00
0.00000000e+00
3.87991736e+00
-8.43354306e-02
9.24781311e-01
0.00000000e+00
2.61840854e+00
0.00000000e+00
0.00000000e+00
-2.15668128e-01
0.00000000e+00
4.52666914e-01
2.11256648e+00
0.00000000e+00
-2.34466700e-02
-5.30705727e-01
136
-4.91162285e-01
-1.39157756e-02
-2.53383851e-02
-4.77246509e-01
-1.88267141e-03
0.00000000e+00
0.00000000e+00
0.00000000e+00
0.00000000e+00
0.00000000e+00
0.00000000e+00
0.00000000e+00
0.00000000e+00
0.00000000e+00
0.00000000e+00
0.00000000e+00
4.62685857e+00
4.60772448e+00
0.00000000e+00
0.00000000e+00
-1.14338287e+00
-7.15290886e-01
-2.21337842e-01
2.24362800e-01
8.57812294e-01
7.83480799e-01
0.00000000e+00
0.00000000e+00
-2.00843417e-01
-3.88276382e-01
8.82472340e-01
0.00000000e+00
6.55991800e-02
5.01227606e-01
1.00755224e+00
0.00000000e+00
-1.01028750e+00
-9.83271440e-01
9.28504988e-02
0.00000000e+00
-7.59150718e-01
-4.97205548e-01
7.98170849e-01
0.00000000e+00
0.00000000e+00
0.00000000e+00
0.00000000e+00
-8.03524398e-01
5.17767787e-02
-2.69586342e-01
0.00000000e+00
-8.36070136e-01
-1.06861232e+00
-4.26574338e-01
-1.96723307e-01
-1.29783953e+00
0.00000000e+00
1.71970091e+00
2.01585251e-01
1.79169690e-01
-2.15394214e-01
4.92347490e-01
-4.14009598e-02
2.21166755e-02
2.07214463e-01
0.00000000e+00
-3.53801309e-01
-9.28397511e-01
-4.12639750e-01
8.61271884e-02
0.00000000e+00
0.00000000e+00
-5.19318766e-01
-2.90609512e-01
-2.57250616e-02
-5.77763111e-01
0.00000000e+00
1.44441270e-01
-6.76433063e-01
2.52045507e-01
-1.03402851e+00
-1.08366978e+00
-2.04506073e-01
-1.43588244e-01
1.24812100e-02
-1.62269242e-01
5.66851515e-01
7.22903057e-02
-7.78949329e-01
0.00000000e+00
0.00000000e+00
0.00000000e+00
1.46002324e-01
5.77952905e-01
-4.95829046e-01
8.58687263e-01
-1.41679110e+00
-5.41014007e-01
3.87298095e-01
7.00363576e-02
5.80156988e-01
0.00000000e+00
-4.61995922e-02
1.71812492e+00
-1.44862497e+00
5.06991456e-01
8.38250051e-01
-3.05453321e-01
-5.02971396e-01
-2.08841178e+00
3.48590591e-01
3.42549326e-02
-8.08342802e-01
0.00000000e+00
0.00000000e+00
0.00000000e+00
2.11310436e-03
1.41528741e+00
-2.69852370e-01
5.14090335e-01
-2.08010874e+00
-9.21582885e-01
-1.05100545e+00
-5.85903126e-01
3.38337529e-01
0.00000000e+00
4.75905971e-01
1.56803369e+00
-8.97774801e-01
1.01143094e+00
-3.89822790e-01
2.43353475e-01
-2.48087291e-01
-1.04363446e+00
4.40965223e-01
6.69911435e-01
