1 6 -999999999 -1 -1
1 2 0 -1 -1
-0.017 0.5503
356
3.26514457e-01
5.04633107e-01
-1.78118649e-01
1.06515392e+00
-9.05297191e-01
1.43106672e-01
2.30352073e-01
0.00000000e+00
0.00000000e+00
2.82608728e-01
6.14121700e-01
0.00000000e+00
0.00000000e+00
2.85987521e-01
1.44494686e-02
7.64716931e-01
0.00000000e+00
0.00000000e+00
0.00000000e+00
0.00000000e+00
0.00000000e+00
0.00000000e+00
0.00000000e+00
0.00000000e+00
0.00000000e+00
0.00000000e+00
0.00000000e+00
0.00000000e+00
0.00000000e+00
0.00000000e+00
0.00000000e+00
0.00000000e+00
0.00000000e+00
0.00000000e+00
0.00000000e+00
0.00000000e+00
0.00000000e+00
0.00000000e+00
0.00000000e+00
0.00000000e+00
0.00000000e+00
0.00000000e+00
0.00000000e+00
0.00000000e+00
0.00000000e+00
0.00000000e+00
0.00000000e+00
0.00000000e+00
0.00000000e+00
0.00000000e+00
0.00000000e+00
-3.17945794e-01
-2.71683692e-01
0.00000000e+00
0.00000000e+00
0.00000000e+00
0.00000000e+00
0.00000000e+00
-8.06004450e-03
-1.22501481e-02
-1.48414246e-01
1.39382835e-01
2.09953041e-01
2.00149975e-01
4.28374506e-01
-4.70701827e-01
-1.55338800e-01
-1.21105403e+00
-7.44093002e-01
2.68248772e-02
-4.22764038e-01
-2.84605712e-01
6.12424791e-03
9.11847201e-02
4.42669728e-01
-1.98733084e-03
1.10942608e-01
9.12543443e-01
-9.27515282e-04
-1.98576331e-01
5.94898903e-01
-3.63768442e-03
-2.64746762e-01
0.00000000e+00
0.00000000e+00
0.00000000e+00
0.00000000e+00
0.00000000e+00
0.00000000e+00
0.00000000e+00
-6.16418629e-01
-6.00400278e-01
-1.08080204e+00
-2.08025067e-01
-1.09093313e+00
-3.36151334e-01
1.01706957e-01
7.87424638e-02
-3.03402259e-01
-3.45026456e-01
2.62524905e-01
-6.21256867e-02
0.00000000e+00
0.00000000e+00
3.08461276e+00
2.26929795e+00
2.40891042e-01
7.63452350e-01
5.62084442e-01
3.74971157e-02
-6.20279787e-01
-1.05738191e+00
5.84354360e-01
3.50442604e-01
-6.33914154e-01
-6.88192456e-01
-4.28059181e-01
-1.86899273e+00
0.00000000e+00
0.00000000e+00
0.00000000e+00
0.00000000e+00
0.00000000e+00
0.00000000e+00
-6.20397229e-01
-4.73979097e-01
-5.55854610e-01
-1.39365158e-01
2.23079218e-02
-1.75495326e-01
6.13676738e+00
5.91622685e+00
5.89404684e+00
5.85056133e+00
5.77733243e+00
5.82334593e+00
1.50800976e-01
-3.37787652e-01
1.01887506e-01
3.64506159e-01
-1.25620470e-01
2.87469859e-02
3.26906914e-01
-7.22938863e-01
-4.15961820e-01
-6.49542147e-01
-3.82976719e-01
-2.50364548e-01
-7.37367502e-02
0.00000000e+00
0.00000000e+00
0.00000000e+00
0.00000000e+00
0.00000000e+00
0.00000000e+00
0.00000000e+00
4.00251207e-01
0.00000000e+00
-1.62036573e+00
0.00000000e+00
-7.70618734e-01
-1.14738657e+00
-3.67113840e-01
-7.95396929e-01
-1.13773257e+00
0.00000000e+00
0.00000000e+00
0.00000000e+00
-8.66322845e-01
1.13263194e+00
-2.56331975e-01
8.24075935e-01
-5.41255200e-01
-4.01206540e-01
-2.00307587e-01
-3.99031222e-01
-9.55728460e-02
0.00000000e+00
2.63768453e-01
1.32546047e+00
3.04851474e-02
6.81380096e-01
-1.04226070e+00
1.88276657e-01
5.61505612e-01
-1.48834510e+00
-1.93064312e-01
-6.61618565e-01
6.39902186e-02
0.00000000e+00
0.00000000e+00
0.00000000e+00
2.80299164e-01
-6.64617321e-01
2.64488369e-01
-5.65262357e-02
-4.77991821e-01
3.04328626e-01
7.70515107e-02
2.96984314e-01
-2.73726283e-02
0.00000000e+00
-4.25287585e-01
-5.09637561e-02
-1.12123546e-01
6.00080210e-02
2.37058897e-01
3.94044335e-02
1.26897779e-01
-6.79540210e-02
1.58891312e-01
1.01414706e-01
-6.53749972e-01
-4.39782691e-01
1.50696634e-01
-4.54980034e-02
-1.31619247e-01
4.39588080e-01
-1.07028020e+00
1.90909430e-01
-4.62954934e-01
0.00000000e+00
0.00000000e+00
0.00000000e+00
-7.71099155e-01
1.19972981e+00
-2.56685260e-01
5.27498575e-01
9.35967157e-01
-1.64532661e-01
-9.20710452e-02
-2.79913564e-01
1.28841134e+00
0.00000000e+00
-1.66025353e-01
-3.21405279e-01
-2.79268753e-01
-3.15236886e-01
-2.89450608e-02
-5.12931213e-01
1.54153827e-01
-1.48972158e-01
-7.79566526e-01
-4.52062733e-01
-2.13967281e-01
1.11173317e+00
-6.91792140e-02
-4.17587478e-01
-4.83982602e-01
-3.30836043e-01
-1.50852831e+00
-9.93658085e-01
-4.28017593e-01
9.95386087e-01
-6.96244177e-01
0.00000000e+00
-1.53146559e-01
4.20897128e-01
-9.70357055e-01
0.00000000e+00
-1.94278350e+00
0.00000000e+00
0.00000000e+00
0.00000000e+00
-5.39873242e-01
-8.85027267e-01
6.27921019e-02
1.60381345e+00
-1.68289843e+00
3.64002537e-01
4.27790360e-01
-8.68709808e-02
-2.12631980e+00
0.00000000e+00
4.90262404e-01
9.21034933e-01
-1.32994149e+00
1.02541886e+00
1.05032322e+00
5.96359634e-01
-3.50506424e-01
-1.49310450e+00
1.80824045e-01
-1.70862912e-01
1.32206973e-01
0.00000000e+00
0.00000000e+00
0.00000000e+00
3.48519066e-01
-4.70984526e-01
2.13569959e-02
-1.08151556e-01
-3.07958912e-02
-6.73188509e-02
9.64687531e-02
7.01899154e-02
4.87977595e-01
0.00000000e+00
-1.17194205e-02
-6.52136236e-02
3.53833234e-01
-1.15354417e-01
-6.08691132e-01
-1.90185062e-01
1.62905854e-01
3.38912502e-02
2.54090327e-02
2.00069757e-01
-6.40454198e-01
-3.36506560e-01
0.00000000e+00
-1.79908004e-01
1.69371390e-02
3.01280387e-01
-1.10930233e+00
4.71515381e-01
-4.30305159e-01
0.00000000e+00
0.00000000e+00
0.00000000e+00
5.39704756e-02
-1.02910813e+00
1.85680464e-01
-6.75593314e-01
1.18170238e-01
-1.59425047e-01
-7.04990822e-02
3.53224372e-03
-1.60443717e+00
0.00000000e+00
2.20930943e-01
5.79013780e-01
-1.70569449e-01
5.74635205e-01
4.68980704e-01
4.85302401e-01
-1.28579766e-01
-1.20402584e-02
5.24139999e-01
2.05590605e-01
-3.03947638e-01
0.00000000e+00
9.25298873e-01
-6.13886570e-02
-1.30232930e+00
-8.10880009e-01
0.00000000e+00
0.00000000e+00
-8.37941032e-01
9.31089487e-01
-8.54320369e-01
0.00000000e+00
-4.91449290e-01
0.00000000e+00
0.00000000e+00
-2.75444379e-01
247
-1.61389112e-01
-1.61389112e-01
0.00000000e+00
5.05080792e-01
-6.66469904e-01
-6.82332383e-01
0.00000000e+00
0.00000000e+00
0.00000000e+00
0.00000000e+00
0.00000000e+00
0.00000000e+00
0.00000000e+00
0.00000000e+00
0.00000000e+00
0.00000000e+00
0.00000000e+00
0.00000000e+00
0.00000000e+00
0.00000000e+00
0.00000000e+00
0.00000000e+00
0.00000000e+00
0.00000000e+00
0.00000000e+00
0.00000000e+00
0.00000000e+00
0.00000000e+00
0.00000000e+00
0.00000000e+00
0.00000000e+00
0.00000000e+00
0.00000000e+00
0.00000000e+00
0.00000000e+00
0.00000000e+00
0.00000000e+00
0.00000000e+00
0.00000000e+00
0.00000000e+00
0.00000000e+00
-1.08089961e+00
4.26494020e-02
-1.43046837e-01
1.25096325e-02
5.20531104e-01
1.78574736e-04
5.42026234e-01
-5.58461165e-04
4.53699424e-01
-2.31545922e-01
-3.83542614e-01
0.00000000e+00
0.00000000e+00
0.00000000e+00
0.00000000e+00
0.00000000e+00
0.00000000e+00
0.00000000e+00
3.64316365e+00
2.14520438e+00
8.21393017e-01
4.22576358e-01
4.01370894e-01
-1.73013641e-01
-5.23595826e-01
-8.58761195e-01
-6.13861375e-01
5.13695376e-01
-4.51126022e-01
-6.24363150e-01
-9.85677255e-01
-1.73318995e+00
0.00000000e+00
0.00000000e+00
0.00000000e+00
0.00000000e+00
0.00000000e+00
0.00000000e+00
-5.54043906e-01
-8.96717882e-02
-5.93701170e-01
-2.86356115e-01
-4.12366479e-01
-3.70454031e-01
5.70559700e+00
6.47365998e+00
6.49515576e+00
6.42306419e+00
6.37798834e+00
6.13951596e+00
0.00000000e+00
-1.02251844e+00
-5.35143269e-01
-2.64692979e-01
-7.27326795e-01
-5.74324391e-01
0.00000000e+00
-1.27767979e-02
-4.22602776e-01
-7.28949698e-01
-8.07607485e-01
-6.94104402e-01
8.99696071e-02
0.00000000e+00
0.00000000e+00
0.00000000e+00
-2.51358719e-01
0.00000000e+00
-2.65556753e+00
0.00000000e+00
-7.68057373e-01
-3.80927863e-01
-1.58082176e+00
-7.25771726e-01
-1.14898524e+00
0.00000000e+00
0.00000000e+00
0.00000000e+00
-4.68632590e-01
8.19502547e-01
2.49109942e-01
6.10433372e-01
-1.15986990e+00
-5.31950814e-01
-7.36816985e-01
-3.45453270e-01
-4.82682139e-01
0.00000000e+00
7.31489107e-01
8.92432953e-01
-5.15148964e-01
1.06625427e+00
-1.96821356e-01
3.57863430e-02
2.97312684e-01
4.79550188e-02
-1.46422775e-01
-1.31546268e+00
-7.23506570e-01
-1.01747467e+00
6.02997579e-01
-1.88720434e-01
-1.12435043e-01
-4.58137963e-02
0.00000000e+00
0.00000000e+00
0.00000000e+00
1.12133074e+00
0.00000000e+00
5.25564378e-01
3.85036187e-01
5.60542850e-01
8.83882061e-01
8.90770292e-01
5.45494231e-01
0.00000000e+00
0.00000000e+00
3.98957413e-01
9.17655211e-01
9.35615959e-02
1.64336094e-01
1.18332336e+00
5.07730783e-01
5.17086408e-01
0.00000000e+00
8.98257720e-01
1.11012258e+00
2.93968101e-01
-2.10290859e-01
-2.76358131e-01
-8.57837672e-01
-4.25478666e-01
2.49417299e-01
-1.19334085e+00
-9.33858416e-01
-3.41591805e-01
-6.74895965e-01
-3.58140892e-01
-2.82957207e-01
0.00000000e+00
-2.30659349e+00
0.00000000e+00
0.00000000e+00
0.00000000e+00
-5.77355950e-01
-3.06655607e-02
-9.32776769e-02
1.49833997e+00
-1.91460904e+00
5.00654404e-02
-1.72055517e-02
1.80321954e-02
-9.53268408e-01
0.00000000e+00
1.85859083e-01
4.67291314e-01
-6.42005180e-01
1.00447948e+00
6.34125494e-02
-1.79105073e-01
3.05739994e-01
-1.37526682e+00
5.81665139e-01
-6.98719402e-01
-1.16048744e+00
-1.19006270e+00
0.00000000e+00
8.43470053e-01
5.69160386e-01
1.10993712e+00
0.00000000e+00
0.00000000e+00
0.00000000e+00
-4.72602858e-03
-4.08017435e-01
-8.28868429e-02
-1.87893984e-01
5.04874287e-01
-2.13241332e-01
-3.14204857e-01
-3.19345183e-01
3.79623037e-01
0.00000000e+00
1.27781185e-01
2.87917766e-02
7.99881747e-02
-2.11565156e-01
-4.35304412e-01
-7.17582746e-01
-2.93630895e-01
0.00000000e+00
-4.98500248e-01
-5.46742377e-01
2.95752545e-02
0.00000000e+00
-3.21648397e-01
5.06019396e-02
-1.14610605e+00
-3.90759068e-01
0.00000000e+00
0.00000000e+00
8.54122382e-02
-7.55346980e-01
0.00000000e+00
0.00000000e+00
0.00000000e+00
0 -999999999 10 1 -1
1 0 2 1 -1
-2.1120e-01 6.9578e-01
356
4.31523720e-01
0.00000000e+00
0.00000000e+00
0.00000000e+00
0.00000000e+00
0.00000000e+00
0.00000000e+00
0.00000000e+00
0.00000000e+00
0.00000000e+00
0.00000000e+00
0.00000000e+00
0.00000000e+00
0.00000000e+00
0.00000000e+00
0.00000000e+00
2.24485505e-01
2.07038215e-01
1.35699968e-01
0.00000000e+00
0.00000000e+00
0.00000000e+00
0.00000000e+00
0.00000000e+00
0.00000000e+00
0.00000000e+00
0.00000000e+00
0.00000000e+00
-4.87854481e-01
6.15917525e-02
5.61962696e-01
6.79816969e-01
-2.48293249e-01
-6.78855067e-01
-3.54238078e-01
-9.00795787e-01
-2.34001345e-01
6.13222125e-01
1.64909818e-01
7.45449911e-01
3.44068315e-01
0.00000000e+00
0.00000000e+00
0.00000000e+00
0.00000000e+00
0.00000000e+00
0.00000000e+00
0.00000000e+00
0.00000000e+00
0.00000000e+00
0.00000000e+00
-1.03875439e+00
-1.96470053e-01
-5.63148690e-01
0.00000000e+00
0.00000000e+00
0.00000000e+00
0.00000000e+00
1.03464515e-01
5.88856652e-03
2.69334354e-01
-1.65939986e-01
9.82379670e-02
-2.39721379e-01
-8.76606562e-02
-1.45864115e-01
4.81475411e-02
1.66357402e-02
-3.73899879e-01
2.96998567e-03
-1.35327412e-02
-1.46410983e-01
3.82426258e-03
-5.33878236e-02
2.87999044e-01
-7.22186149e-03
5.67260098e-02
6.63835538e-01
1.79485589e-03
-1.23388136e-01
1.23131461e-01
1.38024446e-01
1.70367813e-01
0.00000000e+00
0.00000000e+00
0.00000000e+00
0.00000000e+00
0.00000000e+00
0.00000000e+00
0.00000000e+00
-6.24072050e-01
-2.40484896e-01
-1.45880894e+00
-6.68970239e-01
-5.06869626e-01
-5.29543462e-01
3.45946728e-01
1.37117568e-01
7.87956151e-02
1.05591559e-01
1.19085701e-01
6.56119610e-02
0.00000000e+00
0.00000000e+00
3.32213034e+00
2.41817261e+00
1.57485759e+00
1.04457839e+00
4.15532488e-01
1.90740546e-01
-8.97113307e-01
-1.23553623e+00
4.34182069e-01
2.89004332e-01
-3.84195822e-01
-8.86536759e-01
-1.41309257e+00
-2.02302735e+00
0.00000000e+00
0.00000000e+00
0.00000000e+00
0.00000000e+00
0.00000000e+00
0.00000000e+00
-6.25219503e-01
-3.74941070e-01
-5.80984405e-01
-1.80699658e-02
-2.51967893e-01
-1.35466051e-01
4.91069250e+00
4.82583530e+00
4.89140833e+00
4.99818356e+00
5.14647173e+00
4.94647996e+00
-1.16666526e-01
5.97924906e-02
4.88262388e-01
5.11652191e-01
7.75972289e-02
-1.01195425e-01
2.98597935e-01
-1.42181792e-01
-3.48709729e-01
-5.21647368e-01
-5.56377169e-01
-5.68340395e-01
1.09305948e+00
0.00000000e+00
0.00000000e+00
0.00000000e+00
0.00000000e+00
0.00000000e+00
0.00000000e+00
0.00000000e+00
-6.61535758e-01
0.00000000e+00
-1.70545939e+00
0.00000000e+00
-5.78042847e-01
-1.06894606e+00
-6.07104384e-01
-9.17702825e-01
-1.18514723e+00
0.00000000e+00
0.00000000e+00
0.00000000e+00
-6.20768505e-01
1.07105330e+00
-1.25889212e-01
7.44829961e-01
-6.30743082e-01
-2.15999875e-01
1.70077792e-01
-1.01067758e+00
5.04424479e-02
0.00000000e+00
2.36243360e-01
2.07206645e+00
-1.65836802e-01
1.30107508e+00
-1.83671589e+00
-3.15091235e-03
-3.28356212e-01
-1.45914379e+00
-7.01476312e-02
-3.63506136e-01
4.88028528e-01
0.00000000e+00
0.00000000e+00
0.00000000e+00
7.68044708e-02
4.85234436e-02
6.23469240e-03
-2.10458890e-02
7.77872365e-02
-1.42491846e-01
3.64997780e-02
4.84057523e-01
-1.75669656e-01
0.00000000e+00
-4.46114316e-01
-3.42819206e-01
-8.82155025e-03
-2.75832439e-01
2.62821887e-01
1.49134499e-01
1.78554713e-01
5.21100690e-01
1.75296456e-01
-1.15991959e-01
-5.50219063e-01
-3.22446711e-01
5.43352581e-01
1.05339559e+00
2.58486382e-01
7.49882287e-02
-3.64717179e-01
-3.27177610e-02
-3.54020282e-01
0.00000000e+00
0.00000000e+00
0.00000000e+00
2.12863933e-01
-9.58039653e-01
-2.80467239e-01
1.31492799e-01
3.92283163e-01
4.53409515e-01
-3.32221673e-02
-9.65680602e-01
5.96535409e-01
0.00000000e+00
3.64168009e-01
7.11513530e-02
2.77537023e-01
4.55427258e-01
-1.44301216e+00
-2.15622885e-01
-2.68464565e-01
3.71966360e-01
-1.71078676e-01
6.54732841e-01
-2.27772352e-01
1.31686039e-01
7.96560811e-01
4.86332989e-02
-6.34928167e-01
-2.55596135e-01
7.48346300e-01
-3.06365144e-01
3.27709145e-02
-9.41317840e-02
-4.63366301e-01
0.00000000e+00
-3.79332032e-01
-2.77207686e-01
7.52901652e-02
-1.90600894e-01
-1.98664889e+00
0.00000000e+00
0.00000000e+00
0.00000000e+00
-6.72859515e-02
-1.74376321e+00
1.12148632e-01
1.18982089e+00
-8.56939202e-01
4.88283069e-01
3.44137325e-02
8.09693550e-01
-7.72729858e-01
0.00000000e+00
7.79967824e-01
5.24688081e-01
-1.24971945e+00
7.15533182e-01
-1.25332506e-01
2.50308850e-01
-3.49324258e-01
-1.03269776e+00
-2.83276241e-01
-4.10438269e-01
5.50146972e-01
0.00000000e+00
0.00000000e+00
0.00000000e+00
1.21551201e-01
3.77468528e-01
3.11352231e-02
3.89565650e-02
-1.10832837e-01
-2.11939395e-01
1.54005644e-01
-2.15350627e-01
-1.10225632e-01
0.00000000e+00
-2.09417908e-01
5.53319785e-03
9.63944697e-02
-6.44817967e-02
3.12825422e-02
9.62588756e-02
3.90185198e-01
-1.49438194e-01
2.35082686e-01
4.39792301e-02
-6.91039335e-01
-4.01462216e-01
0.00000000e+00
7.54010407e-01
6.64287246e-01
2.24378724e-01
-5.69619488e-01
-5.62214525e-02
-7.32483758e-01
0.00000000e+00
0.00000000e+00
0.00000000e+00
-2.54315088e-01
-1.25877647e-01
-1.49988282e-03
-2.70974292e-01
-4.78835481e-01
-7.72834267e-01
1.96267106e-01
9.88877274e-01
2.51291650e-01
0.00000000e+00
-2.33016996e-01
-2.69697555e-01
-6.41018022e-01
3.82438100e-01
6.37943927e-01
-6.33841596e-02
1.51627559e-01
-1.32463615e-01
3.19343143e-01
-4.16355512e-01
-2.89577119e-01
0.00000000e+00
6.36750596e-01
2.49549169e-01
-1.29560955e+00
-6.67483847e-01
0.00000000e+00
0.00000000e+00
1.95087825e-01
2.52348297e-01
-6.52344596e-01
-2.67487548e-01
-6.28125706e-01
0.00000000e+00
0.00000000e+00
0.00000000e+00
247
-2.76538322e-01
0.00000000e+00
0.00000000e+00
0.00000000e+00
0.00000000e+00
0.00000000e+00
0.00000000e+00
0.00000000e+00
0.00000000e+00
0.00000000e+00
0.00000000e+00
0.00000000e+00
0.00000000e+00
0.00000000e+00
9.66808563e-02
-3.73219178e-01
8.45552128e-02
1.21256435e-02
0.00000000e+00
0.00000000e+00
0.00000000e+00
0.00000000e+00
0.00000000e+00
0.00000000e+00
0.00000000e+00
0.00000000e+00
0.00000000e+00
-2.76538322e-01
0.00000000e+00
-9.63792822e-01
0.00000000e+00
0.00000000e+00
3.09547096e-01
-1.80156739e-01
0.00000000e+00
0.00000000e+00
0.00000000e+00
0.00000000e+00
0.00000000e+00
0.00000000e+00
0.00000000e+00
-4.39660011e-01
1.76227012e-02
2.37456785e-02
1.71976946e-04
-3.25892852e-02
-1.71216339e-04
1.71965296e-01
2.23614454e-03
-4.57324677e-02
-2.25951010e-01
-4.85484428e-03
0.00000000e+00
0.00000000e+00
0.00000000e+00
0.00000000e+00
0.00000000e+00
0.00000000e+00
0.00000000e+00
3.19099545e+00
3.17187563e+00
3.11552665e-01
2.07516519e-01
3.24727782e-01
2.16604223e-01
-4.91262717e-01
-3.40408620e-01
-4.06397246e-01
-3.25585206e-01
-1.50538348e-01
-2.00271499e-01
-7.87234764e-01
-1.82623656e+00
0.00000000e+00
0.00000000e+00
0.00000000e+00
0.00000000e+00
0.00000000e+00
0.00000000e+00
-1.20729066e+00
-6.78761898e-01
-5.01463253e-01
-5.11146389e-01
-1.93528502e-01
-3.56223248e-01
6.84582179e+00
6.32643922e+00
6.21324677e+00
5.91549037e+00
6.07581664e+00
6.09160255e+00
-3.48677982e-01
-2.80649758e-01
-4.77359550e-01
-1.70875003e-01
-4.10867957e-01
-2.05649616e-01
-2.97279956e-01
-9.87192328e-01
-1.02953895e+00
-5.50829640e-01
-4.24873710e-01
-4.02958448e-01
2.28729854e-01
0.00000000e+00
0.00000000e+00
0.00000000e+00
-5.05268175e-01
0.00000000e+00
-2.32872707e+00
0.00000000e+00
-4.54210491e-01
-6.84596212e-01
-7.88275989e-01
-6.05629296e-01
-1.13880670e+00
0.00000000e+00
0.00000000e+00
0.00000000e+00
-6.10243410e-01
1.34285857e+00
-3.16936799e-01
8.50847251e-01
-1.02426102e+00
-1.71814459e-01
4.38627597e-01
1.04234237e-01
1.78371292e-01
0.00000000e+00
1.47503871e-01
7.63275468e-01
-9.07229300e-01
4.06663667e-01
-1.67990937e+00
2.11321569e-01
2.49647650e-01
-9.02711729e-01
-3.40398046e-01
1.21346257e-01
-6.20112558e-01
-3.43890466e-02
7.22523722e-01
6.76202958e-01
5.92242162e-01
-4.57215366e-01
0.00000000e+00
0.00000000e+00
0.00000000e+00
7.63509808e-01
0.00000000e+00
6.92217686e-01
7.35163321e-01
7.04373513e-01
5.03540834e-01
3.06257266e-01
9.33970701e-01
3.95268235e-01
0.00000000e+00
5.69574639e-01
2.06109050e-01
4.41219557e-01
5.17422557e-01
9.34179210e-01
6.64534978e-01
2.86073423e-01
0.00000000e+00
3.23267100e-01
6.15776735e-01
-5.85723511e-01
8.00315082e-01
1.94181786e-01
2.17843111e-02
-5.18694145e-01
-4.19821445e-01
0.00000000e+00
-5.35499555e-01
3.20091619e-01
-9.88727007e-02
-3.22886757e-01
-3.59042886e-01
-5.11134725e-01
-1.39390528e+00
0.00000000e+00
0.00000000e+00
0.00000000e+00
5.67789587e-02
-6.30408819e-01
2.30984418e-02
1.61776610e+00
-1.69244201e+00
-1.81459813e-01
4.54066956e-01
3.40505172e-01
-1.21657623e+00
0.00000000e+00
7.34113554e-01
1.12414236e+00
-5.14590813e-01
4.40085904e-01
-5.63832697e-01
1.74602874e-01
-1.82545483e-01
-1.94639120e+00
3.57432742e-01
2.11748717e-01
-6.32662981e-01
-3.63239288e-01
0.00000000e+00
2.08754927e-01
1.10113645e-01
1.97747498e-01
0.00000000e+00
0.00000000e+00
0.00000000e+00
3.80916300e-01
-2.26454119e-01
1.89275673e-01
1.83193617e-02
6.11261425e-03
2.97450630e-01
2.72136066e-01
-2.87829797e-01
0.00000000e+00
0.00000000e+00
1.09299424e-01
3.03405993e-01
-4.37690960e-02
1.28525888e-01
0.00000000e+00
2.07400549e-01
1.28714975e-02
4.12568380e-01
2.63184980e-02
2.35333987e-01
-2.69423693e-01
0.00000000e+00
-1.03012210e-01
-6.46276452e-01
-7.61242303e-01
-4.25036701e-01
0.00000000e+00
0.00000000e+00
0.00000000e+00
-3.36205602e-01
0.00000000e+00
0.00000000e+00
-1.00943693e+00
2 1
-2.0020e-01 2.4660e-01
2 1
1 0 
217
3.22555875e-01
-2.97388147e-01
-2.13119077e-01
-5.47127761e-01
2.73287605e-01
-9.28454396e-02
-7.91719599e-02
2.21633046e-01
-5.05293716e-02
4.91028122e-01
4.92361016e-01
-4.89046671e-01
-3.13391414e-01
-3.06605830e-01
-1.31096069e+00
-9.84574992e-03
7.41033232e-01
8.53032543e-02
-6.97542123e-03
8.77214315e-03
4.79303226e-02
1.83425737e-03
-9.54389622e-02
1.50028299e+00
3.38463322e-04
-7.86916497e-01
1.91599605e-01
-1.30332938e-01
2.61289208e-01
0.00000000e+00
0.00000000e+00
0.00000000e+00
0.00000000e+00
0.00000000e+00
0.00000000e+00
0.00000000e+00
0.00000000e+00
-1.08897935e-01
4.31453810e-01
0.00000000e+00
0.00000000e+00
0.00000000e+00
0.00000000e+00
0.00000000e+00
0.00000000e+00
-1.13087877e-01
4.18994191e-03
4.31453810e-01
0.00000000e+00
0.00000000e+00
0.00000000e+00
0.00000000e+00
0.00000000e+00
0.00000000e+00
0.00000000e+00
0.00000000e+00
0.00000000e+00
0.00000000e+00
0.00000000e+00
0.00000000e+00
4.31453810e-01
-1.13087877e-01
4.18994191e-03
0.00000000e+00
4.18994191e-03
-1.04346908e+00
2.44524373e-01
5.05211557e-01
7.38415605e-02
4.92843556e-01
3.31701076e-01
-4.44788953e-01
-8.30826273e-01
5.74188945e-01
5.13334279e-01
-1.38545193e-01
4.93869703e-01
0.00000000e+00
0.00000000e+00
0.00000000e+00
0.00000000e+00
0.00000000e+00
0.00000000e+00
0.00000000e+00
0.00000000e+00
0.00000000e+00
0.00000000e+00
0.00000000e+00
0.00000000e+00
0.00000000e+00
0.00000000e+00
0.00000000e+00
0.00000000e+00
0.00000000e+00
0.00000000e+00
0.00000000e+00
0.00000000e+00
0.00000000e+00
0.00000000e+00
0.00000000e+00
0.00000000e+00
0.00000000e+00
0.00000000e+00
0.00000000e+00
0.00000000e+00
0.00000000e+00
0.00000000e+00
0.00000000e+00
0.00000000e+00
0.00000000e+00
0.00000000e+00
0.00000000e+00
0.00000000e+00
0.00000000e+00
0.00000000e+00
0.00000000e+00
0.00000000e+00
0.00000000e+00
0.00000000e+00
1.72706317e-01
-7.20387941e-01
-5.65736760e-01
0.00000000e+00
0.00000000e+00
0.00000000e+00
-3.38214424e-01
1.58785152e+00
4.66690339e-01
1.71330132e+00
-2.19054802e+00
-2.01376981e-01
1.24165252e+00
8.40714317e-01
-3.74767075e-01
0.00000000e+00
-7.72831304e-02
1.67234571e-01
-7.82792128e-01
-1.22128383e+00
-1.31152517e+00
2.16833601e+00
-4.18622725e-01
-1.50041338e+00
-6.22177242e-01
2.87486735e-01
7.40875050e-02
0.00000000e+00
0.00000000e+00
0.00000000e+00
4.72653639e-01
-1.03899725e+00
2.01074770e-02
-3.44362769e-01
5.27340573e-01
-3.50308594e-01
-3.90549834e-01
-3.79525383e-01
3.84500554e-01
0.00000000e+00
2.91890082e-01
-1.12084589e-01
-5.79568132e-02
9.68102919e-01
2.57213573e-02
-6.62243838e-01
2.97662120e-01
-9.47984960e-02
6.33351485e-01
-1.16415130e-01
-1.56335655e+00
0.00000000e+00
0.00000000e+00
0.00000000e+00
-5.30620994e-02
6.83769482e-01
-8.07565932e-01
5.94102364e-01
-1.38720935e+00
1.26056291e-01
-1.55503760e-01
7.35489750e-02
1.20878615e-01
0.00000000e+00
6.71024450e-01
1.10899418e+00
-1.21985521e+00
6.99563367e-02
6.97917449e-01
-4.05195984e-02
-2.08606967e+00
-4.52251822e-01
7.67868559e-01
-2.75435809e-01
1.74047547e-01
0.00000000e+00
0.00000000e+00
0.00000000e+00
-1.56287752e-01
-5.89890731e-01
3.77207391e-01
3.76719755e-01
9.25598562e-02
-9.47679073e-02
4.62584973e-01
-1.10599240e-02
-1.58150935e-01
0.00000000e+00
-2.63044039e-01
-1.51661264e-01
2.72799222e-01
1.33361008e-01
-2.44167426e-01
-1.21741855e-01
7.47867127e-01
-4.36143221e-01
-2.60664074e-01
1.98527343e-01
136
2.26664936e-01
-7.21782906e-01
2.47441499e-02
-3.09681128e-01
8.67270630e-03
6.13169216e-01
-3.63076054e-04
6.44959756e-01
2.70912683e-03
2.96682349e-01
-4.91306436e-03
-6.51043487e-02
0.00000000e+00
0.00000000e+00
0.00000000e+00
0.00000000e+00
0.00000000e+00
0.00000000e+00
0.00000000e+00
0.00000000e+00
-2.70465932e-01
3.24867320e-01
0.00000000e+00
0.00000000e+00
0.00000000e+00
0.00000000e+00
0.00000000e+00
0.00000000e+00
1.92528900e-01
-4.62994833e-01
3.24867320e-01
0.00000000e+00
0.00000000e+00
0.00000000e+00
0.00000000e+00
0.00000000e+00
0.00000000e+00
0.00000000e+00
0.00000000e+00
0.00000000e+00
0.00000000e+00
0.00000000e+00
0.00000000e+00
0.00000000e+00
0.00000000e+00
0.00000000e+00
0.00000000e+00
4.90051760e-01
1.18810833e-01
-1.77396864e-01
-1.10503853e+00
4.23296019e-01
-5.85035699e-02
6.40273759e-01
-1.58858527e-01
-6.36921702e-01
0.00000000e+00
0.00000000e+00
0.00000000e+00
0.00000000e+00
3.24867320e-01
1.92528900e-01
-4.62994833e-01
0.00000000e+00
0.00000000e+00
0.00000000e+00
0.00000000e+00
0.00000000e+00
0.00000000e+00
0.00000000e+00
0.00000000e+00
0.00000000e+00
0.00000000e+00
0.00000000e+00
0.00000000e+00
0.00000000e+00
0.00000000e+00
0.00000000e+00
0.00000000e+00
0.00000000e+00
0.00000000e+00
0.00000000e+00
0.00000000e+00
0.00000000e+00
0.00000000e+00
0.00000000e+00
-1.35689096e-01
2.19637973e-01
-7.70349475e-01
0.00000000e+00
0.00000000e+00
0.00000000e+00
-1.28896582e-02
5.64616057e-01
5.08538884e-02
1.15861911e+00
-1.48917969e+00
-1.90725740e-01
4.41491358e-01
5.30525151e-01
-9.48711275e-01
0.00000000e+00
3.92005058e-01
8.29796560e-01
-6.60237294e-01
-5.39351420e-02
6.96580286e-02
5.49087797e-01
6.96345859e-02
-1.58566401e+00
-4.72469276e-01
-1.28249893e-02
-9.81202300e-01
0.00000000e+00
0.00000000e+00
0.00000000e+00
-2.23690632e-01
-1.11661157e-01
-9.52982739e-03
1.32722646e+00
-2.04273512e+00
8.08962965e-02
3.50763642e-01
-7.77667846e-02
-3.48184903e-01
0.00000000e+00
2.96467213e-01
1.06120830e+00
-1.22463617e+00
7.57726090e-01
-3.02585011e-01
1.01823768e-01
-6.94100023e-02
-1.17452786e+00
4.75491509e-01
1.51921877e-01
3 1
-3.4110e-01 3.3459e-01
3 0
1 0 2 
217
-9.83660649e-02
-4.00172930e-01
1.46289339e-01
-3.84996333e-01
0.00000000e+00
0.00000000e+00
-5.74589962e-01
3.40871068e-01
-1.19645642e-01
3.00972664e-01
4.76172081e-01
-6.62410126e-01
7.30786790e-02
9.67827581e-02
7.28256045e-02
5.16136484e-03
1.53156699e-01
-4.09177334e-01
3.01548743e-03
3.61403117e-01
-3.35205837e-01
1.07672088e-03
4.49670726e-01
5.73191501e-01
1.06562835e-03
6.97457565e-02
2.93253042e-01
-3.21387239e-02
-3.59480383e-01
0.00000000e+00
0.00000000e+00
0.00000000e+00
0.00000000e+00
0.00000000e+00
0.00000000e+00
0.00000000e+00
0.00000000e+00
-4.78073989e-01
-2.01723885e-01
5.81431809e-01
0.00000000e+00
0.00000000e+00
0.00000000e+00
0.00000000e+00
0.00000000e+00
-4.37042706e-01
-4.10312835e-02
-8.38849654e-03
0.00000000e+00
2.24536059e-01
-4.17871448e-01
5.81431809e-01
0.00000000e+00
0.00000000e+00
0.00000000e+00
0.00000000e+00
0.00000000e+00
0.00000000e+00
0.00000000e+00
0.00000000e+00
1.55171865e-01
-2.12506646e-01
-4.10312835e-02
-2.96606425e-01
-1.62296306e-01
-2.43560014e-01
-5.37026790e-02
3.09174625e-01
4.14239345e-01
6.66929763e-01
5.19454647e-01
-7.31961293e-01
0.00000000e+00
1.17479704e-01
5.11355135e-01
-3.33912275e-03
1.93978322e-01
-4.30911914e-01
-5.55505715e-02
0.00000000e+00
1.08478678e-01
5.61643080e-01
2.79617742e-01
5.56937501e-01
0.00000000e+00
0.00000000e+00
0.00000000e+00
0.00000000e+00
0.00000000e+00
0.00000000e+00
0.00000000e+00
0.00000000e+00
0.00000000e+00
0.00000000e+00
0.00000000e+00
0.00000000e+00
0.00000000e+00
0.00000000e+00
0.00000000e+00
0.00000000e+00
0.00000000e+00
0.00000000e+00
0.00000000e+00
0.00000000e+00
0.00000000e+00
0.00000000e+00
0.00000000e+00
0.00000000e+00
0.00000000e+00
0.00000000e+00
0.00000000e+00
0.00000000e+00
0.00000000e+00
0.00000000e+00
0.00000000e+00
0.00000000e+00
0.00000000e+00
0.00000000e+00
0.00000000e+00
-4.67996733e-01
-8.50456382e-01
-7.13620918e-01
0.00000000e+00
0.00000000e+00
0.00000000e+00
-4.83064817e-02
-6.50647058e-02
8.57582511e-01
1.08435571e+00
-9.43911068e-01
-2.27189823e-01
6.02589082e-01
-2.69134668e-02
9.33342414e-03
0.00000000e+00
-4.27428731e-01
7.07633570e-01
-2.64601958e-01
2.10129940e-02
2.96251439e-02
-4.89616896e-01
-3.63452958e-01
-4.69219515e-01
-1.18072950e-01
-5.81974797e-01
-3.97050902e-02
0.00000000e+00
0.00000000e+00
0.00000000e+00
1.63616217e-01
-6.13694148e-01
-3.03327518e-01
-1.68273760e-01
-6.34245641e-02
1.15730480e-01
-8.49043416e-02
1.58629972e-01
-9.62583970e-02
0.00000000e+00
2.96707761e-01
1.79039695e-01
-1.37361730e-02
2.62704236e-01
-2.80418033e-01
2.65599119e-01
1.42840220e-01
-4.26824394e-01
1.54685247e-01
2.71603291e-01
-9.22894795e-01
0.00000000e+00
0.00000000e+00
0.00000000e+00
1.18793983e-02
-2.86343097e-01
-5.11866005e-01
7.40191020e-01
1.93201665e-01
-1.23440727e+00
-1.44182285e-01
-2.40552765e-01
-8.33153355e-02
0.00000000e+00
1.80923190e-01
2.82846538e-01
-2.33726020e-01
5.33954706e-01
-2.38415780e-01
3.95003979e-02
-2.69713596e-01
-3.41363233e-01
4.12781481e-01
2.65712197e-01
-2.34916570e-01
0.00000000e+00
0.00000000e+00
0.00000000e+00
-3.32019994e-03
-3.04137259e-01
1.67562110e-01
1.59406772e-01
-4.51033751e-01
6.17792441e-01
4.05023852e-01
1.43424365e-01
-6.74625999e-01
0.00000000e+00
-1.77419245e-01
1.81470491e-01
-4.43306181e-01
-5.55052540e-02
3.30861571e-01
1.28556715e-01
3.14461360e-01
-3.70031654e-01
-1.16330300e-01
-8.77664057e-02
136
3.14392381e-01
-1.17346086e-01
1.46677098e-02
1.02721829e-01
2.69046615e-03
2.39615629e-02
1.61350576e-03
3.05055075e-01
4.42632528e-04
2.88663805e-01
-4.55086429e-02
7.12372190e-02
0.00000000e+00
0.00000000e+00
0.00000000e+00
0.00000000e+00
0.00000000e+00
0.00000000e+00
0.00000000e+00
0.00000000e+00
-1.36548613e-01
-4.58450038e-02
3.94166745e-01
0.00000000e+00
0.00000000e+00
0.00000000e+00
0.00000000e+00
0.00000000e+00
-1.80849894e-02
-1.18463624e-01
1.06430033e-01
0.00000000e+00
-2.37810184e-01
8.55351464e-02
3.94166745e-01
0.00000000e+00
0.00000000e+00
0.00000000e+00
0.00000000e+00
0.00000000e+00
0.00000000e+00
0.00000000e+00
0.00000000e+00
0.00000000e+00
0.00000000e+00
0.00000000e+00
5.51303598e-01
-4.81612823e-01
3.43756163e-01
-4.02262599e-02
-9.32602082e-01
7.35062510e-03
-1.60626545e-01
7.54452944e-01
-6.42893352e-02
-4.21397649e-01
7.11123843e-02
1.38828881e-03
3.71165512e-01
-4.30422526e-02
-2.10343215e-01
-2.55895173e-01
-1.18463624e-01
0.00000000e+00
0.00000000e+00
0.00000000e+00
0.00000000e+00
0.00000000e+00
0.00000000e+00
0.00000000e+00
0.00000000e+00
0.00000000e+00
0.00000000e+00
0.00000000e+00
0.00000000e+00
0.00000000e+00
0.00000000e+00
0.00000000e+00
0.00000000e+00
0.00000000e+00
0.00000000e+00
0.00000000e+00
0.00000000e+00
0.00000000e+00
0.00000000e+00
0.00000000e+00
-5.60434151e-01
1.20835534e-01
-1.00304948e+00
0.00000000e+00
0.00000000e+00
0.00000000e+00
-1.72284764e-01
5.14138792e-01
5.23281283e-02
1.04022468e+00
-1.49705094e+00
-4.61291118e-01
4.79468151e-01
2.91785515e-01
-4.81158265e-01
0.00000000e+00
5.84588376e-01
6.36617218e-01
-1.01860430e+00
5.05161802e-01
-5.02748904e-02
5.22183835e-01
7.38969355e-02
-1.66255946e+00
-2.71114560e-01
-8.91046195e-02
-9.34007649e-01
0.00000000e+00
0.00000000e+00
0.00000000e+00
-3.06141313e-01
-4.08041526e-02
-1.31852185e-01
1.47546892e+00
-1.39538839e+00
-1.42517360e-01
2.20672477e-01
-1.03835728e-01
-5.60115835e-01
0.00000000e+00
5.00048983e-01
9.65089000e-01
-6.80395102e-01
6.71450665e-01
-5.51097693e-01
9.39957234e-03
-2.57195289e-01
-1.10401930e+00
5.05808404e-01
-8.58333120e-03
4 1
-4.2758e-01 3.5507e-01
4 1
1 0 2 3 
217
-6.04811610e-02
-3.45298128e-01
-3.78097887e-02
-6.18684886e-01
-3.74473528e-01
-3.10242197e-01
3.72418678e-01
-3.66629979e-02
2.51076271e-01
2.33442554e-01
-8.09412207e-01
9.14807543e-01
4.99909625e-01
-2.42510973e-01
1.03008929e+00
-2.19615346e-02
-1.08709792e-01
-1.31936293e+00
1.16937962e-02
3.57893609e-01
1.20231899e-01
-5.82382560e-04
3.80046130e-01
1.08560573e-01
-4.06075371e-04
3.75577081e-01
3.45140730e-01
-6.42043649e-02
-3.41417526e-01
0.00000000e+00
0.00000000e+00
0.00000000e+00
0.00000000e+00
0.00000000e+00
0.00000000e+00
0.00000000e+00
0.00000000e+00
-4.85037876e-01
-1.15237125e-01
4.76900111e-02
4.92103828e-01
0.00000000e+00
0.00000000e+00
0.00000000e+00
0.00000000e+00
-2.26879814e-02
-4.62349894e-01
6.77515961e-02
0.00000000e+00
-3.10606123e-01
-5.33420859e-02
8.54025415e-01
0.00000000e+00
-3.56709029e-01
5.37668517e-01
-4.52294489e-01
0.00000000e+00
3.27300307e-01
-6.81341223e-01
4.92103828e-01
1.97494320e-01
-3.33294104e-01
7.53186230e-02
0.00000000e+00
-6.59364686e-01
-1.37155304e+00
4.63675799e-01
6.17585655e-02
1.35207726e-01
2.38405571e-01
1.56562869e-01
-5.19265695e-01
0.00000000e+00
1.17560497e-01
6.54114849e-01
1.84661168e-01
1.38699221e+00
0.00000000e+00
-1.43629936e-01
3.60112417e-01
3.92981638e-01
2.84071571e-01
2.35158481e-01
5.41346818e-01
-2.71550359e-02
9.99459629e-02
0.00000000e+00
4.83382888e-02
-3.90986182e-01
-1.81610377e-01
-2.55680510e-01
0.00000000e+00
0.00000000e+00
0.00000000e+00
0.00000000e+00
0.00000000e+00
0.00000000e+00
0.00000000e+00
0.00000000e+00
0.00000000e+00
0.00000000e+00
0.00000000e+00
0.00000000e+00
0.00000000e+00
0.00000000e+00
0.00000000e+00
0.00000000e+00
0.00000000e+00
0.00000000e+00
0.00000000e+00
0.00000000e+00
0.00000000e+00
0.00000000e+00
0.00000000e+00
0.00000000e+00
0.00000000e+00
0.00000000e+00
0.00000000e+00
0.00000000e+00
-2.72080608e-01
-2.33829941e-02
-9.74850092e-01
0.00000000e+00
0.00000000e+00
0.00000000e+00
-8.08108500e-02
-4.60632281e-01
9.24215954e-02
1.39445076e+00
-1.10821808e+00
7.23236533e-01
-9.93203814e-01
1.37925466e+00
-1.01330374e+00
0.00000000e+00
6.05971975e-01
5.72142817e-01
-1.26043879e+00
5.67094678e-01
-9.09227782e-01
7.13447580e-01
4.37987202e-01
-6.70547437e-01
3.63034666e-01
-1.32750978e+00
1.45817670e-01
0.00000000e+00
0.00000000e+00
0.00000000e+00
1.73340741e-01
2.56333310e-01
-1.95955973e-01
-3.06933952e-01
-8.04757665e-02
-6.01147785e-01
8.67956393e-01
-5.74692341e-01
2.69260311e-01
0.00000000e+00
2.86298263e-02
1.39388876e-01
-4.41319109e-02
-2.78048503e-01
5.11265170e-01
-1.40067126e-03
6.82646150e-02
-3.61158753e-01
-3.87147757e-01
6.62471841e-01
-9.03263040e-01
0.00000000e+00
0.00000000e+00
0.00000000e+00
-4.50471705e-01
-2.55045962e-02
-8.17369857e-01
1.56382004e+00
-4.70294255e-01
1.51244202e-01
5.15347418e-01
-2.23682956e-01
-9.93591298e-02
0.00000000e+00
-4.70089448e-01
5.95886766e-01
-8.27094665e-01
3.18362774e-01
2.73473549e-01
-1.21755016e+00
1.29769630e+00
-3.00995382e-01
1.29922986e-01
-8.46604917e-01
-1.14653454e-01
0.00000000e+00
0.00000000e+00
0.00000000e+00
2.37132791e-01
-4.81481817e-01
4.17905212e-01
1.14602168e-01
-4.76922179e-01
-2.44554158e-01
-1.66513087e-02
1.78579342e-01
-3.59027192e-01
0.00000000e+00
5.64423285e-01
1.08963454e-01
-3.14033246e-01
-4.92492627e-02
-3.66123002e-01
5.53559562e-01
-5.94974650e-01
-3.24113651e-01
2.43083113e-01
6.94228085e-01
136
1.51053892e-01
4.55994874e-02
1.36259724e-02
-1.11142483e-01
-2.36464712e-04
9.21160103e-02
-2.86589788e-04
1.24480877e-01
3.35272130e-03
1.54386302e-01
-6.49528656e-03
3.16287724e-03
0.00000000e+00
0.00000000e+00
0.00000000e+00
0.00000000e+00
0.00000000e+00
0.00000000e+00
0.00000000e+00
0.00000000e+00
-3.46589258e-01
-1.97148629e-01
1.59758121e-01
5.38384304e-01
0.00000000e+00
0.00000000e+00
0.00000000e+00
0.00000000e+00
-1.11602474e-01
-2.34986784e-01
-1.28663490e-01
0.00000000e+00
-2.60278191e-01
1.14753201e-01
4.71128123e-01
0.00000000e+00
2.35440002e-01
-1.58400151e-01
-8.36816963e-02
0.00000000e+00
1.76749141e-01
-4.04437447e-01
5.38384304e-01
0.00000000e+00
0.00000000e+00
0.00000000e+00
0.00000000e+00
5.51903899e-01
5.50652048e-01
1.32140626e-01
-1.02605395e+00
4.66481039e-01
-4.29523206e-01
6.74389950e-01
-1.72626675e-01
5.54036922e-02
-4.96474733e-01
1.12294937e-02
3.59187256e-01
-1.02544095e-01
-4.00197935e-01
-6.67621360e-01
-2.50646500e-01
-4.24714301e-01
1.25963628e-01
1.78396170e-01
0.00000000e+00
0.00000000e+00
0.00000000e+00
0.00000000e+00
0.00000000e+00
0.00000000e+00
0.00000000e+00
0.00000000e+00
0.00000000e+00
0.00000000e+00
0.00000000e+00
0.00000000e+00
0.00000000e+00
0.00000000e+00
0.00000000e+00
0.00000000e+00
0.00000000e+00
0.00000000e+00
0.00000000e+00
0.00000000e+00
-4.99250583e-02
2.07236020e-01
-7.13085622e-01
0.00000000e+00
0.00000000e+00
0.00000000e+00
-1.07612330e-01
2.89671026e-01
2.07909226e-01
1.06085272e+00
-1.69748442e+00
-5.23672618e-01
3.29240565e-01
3.53535877e-01
-4.79849584e-01
0.00000000e+00
3.83127989e-01
8.05973108e-01
-5.02449929e-01
7.16949127e-01
-1.87123277e-01
4.96490344e-01
-2.51470196e-01
-1.64378939e+00
5.64115913e-05
3.65597245e-02
-9.25973923e-01
0.00000000e+00
0.00000000e+00
0.00000000e+00
-2.68653390e-01
-2.24528279e-02
-1.69889640e-01
1.29899715e+00
-1.38250070e+00
8.57612612e-02
3.59137239e-01
-1.24300482e-01
-2.14835620e-01
0.00000000e+00
9.33088244e-02
9.63690944e-01
-9.45214867e-01
7.41900792e-01
-1.71815799e-01
5.96031059e-02
-3.21420755e-01
-1.25245972e+00
4.46331942e-01
-1.01161388e-01
7 1
-7.3374e-01 4.1206e-01
5 1
1 0 2 3 4 
217
-2.99143695e-01
-5.97876873e-01
4.92851063e-01
4.15963779e-03
-2.23784057e-02
-5.07462471e-02
-6.76869010e-01
7.53189359e-01
1.45643594e-01
4.37100351e-01
3.99555347e-01
-3.77369242e-01
0.00000000e+00
0.00000000e+00
3.32154808e-01
1.92558492e-03
1.32102611e-01
-9.37798577e-01
5.67054370e-03
3.95132307e-01
6.99599871e-01
-5.61459556e-03
6.84230353e-04
-3.93099796e-01
-1.42408824e-03
3.94428120e-01
-2.89970065e-01
-4.82264997e-02
3.90528702e-02
0.00000000e+00
0.00000000e+00
0.00000000e+00
0.00000000e+00
0.00000000e+00
0.00000000e+00
0.00000000e+00
0.00000000e+00
-6.18850927e-01
-2.60268723e-01
-3.77324914e-02
-8.77226207e-02
7.05431068e-01
0.00000000e+00
0.00000000e+00
0.00000000e+00
2.16140882e-01
-3.54025821e-01
2.75204848e-01
0.00000000e+00
-8.03840870e-01
-3.12732417e-01
-2.77899040e-01
0.00000000e+00
1.40739832e-02
-8.98369659e-01
-4.29164179e-02
0.00000000e+00
4.93892226e-01
0.00000000e+00
1.07462181e+00
-3.83987760e-01
-5.87699988e-01
6.72544053e-01
0.00000000e+00
-1.24842112e+00
-1.26370122e-01
5.64282150e-01
4.02162396e-01
3.84995274e-01
1.46684181e+00
7.06996620e-01
-7.86730399e-01
0.00000000e+00
-1.53597226e-01
9.26606215e-01
-6.58126908e-02
2.18423464e-02
-3.11549609e-01
-4.78342576e-01
6.97358003e-01
5.61505830e-02
3.32266999e-01
4.34597907e-01
6.86882510e-02
-1.20731921e+00
-4.98332093e-02
0.00000000e+00
5.47225218e-01
-6.78157468e-01
4.10783505e-01
5.52582687e-01
0.00000000e+00
-6.94989969e-01
3.34012341e-01
-3.19669583e-01
-3.63123977e-01
6.47238712e-02
1.49427140e+00
0.00000000e+00
0.00000000e+00
0.00000000e+00
0.00000000e+00
0.00000000e+00
0.00000000e+00
0.00000000e+00
0.00000000e+00
0.00000000e+00
0.00000000e+00
0.00000000e+00
0.00000000e+00
0.00000000e+00
0.00000000e+00
0.00000000e+00
0.00000000e+00
0.00000000e+00
0.00000000e+00
0.00000000e+00
0.00000000e+00
0.00000000e+00
1.74079397e-01
2.31350983e-01
-6.77645950e-01
0.00000000e+00
0.00000000e+00
0.00000000e+00
-2.82485011e-01
-2.32079588e-01
-1.44497243e+00
1.31788426e+00
-1.40289412e+00
2.62421638e-01
9.03136009e-01
-2.04656671e-01
-5.50452808e-01
0.00000000e+00
3.25404468e-01
1.14359301e-01
-2.82373122e-01
1.07686850e+00
1.73968305e+00
-3.31752657e-01
2.58241612e-01
-1.21887568e-01
-7.62990201e-01
-1.05910062e+00
1.20304955e-01
0.00000000e+00
0.00000000e+00
0.00000000e+00
-2.27006014e-02
5.52061204e-01
7.43480278e-01
-2.90838977e-01
1.94493087e-02
-1.85597977e-01
-1.74442903e-01
3.20635848e-01
1.08002156e-01
0.00000000e+00
7.54529237e-02
2.00832106e-01
2.43071448e-02
-5.14801173e-01
-1.32560455e+00
4.62982103e-01
-3.90845962e-01
-2.85706558e-01
3.30859499e-01
4.72781088e-01
-3.23910580e-01
0.00000000e+00
0.00000000e+00
0.00000000e+00
-8.75715675e-01
4.21022866e-01
-2.19244108e-01
9.43982980e-01
-4.89323008e-01
2.35573053e-01
-4.87794793e-01
3.62488819e-02
1.15187610e-01
0.00000000e+00
2.76944887e-01
1.22942820e+00
-1.82782983e-01
1.95456439e-01
-1.22668814e+00
-5.04286655e-02
-4.03981737e-01
-4.27201788e-01
1.04558549e+00
-4.60180080e-01
-2.65051250e-01
0.00000000e+00
0.00000000e+00
0.00000000e+00
4.08572336e-01
-5.55454648e-01
1.18965424e-01
2.27949112e-02
-6.91920554e-01
-2.61949588e-01
5.10233498e-01
-8.23181288e-02
-1.13650735e-01
0.00000000e+00
-7.77158209e-02
-9.27758014e-02
-5.58504364e-01
4.84519069e-01
6.32972869e-01
2.38566576e-01
2.70924171e-01
-5.51168204e-01
-2.76789146e-01
3.09646887e-01
136
-6.46713974e-01
2.09317376e-01
-1.50285510e-02
-4.96425133e-01
-1.13868071e-03
-2.47702115e-01
1.20728390e-03
-1.11904102e-01
1.90042925e-03
5.58559257e-02
-3.44537261e-01
-3.58032639e-01
0.00000000e+00
0.00000000e+00
0.00000000e+00
0.00000000e+00
0.00000000e+00
0.00000000e+00
0.00000000e+00
0.00000000e+00
-7.99920241e-01
-6.09510783e-01
1.24531359e-01
2.31916018e-01
4.06269672e-01
0.00000000e+00
0.00000000e+00
0.00000000e+00
-2.53449937e-01
-6.60780856e-01
6.43852184e-02
0.00000000e+00
-4.28663327e-01
-1.14108460e-01
4.79273112e-01
0.00000000e+00
5.51351312e-01
-3.97203656e-01
-2.24280292e-01
0.00000000e+00
7.61669171e-02
-3.67555576e-01
6.28151571e-01
0.00000000e+00
0.00000000e+00
0.00000000e+00
0.00000000e+00
-5.65139436e-01
1.82951639e-01
-8.52328572e-02
-9.92246947e-01
3.30717461e-01
-3.85312495e-01
6.35580858e-01
-9.70328339e-02
-8.00773790e-01
-7.18037697e-01
-2.01940514e-01
3.75867086e-01
-1.56675675e-01
-9.08633880e-01
-5.80675401e-01
-3.63075228e-01
-3.87619791e-01
4.23878466e-02
1.38118995e-02
0.00000000e+00
3.87300443e+00
8.19628531e-01
5.90026373e-01
-3.22861231e-01
0.00000000e+00
0.00000000e+00
0.00000000e+00
0.00000000e+00
0.00000000e+00
0.00000000e+00
0.00000000e+00
0.00000000e+00
0.00000000e+00
0.00000000e+00
0.00000000e+00
0.00000000e+00
0.00000000e+00
0.00000000e+00
0.00000000e+00
-1.59202058e-01
1.44049664e-01
-7.73682801e-01
0.00000000e+00
0.00000000e+00
0.00000000e+00
6.64266362e-02
1.41779002e-02
-2.32013283e-02
1.09945653e+00
-1.39940930e+00
-5.75114499e-01
4.27778431e-01
4.22929848e-01
-3.66807586e-01
0.00000000e+00
4.18948935e-01
6.77666613e-01
-8.72107916e-01
5.95928361e-01
-9.67619332e-02
6.20611349e-01
2.25740155e-01
-1.92048203e+00
-1.43182202e-01
5.37192316e-02
-9.98370163e-01
0.00000000e+00
0.00000000e+00
0.00000000e+00
-2.39013407e-01
-1.10831135e-01
-1.44499948e-01
1.40984732e+00
-1.43997860e+00
-4.38361204e-03
2.93594160e-01
-9.38219008e-02
-2.87946781e-01
0.00000000e+00
3.62964976e-01
9.36156061e-01
-9.19053674e-01
4.41532588e-01
-3.41465921e-01
9.50749086e-03
-1.10049841e-01
-1.05224409e+00
4.12686933e-01
-1.21370783e-01
9 1
-1.0682e+00 4.3865e-01
6 1
1 0 2 3 4 7 
217
-5.21126488e-01
-3.04576199e-01
3.03648284e-01
-3.07359520e-01
-8.21032879e-01
-2.80235970e-01
-5.29504055e-01
1.81049686e+00
8.82622439e-01
8.44651866e-01
3.07474883e-01
-6.53636566e-01
0.00000000e+00
0.00000000e+00
2.31215581e+00
-5.27150045e-02
-9.59040262e-02
3.98133823e-01
4.97399717e-03
-4.57656562e-02
-1.17606076e+00
4.60736386e-03
1.13707698e+00
-2.05535535e+00
1.04349233e-02
1.38401367e+00
-2.69431711e-01
-1.11894798e-01
-1.39799978e-01
0.00000000e+00
0.00000000e+00
0.00000000e+00
0.00000000e+00
0.00000000e+00
0.00000000e+00
0.00000000e+00
0.00000000e+00
-1.54461921e-02
-2.61296289e-01
-6.66940142e-01
-7.74026701e-01
-2.03530121e-01
0.00000000e+00
0.00000000e+00
0.00000000e+00
-1.12376650e-01
-1.18719128e+00
3.53616660e-01
0.00000000e+00
-3.82249790e-01
-4.89670839e-01
4.68921347e-01
0.00000000e+00
-6.28874275e-02
5.96392227e-01
-3.01246137e-01
0.00000000e+00
1.83701067e-01
3.72820138e-02
3.74582317e-01
-3.60449787e-01
-4.94626440e-01
3.33949740e-01
0.00000000e+00
-1.04318787e+00
-3.53133407e-01
5.82164367e-01
3.40558845e-01
-6.01029817e-02
1.64015251e-01
7.33288819e-01
-1.10710162e+00
0.00000000e+00
6.20771030e-02
1.03387997e+00
-2.09390790e-01
8.79498519e-01
0.00000000e+00
-7.13692604e-01
-6.04220037e-01
2.35157643e-02
4.13718783e-01
1.69050352e-01
-1.83996731e-01
-1.05345132e+00
-2.95499224e-01
0.00000000e+00
4.69273683e-01
-8.48198590e-01
3.58550377e-01
-6.45486516e-02
0.00000000e+00
-4.88130703e-01
-5.10628176e-01
4.80829848e-01
3.32714870e-01
-5.13825632e-01
-8.85351764e-02
0.00000000e+00
-9.07045534e-01
-3.71800854e-01
7.55880406e-03
-1.50927632e-01
3.78360243e-01
5.15881482e-01
0.00000000e+00
0.00000000e+00
0.00000000e+00
0.00000000e+00
0.00000000e+00
0.00000000e+00
0.00000000e+00
0.00000000e+00
0.00000000e+00
0.00000000e+00
0.00000000e+00
0.00000000e+00
0.00000000e+00
0.00000000e+00
-1.91041744e-01
-1.29454497e-01
-1.50819668e-01
0.00000000e+00
0.00000000e+00
0.00000000e+00
1.60393695e+00
-8.29765557e-01
-1.69609552e+00
1.46309035e+00
-3.09004917e+00
-1.06548393e+00
5.74382476e-02
1.22420945e+00
-5.76436118e-01
0.00000000e+00
1.80825102e-01
1.37404013e+00
-3.23091797e-01
6.67640383e-01
1.43128187e+00
7.67999633e-01
-8.85684147e-01
-1.09996117e+00
2.24648269e-01
4.20637346e-01
-2.74570366e-01
0.00000000e+00
0.00000000e+00
0.00000000e+00
-3.33874610e-01
-2.30461964e-01
8.36136143e-01
3.95606609e-01
5.34276472e-01
-5.65216940e-02
5.79294952e-01
-5.75331794e-01
3.29513148e-01
0.00000000e+00
2.17393730e-01
-2.31145918e-01
-7.42673464e-01
-1.21003953e-01
-4.91751213e-01
-2.15281065e-01
6.70236121e-01
-3.66219627e-01
-2.70471258e-01
-2.02290981e-01
-1.01376894e+00
0.00000000e+00
0.00000000e+00
0.00000000e+00
-7.23626574e-01
-9.17175926e-03
2.54350113e-01
2.11135138e+00
9.41373748e-01
-9.24356328e-01
4.58431177e-01
5.11707083e-01
-1.68163390e+00
0.00000000e+00
1.06117041e+00
1.07302422e+00
-3.68958330e-01
3.23697494e-01
-9.54123335e-01
4.40294408e-01
1.32081163e+00
-5.56911692e-01
-1.79779203e+00
1.79465773e+00
-5.66267531e-01
0.00000000e+00
0.00000000e+00
0.00000000e+00
9.42721366e-01
-1.87380760e-02
6.60075699e-01
3.00758144e-01
-6.67437222e-01
7.58791060e-01
8.50429085e-01
2.97873339e-01
1.11186303e+00
0.00000000e+00
2.01962578e-01
3.80404844e-01
2.81719215e-01
5.67374755e-01
9.93749451e-01
3.42309889e-01
5.11897389e-02
-9.16510340e-01
1.86510325e+00
-3.81470496e-01
136
-4.87775794e-01
-8.28915370e-01
2.09880122e-02
-1.91352073e-01
3.13498194e-03
1.37908730e-01
6.57634953e-05
3.94582920e-01
-1.11203036e-03
7.46301301e-02
-2.62612500e-01
-2.99793424e-01
0.00000000e+00
0.00000000e+00
0.00000000e+00
0.00000000e+00
0.00000000e+00
0.00000000e+00
0.00000000e+00
0.00000000e+00
-6.87126935e-01
-6.44736401e-01
-2.29184413e-01
2.26202275e-01
3.70320717e-01
0.00000000e+00
0.00000000e+00
0.00000000e+00
-4.71355187e-01
-6.52640161e-01
-1.16501917e-02
0.00000000e+00
-4.65155318e-01
-5.63127231e-02
8.64202945e-01
0.00000000e+00
-6.31992737e-03
-3.95447360e-01
-3.31212039e-02
0.00000000e+00
5.61640333e-02
-3.96760802e-01
9.32648285e-01
0.00000000e+00
0.00000000e+00
0.00000000e+00
0.00000000e+00
-1.20744764e+00
1.20860011e-01
-1.78030020e-01
-1.10474693e+00
-7.96255056e-03
-7.30732031e-01
4.93608907e-01
-1.99452268e-01
-6.06626009e-01
0.00000000e+00
1.64984468e+00
7.17440710e-01
1.24979778e-01
-6.68822370e-01
-6.00589908e-01
-2.18062387e-01
-3.58679025e-01
1.03917201e-01
-4.20237298e-02
0.00000000e+00
9.90104239e-01
2.16371117e-01
1.66279188e-01
-3.94216119e-01
0.00000000e+00
9.88140525e-01
2.11301084e-01
2.30044617e-01
-3.72912904e-01
0.00000000e+00
0.00000000e+00
0.00000000e+00
0.00000000e+00
0.00000000e+00
0.00000000e+00
0.00000000e+00
0.00000000e+00
0.00000000e+00
0.00000000e+00
1.31984331e-01
2.51089467e-01
-5.99756642e-01
0.00000000e+00
0.00000000e+00
0.00000000e+00
2.32027099e-01
4.07728431e-01
1.18104772e-01
8.54717726e-01
-1.42873563e+00
-3.86975336e-01
2.91089458e-01
6.29299671e-01
-7.00246249e-01
0.00000000e+00
3.38927756e-01
5.14191697e-01
-7.73648527e-01
3.42894658e-01
-6.14947589e-02
5.63124003e-01
1.62002592e-01
-1.56547359e+00
-1.24380210e-01
-1.29102024e-02
-9.17600035e-01
0.00000000e+00
0.00000000e+00
0.00000000e+00
-2.01785646e-01
5.85893479e-02
-5.45914547e-02
1.33273121e+00
-1.86922340e+00
1.98108805e-02
3.59706188e-01
5.95652266e-02
-2.81845364e-01
0.00000000e+00
1.73656287e-01
1.03415940e+00
-9.48489466e-01
6.87586514e-01
-1.40825859e-01
8.69542480e-02
-2.10621513e-01
-1.32572949e+00
3.50576351e-01
-4.78234981e-02
6 2
-8.6510e-01 4.7331e-01
7 -1
1 0 2 3 4 7 9 
217
1.91715420e-01
-2.10923786e-02
-1.65741143e-01
-8.12575047e-01
2.63972738e-01
2.21339613e-01
-3.23237972e-01
1.16882200e-01
-6.88576500e-02
-7.62510412e-02
1.46474382e-01
5.97916044e-01
1.73363921e-01
9.14778978e-02
0.00000000e+00
0.00000000e+00
0.00000000e+00
0.00000000e+00
0.00000000e+00
0.00000000e+00
5.16658156e-02
2.26272926e-02
6.10618348e-05
-1.34497625e-01
-4.42797349e-05
6.97704171e-01
3.83623672e-01
1.52048235e-03
-1.93428735e-01
0.00000000e+00
0.00000000e+00
0.00000000e+00
0.00000000e+00
0.00000000e+00
0.00000000e+00
0.00000000e+00
0.00000000e+00
3.68969990e-02
7.34265747e-02
-2.31222393e-01
-3.81629770e-01
-8.83332500e-01
6.32649091e-02
0.00000000e+00
0.00000000e+00
-8.54164384e-02
1.68329845e-02
-9.13781367e-02
0.00000000e+00
-1.90564736e-01
-5.14147165e-01
6.78624511e-01
0.00000000e+00
6.72016632e-03
-2.54840307e-01
-1.81631771e-01
0.00000000e+00
2.80112132e-01
-4.70968181e-02
5.74500998e-01
-1.01462794e-01
-2.75981175e-01
5.69159389e-01
5.81104923e-02
-8.57361798e-01
1.25281154e-01
7.59153779e-01
3.78510100e-02
2.31812946e-01
6.52994491e-01
2.04308893e-01
-1.93457769e-01
0.00000000e+00
1.59773378e-01
5.91523051e-01
2.10909182e-02
6.18404130e-02
-2.03310373e-01
-3.86403129e-01
0.00000000e+00
6.00536555e-01
1.53215900e-01
1.80892367e-01
-5.08924222e-01
-8.15527731e-02
-1.04496208e-01
0.00000000e+00
4.64184875e-01
-4.24477395e-01
-8.64204742e-02
2.84625862e-01
-4.06369028e-01
-1.95195214e-01
3.07023236e-01
4.51025252e-01
2.15310243e-01
3.42254410e-01
5.55508649e-01
-4.06369028e-01
-4.15913815e-01
-2.72892942e-01
3.24564157e-01
9.29135976e-02
6.89434105e-01
2.13679961e-01
-1.01142856e-02
-1.86540074e-01
0.00000000e+00
3.87215210e-01
-2.40812988e-01
1.15456894e-03
1.28458235e-01
0.00000000e+00
0.00000000e+00
0.00000000e+00
0.00000000e+00
0.00000000e+00
0.00000000e+00
0.00000000e+00
-8.50179131e-01
-7.32507180e-01
-1.02884466e+00
0.00000000e+00
0.00000000e+00
0.00000000e+00
-6.35382541e-02
-2.34293442e-01
5.75712360e-01
1.46060965e-01
-1.37728979e+00
-1.59411002e+00
4.87346728e-01
3.48618050e-01
-4.56916169e-02
0.00000000e+00
8.01141161e-01
3.24929587e-01
-1.09356057e+00
3.79989894e-01
6.52712963e-01
-4.78064825e-01
1.58056843e-01
-5.75158361e-01
-3.20632520e-02
5.90356931e-01
1.83314048e-02
0.00000000e+00
0.00000000e+00
0.00000000e+00
8.72934831e-02
-2.25960695e-02
-3.19385173e-01
3.53663360e-01
-2.43523978e-01
5.22599570e-01
1.47030605e-01
6.48898491e-02
-2.84581131e-01
0.00000000e+00
-3.65637505e-01
4.16393965e-01
1.89853875e-01
1.70379187e-01
-2.65422861e-01
3.50985950e-01
2.36823499e-02
-7.11930744e-01
9.27588129e-02
-1.88122139e-01
-1.11605097e+00
0.00000000e+00
0.00000000e+00
0.00000000e+00
-1.64951438e-01
2.34254222e-01
-3.41189122e-01
1.07112620e+00
-6.60743466e-01
4.34003845e-02
8.79402643e-01
3.78267615e-01
-3.73086084e-01
0.00000000e+00
2.86605360e-02
8.19710373e-01
-2.69987245e-01
4.11798256e-02
1.04525943e+00
2.30344288e-02
4.02370099e-01
-3.24982686e-02
7.41156717e-02
-2.48173721e-01
-5.28048868e-01
0.00000000e+00
0.00000000e+00
0.00000000e+00
5.49097129e-01
6.95797077e-02
5.56370699e-01
5.95463218e-01
5.74121293e-02
1.06572876e-01
7.64133204e-02
4.82266528e-01
4.23265071e-01
0.00000000e+00
4.50390530e-01
3.83097614e-01
2.38007909e-01
1.00430584e+00
3.13852222e-01
8.19402672e-01
2.77910279e-01
-5.65214956e-02
6.79081640e-01
7.08174180e-01
136
8.11398421e-02
-2.86130095e-02
2.84864410e-02
1.81993648e-01
3.59058081e-03
2.39498764e-01
3.16824643e-03
-3.11739561e-01
8.50129177e-04
3.93506925e-02
-1.09051046e-01
1.50840196e-01
0.00000000e+00
0.00000000e+00
0.00000000e+00
0.00000000e+00
0.00000000e+00
0.00000000e+00
0.00000000e+00
0.00000000e+00
-6.82453543e-02
-1.71017551e-01
-3.58027690e-02
2.46780814e-02
-1.12190493e-02
1.34245177e-01
0.00000000e+00
0.00000000e+00
-2.39511615e-01
-3.52438834e-01
2.50186935e-01
0.00000000e+00
-6.11880339e-01
2.24143619e-01
4.01154122e-01
0.00000000e+00
1.94711684e-01
-2.00829416e-01
-5.24699931e-02
0.00000000e+00
1.87154109e-01
-1.06176268e-01
2.73869160e-01
0.00000000e+00
0.00000000e+00
0.00000000e+00
2.97669850e-01
-6.19744071e-01
3.02400360e-01
-5.92510259e-05
-1.07899763e+00
1.83982454e-01
-5.40281936e-01
6.64051797e-01
-7.74953164e-02
-4.36427698e-01
-2.80025355e-01
-7.09920540e-03
4.47422198e-01
-3.63805428e-02
-4.73389367e-01
-9.60946463e-02
2.27323927e-01
-1.75346489e-01
2.16328341e-01
2.60786133e-01
1.37374010e-01
1.38282273e-01
1.13679286e-01
4.12499490e-02
-4.88392293e-01
6.55983762e-02
-2.54498939e-02
-1.74170769e-02
1.44835006e-01
-3.87944240e-01
4.37399538e-01
-1.92949103e-03
-2.28137105e-01
1.42424122e-01
-2.03541304e-01
0.00000000e+00
0.00000000e+00
0.00000000e+00
0.00000000e+00
0.00000000e+00
-2.17760761e-01
2.18045534e-01
-8.55122166e-01
0.00000000e+00
0.00000000e+00
0.00000000e+00
-1.43116917e-01
3.72234513e-01
6.68820083e-02
9.23521448e-01
-1.53337527e+00
-4.19917050e-01
4.63952167e-01
2.19819894e-01
-4.11538952e-01
0.00000000e+00
5.55358418e-01
5.99211764e-01
-7.86264007e-01
4.68146372e-01
-2.13817842e-01
5.17275433e-01
1.47898291e-01
-1.58959112e+00
-3.25091008e-02
-5.92922127e-02
-9.70551288e-01
0.00000000e+00
0.00000000e+00
0.00000000e+00
-1.95702442e-01
-1.07578147e-01
-2.01610798e-01
1.29956729e+00
-1.37916953e+00
3.05847458e-02
3.62068215e-01
-1.17009524e-01
-2.64974448e-01
0.00000000e+00
3.44308467e-01
9.87709361e-01
-8.65172260e-01
6.33885672e-01
-3.53666402e-01
3.25454209e-02
-1.39826293e-01
-1.25949562e+00
3.12110547e-01
-8.91255421e-02
8 1
-1.1818e+00 4.4530e-01
8 1
1 0 2 3 4 7 9 6 
217
-1.09621291e-01
-4.00051327e-01
6.56045666e-01
-2.66370218e-01
9.89356176e-03
1.16712030e-01
1.40467252e-01
-9.48222752e-03
-1.85872887e-01
7.66193506e-01
-4.31848570e-01
-1.12587493e+00
3.57739352e-01
4.08300652e-01
3.04123836e+00
-8.40761982e-02
-4.16386884e-01
-6.07394174e-01
3.37451432e-03
-8.42575947e-02
-6.41928799e-01
-9.93156576e-03
2.23893985e-01
-1.90153668e+00
6.62807535e-03
3.36732703e-01
-3.64995348e-01
-4.51358050e-02
3.00509862e-01
0.00000000e+00
0.00000000e+00
0.00000000e+00
0.00000000e+00
0.00000000e+00
0.00000000e+00
0.00000000e+00
0.00000000e+00
2.80205112e-01
-1.60874120e-01
-2.38916337e-01
-8.07211906e-01
-3.12960360e-01
2.16893074e-01
0.00000000e+00
0.00000000e+00
8.92004993e-02
-1.00122763e+00
-1.88482222e-01
0.00000000e+00
3.19701149e-01
-6.60191358e-01
1.67642054e-01
0.00000000e+00
2.89897308e-01
3.19805985e-01
1.54937105e-01
0.00000000e+00
-3.66718808e-01
1.72159181e-01
5.93655449e-01
5.09577456e-01
-1.17337468e+00
5.54175931e-01
0.00000000e+00
-1.16945383e+00
0.00000000e+00
7.78275018e-01
-1.96260924e-01
2.81557518e-01
5.58197833e-01
1.52903350e+00
-1.19695335e+00
0.00000000e+00
-5.80983753e-01
9.59965076e-01
1.39282313e-01
7.80460005e-01
0.00000000e+00
-3.35868959e-01
0.00000000e+00
-5.99530650e-02
-5.78615496e-02
2.86200733e-01
1.15931360e-02
-1.66258512e+00
3.89227608e-01
0.00000000e+00
4.60889320e-01
-6.48509828e-01
7.02846901e-01
1.13387263e+00
0.00000000e+00
-6.00147689e-01
0.00000000e+00
4.02882574e-01
-7.59906902e-01
8.76438238e-02
1.21324088e+00
0.00000000e+00
-3.20209511e-01
-7.58430697e-01
-4.74936880e-02
-3.47353395e-01
2.58081908e-01
-1.55528587e-01
0.00000000e+00
-1.98175335e-01
0.00000000e+00
1.32987168e+00
-1.55237277e+00
-1.50142157e+00
-1.66302053e+00
0.00000000e+00
-1.68876272e-01
2.97206565e-01
6.26080074e-02
2.97957412e-01
-1.79432858e-01
-1.34752815e+00
1.90114509e-01
-6.07888231e-02
-1.19275623e+00
0.00000000e+00
0.00000000e+00
0.00000000e+00
-5.05360458e-01
3.01464601e-01
4.14596973e-01
3.67655364e-01
-2.33185684e+00
-1.08766212e+00
1.89126525e+00
9.72840695e-01
4.71425431e-02
0.00000000e+00
8.26734927e-01
7.22784152e-01
-1.85736567e+00
2.12414841e+00
-3.83072996e-01
3.31578407e-02
-5.63677576e-02
-2.56889128e-01
-6.85986912e-01
-1.72998509e+00
2.87832862e-01
0.00000000e+00
0.00000000e+00
0.00000000e+00
2.91577776e-01
-3.20038050e-01
2.52040536e-01
-8.30205839e-02
8.95915172e-01
-1.19448165e-01
-6.46020077e-01
-1.17842989e+00
3.18600211e-02
0.00000000e+00
-2.04663543e-01
-1.66976459e-01
4.62953686e-01
-7.39835141e-01
7.68689406e-02
-9.50072490e-02
3.53907304e-01
-3.67885316e-02
8.03116894e-01
7.09820221e-01
-1.40119290e+00
0.00000000e+00
0.00000000e+00
0.00000000e+00
4.11010713e-02
1.49642145e-01
-3.81017707e-02
6.12275053e-01
-7.03316410e-01
1.03944918e+00
-5.45371224e-01
4.53445333e-01
-5.59082488e-01
0.00000000e+00
7.92554881e-01
7.27367879e-01
-1.04039210e+00
7.52465363e-02
-6.60203842e-01
7.41731451e-01
-1.18876424e+00
-2.96734577e-01
-6.38887825e-01
-3.63151947e-01
1.05958817e-01
0.00000000e+00
0.00000000e+00
0.00000000e+00
2.97832759e-01
-2.86157645e-01
-2.98898510e-01
7.83878246e-01
-7.35948186e-01
-6.80103774e-01
6.05310048e-01
-3.12879811e-01
-2.38368856e-01
0.00000000e+00
-3.66562143e-01
-2.55089407e-01
6.30880293e-02
2.64312284e-01
1.57146752e-01
-6.05866635e-02
4.37903109e-01
-1.36550318e-01
4.38518891e-01
4.29114012e-01
136
-4.69395394e-01
-3.70376639e-01
1.75725238e-03
-3.69602000e-01
2.68198581e-03
4.22495988e-02
3.58677576e-04
2.28333647e-01
1.61501374e-03
1.31202977e-01
-2.65785374e-01
-3.34812997e-01
0.00000000e+00
0.00000000e+00
0.00000000e+00
0.00000000e+00
0.00000000e+00
0.00000000e+00
0.00000000e+00
0.00000000e+00
-2.66131577e-01
-4.12435162e-01
-2.36527862e-01
-2.47949288e-02
-8.06093181e-03
-8.42683219e-02
4.82123536e-01
0.00000000e+00
-1.25918257e-01
-6.30557360e-01
4.82552729e-02
0.00000000e+00
-3.48504465e-01
-2.89622332e-01
6.20908925e-01
0.00000000e+00
-2.50936197e-01
-3.44276095e-02
1.22930399e-01
0.00000000e+00
-3.24740242e-01
-2.69645150e-01
9.32161768e-01
0.00000000e+00
0.00000000e+00
0.00000000e+00
0.00000000e+00
-1.00050492e+00
1.54224591e-01
-1.46296077e-01
-1.02458177e+00
1.13608067e-02
-9.80760113e-01
3.44287905e-01
-2.69306234e-01
-5.98972204e-01
0.00000000e+00
1.64493489e+00
7.14997156e-01
2.13052093e-01
-4.36404625e-01
-1.07770231e+00
-2.41332362e-01
-3.29611987e-01
4.60951036e-02
9.25239917e-02
0.00000000e+00
7.00024331e-01
2.09080055e-01
1.20803353e-01
-5.98165568e-01
0.00000000e+00
9.64582639e-01
1.71914409e-01
2.57103904e-01
-9.57734681e-02
-8.82851042e-01
6.13544006e-01
-1.41455074e-01
2.43116319e-01
-1.38106503e-02
1.18703776e-01
-3.46644578e-01
3.14455979e-01
-1.36049210e-01
-6.28950520e-01
5.53038635e-02
3.09886352e-01
-6.80599410e-01
0.00000000e+00
0.00000000e+00
0.00000000e+00
2.60097412e-01
3.32676267e-01
-1.46663028e-01
9.46937623e-01
-1.56882032e+00
-4.02109209e-01
4.15191181e-01
6.52460396e-01
-5.46225166e-01
0.00000000e+00
4.72037245e-01
5.47104485e-01
-6.95979541e-01
2.53942173e-01
3.92758977e-02
5.96493177e-01
4.72143394e-02
-1.60854230e+00
-2.90814271e-01
1.51242277e-02
-9.15006685e-01
0.00000000e+00
0.00000000e+00
0.00000000e+00
-2.48196430e-01
-8.80744511e-02
-1.55014711e-02
1.28973039e+00
-1.80056926e+00
-9.98598930e-02
3.86308322e-01
-1.84716229e-02
-1.68845835e-01
0.00000000e+00
2.28599236e-01
9.66327128e-01
-1.05799520e+00
6.84318407e-01
-2.03092841e-01
3.66207016e-02
-1.34149550e-02
-1.27393441e+00
4.71778870e-01
9.26662456e-03
5 1
-1.2359e+00 4.6912e-01
8 0
1 0 2 3 4 7 9 6 
217
4.64074520e-01
-1.44881622e-01
-6.60079301e-02
-1.97309925e-01
2.61241156e-01
3.02320213e-01
-3.92820351e-02
3.45221854e-01
4.07945571e-01
5.34637270e-01
7.09519519e-01
-5.76906346e-01
-8.75349690e-01
3.33885238e-02
4.21172500e-01
-3.83607974e-02
-1.10599890e-01
-9.59092378e-01
-9.11659166e-03
5.19347810e-01
7.63161225e-01
-4.96951462e-03
-2.76039028e-01
2.38833174e-01
-4.64622156e-04
-9.02784746e-02
8.31213220e-02
2.56165073e-01
1.24788125e-01
0.00000000e+00
0.00000000e+00
0.00000000e+00
0.00000000e+00
0.00000000e+00
0.00000000e+00
0.00000000e+00
0.00000000e+00
3.48257497e-02
-1.55600080e-01
-2.69354764e-01
-3.60243041e-01
-8.08223938e-01
0.00000000e+00
0.00000000e+00
0.00000000e+00
-1.26961824e-01
-5.96163422e-01
-3.78146272e-01
0.00000000e+00
3.17710401e-01
2.31396837e-01
7.14009644e-01
0.00000000e+00
0.00000000e+00
3.67554427e-01
5.21678913e-01
0.00000000e+00
0.00000000e+00
0.00000000e+00
1.15744063e+00
4.03749430e-01
-6.25055261e-01
6.85380351e-01
-8.72438585e-01
-6.41141920e-01
0.00000000e+00
1.09488969e+00
6.80417491e-02
8.82765335e-01
6.42022518e-01
1.95920838e-01
-2.33248731e-01
0.00000000e+00
3.63951520e-01
4.98244747e-01
1.37450893e-01
1.61951441e-01
-1.00615241e+00
-3.46639067e-01
0.00000000e+00
1.34023687e+00
-8.43822872e-01
4.76629120e-01
6.16509393e-01
0.00000000e+00
1.61845363e-01
0.00000000e+00
-6.62266028e-02
-8.41756071e-01
3.68455760e-01
1.06467712e+00
-7.92634079e-02
-2.11313298e-01
0.00000000e+00
1.34990600e-01
2.52872460e-01
6.19660626e-01
2.72627685e-01
-7.92634079e-02
-4.75363990e-01
-9.62684966e-01
9.03974381e-01
-1.42499865e+00
1.14727537e-01
8.64141790e-02
1.14990861e+00
-1.23378859e-01
0.00000000e+00
-6.54775530e-02
-9.88347573e-01
-4.96977674e-01
-3.48009599e-01
0.00000000e+00
-1.59269832e-01
0.00000000e+00
2.83347217e-01
7.16121041e-02
3.39997135e-01
1.68504419e-01
-2.82561508e-01
-3.47563520e-01
-9.15478827e-01
0.00000000e+00
0.00000000e+00
0.00000000e+00
3.43502586e-01
-6.71334614e-01
7.50504772e-01
-5.61103990e-02
-8.63289060e-01
4.96409792e-01
1.26102327e+00
6.14811069e-01
-1.40727876e-01
0.00000000e+00
4.32856357e-01
2.48268553e-01
-2.73559466e-01
8.18604100e-02
1.88863206e+00
-7.15626551e-01
-1.23041304e-02
-6.32846744e-03
1.08390788e-01
6.04338759e-01
-6.45525007e-01
0.00000000e+00
0.00000000e+00
0.00000000e+00
8.15193833e-01
7.13610691e-01
2.05393223e-01
1.18866534e+00
3.93048083e-01
2.21600709e-01
2.86082414e-01
3.21617050e-01
2.45797033e-01
0.00000000e+00
8.56416312e-01
8.15212808e-01
5.97568586e-01
7.29658405e-01
-1.11732471e-01
1.24880815e+00
8.09412700e-01
-1.00805742e-02
8.24879426e-01
5.54382727e-01
-9.61304584e-01
0.00000000e+00
0.00000000e+00
0.00000000e+00
-3.66734172e-01
1.34386327e-01
-2.96756032e-01
6.29215397e-01
-4.16189452e-02
2.16583884e-01
7.49505514e-01
-3.05272591e-01
-6.85506044e-03
0.00000000e+00
-4.38858208e-01
5.66149593e-01
0.00000000e+00
3.71481958e-01
1.19826724e+00
9.46774684e-02
-3.64105160e-01
-1.24119027e-02
1.10030810e+00
-8.07638845e-02
-8.24228896e-01
0.00000000e+00
0.00000000e+00
0.00000000e+00
5.90181331e-01
3.59093226e-01
8.82362081e-01
9.12960985e-01
-1.96007197e-01
6.90278862e-01
5.21400150e-01
8.38940198e-01
-1.63208942e-02
0.00000000e+00
7.62714453e-01
7.41846845e-01
0.00000000e+00
6.99654153e-01
2.96521038e-01
7.37951141e-01
5.37985531e-01
-1.99815912e-02
3.03085144e-01
4.34079854e-01
136
3.43895793e-02
2.06475962e-01
-2.48440844e-03
-4.28867554e-02
1.39772938e-03
-1.06457559e-01
-1.11637401e-04
-2.27420676e-02
8.31271803e-05
1.75444524e-01
-1.32756128e-01
-8.29881689e-03
0.00000000e+00
0.00000000e+00
0.00000000e+00
0.00000000e+00
0.00000000e+00
0.00000000e+00
0.00000000e+00
0.00000000e+00
-4.20342234e-02
-1.28943553e-01
-1.99426998e-02
9.93901051e-02
-4.05514445e-02
1.19755928e-02
1.56190743e-01
0.00000000e+00
4.08509944e-01
-5.75750700e-01
3.31957057e-02
0.00000000e+00
-1.00494463e-01
-5.28080261e-02
1.69038749e-01
0.00000000e+00
-4.91178342e-02
-1.19248270e-01
1.46940538e-01
0.00000000e+00
-3.37290565e-01
3.25979066e-02
4.80511534e-01
0.00000000e+00
0.00000000e+00
0.00000000e+00
4.24242332e-02
-7.59328263e-01
2.95955496e-01
-2.63892511e-02
-1.01083588e+00
1.17756497e-01
-1.97844357e-01
5.98426097e-01
-1.27942359e-01
-1.97419001e-01
-2.94256104e-01
1.37090548e-01
4.62532939e-01
2.53018427e-02
7.37450880e-02
-1.18191243e+00
7.69158173e-01
-1.33910574e-01
2.19884408e-01
3.58880579e-02
6.53804998e-02
-1.27716281e-01
6.56833586e-03
2.07739908e-02
2.89351824e-02
2.34741537e-02
-2.60211060e-02
9.84749636e-02
8.72281990e-02
-2.48529704e-01
3.52699526e-01
3.46396667e-03
-2.55601111e-01
1.45502297e-01
-1.72501640e-01
0.00000000e+00
-6.46967775e-02
1.64242090e-01
-3.82026273e-02
-6.00480055e-01
-3.09690646e-01
2.53576171e-01
-9.88860408e-01
0.00000000e+00
0.00000000e+00
0.00000000e+00
-1.53283457e-01
2.95405638e-01
2.64950922e-03
9.49583173e-01
-1.60814789e+00
-4.09019898e-01
4.72325529e-01
3.42993747e-01
-5.94667710e-01
0.00000000e+00
5.48249789e-01
5.81193385e-01
-9.05181808e-01
5.31741838e-01
3.20863243e-02
5.26585891e-01
9.14879739e-02
-1.42019282e+00
-1.90287405e-01
-8.23822195e-02
-9.64196116e-01
0.00000000e+00
0.00000000e+00
0.00000000e+00
-1.68188294e-01
-1.77979160e-01
-2.11985963e-01
1.31764883e+00
-1.38112049e+00
-2.09823750e-01
3.94743407e-01
-5.22850421e-02
-5.02999787e-01
0.00000000e+00
3.36073595e-01
8.79980179e-01
-7.83925316e-01
6.41053010e-01
-2.52146032e-01
1.17247636e-01
-1.29718385e-01
-1.34873045e+00
5.12247773e-01
5.57121255e-02
10 2
-2.3448e+00 5.2129e-01
8 -1
1 0 2 3 4 7 9 6 
217
-1.42604659e-01
-3.78855311e-01
1.48354392e+00
0.00000000e+00
-1.50938393e+00
2.04952442e+00
-9.01627392e-01
6.97406473e-01
-1.33614829e-01
-1.79636810e-02
-1.94617642e+00
1.42724819e+00
0.00000000e+00
0.00000000e+00
-5.69431865e+00
5.57055665e-02
3.04631629e+00
-4.73868341e+00
3.30220916e-03
3.35765757e+00
0.00000000e+00
0.00000000e+00
0.00000000e+00
0.00000000e+00
0.00000000e+00
0.00000000e+00
8.52874488e-02
3.86637295e-01
-6.14529402e-01
0.00000000e+00
0.00000000e+00
0.00000000e+00
0.00000000e+00
0.00000000e+00
0.00000000e+00
0.00000000e+00
0.00000000e+00
5.47270414e-01
-9.49705154e-01
-2.42079884e+00
-2.54522264e+00
-2.37589453e+00
0.00000000e+00
0.00000000e+00
0.00000000e+00
2.48625224e+00
7.74126123e-01
-4.01103510e-03
0.00000000e+00
-1.73071094e+00
-1.72455129e+00
-2.05356837e+00
0.00000000e+00
0.00000000e+00
5.51973572e-01
-1.05674266e+00
0.00000000e+00
2.65424812e+00
0.00000000e+00
0.00000000e+00
9.94179729e-01
-1.43290604e+00
2.96121649e-01
0.00000000e+00
-2.06806650e+00
0.00000000e+00
1.34688821e+00
6.07892019e-01
5.78573626e-01
2.81757303e-01
-1.02323758e+00
-2.26766880e+00
0.00000000e+00
9.68653678e-01
8.71807443e-01
2.17964804e+00
1.55098965e+00
0.00000000e+00
-3.94909756e+00
0.00000000e+00
2.66857036e+00
-1.95998324e+00
1.13792254e+00
1.20794547e+00
-1.50231687e+00
-7.50146410e-01
0.00000000e+00
3.81634034e-01
-6.72497018e-01
1.72822458e+00
-1.53047899e+00
0.00000000e+00
-8.69092976e-01
0.00000000e+00
7.77647950e-01
-9.19497086e-01
-5.11596327e-02
-7.39272403e-01
0.00000000e+00
-1.25120601e+00
-1.40864365e+00
2.70447072e-01
-2.73489650e+00
8.38154282e-01
8.22685948e-01
0.00000000e+00
-1.30605352e+00
0.00000000e+00
2.19520496e+00
-1.74831798e+00
-1.03175610e+00
-4.37607265e-02
0.00000000e+00
-6.84009871e-01
0.00000000e+00
-4.11537466e-02
8.43738002e-01
1.04348860e+00
1.65762695e+00
1.33060056e+00
1.08313656e+00
-1.00957803e+00
0.00000000e+00
0.00000000e+00
0.00000000e+00
-5.20443123e-01
-5.03002567e-02
-7.32169664e-01
2.68638192e+00
-2.51070623e-02
-1.85064936e+00
1.03294952e+00
6.08206459e-01
0.00000000e+00
0.00000000e+00
2.81843664e+00
2.89654834e+00
1.03267333e+00
3.79329869e+00
0.00000000e+00
2.88467759e+00
1.30458431e+00
0.00000000e+00
-1.42742422e-02
1.97002822e+00
-6.08206107e-01
0.00000000e+00
0.00000000e+00
0.00000000e+00
1.16020362e+00
-7.50980952e-02
1.02896344e+00
-1.31880592e-01
-4.33813754e-02
1.53753825e+00
1.00955563e+00
2.80184169e-01
0.00000000e+00
0.00000000e+00
-6.34791626e-01
9.69512938e-02
-2.90787155e-01
-8.46239720e-01
0.00000000e+00
-1.36331737e-01
3.45802864e-01
0.00000000e+00
-2.12367688e-02
-6.04391593e-01
-1.73943634e+00
0.00000000e+00
0.00000000e+00
0.00000000e+00
-2.59729446e-01
-2.43475460e-02
-9.63109940e-03
3.33536079e+00
-2.68520172e+00
1.31969509e+00
-5.35605079e-01
3.47701924e+00
0.00000000e+00
0.00000000e+00
3.47103920e+00
1.19801297e+00
-1.07687973e-02
1.74213277e+00
5.56817775e+00
3.92679779e-02
-1.86390314e+00
-5.31527358e-02
-5.05696456e-02
-5.25164758e-02
-5.14942552e-01
0.00000000e+00
0.00000000e+00
0.00000000e+00
3.52597577e-01
-2.98604484e-02
-1.74958803e-02
6.63486718e-01
1.80951164e+00
4.14017122e-01
1.55690154e+00
-1.10053364e+00
0.00000000e+00
0.00000000e+00
-6.20332096e-01
1.59773391e+00
-1.90832742e-02
5.86408757e-01
-2.35619323e+00
8.73095259e-01
1.11558586e+00
-8.35370115e-02
-9.35339953e-02
-9.93528826e-02
136
-4.27509739e-01
-3.64742054e-01
1.30921474e-02
-3.99520657e-02
3.03157235e-03
-1.63114524e-01
1.46566274e-02
0.00000000e+00
0.00000000e+00
-2.37264444e-01
-1.28818119e-01
-6.14271770e-02
0.00000000e+00
0.00000000e+00
0.00000000e+00
0.00000000e+00
0.00000000e+00
0.00000000e+00
0.00000000e+00
0.00000000e+00
-4.43389215e-01
-4.96684674e-01
-3.26748497e-01
1.03591790e-02
9.47236447e-02
1.38505026e-01
4.91209019e-01
0.00000000e+00
-3.68803192e-01
-7.75612614e-01
1.72230368e-01
0.00000000e+00
-5.30564289e-01
-6.31410225e-01
9.09313426e-01
0.00000000e+00
-4.14436186e-01
3.31108439e-02
4.27613561e-01
0.00000000e+00
-2.06844771e-01
-1.68796001e-01
1.02217356e+00
0.00000000e+00
0.00000000e+00
0.00000000e+00
0.00000000e+00
-1.31984026e+00
2.69835998e-02
-1.89079297e-01
-5.91115129e-01
-2.30535569e-01
-1.18559709e+00
2.62721397e-01
-3.13681629e-01
-5.64253049e-01
0.00000000e+00
6.64643267e-01
4.33730511e-01
1.84838130e-02
-3.13483028e-01
-7.76747168e-01
-1.24973680e-01
-3.54958015e-01
2.37393599e-02
-1.91856587e-01
0.00000000e+00
4.65076307e-01
1.45048135e-01
8.43381700e-02
-8.21187930e-01
0.00000000e+00
4.47549135e-01
4.04675106e-02
1.70298736e-01
-3.79544209e-01
0.00000000e+00
2.74548886e+00
4.39466733e-01
4.99596298e-01
-5.91502542e-01
-8.15943040e-02
-1.96697622e-01
4.57441240e-01
-1.52502705e-01
-2.84340374e-01
1.51509829e-01
2.70291058e-01
-7.50432395e-01
0.00000000e+00
0.00000000e+00
0.00000000e+00
8.32104994e-02
2.32284808e-01
-1.38256958e-01
8.44169863e-01
-1.26232319e+00
-4.02230936e-01
4.08145349e-01
4.89360601e-01
-5.46086688e-01
0.00000000e+00
4.87248687e-01
5.52313049e-01
-9.12683827e-01
2.99305175e-01
2.48795878e-01
4.11800637e-01
1.89782725e-01
-1.58083697e+00
-1.32308961e-01
-2.21221398e-02
-9.87975586e-01
0.00000000e+00
0.00000000e+00
0.00000000e+00
-2.64100992e-01
6.10652973e-02
1.23640726e-02
1.33564501e+00
-1.91706546e+00
3.77830229e-02
4.55990817e-01
2.07275717e-01
-3.86227884e-01
0.00000000e+00
2.37082754e-01
8.62786602e-01
-1.06973338e+00
6.87077070e-01
-2.56486899e-01
2.52448732e-02
-9.65885603e-02
-1.42800826e+00
4.66631198e-01
4.12894115e-02
