0 10 -999999999 -1 -1
1 2 0 -1 -1
-0.08878 0.3139
356
2.49435516e-01
3.00393196e-01
-5.09576799e-02
3.72395732e-02
0.00000000e+00
0.00000000e+00
0.00000000e+00
0.00000000e+00
0.00000000e+00
0.00000000e+00
0.00000000e+00
0.00000000e+00
0.00000000e+00
-2.98922784e-01
-6.70114720e-01
1.00627708e+00
0.00000000e+00
0.00000000e+00
0.00000000e+00
0.00000000e+00
0.00000000e+00
0.00000000e+00
0.00000000e+00
0.00000000e+00
0.00000000e+00
0.00000000e+00
0.00000000e+00
0.00000000e+00
0.00000000e+00
0.00000000e+00
0.00000000e+00
0.00000000e+00
0.00000000e+00
0.00000000e+00
0.00000000e+00
0.00000000e+00
0.00000000e+00
0.00000000e+00
0.00000000e+00
0.00000000e+00
0.00000000e+00
0.00000000e+00
0.00000000e+00
0.00000000e+00
0.00000000e+00
0.00000000e+00
0.00000000e+00
0.00000000e+00
0.00000000e+00
0.00000000e+00
0.00000000e+00
-7.53745995e-01
-1.55183212e-01
6.42593305e-01
0.00000000e+00
0.00000000e+00
0.00000000e+00
0.00000000e+00
7.35894362e-01
4.48880427e-01
-1.24568850e-02
-5.90691821e-01
-5.15595863e-01
3.64189444e-01
-1.28665031e-01
2.49283375e-01
1.70258933e-01
2.61989923e-01
-8.97991393e-01
8.32602436e-03
2.11262608e-01
-4.80457527e-01
4.89477001e-03
-3.02783190e-02
7.21856752e-01
5.38053154e-04
-1.45942439e-01
9.06027684e-01
-4.42449102e-05
-4.99984760e-02
3.95226460e-01
1.36471280e-01
-2.78584157e-01
0.00000000e+00
0.00000000e+00
0.00000000e+00
0.00000000e+00
0.00000000e+00
0.00000000e+00
0.00000000e+00
-1.01923743e+00
-2.44657601e-01
-1.32278320e+00
-4.99956542e-01
-6.71180660e-01
-1.84539308e-01
3.32082392e-01
1.69641488e-01
-5.01349915e-01
-5.56124785e-01
8.06527910e-01
2.60143620e-01
0.00000000e+00
0.00000000e+00
2.60232181e+00
1.87035368e+00
9.31517785e-01
5.60906065e-01
4.64437643e-01
2.38833692e-01
-6.01481973e-01
-8.77883854e-01
2.83829299e-01
9.93886573e-02
-3.33143824e-01
-6.87807343e-01
-7.96673685e-01
-1.63480876e+00
0.00000000e+00
0.00000000e+00
0.00000000e+00
0.00000000e+00
0.00000000e+00
0.00000000e+00
-1.30177642e-01
-6.80968179e-01
-8.91597346e-01
-6.91214852e-02
-5.56311711e-02
2.06577654e-01
2.75366639e+00
3.35390752e+00
3.46520150e+00
3.58881545e+00
3.64715383e+00
3.57524853e+00
2.36870513e-01
2.33559391e-01
2.15695471e-01
3.69634420e-01
1.92762228e-01
1.12541057e-01
2.70564731e-01
6.77589839e-01
2.69414805e-01
-1.05660272e-01
2.56618866e-01
1.76115336e-01
7.16329357e-01
0.00000000e+00
0.00000000e+00
0.00000000e+00
0.00000000e+00
0.00000000e+00
0.00000000e+00
0.00000000e+00
-4.66893841e-01
0.00000000e+00
-1.27251725e+00
0.00000000e+00
-5.67260634e-01
-9.53109959e-01
-5.13108417e-01
-6.67808210e-01
-1.08036905e+00
0.00000000e+00
0.00000000e+00
0.00000000e+00
-7.11884111e-02
4.22228782e-01
-3.69626558e-01
1.49767737e+00
-1.89991760e+00
-2.40362737e-01
-6.10368740e-02
-8.61933094e-01
8.28398942e-02
0.00000000e+00
5.00661225e-01
2.05415860e+00
-1.20010674e+00
5.75936977e-01
2.20402948e-01
-3.92355494e-01
-7.40017903e-01
-2.65388181e-01
-2.92829893e-02
-3.03058261e-01
4.09943420e-01
0.00000000e+00
0.00000000e+00
0.00000000e+00
-1.83140123e-01
1.57868320e-01
1.99875852e-02
4.68098726e-02
5.77473025e-01
-1.52638811e-01
2.07409873e-01
2.99608175e-01
1.07579607e-01
0.00000000e+00
-3.26697129e-01
-2.62675807e-01
2.23849245e-01
1.16866188e-03
-5.04516829e-01
-7.35560555e-02
7.56461950e-02
1.54867491e-01
2.14932011e-01
-1.74031887e-01
-3.40843867e-01
-2.13595572e-01
2.70187807e-01
4.01643111e-01
-2.19025982e-01
5.42277056e-01
-5.92460776e-01
-1.63411853e-01
-3.20218454e-01
0.00000000e+00
0.00000000e+00
0.00000000e+00
7.41655439e-02
8.93188580e-02
7.62493900e-02
-1.16306411e-01
-3.70451948e-01
1.01785437e-01
-8.34923187e-02
-1.17792287e+00
7.12490052e-01
0.00000000e+00
1.51431583e-01
-8.74500103e-03
2.35416948e-02
5.31898755e-01
-9.34316793e-01
-7.97414926e-01
1.06675799e-01
5.51239230e-01
3.49983563e-01
3.99651906e-01
-1.27248295e-01
5.45362227e-01
4.59176972e-01
-2.04312102e-01
-7.39525183e-01
-3.53665062e-01
0.00000000e+00
-4.81905210e-01
3.14649807e-01
6.87003938e-01
-9.22943605e-01
0.00000000e+00
-3.85860121e-01
5.30679676e-01
3.32087313e-01
-7.39721636e-02
-1.62091817e+00
0.00000000e+00
0.00000000e+00
0.00000000e+00
-3.44069211e-01
3.49669795e-02
-3.80437869e-01
2.43984081e+00
-2.04353041e+00
-7.07468473e-01
3.30148636e-01
6.77506904e-01
-7.03096110e-01
0.00000000e+00
2.16846062e-01
6.94580153e-01
-1.02494264e+00
9.24717651e-01
3.40592806e-01
5.48671909e-01
-3.53307740e-01
-6.07695291e-01
-1.02268746e+00
-6.41554870e-01
3.86125571e-01
0.00000000e+00
0.00000000e+00
0.00000000e+00
-1.40409804e-01
-3.69847839e-01
2.19428105e-01
-2.64014664e-01
3.22604435e-01
1.69701270e-01
1.60199341e-01
-5.34589984e-02
-1.99330301e-01
0.00000000e+00
-5.10988923e-02
2.62887012e-02
-1.57274004e-02
5.41555756e-02
4.34921651e-03
-1.17612106e-01
2.31148662e-01
-7.84152693e-02
3.08993433e-01
1.79172107e-01
-2.82990527e-01
-1.11097064e-01
0.00000000e+00
3.13310057e-01
5.41295918e-01
4.72400140e-01
-5.06606728e-01
-7.68904760e-02
-5.60896458e-01
0.00000000e+00
0.00000000e+00
0.00000000e+00
1.26621798e-01
3.53013336e-01
-3.94320722e-01
3.99581353e-01
-3.63125444e-01
-2.33848685e-01
7.07785453e-02
3.25809660e-01
-2.21974334e-01
0.00000000e+00
-1.33925173e-02
-9.43235377e-02
-2.23196501e-01
-1.89547523e-02
3.47930970e-01
1.44514291e-01
-2.21959614e-01
-2.72167223e-03
1.76446251e-03
-5.43093093e-01
-1.71893463e-01
0.00000000e+00
-2.70222721e-03
-1.20478427e-01
-1.33792764e+00
-8.42012895e-01
0.00000000e+00
0.00000000e+00
1.57233096e-01
1.06843814e+00
-3.91663181e-01
0.00000000e+00
-4.95914747e-01
0.00000000e+00
0.00000000e+00
4.87341951e-01
247
-4.01656063e-01
1.11999997e-01
-5.13656060e-01
3.32265648e-01
-2.20265651e-01
0.00000000e+00
0.00000000e+00
0.00000000e+00
0.00000000e+00
0.00000000e+00
0.00000000e+00
0.00000000e+00
0.00000000e+00
0.00000000e+00
0.00000000e+00
0.00000000e+00
0.00000000e+00
0.00000000e+00
0.00000000e+00
0.00000000e+00
0.00000000e+00
0.00000000e+00
0.00000000e+00
0.00000000e+00
0.00000000e+00
0.00000000e+00
0.00000000e+00
0.00000000e+00
0.00000000e+00
0.00000000e+00
0.00000000e+00
0.00000000e+00
0.00000000e+00
0.00000000e+00
0.00000000e+00
0.00000000e+00
0.00000000e+00
0.00000000e+00
0.00000000e+00
0.00000000e+00
0.00000000e+00
-1.20450198e+00
2.51090222e-02
-8.04675529e-02
2.50488218e-03
1.90126407e-01
4.97305302e-03
6.93187061e-01
1.08014058e-04
-2.06965291e-01
-2.29708785e-01
3.76233986e-02
0.00000000e+00
0.00000000e+00
0.00000000e+00
0.00000000e+00
0.00000000e+00
0.00000000e+00
0.00000000e+00
3.06849731e+00
2.05330748e+00
0.00000000e+00
1.98150036e-01
9.47533496e-01
1.93382484e-01
-5.07446889e-02
2.86060504e-02
-9.19228385e-01
2.08571786e-02
-9.62375683e-01
-7.70341129e-01
-1.91042285e-01
-1.19112023e+00
0.00000000e+00
0.00000000e+00
0.00000000e+00
0.00000000e+00
0.00000000e+00
0.00000000e+00
9.84347119e-02
-2.52862036e-01
-7.13062393e-01
-7.04721735e-01
-5.55996784e-01
-3.26755307e-01
5.77637623e+00
5.59810479e+00
5.27322383e+00
5.42822399e+00
5.57509184e+00
5.49925146e+00
0.00000000e+00
-2.28497296e-01
-3.80292047e-01
1.24536426e-01
-1.00579739e-01
4.75328526e-01
0.00000000e+00
-1.17202653e-01
-2.78542111e-01
-1.09137356e-02
-7.31284460e-01
-7.07851635e-01
5.43097161e-01
0.00000000e+00
0.00000000e+00
0.00000000e+00
-9.44753224e-01
0.00000000e+00
-2.35049645e+00
0.00000000e+00
-1.98098615e-01
-9.21558310e-01
-8.39673552e-01
-1.19662568e+00
-1.11965692e+00
0.00000000e+00
0.00000000e+00
0.00000000e+00
-2.55236342e-01
1.10161226e+00
-1.03436833e-01
1.00321328e+00
-1.85127477e+00
-3.05497319e-01
-8.76828163e-01
5.77736836e-01
-1.59472743e-01
0.00000000e+00
7.86376759e-01
1.38567030e+00
-7.96346356e-01
7.60917663e-01
-1.31744931e+00
6.60396236e-01
-3.84334469e-01
-6.99469724e-01
-3.89815061e-01
-2.56419174e-01
-1.25176096e-01
1.68736845e-01
-9.37595376e-02
-8.54433265e-03
2.42636628e-01
-3.00824314e-01
0.00000000e+00
0.00000000e+00
0.00000000e+00
6.58893555e-01
0.00000000e+00
0.00000000e+00
3.84190354e-01
4.06907083e-01
0.00000000e+00
1.47727332e-01
6.80597739e-01
0.00000000e+00
0.00000000e+00
3.27776950e-01
0.00000000e+00
4.28610776e-01
2.50173593e-01
5.38457221e-01
1.26676780e-01
4.37700250e-01
0.00000000e+00
0.00000000e+00
0.00000000e+00
-2.93912940e-01
3.02201596e-01
3.79513997e-01
-3.36517624e-02
-9.94480829e-01
-3.66835459e-01
0.00000000e+00
2.71305613e-01
0.00000000e+00
-6.27645370e-01
3.57060743e-01
1.22183048e-01
3.51218156e-01
-2.03629923e+00
0.00000000e+00
0.00000000e+00
0.00000000e+00
-1.18911119e+00
6.49668855e-01
5.22235956e-01
1.47739132e+00
-1.57198716e+00
-3.42291227e-01
-2.73596063e-01
5.78051512e-01
0.00000000e+00
0.00000000e+00
2.99744678e-01
2.10704193e+00
-3.08319499e-01
1.25037811e+00
4.90205757e-01
3.76838909e-01
4.45883411e-01
-7.16806774e-01
6.72977373e-01
4.00955172e-01
-8.97191984e-01
-5.33402424e-01
0.00000000e+00
0.00000000e+00
3.45348447e-01
-1.67494950e-01
0.00000000e+00
0.00000000e+00
0.00000000e+00
3.22104349e-01
6.24120300e-02
4.14059722e-01
2.15741554e-01
0.00000000e+00
4.69002470e-01
6.15575088e-01
-8.56801182e-02
0.00000000e+00
0.00000000e+00
4.46798122e-01
5.48880036e-01
4.48644343e-01
3.01979900e-01
1.96761464e-01
3.58483533e-02
3.40839183e-01
0.00000000e+00
3.59655261e-01
2.96269060e-01
-3.63789560e-01
0.00000000e+00
-3.04650924e-01
-3.46695743e-01
-1.13910725e+00
-3.06271128e-01
0.00000000e+00
0.00000000e+00
0.00000000e+00
-8.32836117e-01
0.00000000e+00
0.00000000e+00
0.00000000e+00
1 -999999999 6 0 -1
1 0 2 1 -1
-2.0152e-01 3.7011e-01
356
-2.26550351e-01
0.00000000e+00
0.00000000e+00
0.00000000e+00
0.00000000e+00
0.00000000e+00
0.00000000e+00
0.00000000e+00
0.00000000e+00
0.00000000e+00
0.00000000e+00
0.00000000e+00
0.00000000e+00
0.00000000e+00
0.00000000e+00
0.00000000e+00
-7.60987231e-02
0.00000000e+00
1.14340290e+00
1.79807453e-01
-5.00385104e-01
-4.85588244e-01
0.00000000e+00
0.00000000e+00
8.37178496e-01
-3.29016266e-01
0.00000000e+00
0.00000000e+00
1.30514088e+00
1.26849703e-01
-2.88587680e-01
3.73234720e-01
-5.99785070e-01
-1.23229224e+00
-6.42588815e-01
5.72855058e-02
-2.22421675e-01
7.42014641e-01
7.16152017e-01
8.63512316e-01
8.93244712e-01
0.00000000e+00
0.00000000e+00
0.00000000e+00
0.00000000e+00
0.00000000e+00
0.00000000e+00
0.00000000e+00
0.00000000e+00
0.00000000e+00
0.00000000e+00
-4.49037240e-01
1.78304685e-01
-7.23037741e-01
0.00000000e+00
0.00000000e+00
0.00000000e+00
0.00000000e+00
-7.38029577e-01
2.53501836e-01
-8.73044465e-02
4.61333224e-01
4.48279607e-01
-1.99892400e-02
5.26852081e-01
-6.74107627e-01
-3.76348016e-01
1.06489550e+00
-4.56383666e-01
1.79710559e-02
-4.68805665e-02
-2.13165469e-01
1.26099200e-03
4.27583818e-01
-2.92278377e-01
6.34761103e-03
8.30614320e-01
7.35277162e-01
1.57405901e-03
7.58735074e-01
9.36228618e-02
-8.90675327e-03
-2.60323231e-01
0.00000000e+00
0.00000000e+00
0.00000000e+00
0.00000000e+00
0.00000000e+00
0.00000000e+00
0.00000000e+00
-3.03721016e-01
-1.91487930e-01
-5.66281910e-01
-1.75086376e-01
-8.07456953e-01
-7.63786474e-02
1.58281076e-01
9.27226744e-02
-9.28705621e-02
-1.28259539e-01
3.21032804e-01
2.16849171e-01
0.00000000e+00
0.00000000e+00
3.10941783e+00
1.89192848e+00
4.43577096e-01
5.21744411e-01
5.88228023e-01
-1.52947330e-01
-4.30100841e-01
-7.11105694e-01
-4.37584544e-01
3.07421248e-01
-7.46216310e-01
-9.15654604e-01
-4.70705908e-01
-1.33262372e+00
0.00000000e+00
0.00000000e+00
0.00000000e+00
0.00000000e+00
0.00000000e+00
0.00000000e+00
-1.91141851e-01
-4.37780183e-01
-8.53091310e-01
-3.76929411e-01
-3.24263650e-01
6.47275736e-02
5.53346783e+00
5.67504466e+00
5.44051118e+00
5.52678413e+00
5.57955372e+00
5.71945450e+00
1.02532121e-01
-1.41574202e-01
-5.13181463e-01
-6.88865503e-02
-5.38021158e-03
1.28356313e-01
-1.18033494e-01
-2.21584725e-01
2.87641956e-01
-4.41831601e-01
-3.24567793e-01
-7.35488689e-01
2.59395665e-01
0.00000000e+00
0.00000000e+00
0.00000000e+00
0.00000000e+00
0.00000000e+00
0.00000000e+00
0.00000000e+00
-4.85946016e-01
0.00000000e+00
-1.68224005e+00
0.00000000e+00
-1.33709555e+00
-1.15593526e+00
-3.16632579e-01
-9.62543569e-01
-1.65372813e+00
0.00000000e+00
0.00000000e+00
0.00000000e+00
-5.63914201e-01
1.26840871e+00
2.01542617e-01
7.58558707e-01
-1.84424446e+00
5.70873876e-02
-3.89283273e-01
2.22722127e-02
-1.36093810e-01
0.00000000e+00
5.74088246e-01
1.66808720e+00
-6.87967572e-01
8.85999720e-01
-1.45020097e+00
-1.23866132e-01
-4.62692744e-01
-1.08041968e+00
-5.16362594e-01
1.65272515e-01
-2.80294718e-01
0.00000000e+00
0.00000000e+00
0.00000000e+00
3.45496909e-01
4.42561978e-02
1.64655911e-02
1.01570866e-01
3.70864976e-01
-3.68020676e-01
-2.73312503e-01
2.86013495e-01
-8.22856142e-01
0.00000000e+00
-6.44434597e-02
-4.77859988e-01
-5.68849080e-03
-2.42010415e-01
4.91903015e-01
2.77068647e-01
2.21931489e-01
0.00000000e+00
2.72433089e-01
-5.37842517e-01
-6.86993652e-01
-3.99043988e-01
2.50755086e-01
-2.59538012e-02
-6.23845272e-01
1.92219510e+00
9.44414194e-01
0.00000000e+00
-2.89655966e-02
0.00000000e+00
0.00000000e+00
0.00000000e+00
-7.45200258e-02
7.04039390e-01
1.31608848e-01
-4.57624867e-01
-6.16144400e-02
2.73416337e-01
3.48419604e-03
-7.68346782e-01
2.78891950e+00
0.00000000e+00
-1.19220788e-01
3.31777139e-01
6.97928411e-01
-5.73757380e-01
-8.56068830e-01
-8.44858055e-02
-2.40359947e-01
0.00000000e+00
-6.65069510e-01
-1.64206942e-01
-2.87949664e-01
1.20571964e+00
-4.42130022e-01
-1.05153929e+00
-9.66734473e-01
-9.38051558e-01
-5.54772330e-01
-3.83279228e-01
0.00000000e+00
2.53781017e+00
0.00000000e+00
0.00000000e+00
-2.86829148e-02
3.00912470e-01
0.00000000e+00
0.00000000e+00
-2.11847883e+00
0.00000000e+00
0.00000000e+00
0.00000000e+00
-1.15264969e+00
-3.92155606e-01
2.84466257e-01
9.49866465e-01
-1.81541939e+00
-8.23292283e-01
5.27543945e-01
4.39416353e-01
-1.97157601e+00
0.00000000e+00
3.35741339e-01
1.25428276e+00
-1.17499992e+00
1.45105732e+00
8.09650201e-01
-4.90169671e-01
5.10137664e-01
-1.15749469e+00
3.94532292e-01
-9.74161556e-02
-1.13694021e-01
0.00000000e+00
0.00000000e+00
0.00000000e+00
2.29796910e-01
-6.26898358e-02
1.14861656e-01
2.17498708e-01
-7.51203731e-03
1.46737233e-01
-2.23972162e-01
2.33788865e-02
-3.54899385e-01
0.00000000e+00
-9.30813095e-02
-5.83401222e-03
3.10263855e-01
-5.33369439e-02
-3.62141931e-01
3.63670865e-01
-1.86708768e-01
-1.34158509e-01
-2.27856348e-01
1.92289109e-01
-1.04242419e+00
-6.25337206e-01
0.00000000e+00
1.38174263e-01
2.31223964e-01
1.42160502e+00
2.06509512e-01
0.00000000e+00
-3.42694548e-01
0.00000000e+00
0.00000000e+00
0.00000000e+00
2.01970697e-01
-6.35683680e-01
-5.79217006e-01
-4.07341001e-01
1.47719017e-01
-4.36790752e-01
-2.90134998e-01
-2.96737146e-02
-1.21888371e+00
0.00000000e+00
7.45486076e-02
1.23129186e-01
-4.75247330e-01
-3.99929542e-01
9.29198015e-01
4.67751273e-02
7.88426790e-03
1.84915901e+00
2.85813441e-01
4.64009820e-01
-4.17086985e-01
0.00000000e+00
1.04809920e+00
9.96864400e-02
-1.07605464e+00
-5.30598056e-01
0.00000000e+00
0.00000000e+00
-8.02986395e-01
1.22523018e+00
-8.20342581e-01
0.00000000e+00
-5.45456584e-01
0.00000000e+00
0.00000000e+00
-1.05042692e-01
247
7.44559120e-03
0.00000000e+00
0.00000000e+00
0.00000000e+00
0.00000000e+00
0.00000000e+00
0.00000000e+00
0.00000000e+00
0.00000000e+00
-1.19995573e+00
0.00000000e+00
0.00000000e+00
0.00000000e+00
0.00000000e+00
7.44559120e-03
0.00000000e+00
2.44181425e-01
-2.36735834e-01
3.62189745e-01
1.18993855e+00
0.00000000e+00
0.00000000e+00
0.00000000e+00
0.00000000e+00
0.00000000e+00
0.00000000e+00
0.00000000e+00
7.44559120e-03
0.00000000e+00
7.44559120e-03
0.00000000e+00
0.00000000e+00
3.29339484e-01
-7.79032182e-01
0.00000000e+00
0.00000000e+00
0.00000000e+00
0.00000000e+00
0.00000000e+00
0.00000000e+00
0.00000000e+00
-8.35898328e-01
2.77233995e-02
2.61526283e-02
-1.74490132e-03
-2.12082563e-02
5.26976358e-03
8.38399547e-01
-1.23374477e-03
3.02795385e-01
-7.06153038e-03
-2.50172902e-01
0.00000000e+00
0.00000000e+00
0.00000000e+00
0.00000000e+00
0.00000000e+00
0.00000000e+00
0.00000000e+00
4.75510586e+00
2.33666272e+00
7.46506535e-02
1.10715479e+00
5.04936018e-01
2.67225226e-01
-3.19077883e-01
-6.09239530e-01
1.48668282e+00
1.84675668e+00
1.77284887e+00
1.56516174e+00
0.00000000e+00
9.11136046e-01
0.00000000e+00
0.00000000e+00
0.00000000e+00
0.00000000e+00
0.00000000e+00
0.00000000e+00
-1.29132367e-01
-7.40199201e-01
-9.91195957e-01
-6.29288022e-01
2.24183190e-01
-6.35847718e-02
6.50371210e+00
6.48203386e+00
6.50755169e+00
6.62774739e+00
6.43836438e+00
6.63575115e+00
0.00000000e+00
-9.46022049e-01
-2.99904385e-01
3.55406684e-01
-3.04546676e-01
-7.63566977e-01
0.00000000e+00
-2.15700298e-01
-8.58792096e-01
-5.90157262e-02
-3.28701501e-01
-4.49162829e-01
1.02564927e+00
0.00000000e+00
0.00000000e+00
0.00000000e+00
-1.01820368e+00
0.00000000e+00
-3.20641261e+00
0.00000000e+00
-8.71172371e-01
-6.70075287e-01
-1.47898379e+00
-8.50233341e-01
-1.54124766e+00
0.00000000e+00
0.00000000e+00
0.00000000e+00
2.12633500e-02
1.82103721e-01
-4.24148703e-01
1.58845664e+00
-9.26683026e-01
-7.45366785e-01
5.29741418e-01
-2.78300747e-01
-4.57885833e-01
0.00000000e+00
5.33326324e-01
1.57447886e+00
-1.49681728e+00
3.60493944e-01
-5.16141655e-01
-7.09197089e-01
-7.26315897e-01
2.70323236e-01
1.90950727e-01
-5.11528858e-01
-7.51435190e-01
-5.38148073e-01
1.23044733e-01
-1.60474615e-01
-5.00718191e-01
5.18865875e-03
0.00000000e+00
0.00000000e+00
0.00000000e+00
4.97731006e-01
0.00000000e+00
1.44710413e-01
-1.38422453e-01
0.00000000e+00
1.13497889e-01
3.00486521e-01
9.31526331e-01
0.00000000e+00
0.00000000e+00
5.76827522e-01
6.17847968e-02
9.62405994e-02
2.81447883e-01
1.50809443e+00
4.02888027e-01
3.77917422e-01
0.00000000e+00
5.47551771e-01
1.89523967e-01
-2.13287117e-01
2.33052661e-01
-5.23553143e-01
7.72133647e-02
-7.89812467e-01
-3.33024298e-01
-6.66537632e-01
3.36155197e-01
0.00000000e+00
-4.56788170e-01
-5.75138146e-01
0.00000000e+00
0.00000000e+00
-2.32921713e+00
0.00000000e+00
0.00000000e+00
0.00000000e+00
-4.29962131e-01
-6.95242772e-01
-7.99800318e-02
1.95782758e+00
-1.38294538e+00
-5.71648373e-01
2.17595025e-01
8.12472829e-01
-4.27527285e-01
0.00000000e+00
-4.43035716e-02
1.10875076e+00
-8.20561138e-01
8.77360398e-01
-7.00688081e-02
1.89931713e-01
4.53265589e-01
-2.54727091e+00
-3.94393347e-01
-4.82517274e-01
-1.15821729e+00
-1.12692306e+00
0.00000000e+00
1.41358201e+00
8.71225619e-01
7.68822180e-01
0.00000000e+00
0.00000000e+00
0.00000000e+00
-3.25905335e-01
3.93823674e-01
2.81434961e-01
-5.23925866e-02
-2.51403485e-01
1.54861401e-01
-1.46287799e-01
-2.04585650e-01
1.67385219e-01
0.00000000e+00
2.27442038e-01
9.92504977e-02
1.52697764e-01
1.78507892e-01
-7.10393600e-01
-3.45807236e-01
-1.81358634e-01
8.72019404e-01
2.07831270e-01
2.51702384e-01
-3.12942331e-02
0.00000000e+00
1.30072817e-01
-2.60390056e-01
-1.17099984e+00
-3.52060728e-01
0.00000000e+00
0.00000000e+00
0.00000000e+00
-8.18939108e-01
0.00000000e+00
0.00000000e+00
-4.73396721e-01
2 1
-1.0359e-01 9.0462e-02
2 1
0 1 
217
-3.60751430e-01
-1.98093747e-01
2.53250274e-01
0.00000000e+00
6.32164991e-02
9.27187945e-02
-5.15892908e-01
9.32189787e-02
-5.51202834e-01
6.36680236e-01
1.02214769e-01
5.98507904e-01
5.40913044e-01
2.07820448e-01
1.15059589e-01
-1.66180322e-02
8.49278493e-01
2.47014373e-01
-5.98564642e-03
6.64181739e-01
-6.70795640e-01
-2.96942533e-03
9.56201791e-01
-5.20297517e-02
7.86983100e-02
1.12822443e-02
-3.41670269e-01
-3.04550868e-01
2.88547512e-01
0.00000000e+00
0.00000000e+00
0.00000000e+00
0.00000000e+00
0.00000000e+00
0.00000000e+00
0.00000000e+00
0.00000000e+00
-5.89352485e-01
2.28601054e-01
0.00000000e+00
0.00000000e+00
0.00000000e+00
0.00000000e+00
0.00000000e+00
0.00000000e+00
-2.09318770e-01
-3.80033714e-01
2.28601054e-01
0.00000000e+00
0.00000000e+00
0.00000000e+00
0.00000000e+00
0.00000000e+00
0.00000000e+00
0.00000000e+00
0.00000000e+00
0.00000000e+00
0.00000000e+00
0.00000000e+00
0.00000000e+00
2.28601054e-01
-3.80033714e-01
-2.09318770e-01
1.93102035e-01
-5.73135750e-01
5.20974307e-01
-6.43373426e-02
6.11672261e-01
8.36196269e-02
1.19432156e+00
0.00000000e+00
-2.09318770e-01
-2.59519447e-01
-1.83831670e-02
8.97967396e-02
-1.33049493e-01
6.46965197e-01
0.00000000e+00
0.00000000e+00
0.00000000e+00
0.00000000e+00
0.00000000e+00
0.00000000e+00
0.00000000e+00
0.00000000e+00
0.00000000e+00
0.00000000e+00
0.00000000e+00
0.00000000e+00
0.00000000e+00
0.00000000e+00
0.00000000e+00
0.00000000e+00
0.00000000e+00
0.00000000e+00
0.00000000e+00
0.00000000e+00
0.00000000e+00
0.00000000e+00
0.00000000e+00
0.00000000e+00
0.00000000e+00
0.00000000e+00
0.00000000e+00
0.00000000e+00
0.00000000e+00
0.00000000e+00
0.00000000e+00
0.00000000e+00
0.00000000e+00
0.00000000e+00
0.00000000e+00
0.00000000e+00
0.00000000e+00
0.00000000e+00
0.00000000e+00
0.00000000e+00
0.00000000e+00
0.00000000e+00
-8.12517493e-01
-6.79314699e-01
-7.00907373e-01
0.00000000e+00
0.00000000e+00
0.00000000e+00
-2.02226846e+00
3.01048259e+00
2.85639887e-01
6.19056549e-01
-5.73758682e-01
1.16858430e+00
1.38128219e+00
-3.46594759e-01
-3.27878281e-01
0.00000000e+00
7.04743532e-01
1.94294641e-01
-1.03156304e-01
-1.27398839e+00
-1.29209073e+00
1.89366677e+00
-6.82790546e-01
-1.76854067e+00
-7.31705612e-01
-8.35885406e-01
-1.30731678e-01
0.00000000e+00
0.00000000e+00
0.00000000e+00
1.06428845e+00
-1.76692459e+00
-2.47596732e-01
2.71094180e-01
-3.98327871e-01
-9.53863114e-01
-3.89874311e-01
6.00185467e-01
1.42088453e-01
0.00000000e+00
8.22932388e-03
-4.51347082e-01
-2.63449929e-01
9.17813405e-01
4.60786282e-02
-6.09583809e-01
4.64873067e-01
5.61321449e-01
4.87981030e-01
3.86282304e-01
-1.10918365e+00
0.00000000e+00
0.00000000e+00
0.00000000e+00
2.96512826e-01
1.21866320e+00
-9.95948524e-02
1.21291997e+00
-2.27929181e+00
-5.32999070e-01
2.93474418e-01
3.97690419e-01
-7.11068734e-01
0.00000000e+00
4.21950398e-01
7.80393681e-01
-8.39371192e-01
4.78464048e-01
1.53570064e-01
-5.08884976e-01
-9.60266304e-01
5.24071391e-02
2.43272584e-01
-7.27025453e-01
-3.07016795e-03
0.00000000e+00
0.00000000e+00
0.00000000e+00
-3.32578880e-01
-3.11088440e-01
-4.31762869e-02
6.80982462e-02
4.68116946e-01
-1.18096304e-01
-9.44486647e-02
1.63286572e-02
4.86463669e-02
0.00000000e+00
-1.13830650e-01
3.50168274e-01
-2.73136617e-01
-1.24479434e-01
4.00131801e-02
2.88997397e-01
1.58196127e-01
-6.69109539e-01
2.80046534e-01
3.58262920e-01
136
-2.66011066e-01
-1.32380672e+00
4.33193761e-02
-2.26229497e-01
8.11184152e-03
4.41589562e-01
5.94577198e-03
8.42435592e-01
-2.07734453e-02
7.68817165e-01
-3.24103232e-01
-7.06744015e-01
0.00000000e+00
0.00000000e+00
0.00000000e+00
0.00000000e+00
0.00000000e+00
0.00000000e+00
0.00000000e+00
0.00000000e+00
-3.44369806e-01
7.83587403e-02
0.00000000e+00
0.00000000e+00
0.00000000e+00
0.00000000e+00
0.00000000e+00
0.00000000e+00
-3.38762861e-01
-5.60694537e-03
7.83587403e-02
0.00000000e+00
0.00000000e+00
0.00000000e+00
0.00000000e+00
0.00000000e+00
0.00000000e+00
0.00000000e+00
0.00000000e+00
0.00000000e+00
0.00000000e+00
0.00000000e+00
0.00000000e+00
0.00000000e+00
0.00000000e+00
0.00000000e+00
1.86796208e-01
-1.92403154e-01
6.61385482e-01
-1.54396914e-01
-6.24410465e-01
0.00000000e+00
1.09852971e+00
2.41055384e-01
1.17204847e-01
-6.54761413e-01
0.00000000e+00
0.00000000e+00
0.00000000e+00
0.00000000e+00
7.83587403e-02
-5.60694537e-03
-3.38762861e-01
0.00000000e+00
0.00000000e+00
0.00000000e+00
0.00000000e+00
0.00000000e+00
0.00000000e+00
0.00000000e+00
0.00000000e+00
0.00000000e+00
0.00000000e+00
0.00000000e+00
0.00000000e+00
0.00000000e+00
0.00000000e+00
0.00000000e+00
0.00000000e+00
0.00000000e+00
0.00000000e+00
0.00000000e+00
0.00000000e+00
0.00000000e+00
0.00000000e+00
0.00000000e+00
-2.94410528e-01
5.01589386e-01
-7.60425339e-01
0.00000000e+00
0.00000000e+00
0.00000000e+00
-2.20311561e-01
1.10969630e+00
-2.77546266e-01
1.33058378e+00
-1.59388029e+00
-2.73172345e-01
1.21081010e-01
7.60862692e-01
-4.43156339e-01
0.00000000e+00
3.43022008e-01
1.07007329e+00
-7.34635476e-01
2.41822431e-01
-1.14100810e-02
7.04665358e-02
-6.95512271e-01
-1.09314968e+00
-3.00885457e-01
-1.64373618e-01
-8.41015023e-01
0.00000000e+00
0.00000000e+00
0.00000000e+00
-7.29060445e-01
9.48298890e-02
9.12439143e-02
1.27752135e+00
-1.73995138e+00
-7.57396924e-01
1.64552722e-01
-5.85148558e-03
-3.48698058e-01
0.00000000e+00
7.65727961e-01
1.34420887e+00
-1.08841183e+00
7.99165173e-01
1.25598577e-01
-1.70571744e-01
-1.72604244e-01
-5.33958281e-01
2.26781987e-01
-1.84141069e-01
3 1
-1.5952e-01 2.0705e-01
3 0
0 1 2 
217
-1.70503954e-01
-4.14441563e-01
2.95373063e-01
-2.34944778e-01
0.00000000e+00
0.00000000e+00
-1.49894005e-01
-2.74365727e-03
-4.14364285e-01
9.42816472e-01
-3.52142816e-02
5.99902079e-01
1.95902515e-01
-7.87215630e-03
9.25293077e-01
-4.55138625e-02
4.25847656e-01
-3.25965075e-01
-6.05963226e-03
3.29590185e-01
-5.95657137e-01
-4.21744529e-03
3.45244497e-01
-1.74174819e-01
-1.64771502e-03
2.85122864e-01
3.48901525e-01
-2.35637912e-01
-2.83767567e-01
0.00000000e+00
0.00000000e+00
0.00000000e+00
0.00000000e+00
0.00000000e+00
0.00000000e+00
0.00000000e+00
0.00000000e+00
-4.95197584e-01
-2.38297949e-01
5.62991579e-01
0.00000000e+00
0.00000000e+00
0.00000000e+00
0.00000000e+00
0.00000000e+00
-8.30752392e-02
-4.12122345e-01
-1.34704415e-01
0.00000000e+00
-1.92298059e-01
8.87045251e-02
5.62991579e-01
0.00000000e+00
0.00000000e+00
0.00000000e+00
0.00000000e+00
0.00000000e+00
0.00000000e+00
0.00000000e+00
0.00000000e+00
2.35989105e-01
-3.23417820e-01
-8.30752392e-02
1.45865806e-01
-4.69283626e-01
-3.92570733e-01
4.33176224e-01
5.74700935e-01
-2.80262358e-01
6.50832168e-01
-7.68079503e-02
-1.98565348e-01
-1.47124528e-01
-9.64982204e-02
1.98643308e-01
2.01367565e-01
4.92392397e-01
-3.85411924e-01
-2.44490075e-01
0.00000000e+00
-1.35062515e-01
1.87723950e-01
5.94460560e-01
1.08904333e+00
0.00000000e+00
0.00000000e+00
0.00000000e+00
0.00000000e+00
0.00000000e+00
0.00000000e+00
0.00000000e+00
0.00000000e+00
0.00000000e+00
0.00000000e+00
0.00000000e+00
0.00000000e+00
0.00000000e+00
0.00000000e+00
0.00000000e+00
0.00000000e+00
0.00000000e+00
0.00000000e+00
0.00000000e+00
0.00000000e+00
0.00000000e+00
0.00000000e+00
0.00000000e+00
0.00000000e+00
0.00000000e+00
0.00000000e+00
0.00000000e+00
0.00000000e+00
0.00000000e+00
0.00000000e+00
0.00000000e+00
0.00000000e+00
0.00000000e+00
0.00000000e+00
0.00000000e+00
-2.41219351e-01
-6.59565581e-01
-8.70802807e-01
0.00000000e+00
0.00000000e+00
0.00000000e+00
-1.76562614e-01
-1.69536807e-01
-7.36414815e-01
1.17486814e+00
-6.15836069e-01
-9.48444202e-02
1.20976453e+00
-1.82647043e-01
-4.82975767e-01
0.00000000e+00
1.85603822e-01
4.93312392e-01
-1.61227223e+00
-1.14067107e-01
8.55795123e-01
2.23200398e-01
1.41510343e-02
-3.32125453e-01
7.98876441e-02
-5.90103561e-01
1.32222833e-02
0.00000000e+00
0.00000000e+00
0.00000000e+00
1.11765234e-01
-3.40290912e-01
2.33284756e-01
1.15551579e-02
-5.94479556e-01
-7.65121950e-03
-3.82869761e-01
2.63552381e-01
1.99103849e-01
0.00000000e+00
1.98051905e-01
3.61028897e-01
4.08746853e-01
3.12818190e-01
-4.84199405e-01
-5.35249904e-03
-1.83204626e-01
-4.36980080e-01
3.43411736e-02
3.14001945e-01
-1.81276974e+00
0.00000000e+00
0.00000000e+00
0.00000000e+00
2.64772031e-02
-2.15323839e-01
1.04050736e-01
1.48248971e+00
-7.70244699e-01
-8.46984777e-01
-4.35660388e-01
-7.37993154e-02
-5.38965528e-02
0.00000000e+00
6.93847528e-02
7.31701049e-01
-5.94637874e-01
-3.32324383e-01
3.43884531e-01
-6.95478023e-01
-2.67437436e-01
-9.27922472e-02
-1.47086385e-01
-4.50918044e-02
1.86394479e-01
0.00000000e+00
0.00000000e+00
0.00000000e+00
-3.28661640e-01
2.77669245e-01
-1.97903629e-01
-1.07700891e-01
-8.95524304e-02
3.49178308e-01
4.36615942e-01
1.97896785e-01
-5.55264970e-01
0.00000000e+00
-3.49342598e-02
-6.67918674e-02
-4.38207131e-01
1.90458146e-01
8.61166388e-02
2.77049962e-01
8.11342631e-02
1.23384825e-01
4.63190478e-02
-6.04118658e-02
136
-5.28045112e-02
1.37159793e-01
1.07464033e-03
-4.19809544e-02
6.12419752e-04
-2.64975043e-01
1.97781123e-03
1.16991693e-01
3.56433857e-04
3.85590277e-01
-2.15098974e-01
-2.20165486e-01
0.00000000e+00
0.00000000e+00
0.00000000e+00
0.00000000e+00
0.00000000e+00
0.00000000e+00
0.00000000e+00
0.00000000e+00
-1.03937951e-01
-1.51642786e-01
2.02776226e-01
0.00000000e+00
0.00000000e+00
0.00000000e+00
0.00000000e+00
0.00000000e+00
-2.21323674e-02
-8.18055837e-02
8.97748756e-02
0.00000000e+00
2.61170558e-01
-5.02588219e-01
2.02776226e-01
0.00000000e+00
0.00000000e+00
0.00000000e+00
0.00000000e+00
0.00000000e+00
0.00000000e+00
0.00000000e+00
0.00000000e+00
0.00000000e+00
0.00000000e+00
0.00000000e+00
-8.12942996e-01
2.28549193e-01
8.20221391e-01
-1.30926112e-02
-6.51324212e-01
6.12912602e-01
-3.73874412e-01
2.93098349e-01
9.95758329e-02
-2.37350382e-01
-6.72695832e-02
5.31065076e-02
2.61786779e-01
8.52531406e-02
-4.76255654e-01
-5.84393803e-01
-2.21323674e-02
0.00000000e+00
0.00000000e+00
0.00000000e+00
0.00000000e+00
0.00000000e+00
0.00000000e+00
0.00000000e+00
0.00000000e+00
0.00000000e+00
0.00000000e+00
0.00000000e+00
0.00000000e+00
0.00000000e+00
0.00000000e+00
0.00000000e+00
0.00000000e+00
0.00000000e+00
0.00000000e+00
0.00000000e+00
0.00000000e+00
0.00000000e+00
0.00000000e+00
0.00000000e+00
-4.84229531e-01
1.50157380e-01
-9.29755587e-01
0.00000000e+00
0.00000000e+00
0.00000000e+00
-2.92136669e-01
1.04043896e+00
-3.37239918e-01
1.27611077e+00
-1.83546984e+00
-3.91045838e-01
2.61101135e-01
4.39801653e-01
-1.76091913e-01
0.00000000e+00
5.38320714e-01
7.54874815e-01
-9.66473281e-01
5.36020521e-01
2.74820606e-02
2.49241991e-01
-5.63141343e-01
-9.64131936e-01
-1.99104154e-01
-3.28313321e-01
-9.55543316e-01
0.00000000e+00
0.00000000e+00
0.00000000e+00
-4.83786063e-01
1.20949135e-01
-3.62221676e-03
1.43152313e+00
-1.33992307e+00
-1.09138396e+00
-4.41570218e-02
-2.89510246e-02
-4.59256028e-01
0.00000000e+00
5.98200107e-01
1.33275940e+00
-5.85698533e-01
7.55358811e-01
-2.11168378e-01
-1.46312203e-01
-3.17698073e-01
-6.50181527e-01
1.56291946e-01
1.15122636e-02
6 2
-3.8505e-01 3.2105e-01
4 -1
0 1 2 3 
217
4.26672546e-01
2.01961450e-01
-5.23491947e-01
-1.36858211e-01
4.77925532e-01
4.39701231e-01
-4.61105719e-01
5.81808561e-01
1.27329364e-01
-2.09942071e-01
9.28698642e-02
-1.66152908e-02
1.89653505e-01
6.60256103e-01
0.00000000e+00
0.00000000e+00
0.00000000e+00
0.00000000e+00
0.00000000e+00
0.00000000e+00
0.00000000e+00
0.00000000e+00
0.00000000e+00
-5.01144366e-03
4.19013256e-04
3.46111357e-01
6.90270773e-01
-1.21585013e-01
-1.42013213e-01
0.00000000e+00
0.00000000e+00
0.00000000e+00
0.00000000e+00
0.00000000e+00
0.00000000e+00
0.00000000e+00
0.00000000e+00
-9.08814193e-02
-3.83544099e-02
-1.98951171e-02
5.75803492e-01
0.00000000e+00
0.00000000e+00
0.00000000e+00
0.00000000e+00
-6.25182625e-02
-2.83631568e-02
-3.70446949e-01
0.00000000e+00
1.31851748e-01
1.18581044e-01
5.58297156e-01
0.00000000e+00
1.89565071e-01
-1.07905323e-01
-1.97476078e-01
0.00000000e+00
-4.91893094e-01
1.11176898e-01
5.75803492e-01
2.09407851e-01
9.02178868e-02
1.27046808e-01
5.30033149e-01
-4.36543687e-01
0.00000000e+00
1.98284879e-01
5.76391373e-01
1.34898205e-01
-1.84972158e-02
3.22723496e-01
-5.55718034e-01
0.00000000e+00
3.39686784e-01
7.70869778e-02
3.19980300e-01
6.93729621e-01
-4.61052185e-01
-1.16092513e-01
0.00000000e+00
7.47570346e-01
-4.00144319e-01
2.56246899e-01
-5.43078564e-02
5.75040631e-02
2.89897516e-01
1.08467714e-01
-6.88905639e-02
7.15065249e-02
1.48161531e-01
3.72011016e-01
0.00000000e+00
0.00000000e+00
0.00000000e+00
0.00000000e+00
0.00000000e+00
0.00000000e+00
0.00000000e+00
0.00000000e+00
0.00000000e+00
0.00000000e+00
0.00000000e+00
0.00000000e+00
0.00000000e+00
0.00000000e+00
0.00000000e+00
0.00000000e+00
0.00000000e+00
0.00000000e+00
0.00000000e+00
0.00000000e+00
0.00000000e+00
0.00000000e+00
0.00000000e+00
0.00000000e+00
0.00000000e+00
0.00000000e+00
0.00000000e+00
0.00000000e+00
-1.13861827e+00
-7.67607499e-01
-8.59749396e-01
0.00000000e+00
0.00000000e+00
0.00000000e+00
-6.86328996e-01
-4.17682601e-01
6.72406296e-01
8.19768123e-01
-6.67388726e-01
-1.93684163e-01
1.47549915e+00
7.79896799e-01
-8.21153227e-01
0.00000000e+00
-1.08436321e+00
1.23203515e+00
-8.98925397e-01
-4.06819092e-02
2.10524905e-01
5.22524285e-01
-8.57923988e-01
-7.51807020e-01
1.99500954e-01
-3.51965816e-01
-1.64087403e-01
0.00000000e+00
0.00000000e+00
0.00000000e+00
3.17605986e-01
-6.85899479e-01
-1.57337134e-01
1.55191891e-01
-8.22778127e-01
-6.44060270e-03
-4.25434813e-01
-2.52715146e-01
2.82204451e-01
0.00000000e+00
5.83932005e-01
-1.87633337e-01
-1.41002067e-02
5.66818895e-01
-4.60599446e-02
-2.57370662e-01
2.47332968e-01
-1.02101280e-01
3.32922792e-01
3.07774340e-01
-1.18407542e+00
0.00000000e+00
0.00000000e+00
0.00000000e+00
-2.63861024e-01
-1.03961707e-01
-2.49094440e-01
6.75550661e-01
-1.39452588e+00
-4.26051477e-01
1.99878960e-01
-1.61504754e-01
-4.57124019e-01
0.00000000e+00
2.22073333e-01
6.94657473e-01
-3.88476806e-01
5.19425399e-01
4.98838911e-01
-3.53493161e-01
-4.26713073e-01
-3.60619432e-01
1.31608780e-01
4.59316839e-01
-3.55077748e-02
0.00000000e+00
0.00000000e+00
0.00000000e+00
-1.19428075e-01
-2.71721174e-01
-4.68064094e-02
4.42343288e-01
2.76549620e-01
-3.04020787e-01
-2.17443278e-03
2.33493372e-01
-1.75329035e-01
0.00000000e+00
8.46713673e-02
2.06121149e-01
-6.93377491e-01
5.49219501e-02
6.16309325e-02
2.02558764e-01
-9.64033672e-02
1.03671514e-01
2.19963433e-01
-2.12172392e-01
136
2.09735372e-01
0.00000000e+00
0.00000000e+00
0.00000000e+00
0.00000000e+00
1.19776310e-01
8.42771003e-03
-7.73933452e-01
2.02029372e-03
3.19088998e-01
-1.27434447e-01
1.89017861e-02
0.00000000e+00
0.00000000e+00
0.00000000e+00
0.00000000e+00
0.00000000e+00
0.00000000e+00
0.00000000e+00
0.00000000e+00
1.52594346e-02
-9.67015829e-02
3.16872247e-02
2.59490296e-01
0.00000000e+00
0.00000000e+00
0.00000000e+00
0.00000000e+00
1.76842457e-01
-1.61583022e-01
7.67179060e-02
0.00000000e+00
-6.41338315e-02
-5.64138418e-01
7.35345613e-01
0.00000000e+00
1.56102442e-01
2.98750318e-01
-2.53537422e-01
0.00000000e+00
-2.37963965e-01
-2.12157001e-01
2.59490296e-01
0.00000000e+00
0.00000000e+00
0.00000000e+00
-4.16818265e-01
-2.22309858e-01
8.18577506e-01
-1.87310970e-02
-5.61831850e-01
4.62757252e-01
-4.31910150e-01
1.60825324e-01
4.20417680e-02
-4.61369346e-01
1.13640049e-01
1.79652630e-01
2.47545450e-01
7.93272045e-02
-3.06752313e-02
1.47492071e-01
-3.41217908e-01
-1.55700457e-01
-2.92056027e-03
-3.33579975e-02
0.00000000e+00
0.00000000e+00
0.00000000e+00
0.00000000e+00
0.00000000e+00
0.00000000e+00
0.00000000e+00
0.00000000e+00
0.00000000e+00
0.00000000e+00
0.00000000e+00
0.00000000e+00
0.00000000e+00
0.00000000e+00
0.00000000e+00
0.00000000e+00
0.00000000e+00
0.00000000e+00
0.00000000e+00
0.00000000e+00
-4.21149708e-01
3.14941908e-01
-8.76926846e-01
0.00000000e+00
0.00000000e+00
0.00000000e+00
-3.77105689e-01
1.04190550e+00
-2.51121475e-01
1.29126677e+00
-1.76681113e+00
-3.59987574e-01
2.60437169e-01
2.74024795e-01
-1.56318129e-01
0.00000000e+00
5.79027368e-01
7.46845250e-01
-9.67546073e-01
5.03539556e-01
-1.91810731e-02
3.18382860e-01
-6.97173770e-01
-8.25189726e-01
-1.27851712e-01
-3.44069771e-01
-9.13822689e-01
0.00000000e+00
0.00000000e+00
0.00000000e+00
-5.18290070e-01
2.69017253e-01
-1.41298963e-02
1.30702136e+00
-1.36753173e+00
-6.97070693e-01
1.52099622e-01
3.49911303e-02
-4.24032670e-01
0.00000000e+00
4.56272726e-01
1.31877642e+00
-7.37776326e-01
7.52512942e-01
-3.63507296e-01
-3.81305905e-01
-2.74578858e-01
-3.75147670e-01
8.51681140e-02
-1.36311134e-01
4 1
-8.9213e-01 3.4490e-01
5 1
0 1 2 3 6 
217
-9.18097581e-01
-6.52965317e-01
8.89633046e-01
-6.94081737e-01
-4.10683645e-01
-2.62983298e-01
-7.36718431e-01
3.26002925e-01
-3.59419350e-01
2.67488874e-01
5.70499410e-01
3.75660980e-01
0.00000000e+00
0.00000000e+00
1.00487317e+00
-3.55311658e-02
-4.70249935e-02
-6.06952861e-01
6.53732854e-03
-4.04973597e-02
-4.36086217e-01
1.11116936e-03
2.83614444e-01
-8.79931669e-01
1.12377090e-02
7.17082141e-01
-4.70691547e-01
-9.66884122e-02
-3.50717622e-01
0.00000000e+00
0.00000000e+00
0.00000000e+00
0.00000000e+00
0.00000000e+00
0.00000000e+00
0.00000000e+00
0.00000000e+00
-4.21903190e-01
-2.85586622e-01
-1.77251413e-01
-3.53893190e-01
3.20536834e-01
0.00000000e+00
0.00000000e+00
0.00000000e+00
-5.14717769e-01
5.26032999e-01
-3.70707536e-01
0.00000000e+00
-9.96530606e-01
4.40323623e-01
7.28220273e-01
0.00000000e+00
5.01499413e-01
-1.30819438e+00
-4.67355361e-02
0.00000000e+00
1.45791793e-02
-1.53806504e-01
2.61939264e-01
5.79495256e-01
-1.48437448e+00
-1.32183562e-02
-1.02699628e-01
-3.92944634e-01
0.00000000e+00
6.67258589e-03
6.70188652e-01
-4.29125905e-01
1.16489461e+00
0.00000000e+00
-9.95169783e-01
0.00000000e+00
8.47077198e-02
-4.90717976e-02
-7.63551791e-03
5.05188885e-01
-1.30810194e+00
9.52791295e-02
0.00000000e+00
5.21275446e-02
2.68270868e-01
2.42597684e-01
9.29955009e-01
-2.73574008e-01
8.61949910e-02
0.00000000e+00
-2.24174236e-01
-8.94095804e-02
-5.06544328e-01
-1.43054537e-01
0.00000000e+00
-3.61752771e-01
-9.13767971e-01
-1.55586961e-01
1.54234062e-01
-4.00757849e-01
-3.58169789e-01
0.00000000e+00
0.00000000e+00
0.00000000e+00
0.00000000e+00
0.00000000e+00
0.00000000e+00
0.00000000e+00
0.00000000e+00
0.00000000e+00
0.00000000e+00
0.00000000e+00
0.00000000e+00
0.00000000e+00
0.00000000e+00
0.00000000e+00
0.00000000e+00
0.00000000e+00
0.00000000e+00
0.00000000e+00
0.00000000e+00
0.00000000e+00
-4.09630706e-01
2.39470172e-01
-1.42081038e+00
0.00000000e+00
0.00000000e+00
0.00000000e+00
-4.01760668e-01
7.79271543e-01
-7.89758769e-01
1.33643384e+00
-1.39368968e-01
-6.17842420e-01
3.28544582e-02
3.39788040e+00
2.58629041e-01
0.00000000e+00
-5.11819591e-01
-1.08140890e+00
-1.92672144e+00
1.58840528e+00
-2.17358872e+00
6.00857104e-01
7.87916174e-02
-1.21378285e+00
-5.46307472e-02
-5.83250595e-01
2.56007028e-01
0.00000000e+00
0.00000000e+00
0.00000000e+00
2.61973211e-01
-7.00671801e-01
8.52510310e-02
-1.44099242e-01
-8.87837885e-01
1.28055444e-01
4.39049854e-01
-1.65191369e+00
-2.87993675e-01
0.00000000e+00
6.80318307e-01
8.75835129e-01
2.12256450e-01
-5.91552784e-01
1.30990090e+00
1.59855716e-01
-6.77227535e-02
1.85755312e-02
-3.15184693e-02
4.48245757e-01
-1.83777648e+00
0.00000000e+00
0.00000000e+00
0.00000000e+00
2.17191992e-01
1.06702694e+00
1.89320557e-01
1.45944352e+00
-4.34447378e-02
5.55202164e-01
6.08385143e-01
1.19645769e+00
-1.32793054e-03
0.00000000e+00
5.00338381e-01
2.78209335e+00
-6.33655509e-01
1.89577897e+00
6.87344321e-01
9.06801024e-01
-1.49519349e-01
3.34762680e-01
-1.32800388e+00
-1.01226207e-01
-9.29649256e-01
0.00000000e+00
0.00000000e+00
0.00000000e+00
8.76115712e-01
6.73461466e-01
1.38324681e+00
1.50979556e+00
-6.70000935e-02
4.60818320e-01
1.17172854e+00
7.96938068e-01
-3.59437809e-03
0.00000000e+00
1.40671011e+00
6.61239355e-01
1.37268156e+00
8.57881081e-01
1.32148246e+00
8.28635047e-01
1.16557786e+00
8.10493718e-01
2.29676926e+00
1.46367128e+00
136
2.29693521e-01
-2.73495798e-01
1.93785603e-02
-5.80706747e-02
4.62235808e-04
7.35575592e-02
5.44815688e-03
4.87702435e-01
-6.25597584e-03
6.31832179e-01
-4.50700771e-02
-3.44054243e-01
0.00000000e+00
0.00000000e+00
0.00000000e+00
0.00000000e+00
0.00000000e+00
0.00000000e+00
0.00000000e+00
0.00000000e+00
-2.36480954e-01
-1.45291380e-01
2.00484149e-02
4.41600443e-01
1.49816998e-01
0.00000000e+00
0.00000000e+00
0.00000000e+00
9.57237311e-02
8.60277984e-02
-2.43766747e-01
0.00000000e+00
-6.27577238e-01
-7.43547719e-02
5.99940385e-01
0.00000000e+00
5.99717816e-01
-4.03927305e-01
2.04516085e-01
0.00000000e+00
-7.38270819e-01
-2.43357750e-01
9.75022337e-01
0.00000000e+00
0.00000000e+00
0.00000000e+00
-1.90158655e-01
-4.45453374e-01
4.95400930e-01
-2.22488832e-01
-7.72458280e-01
0.00000000e+00
9.59022098e-01
2.96928963e-01
1.44056137e-01
-2.21348439e-01
-1.29840481e-01
4.68131859e-01
2.67222263e-01
7.01970008e-02
3.45536323e-01
-8.44614252e-01
-7.63277826e-01
-3.45998923e-01
-1.58330428e-01
1.13067875e-01
0.00000000e+00
-1.14023458e-01
2.59050007e-01
-7.59296851e-02
9.38672770e-02
0.00000000e+00
0.00000000e+00
0.00000000e+00
0.00000000e+00
0.00000000e+00
0.00000000e+00
0.00000000e+00
0.00000000e+00
0.00000000e+00
0.00000000e+00
0.00000000e+00
0.00000000e+00
0.00000000e+00
0.00000000e+00
0.00000000e+00
-5.30032519e-02
4.33219653e-01
-7.04702675e-01
0.00000000e+00
0.00000000e+00
0.00000000e+00
-2.42519358e-01
8.91638902e-01
-3.62992661e-01
1.01542168e+00
-1.51322578e+00
-2.92247424e-01
1.45823651e-02
4.33036017e-01
-1.49203721e-01
0.00000000e+00
4.45312145e-01
1.01975981e+00
-6.94749854e-01
6.18953936e-01
-5.75970952e-02
3.80754813e-02
-6.69730420e-01
-9.68033783e-01
-6.23543067e-02
-1.68828610e-01
-8.33770748e-01
0.00000000e+00
0.00000000e+00
0.00000000e+00
-5.24205635e-01
3.68606401e-01
-5.63487696e-02
1.43595962e+00
-1.47720009e+00
-6.90767329e-01
1.20894641e-01
1.63048291e-01
-4.26650765e-01
0.00000000e+00
5.06643162e-01
1.23353107e+00
-1.03668901e+00
6.55788443e-01
-2.98783382e-02
-1.77425897e-01
-2.15957381e-01
-6.91671743e-01
8.42368339e-02
-7.56842548e-02
7 1
-9.5434e-01 3.5153e-01
6 1
0 1 2 3 6 4 
217
-1.70758927e-01
-2.83614161e-01
1.61904421e-01
6.44287000e-01
-8.71415642e-02
-1.82186697e-01
-7.47334105e-02
5.66241350e-01
-1.41064685e-02
7.68792212e-01
8.39669458e-01
-1.77086050e-01
0.00000000e+00
0.00000000e+00
1.27579156e-01
1.67119979e-02
-4.14755516e-01
6.08233776e-01
-2.31625087e-03
-4.20540801e-01
-3.31949521e-01
7.24758070e-03
1.87522532e-01
-5.74622338e-01
4.83170036e-02
3.72128764e-01
5.17723908e-01
5.02203559e-02
-7.38703191e-01
0.00000000e+00
0.00000000e+00
0.00000000e+00
0.00000000e+00
0.00000000e+00
0.00000000e+00
0.00000000e+00
0.00000000e+00
2.89082506e-01
-4.70650218e-01
-4.03948581e-01
-6.89790953e-01
-5.29385034e-01
0.00000000e+00
0.00000000e+00
0.00000000e+00
-6.68682720e-01
5.57294012e-01
3.62957667e-01
0.00000000e+00
-5.65925949e-01
3.65162071e-01
4.87235666e-01
0.00000000e+00
-9.77625422e-01
-6.90544681e-01
2.73434940e-01
0.00000000e+00
0.00000000e+00
-5.59604200e-01
6.06163330e-02
5.94494002e-01
-1.46066534e+00
6.95412407e-01
-3.43491611e-01
1.57988127e-02
0.00000000e+00
7.37913701e-02
9.19799215e-01
8.31425018e-02
9.48479573e-01
0.00000000e+00
-1.02731073e+00
0.00000000e+00
3.97892764e-01
-1.51700944e-01
4.58659043e-01
8.47867793e-01
-7.68512468e-01
-3.74653738e-01
0.00000000e+00
3.16656122e-01
3.61880342e-01
6.55751157e-01
3.44592871e-01
5.73496238e-01
-3.54554919e-02
0.00000000e+00
-1.12675174e-01
-2.75023833e-01
-5.96124498e-01
-1.94218319e+00
0.00000000e+00
-4.65019169e-01
-3.41240969e-01
1.63824330e-01
-2.36159172e-01
1.30435913e-01
1.33054844e-01
0.00000000e+00
-3.80042492e-01
0.00000000e+00
3.35858106e-01
-9.68774492e-01
6.26235830e-01
1.12353854e-01
0.00000000e+00
0.00000000e+00
0.00000000e+00
0.00000000e+00
0.00000000e+00
0.00000000e+00
0.00000000e+00
0.00000000e+00
0.00000000e+00
0.00000000e+00
0.00000000e+00
0.00000000e+00
0.00000000e+00
0.00000000e+00
1.92699166e-01
8.82766683e-03
-1.29570984e+00
0.00000000e+00
0.00000000e+00
0.00000000e+00
5.35277027e-01
5.31854077e-01
-1.07439962e+00
2.11375439e+00
-2.33272636e+00
-1.54765919e+00
-1.22192361e+00
1.19352489e+00
-1.20980010e+00
0.00000000e+00
1.47520352e+00
4.59054522e-01
-1.85473227e-01
1.30590081e+00
1.07556765e+00
6.21036749e-02
1.42931477e-01
-1.07840737e+00
-8.31188072e-01
-7.09304331e-01
3.43598191e-01
0.00000000e+00
0.00000000e+00
0.00000000e+00
-5.27527936e-01
4.60094594e-01
6.35406257e-01
-3.35933937e-01
5.96745042e-01
8.84909920e-01
8.05817484e-01
-4.24567551e-01
9.37000711e-01
0.00000000e+00
-4.52148108e-01
-1.84232803e-01
-1.18392936e-01
-5.86928326e-01
-1.11805298e+00
-3.80271467e-01
-3.85545416e-01
3.22838850e-03
3.30907486e-01
2.03089765e-01
-1.51785210e+00
0.00000000e+00
0.00000000e+00
0.00000000e+00
-1.33347523e+00
1.02201445e+00
4.82393624e-01
1.63368341e+00
-1.34192816e-01
-3.76750271e-01
9.69605361e-01
9.45465885e-01
8.26144046e-01
0.00000000e+00
1.84474095e+00
4.86792168e-02
5.03236331e-01
4.32611970e-01
5.02250066e-01
-5.50435534e-02
1.01620524e+00
-1.03262465e+00
2.04759479e+00
-1.49125925e+00
-7.25290651e-01
0.00000000e+00
0.00000000e+00
0.00000000e+00
1.16160943e+00
1.92964044e-01
8.29551723e-01
1.05350759e+00
-2.08327844e-01
5.20170935e-01
7.31690906e-01
3.12643891e-01
4.35498986e-01
0.00000000e+00
1.71491586e-01
1.41173226e+00
-2.40864385e-01
1.50476776e+00
1.18659936e+00
1.10341501e+00
4.25075505e-01
1.74802636e+00
-4.24847322e-02
1.70853476e+00
136
-1.63363296e-01
3.30594609e-01
-1.17878922e-02
-3.46455404e-01
3.04229887e-04
-2.42597659e-01
3.22190538e-03
9.50951572e-02
-1.53674659e-02
2.46506994e-01
-1.59461279e-01
-2.35058299e-01
0.00000000e+00
0.00000000e+00
0.00000000e+00
0.00000000e+00
0.00000000e+00
0.00000000e+00
0.00000000e+00
0.00000000e+00
-4.25809991e-01
-2.37193358e-01
-3.02471210e-02
3.30033936e-01
3.01218699e-01
-1.01365460e-01
0.00000000e+00
0.00000000e+00
-2.79725949e-01
1.71611375e-01
-2.51757682e-01
0.00000000e+00
-2.33005890e-01
-3.00998189e-01
3.87970024e-01
0.00000000e+00
1.92034213e-01
-2.84486426e-01
2.15033381e-01
0.00000000e+00
1.26991316e-01
-6.47788789e-01
7.40759319e-01
0.00000000e+00
0.00000000e+00
0.00000000e+00
1.21700609e-01
-1.18336264e+00
3.46718295e-01
-2.94380821e-01
-7.66224118e-01
0.00000000e+00
5.21514561e-01
3.14453188e-01
2.10974059e-01
-3.86872645e-01
-3.53566903e-01
1.16275816e-01
3.07189509e-01
1.38457153e-02
-2.71834640e-01
-1.29441072e+00
-9.75824116e-02
-2.29276114e-01
-9.91806911e-02
3.88868301e-01
0.00000000e+00
-4.12518943e-01
2.31006292e-01
-1.20260849e-01
-3.47865954e-01
-2.01774684e+00
1.95066364e+00
2.38758551e-01
3.71072907e-01
-5.00033668e-01
0.00000000e+00
0.00000000e+00
0.00000000e+00
0.00000000e+00
0.00000000e+00
0.00000000e+00
0.00000000e+00
0.00000000e+00
0.00000000e+00
0.00000000e+00
-2.15587175e-01
4.10461893e-01
-8.20823657e-01
0.00000000e+00
0.00000000e+00
0.00000000e+00
-1.47242917e-01
3.86548035e-01
-3.75614950e-01
1.03520930e+00
-1.66806183e+00
-4.84780216e-01
3.42944287e-01
5.49721743e-01
-4.72373605e-01
0.00000000e+00
5.53282698e-01
8.34222615e-01
-9.55644740e-01
5.61602805e-01
1.05960847e-01
3.35249380e-01
-4.79357350e-01
-8.41368464e-01
-9.12430955e-02
-9.87820327e-03
-9.19129745e-01
0.00000000e+00
0.00000000e+00
0.00000000e+00
-5.04372491e-01
4.04054242e-01
-1.83538500e-01
1.34626812e+00
-1.53059163e+00
-7.01802252e-01
5.23412777e-02
1.78049826e-01
-4.54652268e-01
0.00000000e+00
6.45425844e-01
1.32069903e+00
-8.88680729e-01
5.94445361e-01
-1.08625719e-01
-2.08341905e-02
-2.23123172e-01
-8.34715890e-01
8.69336616e-02
-9.64102685e-02
9 1
-1.1719e+00 3.5089e-01
7 1
0 1 2 3 6 4 7 
217
-7.82070934e-01
-7.15531977e-01
1.12127663e+00
0.00000000e+00
-7.58706026e-02
-6.37438422e-02
-4.06899999e-01
-2.33109222e-02
3.99955234e-01
3.65070547e-01
6.55891166e-01
-5.74289670e-01
0.00000000e+00
0.00000000e+00
5.51522343e-01
-1.64463432e-02
-2.22770618e-02
-2.88595160e-01
3.98588278e-03
1.33524262e-01
1.17191755e+00
-2.17770246e-02
-1.10816835e-01
0.00000000e+00
0.00000000e+00
0.00000000e+00
-3.98615242e-01
-2.11547756e-01
-1.71907936e-01
0.00000000e+00
0.00000000e+00
0.00000000e+00
0.00000000e+00
0.00000000e+00
0.00000000e+00
0.00000000e+00
0.00000000e+00
-3.13515399e-01
-1.14978578e-01
-1.74168885e-01
-1.16470825e-01
-3.73698453e-01
-9.62244787e-01
0.00000000e+00
0.00000000e+00
-7.51032725e-01
6.88539198e-01
-3.73694370e-01
0.00000000e+00
-1.93151958e-01
4.65944080e-01
8.86108472e-01
0.00000000e+00
-6.37279947e-01
2.36422796e-01
7.37521657e-03
0.00000000e+00
3.18118304e-01
0.00000000e+00
7.06021648e-01
1.31748564e-02
-1.94294416e+00
1.14769837e+00
7.96377656e-02
-8.24173339e-01
0.00000000e+00
4.51767750e-01
4.38879037e-01
-4.89303111e-01
9.60343377e-01
0.00000000e+00
-1.26334633e+00
0.00000000e+00
7.10551923e-01
-1.24471037e-01
-2.29276531e-01
5.51657668e-01
0.00000000e+00
-8.29669833e-01
0.00000000e+00
3.00252191e-01
-5.50498149e-02
-2.52653292e-01
-1.58371757e-01
7.49063112e-01
-2.63504159e-02
0.00000000e+00
-6.43806934e-01
3.54938410e-02
-8.60976696e-01
-8.67687287e-01
0.00000000e+00
-5.19727341e-01
7.51494303e-01
-8.98399856e-02
4.89025102e-02
3.75865091e-01
2.96073455e-01
0.00000000e+00
-8.30089620e-01
0.00000000e+00
1.52853933e-01
7.92665693e-02
-1.04835246e-01
9.47773045e-01
0.00000000e+00
-1.19869030e+00
-4.16650685e-01
8.68892091e-02
2.82655980e-01
3.29730153e-01
1.32643144e+00
0.00000000e+00
0.00000000e+00
0.00000000e+00
0.00000000e+00
0.00000000e+00
0.00000000e+00
0.00000000e+00
-3.29849478e-02
5.10357838e-01
-1.25216918e+00
0.00000000e+00
0.00000000e+00
0.00000000e+00
2.94943447e+00
-1.81477761e-01
-5.69612588e-01
5.43829079e-01
-1.67628264e+00
4.18731740e-01
3.07239216e-01
6.40084603e-01
1.42342485e-01
0.00000000e+00
5.36844282e-01
5.89784764e-01
8.65463514e-02
1.12314480e+00
1.65885940e+00
7.93922749e-01
2.11795849e+00
-3.23092361e-02
-4.33417356e-02
1.26545297e+00
-1.11387434e+00
0.00000000e+00
0.00000000e+00
0.00000000e+00
-2.40979029e-01
2.03597626e+00
1.04142631e+00
1.98338268e+00
1.19899074e+00
1.26868402e+00
1.81855811e+00
1.24167883e+00
1.15269351e+00
0.00000000e+00
1.34461427e+00
1.19953337e+00
4.87998046e-01
1.40745302e+00
-1.42640253e-01
1.29402415e+00
1.78780644e-01
-7.98987806e-02
1.23451402e+00
7.50478368e-01
-1.49097201e+00
0.00000000e+00
0.00000000e+00
0.00000000e+00
-9.29081985e-01
6.21768342e-01
5.25193867e-01
1.62287351e+00
-1.22622382e-01
-1.44634647e+00
5.87629342e-01
-1.08191771e-01
-6.86632438e-01
0.00000000e+00
5.69605180e-01
2.41648846e+00
8.28771597e-01
1.44356003e+00
5.70480477e-01
3.45523998e-01
5.65667272e-01
-1.23169416e-02
-1.94821524e-02
1.50045689e+00
-7.31340723e-01
0.00000000e+00
0.00000000e+00
0.00000000e+00
1.02088409e+00
9.85790375e-01
8.29868787e-01
1.10001798e+00
-2.07023246e-01
1.34793615e+00
7.12203793e-01
1.37408029e+00
9.53686152e-01
0.00000000e+00
8.88339420e-01
5.41009235e-01
3.05717604e-01
9.38271084e-01
1.05410937e+00
9.09288113e-01
7.05004509e-01
-1.83002852e-02
1.81980103e+00
2.97500663e-01
136
-8.87084610e-01
-6.06711872e-01
3.27710288e-03
-7.86303804e-01
3.65227905e-03
-2.57538339e-01
3.02299788e-03
7.63469405e-01
-2.05169759e-01
-2.48115440e-01
-1.97229420e-01
-4.30697785e-01
0.00000000e+00
0.00000000e+00
0.00000000e+00
0.00000000e+00
0.00000000e+00
0.00000000e+00
0.00000000e+00
0.00000000e+00
-5.78676629e-01
-4.41234564e-01
-2.90306112e-01
-7.81514317e-02
-4.41091724e-02
3.88516504e-01
0.00000000e+00
0.00000000e+00
-6.86221597e-01
2.28655145e-01
-3.03513959e-01
0.00000000e+00
-5.25133717e-01
-2.05587425e-01
4.45166252e-01
0.00000000e+00
-4.36829464e-02
-5.25109062e-01
1.00764766e-01
0.00000000e+00
1.78392747e-02
-3.26918555e-01
9.36657214e-01
0.00000000e+00
0.00000000e+00
0.00000000e+00
3.77467633e-01
-1.20642753e+00
4.09863146e-01
-3.14709852e-01
-6.16631348e-01
0.00000000e+00
-6.65343087e-01
1.20473816e-01
1.47034157e-02
-5.24807143e-01
0.00000000e+00
2.84837657e+00
8.26174308e-01
4.59378530e-01
-8.24363395e-01
-1.95838292e+00
-4.04432125e-01
-2.96140220e-01
-1.20124444e-01
1.03634714e-01
0.00000000e+00
-1.03574460e+00
1.04954818e-01
-2.72663768e-01
4.90380078e-02
0.00000000e+00
1.40443605e+00
2.33675521e-01
2.77346934e-01
-4.14500345e-02
0.00000000e+00
1.13934120e+00
4.16658433e-01
2.72621885e-01
-3.94121628e-01
0.00000000e+00
0.00000000e+00
0.00000000e+00
0.00000000e+00
0.00000000e+00
1.02934922e-01
7.10532055e-01
-5.87772461e-01
0.00000000e+00
0.00000000e+00
0.00000000e+00
2.07600671e-01
8.58890940e-01
-3.90215048e-01
8.68679790e-01
-1.49591802e+00
-8.01136952e-01
8.12178363e-02
8.59568458e-01
-3.45357469e-01
0.00000000e+00
5.62520314e-01
7.72515102e-01
-7.07711589e-01
4.37874030e-01
1.56229817e-02
1.61990252e-01
-5.97976116e-01
-8.41169536e-01
-4.22670674e-02
-1.92501042e-01
-7.27453388e-01
0.00000000e+00
0.00000000e+00
0.00000000e+00
-7.68296967e-01
2.50571225e-01
6.66636425e-02
1.41126542e+00
-1.58115927e+00
-6.60770888e-01
2.12119196e-01
2.98128343e-02
-1.98149098e-01
0.00000000e+00
6.17803596e-01
1.45776900e+00
-1.13157987e+00
7.41085675e-01
1.10232130e-01
-1.61318310e-01
-3.92288511e-01
-6.36966604e-01
7.83438449e-02
-1.72590433e-01
8 1
-1.1972e+00 3.5394e-01
8 1
0 1 2 3 6 4 7 9 
217
-4.36851572e-02
-7.19483286e-01
5.54901240e-01
6.50617329e-01
-5.48069645e-01
9.88631297e-01
8.68415287e-01
2.10773509e-02
4.20676862e-01
-6.20051770e-01
-8.52416824e-01
-6.44174430e-01
0.00000000e+00
0.00000000e+00
8.12925880e-01
-1.22001863e-02
-4.46299339e-01
1.01104562e+00
-3.40249712e-03
-2.42746103e-01
-1.36071416e+00
1.05862453e-02
1.15083607e+00
0.00000000e+00
0.00000000e+00
0.00000000e+00
5.39067822e-01
-7.72952066e-02
-5.05457773e-01
0.00000000e+00
0.00000000e+00
0.00000000e+00
0.00000000e+00
0.00000000e+00
0.00000000e+00
0.00000000e+00
0.00000000e+00
3.65977631e-02
-1.52648162e-02
-3.96758176e-01
-1.07613812e+00
-1.37955209e+00
0.00000000e+00
0.00000000e+00
0.00000000e+00
-8.66429986e-01
1.18539531e+00
2.76710334e-01
0.00000000e+00
-9.22794933e-01
1.88440926e-01
6.58755945e-02
0.00000000e+00
-7.32778777e-02
0.00000000e+00
1.34289497e+00
0.00000000e+00
6.15922415e-01
1.24496708e-01
7.41706822e-01
4.09912180e-01
-1.20504890e+00
7.51451560e-01
1.64101764e-01
-1.38839426e+00
0.00000000e+00
-4.79750078e-02
1.01337617e+00
1.22858234e+00
1.60306384e+00
0.00000000e+00
-1.24658038e+00
0.00000000e+00
1.04650402e+00
-5.34997842e-01
1.56391208e-01
5.14504538e-01
0.00000000e+00
-8.57332690e-01
0.00000000e+00
2.67722075e-01
1.63740238e-01
5.45925458e-01
-7.08590801e-01
-2.76358685e-01
2.03555926e-01
0.00000000e+00
3.28554927e-01
-8.24119024e-01
-2.99437325e-01
-7.32626189e-02
0.00000000e+00
-8.61149055e-01
0.00000000e+00
-6.80084485e-01
9.22330086e-01
1.49754838e+00
2.01092836e+00
0.00000000e+00
-6.35628737e-01
0.00000000e+00
8.42386988e-01
-1.07668448e+00
-2.50443408e-01
5.39353736e-01
0.00000000e+00
-6.99799801e-01
-2.80649968e-02
5.41243811e-01
-2.91159288e-01
1.14870833e-01
-6.73314544e-01
1.07617072e+00
-6.27230414e-01
0.00000000e+00
4.30893099e-01
-1.55738597e+00
-9.23518566e-01
-8.65310525e-01
1.78843464e-01
6.82181143e-01
-1.09733532e+00
0.00000000e+00
0.00000000e+00
0.00000000e+00
5.59436849e-01
4.76785230e+00
2.25516522e-01
1.56811337e-01
-2.81006785e+00
-8.65395909e-01
-1.18634919e+00
6.19634735e-01
1.68717778e+00
0.00000000e+00
2.75591306e+00
1.10416007e+00
-2.24103577e+00
-8.83873069e-01
-2.84847825e+00
4.97636569e-01
5.44171467e-01
-1.42027195e+00
-8.35757364e-01
-9.24416668e-01
1.57231021e-01
0.00000000e+00
0.00000000e+00
0.00000000e+00
-8.24200288e-01
-2.63399734e+00
8.06861308e-02
3.44225807e-02
1.16947126e+00
-3.23094998e-01
7.72558394e-01
-5.57168180e-01
-9.37647453e-01
0.00000000e+00
-9.52194849e-01
-6.43920622e-03
6.00950996e-01
1.10050140e+00
1.10883347e+00
2.13272922e-02
-5.94070389e-01
6.20293588e-01
8.19317671e-01
6.57680938e-01
-1.42329645e+00
0.00000000e+00
0.00000000e+00
0.00000000e+00
3.87007679e-03
-1.66888518e-01
3.26184987e-01
1.90481486e+00
-1.34684097e-02
6.58579987e-01
9.13575285e-01
1.45663678e+00
-1.09307283e-01
0.00000000e+00
-6.35097326e-02
7.73826258e-01
-9.48059650e-02
1.17724107e+00
7.09873368e-01
1.09862537e+00
-4.55401777e-01
-1.24164592e+00
-2.86997877e-01
-4.35544839e-01
-5.30592486e-01
0.00000000e+00
0.00000000e+00
0.00000000e+00
5.81815208e-01
1.04907603e+00
5.67433631e-01
4.80781779e-01
-2.63459153e-02
2.41548165e-01
4.55044377e-01
2.94076576e-02
-2.00570802e-01
0.00000000e+00
1.15414722e+00
1.17169685e+00
-8.52188392e-03
4.92274959e-01
9.30607714e-01
-6.90839793e-03
1.24916210e+00
1.49907646e+00
1.26200945e+00
1.22671812e+00
136
-7.43533460e-01
-2.19930624e-01
-8.35805579e-03
-8.09564994e-01
3.38540262e-03
-3.28806822e-01
2.65743055e-03
6.14768980e-01
-9.66101607e-02
-4.84963633e-02
-2.39235422e-01
-4.51598946e-01
0.00000000e+00
0.00000000e+00
0.00000000e+00
0.00000000e+00
0.00000000e+00
0.00000000e+00
0.00000000e+00
0.00000000e+00
-3.83013227e-01
-3.28172658e-01
-2.42286388e-01
-1.89982409e-02
5.60139500e-02
7.80439359e-03
1.65118710e-01
0.00000000e+00
-4.63034018e-01
1.17661004e-01
-3.15020755e-01
0.00000000e+00
-4.41618069e-01
-1.30551103e-01
5.34855274e-01
0.00000000e+00
1.22005748e-01
-3.26754614e-01
1.38691352e-01
0.00000000e+00
-9.33692817e-02
-5.28490196e-01
6.42091200e-01
0.00000000e+00
0.00000000e+00
0.00000000e+00
3.79093757e-01
-1.24722867e+00
3.68058470e-01
-3.72893391e-01
-2.01487344e-01
0.00000000e+00
-5.39767088e-01
2.19566817e-01
3.00786190e-02
-6.11543153e-01
0.00000000e+00
1.78630272e+00
6.00746884e-01
2.69408990e-01
-6.86638888e-01
-1.77487475e+00
-1.47464878e-01
-2.80067107e-01
-3.07866752e-02
2.97523754e-01
0.00000000e+00
-9.92648762e-01
2.87023352e-02
-1.84116362e-01
3.13805158e-01
0.00000000e+00
1.18994725e+00
2.86912817e-01
1.96132708e-01
0.00000000e+00
0.00000000e+00
7.33458959e-01
4.74401778e-01
1.66678932e-01
-4.31015113e-01
-1.44809586e+00
9.79871982e-01
-2.57501178e-01
3.44309092e-01
0.00000000e+00
5.32850362e-03
7.07272911e-01
-6.87361806e-01
0.00000000e+00
0.00000000e+00
0.00000000e+00
3.72270938e-01
6.51159154e-01
-5.78370796e-01
1.17896307e+00
-1.96706864e+00
-5.51343461e-01
1.61995760e-01
8.41159627e-01
-1.71697784e-01
0.00000000e+00
4.98071997e-01
6.68637908e-01
-8.11168117e-01
4.85973526e-01
1.49441824e-01
1.94095645e-01
-5.21214154e-01
-1.19877249e+00
1.81757188e-02
-1.07671532e-01
-7.85847887e-01
0.00000000e+00
0.00000000e+00
0.00000000e+00
-9.37207010e-01
4.33011601e-01
-4.70659809e-02
1.52278980e+00
-1.68592890e+00
-7.24282637e-01
2.22802160e-01
7.06981573e-02
-1.03106991e-01
0.00000000e+00
5.53564524e-01
1.44997243e+00
-8.18523346e-01
8.21480629e-01
-8.54347865e-02
-1.35889533e-01
-2.78611114e-01
-8.52784348e-01
8.73459811e-03
-2.00067138e-01
5 1
-1.1852e+00 4.0374e-01
8 0
0 1 2 3 6 4 7 9 
217
9.37149485e-02
-2.48846008e-01
1.34480198e-01
4.07025051e-01
-2.32496157e-01
-2.19010036e-01
-4.56152798e-01
-6.57662154e-02
-1.74991820e-01
6.72225569e-01
1.00698373e+00
-4.74722476e-01
-4.96280097e-02
-6.39031143e-01
8.07577971e-01
-1.15311711e-02
2.06785202e-01
-1.05241632e+00
-4.18129117e-03
6.58373589e-01
7.64089904e-01
-1.43030397e-02
1.14039190e-01
-4.25536604e-01
9.00631555e-04
3.10800439e-01
2.11638238e-01
5.55468708e-02
-1.47889006e-01
0.00000000e+00
0.00000000e+00
0.00000000e+00
0.00000000e+00
0.00000000e+00
0.00000000e+00
0.00000000e+00
0.00000000e+00
-7.22989347e-01
1.33324448e-02
-2.64996566e-02
1.46681228e-01
1.27742668e-01
9.16850159e-02
0.00000000e+00
0.00000000e+00
5.34156796e-02
3.43447813e-01
-1.87722227e-01
0.00000000e+00
-1.85091320e-01
-4.47132888e-01
8.71632718e-01
0.00000000e+00
-6.10045807e-01
0.00000000e+00
4.76589064e-01
0.00000000e+00
-2.14113397e-01
0.00000000e+00
2.97750227e-01
5.85109381e-03
-8.30885306e-01
9.18749161e-01
-1.21587295e-01
-2.87112695e-01
0.00000000e+00
2.49829289e-01
7.36320119e-01
2.52585649e-01
-2.42458613e-02
-1.37521805e-01
-8.18313038e-01
0.00000000e+00
7.39180354e-01
-9.00049071e-02
3.10369438e-01
3.11006453e-01
-1.18968459e+00
-2.70858947e-01
0.00000000e+00
8.42243772e-01
-7.84589126e-01
7.12014716e-01
1.04202825e-01
0.00000000e+00
4.48549776e-01
0.00000000e+00
-3.31116793e-01
-1.45147677e-01
-2.37180345e-02
-5.73965974e-01
0.00000000e+00
-2.98399667e-01
4.09363278e-01
5.77459241e-03
-1.20466746e-01
3.86340023e-01
5.15460862e-01
-7.04494866e-02
-2.89711104e-01
0.00000000e+00
5.51923012e-02
3.36653353e-01
3.98683238e-01
-3.39801520e-03
-3.00422859e-01
-6.34416900e-01
-9.29941218e-02
4.19906151e-01
-5.16958363e-01
6.08648557e-01
3.74922486e-01
8.91470228e-01
-4.17885112e-01
0.00000000e+00
1.46111798e-01
-1.12084974e+00
-5.25981966e-01
-4.08281450e-02
-5.77421594e-01
1.15253569e-01
-3.98807266e-01
0.00000000e+00
0.00000000e+00
0.00000000e+00
-1.21902089e+00
8.54521700e-01
1.25506004e+00
3.90167276e-01
-9.67660642e-01
-5.61290100e-01
1.15389458e+00
5.17258905e-01
-9.85604453e-01
0.00000000e+00
5.70751201e-01
5.20748805e-01
-2.30927153e+00
-2.31010311e-01
7.13410862e-01
5.05754469e-01
-1.51556033e-01
-2.75892595e-01
7.92111082e-01
-9.71179638e-01
-2.11585196e-01
0.00000000e+00
0.00000000e+00
0.00000000e+00
6.40643832e-01
-7.13774002e-01
-6.28503761e-01
4.43633421e-01
-5.04555309e-01
-3.48621325e-01
-3.13985452e-01
-1.41885134e-01
-1.27064834e-02
0.00000000e+00
1.05716980e-02
2.61743380e-01
7.10562858e-01
4.13125818e-01
-4.11156380e-01
-6.25214212e-02
-1.14749244e-01
1.63539877e-01
-2.33564362e-02
4.20408869e-01
-2.51046098e-01
0.00000000e+00
0.00000000e+00
0.00000000e+00
3.11578053e-01
5.31495911e-01
-9.01141275e-01
8.58794725e-01
-1.30841200e-01
-5.19770105e-01
5.03000744e-01
8.71800007e-01
-4.74090257e-02
0.00000000e+00
3.65556483e-01
1.09007250e+00
-5.46321021e-01
3.49459567e-01
-4.10428357e-01
-1.03652581e+00
1.29591522e-01
2.13350737e-01
4.00399832e-01
8.94791481e-02
-6.54462593e-01
0.00000000e+00
0.00000000e+00
0.00000000e+00
1.74634509e-02
4.87667349e-01
9.19892986e-01
3.17394663e-01
-3.92412631e-01
5.96932846e-01
-4.18012999e-02
7.05993997e-02
-9.58219802e-02
0.00000000e+00
3.30227998e-01
2.05374680e-01
1.98675247e-01
4.40171481e-01
4.45685322e-01
5.83250590e-01
3.18559981e-01
-2.80113258e-02
1.45151850e-01
2.21162568e-01
136
-8.36463970e-03
4.54644814e-01
-1.64899635e-02
-2.93873498e-02
-2.40842595e-03
-3.59799174e-01
1.68349619e-03
-7.38229300e-02
1.43882688e-04
3.72897855e-01
-1.86511172e-01
-1.70560498e-01
0.00000000e+00
0.00000000e+00
0.00000000e+00
0.00000000e+00
0.00000000e+00
0.00000000e+00
0.00000000e+00
0.00000000e+00
-2.30897090e-01
-5.61272070e-02
2.35012380e-02
1.92081065e-01
2.00706589e-01
-2.26050503e-01
8.84212677e-02
0.00000000e+00
-2.62401233e-01
2.90624977e-01
-1.01066315e-02
0.00000000e+00
-5.17760901e-02
-3.13916909e-01
2.56354321e-01
0.00000000e+00
-5.97817686e-02
-2.73634791e-01
6.02317250e-02
0.00000000e+00
2.38580678e-01
-2.48340511e-01
3.65801594e-01
0.00000000e+00
0.00000000e+00
0.00000000e+00
-5.99227588e-01
5.39603536e-02
6.31478785e-01
-1.53339497e-01
-3.24344958e-01
3.00309305e-01
-4.35687718e-01
2.23153023e-01
8.88402520e-02
-4.09222491e-01
-3.06722174e-01
5.16544524e-02
2.55484880e-01
4.89826957e-02
-9.66729594e-02
-1.16190237e+00
6.65476340e-01
-4.25217406e-02
9.02671386e-02
-6.50807292e-02
0.00000000e+00
-4.27012291e-02
2.63375292e-01
-4.56107971e-02
-2.40028312e-01
1.04662577e-01
1.23291887e-02
-3.72675940e-02
3.83709147e-02
-2.14152372e-01
5.95349920e-02
-1.67267111e-01
2.35860563e-01
3.35158428e-02
-4.60040833e-01
1.41571361e-01
4.40214410e-02
-3.78903436e-01
1.38786793e-01
0.00000000e+00
-5.03496847e-01
1.71443126e-01
-9.97316249e-01
0.00000000e+00
0.00000000e+00
0.00000000e+00
-2.44402864e-01
6.88923996e-01
-4.07095307e-01
1.23905091e+00
-1.85144579e+00
-3.70087961e-01
4.56335312e-01
4.33281554e-01
-1.01433464e-01
0.00000000e+00
5.55390200e-01
7.51536108e-01
-1.08230664e+00
7.08503951e-01
6.21907387e-02
2.10569219e-01
-6.34601648e-01
-1.04504673e+00
-5.07603192e-02
-3.15917511e-01
-1.03036832e+00
0.00000000e+00
0.00000000e+00
0.00000000e+00
-5.71104032e-01
1.21859132e-01
-2.45469623e-01
1.29514004e+00
-1.43363573e+00
-8.73437148e-01
1.00669083e-01
1.31344239e-01
-3.67849045e-01
0.00000000e+00
4.71020376e-01
1.29817476e+00
-8.63648069e-01
7.38267289e-01
-8.82863149e-02
-1.20771998e-02
-2.22797847e-01
-4.82535219e-01
7.57342746e-02
-1.01737279e-01
10 2
-2.5940e+00 4.6783e-01
8 -1
0 1 2 3 6 4 7 9 
217
4.99424700e-01
5.73804143e-01
9.44150903e-02
0.00000000e+00
-3.51283062e+00
8.45382227e-01
-4.06454021e-01
-1.52147351e+00
1.04312499e+00
-3.06363608e+00
0.00000000e+00
0.00000000e+00
0.00000000e+00
0.00000000e+00
1.61516740e+00
4.26556833e-02
-2.71884811e+00
-1.11574270e+00
1.47355399e-01
-8.89742548e-01
0.00000000e+00
0.00000000e+00
0.00000000e+00
0.00000000e+00
0.00000000e+00
0.00000000e+00
0.00000000e+00
2.48181269e+00
-1.16455139e+00
0.00000000e+00
0.00000000e+00
0.00000000e+00
0.00000000e+00
0.00000000e+00
0.00000000e+00
0.00000000e+00
0.00000000e+00
-2.46732363e-01
-6.73071030e-02
-1.25107547e+00
8.01966108e-01
1.49051019e-01
0.00000000e+00
0.00000000e+00
0.00000000e+00
5.49428504e-01
-2.81308257e+00
-1.76911017e-01
0.00000000e+00
2.84695912e+00
-1.46492100e+00
2.39586493e+00
0.00000000e+00
0.00000000e+00
0.00000000e+00
-5.68381303e-01
0.00000000e+00
0.00000000e+00
0.00000000e+00
1.83772543e+00
-7.89447455e-01
-1.53744853e+00
2.82632069e+00
-1.26004424e-01
5.22380016e-01
0.00000000e+00
-1.48691158e+00
7.21325383e-01
1.58996069e+00
4.50130533e+00
0.00000000e+00
-3.38524893e+00
0.00000000e+00
1.53852380e+00
-9.43285856e-01
2.34614983e+00
-3.94195518e-01
0.00000000e+00
1.01645167e+00
0.00000000e+00
-5.31437016e-01
2.21612271e+00
1.44100448e-02
5.64324387e-01
1.61406082e+00
-2.76722854e-01
0.00000000e+00
-7.31364698e-01
-9.02901253e-02
-1.06548570e-01
7.05801054e-01
0.00000000e+00
-1.31891774e+00
0.00000000e+00
1.67960048e-01
2.70974734e-01
1.65038239e+00
2.18892114e+00
0.00000000e+00
-6.73038793e-01
0.00000000e+00
8.85148009e-01
-3.59776167e+00
2.87315485e-01
2.54265168e+00
0.00000000e+00
-8.11034902e-01
0.00000000e+00
7.07014796e-01
2.44428227e+00
6.03444806e-01
-2.76503902e+00
0.00000000e+00
-1.49672046e-01
0.00000000e+00
-6.26561564e-01
2.35124096e+00
1.27565831e+00
3.38742856e+00
1.82937434e+00
3.43780281e+00
-2.71085648e+00
0.00000000e+00
0.00000000e+00
0.00000000e+00
3.75143634e+00
-5.90007074e-02
-1.16090513e+00
7.13718536e-01
-8.87795267e-01
-4.16480143e+00
-3.77987967e+00
5.63793251e+00
0.00000000e+00
0.00000000e+00
1.99992933e-01
4.82010839e+00
-2.22402916e-01
3.27944394e+00
0.00000000e+00
1.29840700e+00
4.42723495e-01
-3.37111300e-02
0.00000000e+00
1.67340920e+00
-9.33961579e-01
0.00000000e+00
0.00000000e+00
0.00000000e+00
2.31106004e-01
-7.41154639e-02
2.92109469e+00
3.05530559e+00
-1.19054346e+00
2.87138403e+00
4.91870812e+00
-9.09980898e-02
0.00000000e+00
0.00000000e+00
4.57509046e+00
2.61861776e-01
3.07330190e+00
4.74074095e-01
0.00000000e+00
1.00492840e+00
2.38042334e+00
-4.38214574e-02
0.00000000e+00
1.12130970e+00
-4.44675681e+00
0.00000000e+00
0.00000000e+00
0.00000000e+00
-7.30154082e-03
-6.75076548e-03
3.80121173e+00
4.01184164e+00
-7.36724631e-02
-4.11708714e-03
1.23605796e+00
-1.16177771e-02
-4.45510654e+00
0.00000000e+00
-1.82243405e-02
5.01884204e+00
-1.67423964e-03
0.00000000e+00
-1.02276766e-01
-2.34838195e-01
-3.72929855e-01
-4.38982131e-02
6.67427036e+00
3.05562811e+00
1.34695287e+00
0.00000000e+00
0.00000000e+00
0.00000000e+00
-1.07940539e-02
-1.76186388e-02
-1.25259415e+00
-1.94330600e-01
-1.55482240e-01
-5.57407308e-03
-2.01783034e-02
-2.29401383e-02
1.52194751e+00
0.00000000e+00
-3.43840222e-02
1.74492885e-02
-4.25372104e-03
0.00000000e+00
-1.97134521e-01
-3.50816843e-01
-6.02132748e-01
-9.71911142e-02
-1.68358460e+00
-1.03835285e+00
136
-1.01463195e+00
-7.09618394e-01
8.92809019e-03
-3.05013557e-01
3.06892671e-03
0.00000000e+00
0.00000000e+00
0.00000000e+00
0.00000000e+00
0.00000000e+00
1.76921738e+00
1.56777679e+00
0.00000000e+00
0.00000000e+00
0.00000000e+00
0.00000000e+00
0.00000000e+00
0.00000000e+00
0.00000000e+00
0.00000000e+00
-4.88077090e-01
-4.16927736e-01
-3.96032223e-01
-2.77906930e-01
-1.29835169e-01
2.42544133e-01
4.51603063e-01
0.00000000e+00
-5.41573927e-01
-3.04138572e-01
1.77265874e-01
0.00000000e+00
-6.91488296e-01
-6.52368235e-01
8.64406280e-01
0.00000000e+00
9.79785113e-02
-8.58401382e-01
5.90330947e-01
0.00000000e+00
-3.75820497e-01
-5.69248322e-01
1.24842567e+00
0.00000000e+00
0.00000000e+00
0.00000000e+00
-4.73810305e-01
-1.91034621e+00
1.67474954e-01
-5.79486333e-01
-5.88662201e-01
0.00000000e+00
-1.21327343e+00
5.87918660e-02
-1.65660131e-01
-1.70017802e+00
0.00000000e+00
1.25164009e+00
4.19503611e-01
2.20737651e-01
-9.38806030e-01
-1.81412803e+00
-5.92948267e-01
-3.44114803e-01
-1.71040242e-01
1.27171688e-01
0.00000000e+00
-1.24535039e+00
-2.63238861e-02
-2.04082662e-01
6.90848696e-02
0.00000000e+00
1.19607694e+00
3.72813234e-01
1.83344321e-01
0.00000000e+00
0.00000000e+00
6.79014595e-01
2.42850844e-01
2.24240616e-01
-4.19641894e-01
0.00000000e+00
2.45057870e+00
-1.40858006e-01
6.22419832e-01
0.00000000e+00
3.17396246e-01
8.43063470e-01
-5.44933841e-01
0.00000000e+00
0.00000000e+00
0.00000000e+00
-8.32585551e-02
8.90968520e-01
-3.82242852e-01
1.10862916e+00
-1.43863709e+00
-6.09016868e-01
1.91493620e-01
6.15825735e-01
-2.82309512e-01
0.00000000e+00
4.88712848e-01
7.86179257e-01
-1.03005428e+00
3.70211730e-01
2.94911498e-01
1.14374443e-01
-6.27805633e-01
-3.76207881e-01
-1.96186835e-01
-3.80521146e-01
-6.83156843e-01
0.00000000e+00
0.00000000e+00
0.00000000e+00
-7.43888275e-01
3.01044222e-01
-1.17075756e-02
1.49064690e+00
-1.72391761e+00
-6.31540827e-01
3.01954129e-01
1.20940501e-01
-9.33810336e-02
0.00000000e+00
4.37275478e-01
1.26531293e+00
-1.27747413e+00
7.04188572e-01
9.82157373e-02
-1.75076393e-01
-1.35463548e-01
-7.13827023e-01
1.82023756e-01
-7.84826494e-02
