0 10 -999999999 -1 -1
1 2 0 -1 -1
0.1676 0.1239
356
4.28402240e-01
3.21282991e-01
1.07119248e-01
2.75995027e-01
0.00000000e+00
0.00000000e+00
0.00000000e+00
0.00000000e+00
0.00000000e+00
0.00000000e+00
0.00000000e+00
0.00000000e+00
0.00000000e+00
-4.13920008e-01
2.55457953e-01
4.34457082e-01
0.00000000e+00
0.00000000e+00
0.00000000e+00
0.00000000e+00
0.00000000e+00
0.00000000e+00
0.00000000e+00
0.00000000e+00
0.00000000e+00
0.00000000e+00
0.00000000e+00
0.00000000e+00
0.00000000e+00
0.00000000e+00
0.00000000e+00
0.00000000e+00
0.00000000e+00
0.00000000e+00
0.00000000e+00
0.00000000e+00
0.00000000e+00
0.00000000e+00
0.00000000e+00
0.00000000e+00
0.00000000e+00
0.00000000e+00
0.00000000e+00
0.00000000e+00
0.00000000e+00
0.00000000e+00
0.00000000e+00
0.00000000e+00
0.00000000e+00
0.00000000e+00
0.00000000e+00
-5.58759563e-01
-1.44732475e-01
6.06467239e-01
0.00000000e+00
0.00000000e+00
0.00000000e+00
0.00000000e+00
1.56975690e-02
-8.30253527e-02
1.82921539e-01
7.42909536e-02
2.16924566e-01
-3.64054249e-02
2.72346885e-01
-3.46477785e-01
-2.59488319e-01
-2.36955599e-01
-1.20875705e-01
4.28169846e-03
-2.77585262e-02
6.44868276e-01
-4.60795685e-03
-1.03922131e-01
2.21239083e-01
-4.59697082e-03
-9.24169250e-02
-3.16829415e-01
-6.07645938e-04
-8.61757673e-03
4.45515109e-01
3.66528595e-01
-1.37518255e-01
0.00000000e+00
0.00000000e+00
0.00000000e+00
0.00000000e+00
0.00000000e+00
0.00000000e+00
0.00000000e+00
-8.14930529e-01
-2.01930788e-01
-1.20270592e+00
-6.78117906e-01
-9.00357361e-01
-2.86401604e-01
-1.36952430e-01
-1.41200648e-01
-4.27694844e-01
-1.71036112e-01
4.58482352e-01
2.64415057e-01
0.00000000e+00
0.00000000e+00
3.10666710e+00
2.12192034e+00
8.82480067e-01
1.04042995e+00
5.34662415e-01
-3.90857899e-02
-2.49769955e-01
-1.17289347e+00
5.09961158e-01
3.35501414e-01
-8.45346069e-02
-7.73321597e-01
-1.58918094e+00
-2.07251352e+00
0.00000000e+00
0.00000000e+00
0.00000000e+00
0.00000000e+00
0.00000000e+00
0.00000000e+00
4.96464937e-01
-1.19850891e-01
-2.81749762e-01
-3.43352580e-01
-3.61435336e-01
-1.08359447e+00
3.22278775e+00
3.43995095e+00
3.50609180e+00
3.61108050e+00
3.57821448e+00
3.91369601e+00
5.06368469e-01
6.68715762e-01
4.43700479e-01
1.66354729e-01
3.87881917e-01
4.26725561e-01
2.56604884e-01
-2.64541758e-02
2.47616060e-02
-2.84876610e-01
-3.77475313e-02
-2.17193125e-01
9.95823222e-01
0.00000000e+00
0.00000000e+00
0.00000000e+00
0.00000000e+00
0.00000000e+00
0.00000000e+00
0.00000000e+00
-5.67420982e-01
0.00000000e+00
-1.84428728e+00
0.00000000e+00
-3.00694430e-01
-2.81641955e-01
-5.33283151e-01
-1.41187614e+00
-8.33977581e-01
0.00000000e+00
0.00000000e+00
0.00000000e+00
-3.01353723e-01
1.02504563e+00
-1.38577519e-01
4.04431481e-01
-7.22981569e-01
-5.32609387e-01
2.44962252e-02
-9.10477405e-01
-4.62144873e-02
0.00000000e+00
2.57529427e-01
1.49261566e+00
-6.27369141e-02
1.11492068e+00
-1.04997615e+00
-6.35165072e-01
-4.32480177e-01
-1.34335880e+00
1.23492710e+00
-2.12012600e-01
-6.39086225e-02
0.00000000e+00
0.00000000e+00
0.00000000e+00
3.39031568e-01
0.00000000e+00
-2.82177621e-02
3.90353490e-01
4.45648731e-02
1.73943984e-01
2.70718040e-01
6.27363275e-01
-9.90521108e-02
0.00000000e+00
-1.55477209e-01
-3.31448957e-01
-3.55471480e-01
5.17877663e-03
4.53653601e-01
4.31979218e-01
1.32798478e-01
0.00000000e+00
1.74770903e-01
3.23044980e-02
-1.61754813e-01
4.74492098e-02
-1.76027426e-01
3.65472650e-02
-2.81754922e-01
5.05879300e-01
5.04371914e-02
-5.08867281e-01
1.07512892e-01
0.00000000e+00
0.00000000e+00
0.00000000e+00
-4.67593310e-01
0.00000000e+00
3.96399754e-01
-5.07438783e-01
2.01603676e-01
-7.90045575e-02
-6.44171741e-02
-8.65534743e-01
7.39113658e-01
0.00000000e+00
6.55076847e-02
1.36949038e-01
8.52752593e-01
1.07955519e-01
-5.87308709e-01
-9.17517060e-02
-2.38653852e-01
0.00000000e+00
7.18408988e-03
1.07888210e-01
-2.09204023e-01
-4.73278651e-01
-3.24972205e-01
-6.30608624e-01
-6.72222768e-01
-3.48143640e-01
0.00000000e+00
0.00000000e+00
0.00000000e+00
-2.98834418e-01
2.28928516e-02
0.00000000e+00
-3.24079128e-01
-4.14809051e-01
-3.30982654e-01
1.93294567e-02
-1.69351810e+00
0.00000000e+00
0.00000000e+00
0.00000000e+00
-9.90337744e-01
2.31490033e-01
-6.38760746e-02
1.89457646e+00
-1.07276288e+00
-6.96444526e-01
-3.02943612e-01
1.09064600e+00
-9.14200319e-01
0.00000000e+00
6.15768463e-01
1.14389524e+00
-6.39524475e-01
1.44182837e+00
-4.52176162e-01
1.65113453e-01
-1.10331557e+00
-1.06131466e+00
-2.82164848e-01
-6.97775262e-01
1.44004216e-01
0.00000000e+00
0.00000000e+00
0.00000000e+00
2.63991646e-01
-3.07080038e-01
1.08945086e-02
-2.11162280e-01
1.41759359e-01
1.97883277e-01
1.73444313e-01
-3.78487498e-01
8.49284417e-03
0.00000000e+00
-3.41615164e-01
-3.25310619e-01
-5.90353149e-02
-8.22103349e-02
2.55969481e-01
1.25138380e-02
3.81440462e-01
-2.96214465e-02
2.83218904e-01
1.48918278e-01
-6.46577248e-01
-6.86112765e-02
0.00000000e+00
-1.27073627e-01
-1.71666244e-01
5.86523865e-01
5.35530876e-02
-7.08688229e-01
-4.59907383e-01
0.00000000e+00
0.00000000e+00
0.00000000e+00
6.60041818e-02
-2.53826082e-01
9.00109856e-04
3.13302813e-01
-1.93857988e-01
-1.92875060e-01
-4.39696907e-02
6.58229254e-01
-3.63052664e-01
0.00000000e+00
2.37709237e-01
-3.40120676e-04
-2.79559586e-01
1.70244429e-01
2.20613838e-01
1.43311399e-01
-8.13742501e-02
-9.37073850e-02
-3.67169198e-01
-4.00490622e-01
-5.77965971e-01
0.00000000e+00
-3.70506067e-01
-1.39043241e-01
-1.04694085e+00
-2.13030679e-01
0.00000000e+00
0.00000000e+00
-3.53961199e-01
6.02079205e-01
-4.86887477e-01
-3.28222406e-01
-8.33910172e-01
0.00000000e+00
0.00000000e+00
0.00000000e+00
247
-5.96508294e-01
-1.10798478e-01
-4.85709817e-01
-2.70607562e-02
-8.37377214e-02
0.00000000e+00
0.00000000e+00
0.00000000e+00
0.00000000e+00
0.00000000e+00
0.00000000e+00
0.00000000e+00
0.00000000e+00
0.00000000e+00
0.00000000e+00
0.00000000e+00
0.00000000e+00
0.00000000e+00
0.00000000e+00
0.00000000e+00
0.00000000e+00
0.00000000e+00
0.00000000e+00
0.00000000e+00
0.00000000e+00
0.00000000e+00
0.00000000e+00
0.00000000e+00
0.00000000e+00
0.00000000e+00
0.00000000e+00
0.00000000e+00
0.00000000e+00
0.00000000e+00
0.00000000e+00
0.00000000e+00
0.00000000e+00
0.00000000e+00
0.00000000e+00
0.00000000e+00
0.00000000e+00
-6.26762636e-01
1.64662185e-02
-1.99229388e-02
-1.40551002e-03
1.07343887e-01
1.84708911e-03
-5.71666063e-02
6.81105922e-04
9.75209169e-01
-2.59576785e-01
-1.03492742e+00
0.00000000e+00
0.00000000e+00
0.00000000e+00
0.00000000e+00
0.00000000e+00
0.00000000e+00
0.00000000e+00
3.79294057e+00
2.72673174e+00
-1.35154642e-01
6.82636542e-01
4.66807649e-01
2.76441087e-01
8.61079908e-02
-5.55378362e-01
1.32674609e+00
1.01082346e+00
5.64032661e-01
5.53360932e-01
0.00000000e+00
0.00000000e+00
0.00000000e+00
0.00000000e+00
0.00000000e+00
0.00000000e+00
0.00000000e+00
0.00000000e+00
7.15750406e-01
-1.66311505e-01
-6.25140848e-01
-7.61796164e-01
-1.41826934e+00
-1.06747259e+00
4.24274495e+00
4.89149382e+00
4.74112171e+00
5.22779079e+00
5.08627798e+00
5.01506647e+00
1.09178381e+00
3.57697105e-01
4.14695464e-01
-2.30856902e-01
5.74458911e-01
-1.40452266e-01
1.93370464e+00
-1.10703325e-01
-5.67835499e-01
-4.49802712e-01
-5.13882291e-01
-6.59475287e-01
8.21460265e-01
0.00000000e+00
0.00000000e+00
0.00000000e+00
-1.41796856e+00
0.00000000e+00
-2.97859726e+00
0.00000000e+00
-6.11973420e-01
-7.98878186e-01
-4.19478132e-01
-1.15095613e+00
-1.41085161e+00
0.00000000e+00
0.00000000e+00
0.00000000e+00
-5.88230428e-02
2.64066519e-01
-5.49265729e-01
6.77988998e-01
2.79008735e-01
-5.04808169e-01
-5.24772430e-01
7.54432013e-02
-1.14322657e+00
0.00000000e+00
6.71125392e-01
6.31387732e-01
-2.14279710e-01
1.33374243e+00
-1.16932701e+00
4.28069469e-02
-4.62439200e-01
-7.87228928e-01
3.06670462e-01
-2.78921235e-01
2.09673959e-02
7.54140383e-01
-2.99620394e-01
-5.56102887e-03
-3.11181029e-01
-7.74910793e-01
0.00000000e+00
0.00000000e+00
0.00000000e+00
4.19272804e-01
0.00000000e+00
5.12124837e-01
3.63717743e-01
0.00000000e+00
0.00000000e+00
0.00000000e+00
1.06493770e+00
0.00000000e+00
0.00000000e+00
7.39333161e-02
8.49525289e-01
0.00000000e+00
0.00000000e+00
0.00000000e+00
3.64998575e-01
0.00000000e+00
0.00000000e+00
0.00000000e+00
0.00000000e+00
-7.33172988e-01
-3.35107295e-01
-1.61884716e-01
-2.48332735e-01
-1.43181900e+00
0.00000000e+00
0.00000000e+00
0.00000000e+00
0.00000000e+00
-6.57051989e-02
-3.35368270e-01
3.99581421e-01
-4.57654567e-01
-1.57043426e+00
0.00000000e+00
0.00000000e+00
0.00000000e+00
-6.70061177e-01
-4.44679989e-01
-1.54552531e-01
1.07129506e+00
-1.09404145e+00
2.07386866e-01
-5.33250792e-01
-9.57261121e-01
-3.97936462e-02
0.00000000e+00
1.56279805e-01
9.42050464e-01
-3.59878706e-02
8.90738954e-01
-5.56043978e-01
-3.20671399e-02
2.82733156e-01
-5.52408649e-01
4.38663469e-01
-4.89433699e-01
-9.82382057e-01
-4.68228516e-01
0.00000000e+00
3.73330488e-01
2.19867841e-01
2.16822313e-01
0.00000000e+00
0.00000000e+00
0.00000000e+00
-8.56521136e-02
5.80026144e-01
2.89075356e-01
1.19847372e-01
4.65507879e-01
5.37899489e-03
3.84911791e-01
1.59051135e-01
3.28180933e-01
0.00000000e+00
2.24319828e-02
1.63288301e-01
3.84879050e-02
1.38329532e-01
-2.80709290e-01
4.68440921e-02
5.68589737e-02
0.00000000e+00
1.46863783e-01
1.53443906e-01
-5.14153542e-01
0.00000000e+00
-4.40468089e-01
4.66553871e-01
-5.88052204e-01
4.87503836e-02
0.00000000e+00
0.00000000e+00
-2.29368137e-01
-6.36802588e-01
0.00000000e+00
0.00000000e+00
0.00000000e+00
1 -999999999 6 0 -1
1 0 2 1 -1
1.7007e-02 3.6196e-01
356
-2.15309814e-01
0.00000000e+00
0.00000000e+00
0.00000000e+00
0.00000000e+00
0.00000000e+00
0.00000000e+00
0.00000000e+00
0.00000000e+00
0.00000000e+00
0.00000000e+00
0.00000000e+00
0.00000000e+00
0.00000000e+00
0.00000000e+00
0.00000000e+00
-1.45337330e-01
0.00000000e+00
6.70631047e-02
-4.12279815e-02
0.00000000e+00
0.00000000e+00
0.00000000e+00
0.00000000e+00
0.00000000e+00
0.00000000e+00
0.00000000e+00
0.00000000e+00
4.43071732e-03
-3.72391843e-02
9.98715716e-02
4.45386667e-01
-6.60696480e-01
-1.04581236e+00
-8.02169338e-01
7.82759758e-02
-3.20960046e-02
6.81907411e-01
7.20309017e-01
8.09291615e-01
5.67385345e-01
0.00000000e+00
0.00000000e+00
0.00000000e+00
0.00000000e+00
0.00000000e+00
0.00000000e+00
0.00000000e+00
0.00000000e+00
0.00000000e+00
0.00000000e+00
-4.34334992e-01
-1.61201010e-01
-8.16390472e-01
0.00000000e+00
0.00000000e+00
0.00000000e+00
0.00000000e+00
-5.23203441e-02
3.18629046e-01
1.71619559e-01
8.20333829e-02
3.19459728e-01
-3.62007526e-01
9.02705694e-02
-9.67120777e-01
-7.44339326e-01
2.10678683e-01
1.31721187e+00
1.33542125e-02
1.17754657e-01
9.33981230e-01
-2.33024917e-03
6.72170647e-01
-2.34083417e-01
-1.23906776e-02
1.22708335e+00
0.00000000e+00
0.00000000e+00
0.00000000e+00
4.23886767e-01
-1.21664206e-01
-3.98127487e-02
0.00000000e+00
0.00000000e+00
0.00000000e+00
0.00000000e+00
0.00000000e+00
0.00000000e+00
0.00000000e+00
-6.26606355e-01
-1.94349157e-01
-3.21552311e-01
-1.81046736e-01
-6.65952054e-01
-6.28325227e-02
-1.64755000e-01
-1.09971044e-01
-1.24173174e-02
3.09100897e-01
1.82591795e-01
1.03266238e-01
0.00000000e+00
0.00000000e+00
3.37713908e+00
2.13685308e+00
9.89432832e-01
8.76654302e-01
4.55232300e-01
-2.05323587e-01
-5.24598115e-01
-1.19177498e+00
5.53481457e-01
4.61189149e-01
-3.45611835e-01
-8.13271284e-01
-2.32174369e+00
-1.52611544e+00
0.00000000e+00
0.00000000e+00
0.00000000e+00
0.00000000e+00
0.00000000e+00
0.00000000e+00
5.89370854e-01
-2.91916280e-01
-6.27227093e-01
-4.29068810e-01
-6.32661237e-01
-9.60660328e-01
5.71481642e+00
6.15796206e+00
5.97551334e+00
6.15672318e+00
6.27527199e+00
6.30258427e+00
6.24906131e-01
4.85616334e-01
1.45437902e-01
-5.38891752e-02
2.10382746e-01
3.00049982e-02
8.75277065e-01
-8.65897838e-01
-7.36358281e-01
-7.02536319e-01
-6.44256088e-01
-7.86654044e-01
3.99622753e-01
0.00000000e+00
0.00000000e+00
0.00000000e+00
0.00000000e+00
0.00000000e+00
0.00000000e+00
0.00000000e+00
-6.14932566e-01
0.00000000e+00
-2.02882687e+00
0.00000000e+00
-9.83273465e-01
-1.37444539e+00
-5.80348554e-01
-9.77717508e-01
-1.56362202e+00
0.00000000e+00
0.00000000e+00
0.00000000e+00
-5.64797954e-01
1.38190414e+00
-2.68002543e-01
7.71208228e-02
-5.12674427e-01
-5.58683637e-01
-4.10857512e-01
-6.98087996e-01
-3.07970504e-01
0.00000000e+00
-8.91514598e-02
1.21479753e+00
-3.11427254e-01
1.38620545e+00
-1.31243304e+00
-4.47615285e-01
-3.32115073e-01
-4.70512037e-01
1.16171977e+00
-5.01041012e-01
2.08340371e-01
0.00000000e+00
0.00000000e+00
0.00000000e+00
8.44620062e-02
0.00000000e+00
-2.58623679e-03
7.22012013e-02
0.00000000e+00
2.73642719e-01
2.01747440e-02
5.38272997e-02
0.00000000e+00
0.00000000e+00
-6.60328663e-02
-1.62498176e-01
-2.01017326e-01
-3.38964829e-01
-5.90975654e-02
2.30751047e-01
1.02736965e-01
0.00000000e+00
-2.89236205e-02
-3.60522781e-01
-4.82761328e-01
-4.19924011e-02
-8.88780785e-01
8.83359297e-02
7.58452454e-01
6.38778594e-01
1.76056638e-01
-8.56827633e-01
-3.32518494e-01
0.00000000e+00
0.00000000e+00
0.00000000e+00
-1.94017147e-01
0.00000000e+00
2.42666586e-01
1.40932745e-01
0.00000000e+00
-3.75613419e-01
-4.00324010e-01
4.24345810e-02
0.00000000e+00
0.00000000e+00
1.25741898e-01
3.43295166e-01
1.83250300e-01
-3.78428204e-01
2.86959470e-01
-4.16184623e-02
-4.87552629e-01
0.00000000e+00
-7.41604087e-01
-1.08093698e-01
-4.40768927e-01
-7.32680332e-02
-7.67798267e-02
0.00000000e+00
-1.08086069e+00
-9.41281064e-01
-6.77795252e-01
0.00000000e+00
0.00000000e+00
0.00000000e+00
0.00000000e+00
0.00000000e+00
-1.39579627e-01
-1.34995962e-02
0.00000000e+00
0.00000000e+00
-2.35216289e+00
0.00000000e+00
0.00000000e+00
0.00000000e+00
-1.14918093e+00
-7.07822170e-01
2.65556813e-01
1.12446827e+00
-8.83447871e-01
-2.32409992e-01
-5.87357945e-01
-4.38584925e-01
-1.61180510e+00
0.00000000e+00
-4.65495476e-01
7.82475649e-01
-1.31691720e+00
1.57196468e+00
9.50398858e-01
3.43966145e-01
7.44404453e-01
-6.50759842e-01
4.87286346e-01
-5.78902656e-01
3.18057214e-01
0.00000000e+00
0.00000000e+00
0.00000000e+00
3.52415057e-01
3.30005889e-02
-9.34478788e-02
2.90410936e-02
-1.85453842e-02
2.02779123e-01
2.39298925e-01
3.18372006e-01
-6.54478144e-01
0.00000000e+00
5.21777521e-02
-3.95895943e-02
4.95427234e-01
-7.43231766e-02
-5.67700851e-01
8.59285139e-02
-1.00109556e-01
-1.52836641e-02
-1.01998130e-01
1.75093300e-01
-1.23291145e+00
-4.47788655e-01
0.00000000e+00
1.39018312e-01
-3.08170419e-01
6.44875291e-01
-3.35195994e-01
-7.57467952e-01
-7.37238131e-01
0.00000000e+00
0.00000000e+00
0.00000000e+00
2.72003550e-02
-2.29321720e-01
2.04701563e-02
-1.48653328e-01
-1.36708372e-01
-3.47439905e-01
3.47168101e-03
-2.29483174e-02
-1.78244868e+00
0.00000000e+00
-1.66484467e-02
2.73010797e-01
-4.83287834e-02
1.64396669e-01
8.65772177e-01
1.36211460e-01
3.04122230e-01
1.33788665e-01
-1.95977689e-01
2.62792921e-01
-7.85122796e-01
0.00000000e+00
9.07249628e-01
-1.37583657e-01
-1.11925144e+00
-9.26656730e-01
0.00000000e+00
0.00000000e+00
-1.29019229e-01
6.99405115e-01
-8.76216964e-01
-7.49844881e-01
-1.92594712e-01
0.00000000e+00
0.00000000e+00
5.97428477e-01
247
-4.54112155e-01
0.00000000e+00
0.00000000e+00
0.00000000e+00
0.00000000e+00
0.00000000e+00
0.00000000e+00
0.00000000e+00
0.00000000e+00
0.00000000e+00
0.00000000e+00
0.00000000e+00
0.00000000e+00
0.00000000e+00
-4.06120205e-01
0.00000000e+00
7.04166774e-02
-4.76536883e-01
-3.13549367e-01
0.00000000e+00
0.00000000e+00
0.00000000e+00
0.00000000e+00
0.00000000e+00
0.00000000e+00
0.00000000e+00
0.00000000e+00
-4.50889982e-03
-4.49603255e-01
5.83210990e-01
-5.87719889e-01
-5.07872269e-01
5.66552777e-01
-2.71584747e-01
0.00000000e+00
0.00000000e+00
0.00000000e+00
0.00000000e+00
0.00000000e+00
0.00000000e+00
0.00000000e+00
1.97434890e-01
1.35786887e-02
4.49239269e-01
-1.33250684e-03
4.35152509e-01
-2.99944400e-03
0.00000000e+00
0.00000000e+00
3.58968921e-01
-7.14038468e-02
-1.87451227e-01
0.00000000e+00
0.00000000e+00
0.00000000e+00
0.00000000e+00
0.00000000e+00
0.00000000e+00
0.00000000e+00
3.55919160e+00
1.79610870e+00
2.75663060e-01
9.50049986e-01
5.14010928e-01
-3.04103482e-02
-4.41244015e-01
-7.08966295e-01
3.12882401e-02
3.14979149e-01
-2.62245538e-01
-3.94259432e-01
-1.05445327e+00
0.00000000e+00
0.00000000e+00
0.00000000e+00
0.00000000e+00
0.00000000e+00
0.00000000e+00
0.00000000e+00
1.87424494e-01
1.29400738e-01
-1.98290917e-02
-3.46275508e-01
-1.02215610e+00
-1.17878539e+00
5.90982564e+00
6.12990922e+00
6.18387549e+00
6.29496327e+00
6.18644857e+00
5.74359194e+00
-4.98241055e-01
-2.95922766e-01
-6.04871116e-01
-6.20042689e-01
-4.52514823e-01
-8.07656047e-01
0.00000000e+00
-3.91842064e-01
-3.31598078e-01
-3.28896444e-01
-3.31788285e-01
-3.64659563e-01
5.59103315e-01
0.00000000e+00
0.00000000e+00
0.00000000e+00
-1.01321547e+00
0.00000000e+00
-2.72043852e+00
0.00000000e+00
-4.78923277e-01
-8.13941964e-01
-1.51105586e+00
-7.39164990e-01
-1.29286524e+00
0.00000000e+00
0.00000000e+00
0.00000000e+00
-9.18028027e-02
4.41910960e-01
-2.68847543e-01
1.85943021e-01
-4.05410662e-01
-6.93378067e-01
-3.67124399e-01
-7.41192279e-01
-6.56025938e-01
0.00000000e+00
4.11853350e-01
8.82169431e-01
-3.43939809e-01
8.26528294e-01
1.71694773e-01
-1.67081196e-01
-1.64445987e-01
6.67947327e-02
1.45209136e-01
-5.25720256e-01
-4.30477631e-01
-1.36497920e-01
-2.66534901e-01
4.84759205e-02
0.00000000e+00
-8.55922695e-02
0.00000000e+00
0.00000000e+00
0.00000000e+00
8.73236565e-02
0.00000000e+00
1.48687264e-01
4.51760795e-01
3.49617249e-01
1.38182153e-01
1.23606551e-01
3.42760248e-01
0.00000000e+00
0.00000000e+00
3.28424635e-01
1.22563248e-01
-8.12719393e-02
-3.45398345e-01
6.46616582e-01
-5.05075718e-02
2.64725322e-01
0.00000000e+00
2.35964766e-01
2.33599658e-01
-2.93979711e-01
-1.78722006e-01
8.85980886e-02
0.00000000e+00
-8.62387610e-01
-3.42425357e-01
-8.67855684e-02
0.00000000e+00
0.00000000e+00
-5.19962253e-01
-4.14472897e-01
0.00000000e+00
0.00000000e+00
-2.25022085e+00
0.00000000e+00
0.00000000e+00
0.00000000e+00
-5.04791052e-01
7.86466529e-01
-5.60470255e-01
1.29620705e-01
6.74072701e-03
-4.84067862e-01
-5.54626832e-01
-2.44364154e-01
-4.54033977e-02
0.00000000e+00
-1.72191342e-01
1.00405116e+00
-5.49351518e-01
2.69165418e-01
-2.04115508e-01
-5.10171795e-02
-4.63821692e-01
-5.48090191e-01
3.02115350e-01
-3.66069761e-01
-1.35819572e+00
-1.13380124e+00
0.00000000e+00
3.35229775e-01
5.55608941e-02
6.95363296e-01
0.00000000e+00
0.00000000e+00
0.00000000e+00
2.73923018e-01
5.63769313e-01
3.90716896e-01
2.99157184e-01
1.80571891e-01
1.06958365e-01
3.67296552e-01
3.56447368e-01
3.96492238e-01
0.00000000e+00
4.31891139e-01
3.11173182e-01
1.56828520e-01
3.43002363e-01
-2.94508014e-01
-4.20785997e-02
9.55108236e-02
0.00000000e+00
3.65969006e-01
1.12022766e-01
-2.24394478e-01
0.00000000e+00
-7.23469683e-01
-3.86884381e-01
-8.92025134e-01
-3.77254621e-01
0.00000000e+00
0.00000000e+00
-2.95408924e-01
-5.14770512e-01
0.00000000e+00
0.00000000e+00
-8.41659038e-01
2 -999999999 -999999999 0 1
1 0 0 1 1
-8.5371e-02 2.7966e-01
356
-2.88438721e-01
0.00000000e+00
0.00000000e+00
0.00000000e+00
0.00000000e+00
0.00000000e+00
0.00000000e+00
0.00000000e+00
0.00000000e+00
0.00000000e+00
0.00000000e+00
0.00000000e+00
0.00000000e+00
0.00000000e+00
0.00000000e+00
0.00000000e+00
0.00000000e+00
0.00000000e+00
0.00000000e+00
0.00000000e+00
0.00000000e+00
0.00000000e+00
0.00000000e+00
0.00000000e+00
0.00000000e+00
0.00000000e+00
0.00000000e+00
0.00000000e+00
0.00000000e+00
0.00000000e+00
0.00000000e+00
4.37986579e-01
-7.26425301e-01
-1.34002575e+00
-6.30058240e-01
3.88005588e-02
-2.16690035e-01
9.97916051e-01
8.12808616e-01
7.80096280e-01
5.02984755e-01
-2.88438721e-01
0.00000000e+00
-3.92140768e-01
-8.63398231e-01
4.31824454e-02
1.17384831e-01
1.06143998e-01
-2.70691497e-01
-2.44195147e-03
-5.51620279e-02
-3.08390260e-01
8.49382050e-02
1.28829135e-02
0.00000000e+00
0.00000000e+00
0.00000000e+00
0.00000000e+00
7.38852666e-02
-1.27818831e-01
-3.30601548e-01
1.47061356e-01
-2.84702841e-01
4.69802178e-01
7.42503562e-02
5.86424873e-01
1.78730046e-01
-3.83014104e-01
3.75308623e-01
-5.09607150e-04
3.54081584e-01
-1.21363913e-01
2.55122942e-03
4.83111884e-01
-1.02388844e-01
-1.21141201e-02
7.23638914e-01
0.00000000e+00
0.00000000e+00
0.00000000e+00
4.35288804e-01
-2.16639039e-01
-2.03457391e-01
0.00000000e+00
0.00000000e+00
0.00000000e+00
0.00000000e+00
0.00000000e+00
0.00000000e+00
0.00000000e+00
-3.09787010e-01
8.03034135e-02
-2.14894945e-01
-3.80630577e-03
8.12684029e-01
5.45898079e-01
-4.61833273e-01
-2.56379397e-01
-2.31120932e-01
-4.23862217e-02
-3.59256377e-01
-2.84338287e-01
0.00000000e+00
0.00000000e+00
3.42086433e+00
1.79546669e+00
7.44902406e-01
1.37950896e+00
1.28047748e-01
-1.09361526e-01
-6.30831914e-01
-1.11261821e+00
2.07648472e-01
-2.31422896e-01
-4.40297733e-01
-5.11694845e-01
-1.59004895e+00
-1.54313456e+00
0.00000000e+00
0.00000000e+00
0.00000000e+00
0.00000000e+00
0.00000000e+00
0.00000000e+00
3.75993933e-01
-1.39787775e-01
-1.42879348e-03
-2.22717290e-01
-9.47161254e-01
-1.14880423e+00
5.33976484e+00
5.81248370e+00
5.55944733e+00
5.81787628e+00
5.85168307e+00
5.41246576e+00
1.76883737e-01
-1.93949605e-01
-3.31065337e-01
-2.47507281e-01
-3.68043604e-02
-7.33769496e-02
1.47746429e+00
-1.99026806e-01
-2.65599161e-01
-2.58413886e-01
2.14336273e-02
-3.28225231e-01
3.99647464e-01
0.00000000e+00
0.00000000e+00
0.00000000e+00
0.00000000e+00
0.00000000e+00
0.00000000e+00
0.00000000e+00
-6.88086185e-01
0.00000000e+00
-2.11695515e+00
0.00000000e+00
-1.28736812e+00
-1.22585782e+00
-3.04979770e-01
-8.58047591e-01
-1.59234789e+00
0.00000000e+00
0.00000000e+00
0.00000000e+00
5.29015573e-02
2.80439746e-01
-1.29691870e+00
2.91907435e-01
-5.47889648e-01
-7.67168608e-01
2.90916546e-01
-5.22450601e-01
-3.04439894e-01
0.00000000e+00
2.42463797e-02
1.89971408e-01
2.25271235e-01
1.44687894e+00
-1.33463974e+00
3.91368854e-01
-1.78085047e-01
-4.34988633e-01
6.29912925e-01
-2.95820449e-02
7.95134596e-02
0.00000000e+00
0.00000000e+00
0.00000000e+00
7.02784761e-02
0.00000000e+00
6.31920193e-01
3.27728972e-01
0.00000000e+00
2.65592974e-01
9.12733801e-02
1.02736527e-01
-3.14708959e-02
0.00000000e+00
2.57791491e-01
7.24555147e-01
-1.99289907e-01
6.57464687e-02
5.54531121e-01
2.73197120e-01
5.33718958e-01
0.00000000e+00
2.98805926e-02
3.49781645e-01
-4.93982619e-01
-2.80483726e-01
-1.21483353e-01
-1.59000373e-01
0.00000000e+00
4.95058380e-01
-7.95775297e-01
2.02331905e-02
-3.56376030e-01
0.00000000e+00
0.00000000e+00
0.00000000e+00
5.73314890e-01
0.00000000e+00
-8.79710398e-01
-2.91451650e-02
0.00000000e+00
-2.76150478e-01
1.02187193e+00
-8.63349813e-01
5.24836241e-01
0.00000000e+00
-3.51152154e-01
-2.47664500e-01
8.08942745e-01
7.68984904e-01
-6.77091717e-01
-2.51164948e-01
1.41639779e-01
0.00000000e+00
9.73707573e-01
4.28381383e-01
-2.13498892e-01
1.49383385e-01
-3.62882277e-01
0.00000000e+00
-1.09836528e+00
0.00000000e+00
0.00000000e+00
0.00000000e+00
0.00000000e+00
0.00000000e+00
0.00000000e+00
0.00000000e+00
-9.14808772e-02
-8.63974792e-02
0.00000000e+00
0.00000000e+00
-2.08390541e+00
0.00000000e+00
0.00000000e+00
0.00000000e+00
-7.70828697e-01
1.05518730e+00
-1.96219044e-01
9.45163161e-01
-5.88466064e-01
-5.26510985e-01
-1.33187701e-01
7.00436925e-02
-6.65614403e-01
0.00000000e+00
-4.77298135e-01
1.33699618e+00
-4.11168224e-01
4.90307280e-01
-3.86613324e-01
-1.10821921e-01
-5.88459752e-01
-1.00532170e+00
3.49802316e-01
-4.70895386e-01
2.98936223e-01
0.00000000e+00
0.00000000e+00
0.00000000e+00
2.90410099e-01
-1.66234072e-01
-4.73846506e-02
-5.59961684e-02
4.72612588e-03
-2.20977520e-02
2.23160824e-01
-2.85503071e-01
-1.03683919e-01
0.00000000e+00
2.45538536e-01
-4.66342772e-02
-2.29936961e-01
8.33274477e-03
-1.47933472e-01
1.90011620e-01
2.11508582e-01
-3.42667691e-02
-3.75592626e-02
3.02478066e-01
-7.74265939e-01
-3.52106668e-01
0.00000000e+00
-6.04627737e-01
-5.47323310e-01
3.94516309e-01
-7.05464160e-01
-4.11588158e-02
-5.14474199e-01
0.00000000e+00
0.00000000e+00
0.00000000e+00
-3.43582707e-01
1.04165884e+00
1.00357113e+00
1.22169977e-01
-4.78940427e-01
2.16375372e-01
-6.29312531e-01
9.27823047e-01
-1.22962685e+00
0.00000000e+00
6.77994082e-02
-4.77338362e-01
2.64752259e-01
-4.43852970e-01
7.18903644e-01
1.77056126e-01
-3.77537999e-01
-1.87962266e-01
-5.09656060e-01
-3.76773828e-01
-4.22159271e-01
0.00000000e+00
4.05756328e-01
-1.55699341e-01
-1.30963947e+00
-8.73751149e-01
0.00000000e+00
0.00000000e+00
-2.98749334e-01
6.45547154e-01
-5.77481376e-01
0.00000000e+00
-4.35888320e-01
0.00000000e+00
0.00000000e+00
-2.28867351e-01
247
-8.07079871e-01
0.00000000e+00
0.00000000e+00
0.00000000e+00
0.00000000e+00
0.00000000e+00
0.00000000e+00
0.00000000e+00
0.00000000e+00
0.00000000e+00
0.00000000e+00
0.00000000e+00
0.00000000e+00
0.00000000e+00
0.00000000e+00
0.00000000e+00
0.00000000e+00
0.00000000e+00
0.00000000e+00
0.00000000e+00
0.00000000e+00
0.00000000e+00
0.00000000e+00
0.00000000e+00
0.00000000e+00
0.00000000e+00
0.00000000e+00
-3.53145971e-02
-7.71765274e-01
1.09199794e+00
-1.12731254e+00
-8.58207171e-01
3.82215569e-01
-2.60968968e-01
9.52563378e-01
0.00000000e+00
1.34525799e+00
-3.92694608e-01
-2.73310380e-01
2.17823097e-02
-2.74460355e-01
-1.04347385e+00
4.14434952e-02
1.64980247e-01
1.02866234e-02
9.84067236e-01
-1.32483790e-02
0.00000000e+00
0.00000000e+00
-1.56441311e-01
-8.62615286e-02
-9.25212498e-02
0.00000000e+00
0.00000000e+00
0.00000000e+00
0.00000000e+00
0.00000000e+00
0.00000000e+00
0.00000000e+00
3.20769510e+00
1.58255747e+00
4.16912107e-01
7.87131367e-01
5.04999764e-01
1.23977572e-01
-1.53060271e-01
-1.02611373e+00
7.06947615e-02
1.18480167e-01
-4.87017969e-01
-8.09771149e-01
-1.76736066e+00
-1.79364694e+00
0.00000000e+00
0.00000000e+00
0.00000000e+00
0.00000000e+00
0.00000000e+00
0.00000000e+00
6.62729401e-02
-3.11757014e-01
-3.09270037e-01
-2.79237159e-01
-7.90645228e-01
-7.65000843e-01
5.96202697e+00
5.89848229e+00
6.04089194e+00
6.23660990e+00
5.83429592e+00
6.21463385e+00
-7.04137003e-01
-1.41084654e-01
-6.76918514e-01
-5.44505647e-01
-3.07469554e-01
-6.52323874e-01
3.18883749e-01
-4.67666007e-01
2.67916517e-02
-4.15366245e-01
-3.53960960e-01
-4.41095848e-01
6.53846814e-01
0.00000000e+00
0.00000000e+00
0.00000000e+00
-1.46092668e+00
0.00000000e+00
-2.71290792e+00
0.00000000e+00
-5.29987835e-01
-7.71879220e-01
-1.18062409e+00
-1.07143514e+00
-1.30186706e+00
0.00000000e+00
0.00000000e+00
0.00000000e+00
-2.87547686e-02
1.69640503e+00
-9.77366748e-02
5.24866820e-01
-6.26506290e-01
-1.00124585e-01
-5.18146284e-01
-5.67867872e-01
-3.90494735e-01
0.00000000e+00
-1.06065089e-01
1.39298101e+00
1.78979391e-01
6.55091470e-01
-2.69155180e-01
-2.43651717e-01
-3.63149140e-01
-1.20935602e+00
-5.15288098e-01
-7.13894320e-01
-4.45045651e-01
-2.42031920e-01
-4.71956742e-01
2.29924823e-01
0.00000000e+00
1.56357812e-01
0.00000000e+00
0.00000000e+00
0.00000000e+00
-1.08080534e-01
-6.13359905e-02
1.36196537e-01
-8.68680737e-02
-9.21098374e-03
-6.55592341e-02
-1.83007938e-03
4.09489347e-01
-1.68148354e-01
0.00000000e+00
1.15007036e-02
2.26437847e-01
-5.48945250e-01
-3.83940855e-01
3.42078048e-01
7.02725004e-02
-4.96824462e-02
0.00000000e+00
4.29633606e-01
8.19301094e-02
-2.03013731e-01
-4.71064316e-01
2.68050585e-01
0.00000000e+00
-8.56821404e-01
-2.87955915e-01
-2.81372005e-01
0.00000000e+00
0.00000000e+00
-5.68865489e-01
-5.48292883e-01
0.00000000e+00
0.00000000e+00
-2.25205923e+00
0.00000000e+00
0.00000000e+00
0.00000000e+00
-1.58210739e-01
-4.92480822e-01
-2.51529272e-01
1.28769509e+00
-1.14458327e+00
9.23236385e-02
-1.30054322e-01
-1.23553474e-01
-6.46539635e-01
0.00000000e+00
-4.00097311e-02
2.25111881e-01
-7.48208260e-01
1.04808116e+00
2.31333953e-02
3.55713357e-02
-1.51742307e-01
-8.01342896e-01
-1.01669318e-01
-1.74051691e-01
-1.00732532e+00
-5.54994008e-01
0.00000000e+00
-9.49052104e-02
-1.56762935e-01
-1.02883562e-01
0.00000000e+00
0.00000000e+00
0.00000000e+00
6.25498362e-01
0.00000000e+00
2.97162549e-01
3.40232219e-01
7.34682744e-01
1.53799816e-01
3.77346025e-01
2.73039544e-01
1.39157636e+00
0.00000000e+00
9.89272948e-01
0.00000000e+00
2.20497336e-01
9.68376088e-01
-9.36528264e-02
3.31905661e-01
-8.19857945e-02
7.25742809e-01
6.66210625e-01
6.16148479e-01
-4.52331312e-01
0.00000000e+00
4.07925745e-01
-3.76962689e-01
-1.24473391e+00
-6.25630084e-01
0.00000000e+00
0.00000000e+00
0.00000000e+00
-6.19103828e-01
0.00000000e+00
0.00000000e+00
-1.17897403e+00
6 2
1.3263e-01 1.4858e-01
3 -1
0 1 2 
217
2.59926599e-01
3.61859581e-01
-8.74482626e-01
2.00196698e-01
2.28881702e-01
2.39975916e-01
-3.86702963e-01
9.21869836e-01
6.44718972e-01
-1.09240618e-01
3.08917726e-01
-4.35550351e-01
-5.35888838e-01
-1.94402486e-01
0.00000000e+00
0.00000000e+00
0.00000000e+00
0.00000000e+00
0.00000000e+00
0.00000000e+00
0.00000000e+00
0.00000000e+00
0.00000000e+00
1.80783387e-01
4.32965839e-03
-1.04125525e-01
3.09294654e-01
-8.08453591e-02
6.61922581e-02
0.00000000e+00
0.00000000e+00
0.00000000e+00
0.00000000e+00
0.00000000e+00
0.00000000e+00
0.00000000e+00
0.00000000e+00
-7.71432740e-02
-1.05579863e-01
4.55300955e-01
0.00000000e+00
0.00000000e+00
0.00000000e+00
0.00000000e+00
0.00000000e+00
2.00319847e-01
-4.00365555e-01
1.06438109e-02
1.22902434e-01
-2.26293896e-01
1.10070222e-01
4.55300955e-01
0.00000000e+00
0.00000000e+00
0.00000000e+00
0.00000000e+00
0.00000000e+00
0.00000000e+00
0.00000000e+00
0.00000000e+00
2.39650870e-01
-1.67392899e-01
2.00319847e-01
3.20495221e-01
-5.00539339e-01
-1.14572922e+00
1.93255993e-01
4.31344999e-01
2.46714724e-01
7.54114999e-01
2.55898752e-01
-1.71621586e-01
-9.50387275e-01
3.20711787e-01
2.45657673e-01
-1.45062354e-01
-2.01257528e-02
1.42392686e-01
-3.44445802e-01
0.00000000e+00
2.06935586e-01
8.40429172e-02
2.55044129e-01
5.91924826e-01
0.00000000e+00
0.00000000e+00
0.00000000e+00
0.00000000e+00
0.00000000e+00
0.00000000e+00
0.00000000e+00
0.00000000e+00
0.00000000e+00
0.00000000e+00
0.00000000e+00
0.00000000e+00
0.00000000e+00
0.00000000e+00
0.00000000e+00
0.00000000e+00
0.00000000e+00
0.00000000e+00
0.00000000e+00
0.00000000e+00
0.00000000e+00
0.00000000e+00
0.00000000e+00
0.00000000e+00
0.00000000e+00
0.00000000e+00
0.00000000e+00
0.00000000e+00
0.00000000e+00
0.00000000e+00
0.00000000e+00
0.00000000e+00
0.00000000e+00
0.00000000e+00
0.00000000e+00
9.44209717e-03
-4.28859709e-01
-6.78485404e-01
0.00000000e+00
0.00000000e+00
0.00000000e+00
-4.35863353e-01
-2.15728970e-01
1.49886738e-01
2.46804347e-01
-6.86927184e-01
-7.28092671e-02
3.77021063e-01
-5.34083621e-02
-4.21432260e-01
0.00000000e+00
3.95745047e-01
9.21833432e-01
-1.33151307e+00
9.56417222e-01
-8.34929537e-02
-4.99675841e-01
-9.51005275e-02
-4.24734812e-01
9.33099768e-01
-3.38606422e-01
9.32877988e-02
0.00000000e+00
0.00000000e+00
0.00000000e+00
4.17626060e-01
-4.41347125e-01
3.28684456e-02
1.57101908e-01
-5.29013012e-01
-3.31820632e-01
-5.64955859e-02
2.82652339e-01
-1.56545363e-01
0.00000000e+00
9.02626382e-02
-1.23184854e-01
4.63196189e-01
6.88570747e-02
-1.63038739e-01
4.53173927e-01
-7.21486611e-02
-2.70232455e-01
2.94184400e-02
2.41957205e-01
-1.35043901e+00
0.00000000e+00
0.00000000e+00
0.00000000e+00
-5.31708380e-01
-3.64354583e-01
-3.80605230e-01
3.49431720e-01
-1.18883502e-01
-3.09606754e-01
-5.14297454e-01
-7.50694416e-02
-2.28715729e-01
0.00000000e+00
4.62349303e-01
8.63516478e-01
-6.48757107e-01
8.34885319e-01
-5.09319087e-01
2.92510595e-01
-2.99063252e-01
-2.41332017e-01
9.06807764e-02
-2.21006671e-02
-3.56736034e-02
0.00000000e+00
0.00000000e+00
0.00000000e+00
4.61289470e-01
-5.19512600e-01
6.57176946e-02
2.94003018e-01
-5.02709143e-01
9.10326926e-02
1.46855560e-01
-2.14103091e-01
7.36162256e-02
0.00000000e+00
-8.95026611e-02
9.74085792e-02
-3.34863458e-02
2.53238603e-01
6.93607122e-01
-7.06128058e-02
-2.43295719e-01
-3.82254202e-01
7.48003109e-02
-2.31766311e-01
136
5.32015454e-01
0.00000000e+00
0.00000000e+00
2.71928376e-02
1.80478511e-02
0.00000000e+00
0.00000000e+00
-7.25562992e-01
4.00438656e-03
8.58950118e-01
-1.03853184e-01
-4.72908278e-03
0.00000000e+00
0.00000000e+00
0.00000000e+00
0.00000000e+00
0.00000000e+00
0.00000000e+00
0.00000000e+00
0.00000000e+00
3.12986267e-03
2.83441685e-02
5.36700703e-01
0.00000000e+00
0.00000000e+00
0.00000000e+00
0.00000000e+00
0.00000000e+00
2.59327533e-02
-3.68610984e-03
4.26623686e-01
-1.91167808e-02
1.05650486e-01
-5.03930004e-01
5.36700703e-01
0.00000000e+00
0.00000000e+00
0.00000000e+00
0.00000000e+00
0.00000000e+00
0.00000000e+00
0.00000000e+00
0.00000000e+00
0.00000000e+00
0.00000000e+00
0.00000000e+00
-6.94115195e-02
-4.93480655e-01
4.87173450e-01
-1.61000956e-01
-7.03952476e-01
2.98169808e-01
-2.21862629e-01
2.25745273e-01
-1.02691283e-01
-4.59394033e-01
2.63573699e-01
1.49137351e-01
2.50924022e-01
1.73387078e-02
-1.91875312e-01
-5.26732894e-01
2.59327533e-02
0.00000000e+00
0.00000000e+00
0.00000000e+00
0.00000000e+00
0.00000000e+00
0.00000000e+00
0.00000000e+00
0.00000000e+00
0.00000000e+00
0.00000000e+00
0.00000000e+00
0.00000000e+00
0.00000000e+00
0.00000000e+00
0.00000000e+00
0.00000000e+00
0.00000000e+00
0.00000000e+00
0.00000000e+00
0.00000000e+00
0.00000000e+00
0.00000000e+00
0.00000000e+00
-1.61776226e-01
-1.22270471e-01
-6.74516364e-01
0.00000000e+00
0.00000000e+00
0.00000000e+00
7.51333252e-02
-1.09832211e-01
-2.34303465e-01
8.44574536e-01
-1.36228645e+00
-5.54393660e-01
5.05490202e-01
3.26625860e-01
-7.26794070e-01
0.00000000e+00
6.31084348e-01
3.10556623e-01
-6.03885238e-01
1.32770921e+00
-4.60533648e-01
2.38656578e-01
-3.19199026e-01
-1.10558417e+00
6.99530516e-01
-1.57065623e-01
-1.19145436e+00
0.00000000e+00
0.00000000e+00
0.00000000e+00
4.70712391e-02
-2.69387551e-01
-4.20154005e-02
1.14841791e+00
-1.06483220e+00
-1.74381195e-01
2.05582512e-01
9.09537827e-03
-1.07739832e+00
0.00000000e+00
6.62390042e-01
5.61361977e-01
-9.22570726e-01
1.13260747e+00
-6.63040786e-01
2.46083652e-01
-4.65092264e-03
-1.24231890e+00
3.28110815e-01
-7.15793665e-02
3 1
4.4605e-03 1.8543e-01
4 0
0 1 2 6 
217
-2.50089095e-01
-5.85577350e-01
2.30959203e-01
-3.81164947e-02
-1.83494746e-01
-1.54944533e-01
-1.92746878e-01
-2.07821209e-01
-8.46591189e-02
4.16099868e-02
1.30634558e-02
-1.40133161e-02
1.97748192e-01
9.48295189e-02
8.55261923e-02
-1.12355101e-02
2.07385689e-01
-2.27165682e-01
-1.17325578e-03
4.82604990e-02
-2.32739653e-01
2.19883827e-05
-3.02045413e-02
1.24290048e-01
-1.95895980e-04
2.33682204e-03
5.20513143e-01
-4.43842702e-01
-3.10397694e-01
0.00000000e+00
0.00000000e+00
0.00000000e+00
0.00000000e+00
0.00000000e+00
0.00000000e+00
0.00000000e+00
0.00000000e+00
-2.38929572e-01
-6.75098117e-01
5.39322910e-02
6.10006303e-01
0.00000000e+00
0.00000000e+00
0.00000000e+00
0.00000000e+00
-1.96695204e-01
-1.57251158e-01
1.99026119e-01
1.15016790e-01
-2.38946513e-01
-5.14752354e-01
8.60176104e-01
0.00000000e+00
2.90621072e-01
-3.00968539e-01
-3.83954211e-01
0.00000000e+00
-2.70480973e-01
-1.51808628e-01
6.10006303e-01
2.12971759e-01
-5.56986722e-01
9.39258685e-02
-8.06139591e-01
-3.13702200e-01
-3.41456165e-01
3.82953688e-01
6.65526585e-01
4.86799009e-01
5.96271847e-01
-4.02527736e-01
-8.03499456e-03
-1.46334975e-01
6.42519631e-02
9.13623828e-02
9.62216722e-02
4.03634285e-01
-2.74430679e-01
-2.74791242e-01
0.00000000e+00
2.05688107e-01
-1.32117570e-02
9.34447194e-02
5.15672662e-01
0.00000000e+00
6.65737840e-02
1.88728867e-01
-2.01592954e-01
-9.64463100e-02
-1.15069925e-01
-5.19776647e-04
0.00000000e+00
0.00000000e+00
0.00000000e+00
0.00000000e+00
0.00000000e+00
0.00000000e+00
0.00000000e+00
0.00000000e+00
0.00000000e+00
0.00000000e+00
0.00000000e+00
0.00000000e+00
0.00000000e+00
0.00000000e+00
0.00000000e+00
0.00000000e+00
0.00000000e+00
0.00000000e+00
0.00000000e+00
0.00000000e+00
0.00000000e+00
0.00000000e+00
0.00000000e+00
0.00000000e+00
0.00000000e+00
0.00000000e+00
0.00000000e+00
0.00000000e+00
1.90756743e-01
-4.77823339e-03
-3.38080730e-01
0.00000000e+00
0.00000000e+00
0.00000000e+00
-1.55182983e-01
-2.77300832e-01
-9.29135998e-02
2.86526746e-01
-8.10267272e-01
-3.04792021e-01
4.31485980e-01
8.95127702e-02
-1.47820526e-01
0.00000000e+00
1.27149353e-01
6.04596349e-01
-2.54258496e-01
6.12429462e-01
-1.00752942e-01
1.19489769e-01
-6.23669073e-01
-2.93075914e-01
6.76310164e-01
-2.25547663e-01
-3.41781629e-02
0.00000000e+00
0.00000000e+00
0.00000000e+00
4.32928282e-02
-2.90474034e-01
3.51478936e-02
-3.02378840e-02
-3.67511099e-01
-1.44528205e-01
2.37424887e-02
1.55746287e-02
-5.25003334e-02
0.00000000e+00
2.42665228e-01
2.89050346e-01
-5.27163350e-02
1.77950827e-01
-3.94318795e-01
8.63547369e-02
1.08968804e-01
-1.38948345e-01
2.61394423e-01
1.52914664e-01
-1.14853755e+00
0.00000000e+00
0.00000000e+00
0.00000000e+00
2.75419758e-01
-2.54783984e-01
-5.12208490e-01
4.23655243e-01
-3.88173286e-01
-3.87062351e-01
-1.68156786e-01
2.69309862e-03
-2.46068573e-01
0.00000000e+00
5.63847446e-02
1.38053063e-01
-3.31038931e-01
5.94675722e-01
9.85689433e-02
-2.18526921e-02
-1.97470268e-01
-9.84269230e-02
-7.74317270e-04
-1.31971523e-01
-7.92987935e-02
0.00000000e+00
0.00000000e+00
0.00000000e+00
3.28288711e-02
-4.43636426e-01
1.68359902e-01
2.45306673e-01
-4.58578599e-01
2.08802590e-01
2.64895335e-01
3.55024567e-02
-1.92440228e-01
0.00000000e+00
1.82851099e-01
-3.90181198e-02
-3.91363517e-01
1.76544817e-01
1.53235623e-01
2.03691983e-01
-1.99409633e-02
-2.79401774e-01
1.34420180e-01
-6.13586965e-02
136
1.99951979e-01
2.18124878e-01
3.22811006e-03
1.50136442e-01
-2.50387727e-03
-1.05699477e-01
1.27497324e-03
-6.26098643e-02
7.40889990e-04
9.34476724e-01
-2.39762886e-01
-3.31152690e-01
0.00000000e+00
0.00000000e+00
0.00000000e+00
0.00000000e+00
0.00000000e+00
0.00000000e+00
0.00000000e+00
0.00000000e+00
-8.92865974e-02
-1.53330571e-01
-6.61421839e-03
4.49531855e-01
0.00000000e+00
0.00000000e+00
0.00000000e+00
0.00000000e+00
-1.03240144e-01
-3.77938511e-02
1.44831929e-01
5.30299861e-02
2.79580055e-02
-4.62927942e-01
4.55000844e-01
0.00000000e+00
2.93269266e-01
-1.96705836e-01
-6.00194108e-02
4.02440054e-02
-2.95153604e-01
-1.06442048e-01
4.49531855e-01
0.00000000e+00
0.00000000e+00
0.00000000e+00
-6.02323560e-01
-1.09903202e-01
5.78923872e-01
-8.09025107e-02
-6.75262243e-01
3.20462808e-01
-3.05986371e-01
2.95214859e-01
-8.22084654e-02
-4.20494667e-01
6.49366817e-02
-2.62258059e-02
1.84156969e-01
2.55996289e-02
1.36947000e-01
-4.47691807e-01
2.65256872e-01
2.36350934e-01
-9.80310125e-02
8.58001925e-02
0.00000000e+00
0.00000000e+00
0.00000000e+00
0.00000000e+00
0.00000000e+00
0.00000000e+00
0.00000000e+00
0.00000000e+00
0.00000000e+00
0.00000000e+00
0.00000000e+00
0.00000000e+00
0.00000000e+00
0.00000000e+00
0.00000000e+00
0.00000000e+00
0.00000000e+00
0.00000000e+00
0.00000000e+00
0.00000000e+00
-2.00713700e-01
1.85095433e-02
-6.97538688e-01
0.00000000e+00
0.00000000e+00
0.00000000e+00
2.40339047e-01
1.00002481e-01
-1.44817826e-01
8.62760261e-01
-1.40743559e+00
-6.02600462e-01
2.46915191e-01
3.06988651e-01
-6.77985950e-01
0.00000000e+00
5.50594765e-01
2.78538623e-01
-5.90813734e-01
1.34572534e+00
-4.69732984e-01
2.01478290e-01
-1.95951056e-01
-1.25226690e+00
7.00269294e-01
-1.89546121e-01
-1.14577048e+00
0.00000000e+00
0.00000000e+00
0.00000000e+00
9.24706255e-02
-2.11740197e-01
8.19798655e-03
1.02542847e+00
-1.08195404e+00
-2.63698616e-01
-8.74102078e-02
-2.55116773e-02
-7.89306673e-01
0.00000000e+00
6.48577211e-01
7.73794788e-01
-7.63277171e-01
1.09254045e+00
-4.14287448e-01
1.21215393e-01
-8.75650530e-02
-1.41873031e+00
3.71943196e-01
-1.36457203e-01
4 1
-3.7842e-01 2.9216e-01
5 1
0 1 2 6 3 
217
-8.72552782e-01
-3.29140568e-01
3.76868188e-01
-1.03721298e+00
-7.30318320e-01
-4.57221385e-01
-4.40678571e-01
4.38342511e-01
-3.44911409e-02
3.99512413e-01
5.48605133e-02
1.88659174e-01
2.78074737e-01
3.73291397e-01
1.39999631e+00
1.57245792e-03
-9.04305042e-03
-1.44819212e+00
3.36157290e-03
9.92317652e-01
-6.89521635e-01
-2.97383088e-03
9.84365538e-01
0.00000000e+00
0.00000000e+00
0.00000000e+00
-1.45884774e-01
-3.11372792e-01
-3.63993295e-01
0.00000000e+00
0.00000000e+00
0.00000000e+00
0.00000000e+00
0.00000000e+00
0.00000000e+00
0.00000000e+00
0.00000000e+00
-5.66725947e-01
-2.38190873e-01
-3.27950514e-01
-6.58046087e-02
3.26119160e-01
0.00000000e+00
0.00000000e+00
0.00000000e+00
-6.84045466e-02
8.70931954e-02
3.64136926e-01
-1.88247389e-01
-4.23153622e-02
-9.01916895e-01
5.44762935e-01
0.00000000e+00
-2.94956632e-01
0.00000000e+00
1.16154390e-02
6.00384956e-01
-8.38637612e-01
4.32947123e-01
6.27696628e-01
-3.39060072e-01
-1.36482235e-01
-3.97010476e-01
-2.26390385e-01
-9.50060173e-01
-5.40363656e-01
1.83003947e-01
6.41524065e-01
1.20893828e-01
8.08582117e-01
0.00000000e+00
-8.65825883e-01
-1.04146891e+00
-2.63141601e-01
2.88034211e-01
2.56414701e-01
1.00714290e+00
-4.29055372e-01
-6.78171795e-01
0.00000000e+00
-6.34425064e-02
2.76349402e-01
2.98116891e-01
7.35024180e-01
0.00000000e+00
-2.04891135e-01
-3.37929299e-01
-2.95580785e-01
3.59302318e-01
-3.72080863e-01
-2.24110277e-02
-2.89167810e-01
-5.96194921e-02
3.54411788e-02
-2.52586785e-01
-8.83905471e-02
-2.71178696e-01
-2.40541020e-01
0.00000000e+00
0.00000000e+00
0.00000000e+00
0.00000000e+00
0.00000000e+00
0.00000000e+00
0.00000000e+00
0.00000000e+00
0.00000000e+00
0.00000000e+00
0.00000000e+00
0.00000000e+00
0.00000000e+00
0.00000000e+00
0.00000000e+00
0.00000000e+00
0.00000000e+00
0.00000000e+00
0.00000000e+00
0.00000000e+00
0.00000000e+00
5.18012334e-01
-1.72360627e-01
-2.60889737e-02
0.00000000e+00
0.00000000e+00
0.00000000e+00
-3.25846763e-02
-4.87938650e-01
1.48089961e-01
1.11785626e+00
-1.11454695e+00
-9.56597493e-01
-4.42568902e-01
4.91096002e-01
-1.16430860e+00
0.00000000e+00
9.62342123e-01
3.83727837e-01
4.91916199e-01
1.17452742e+00
-2.16478802e-01
-1.16157620e-01
-7.53758435e-01
-3.14412782e-01
-2.58360003e-01
1.06206815e+00
-1.02639605e-01
0.00000000e+00
0.00000000e+00
0.00000000e+00
8.25033910e-02
-2.34604100e-01
-2.35771967e-01
-8.08986154e-02
-3.73478342e-01
2.91892670e-01
5.68357921e-01
1.13235193e-01
2.99004528e-01
0.00000000e+00
-1.27128429e-01
2.96084652e-01
-5.33752681e-01
-6.97362090e-02
-2.85137805e-01
3.48892807e-01
3.78025296e-01
-2.52071842e-01
1.54021176e-01
-4.42077248e-01
-8.42368687e-01
0.00000000e+00
0.00000000e+00
0.00000000e+00
4.73698336e-01
1.15057577e+00
-1.10878936e-01
9.12432005e-01
-1.23362828e+00
-3.50622427e-01
-1.42499236e+00
4.37719581e-01
-3.92795639e-01
0.00000000e+00
9.86206479e-01
3.69136910e-01
-2.65285854e-01
2.53973260e-02
1.03541661e+00
1.10682274e+00
-1.66664743e+00
-9.80114845e-01
2.34383949e-02
-9.38247063e-01
-1.69277391e-01
0.00000000e+00
0.00000000e+00
0.00000000e+00
-4.67679344e-02
-5.82395567e-01
1.26037959e-01
2.88129032e-01
9.14242763e-02
3.05460753e-01
4.64018779e-01
-1.84302833e-02
-6.89796101e-01
0.00000000e+00
-1.71400255e-01
1.98637065e-01
-1.95298323e-01
3.34342710e-01
-8.97229744e-01
-5.13512022e-01
6.79958302e-01
-1.65711687e-02
1.90677310e-01
2.83437822e-01
136
9.42843114e-02
7.79321504e-01
1.33683580e-03
2.56775648e-01
-5.01703536e-03
-2.79314760e-01
-2.45115611e-03
0.00000000e+00
0.00000000e+00
5.98379852e-01
-2.37189250e-01
8.01038083e-02
0.00000000e+00
0.00000000e+00
0.00000000e+00
0.00000000e+00
0.00000000e+00
0.00000000e+00
0.00000000e+00
0.00000000e+00
-6.30597609e-01
-1.68844103e-01
-1.25697445e-01
3.69877957e-01
6.50112904e-01
0.00000000e+00
0.00000000e+00
0.00000000e+00
-2.44603774e-02
6.84838869e-03
2.35197920e-01
-3.95505141e-01
-3.14375838e-01
-5.88736745e-01
9.07731358e-01
0.00000000e+00
3.93271366e-02
-6.41501182e-02
5.29671384e-02
-4.81151608e-01
-4.79077112e-01
2.48805291e-01
9.51431410e-01
0.00000000e+00
0.00000000e+00
0.00000000e+00
-6.32782816e-01
-6.41674509e-01
4.12821135e-01
-1.84593227e-01
-4.47146283e-01
0.00000000e+00
1.16120296e+00
4.34446478e-01
4.62437680e-02
-2.21255758e-01
-3.18965461e-01
5.64128157e-01
2.50441553e-01
4.92259466e-02
-1.76555909e-01
-3.81203311e-01
-1.45294296e-01
2.29605906e-01
-2.29021203e-01
1.72656391e-01
1.36695532e-01
-1.90999384e-01
-2.95443500e-01
1.05887256e-02
2.79733682e-03
0.00000000e+00
0.00000000e+00
0.00000000e+00
0.00000000e+00
0.00000000e+00
0.00000000e+00
0.00000000e+00
0.00000000e+00
0.00000000e+00
0.00000000e+00
0.00000000e+00
0.00000000e+00
0.00000000e+00
0.00000000e+00
0.00000000e+00
5.17493144e-02
-1.49284914e-02
-5.78908607e-01
0.00000000e+00
0.00000000e+00
0.00000000e+00
1.91880173e-01
-1.32428869e-01
-9.43489643e-02
7.49253099e-01
-1.16150732e+00
-5.56479713e-01
4.29081895e-01
3.22502102e-01
-7.58199712e-01
0.00000000e+00
6.45414256e-01
3.19622662e-01
-5.55985813e-01
1.25046007e+00
-3.71609829e-01
1.49702222e-01
-4.43901462e-01
-1.04907138e+00
6.69987424e-01
-1.83279438e-01
-1.16533748e+00
0.00000000e+00
0.00000000e+00
0.00000000e+00
1.16639319e-02
-4.30934580e-01
-4.96743522e-02
1.02087461e+00
-1.19638436e+00
-3.69021840e-01
2.06801616e-01
-7.93049276e-02
-4.42187413e-01
0.00000000e+00
5.24520379e-01
4.76931233e-01
-8.22972688e-01
1.24985387e+00
-1.03552038e-01
1.48152724e-01
-1.79580635e-01
-1.31112918e+00
2.63091020e-01
-8.24848487e-02
5 1
-3.7525e-01 3.0222e-01
6 0
0 1 2 6 3 4 
217
4.33361630e-02
-4.02163145e-01
3.12110592e-04
-5.68339628e-02
-3.27956073e-02
-2.30370449e-02
-2.05533759e-01
5.08644337e-01
3.29968806e-01
1.95886875e-01
2.52595710e-01
-4.48077141e-02
-3.00898986e-01
-2.16338860e-01
5.46553909e-01
-2.83912973e-02
1.70003773e-01
-2.12547569e-01
-4.12864195e-03
1.75153934e-01
-1.80425452e-01
2.37269269e-05
3.82378023e-02
-1.10244725e-01
4.92960934e-05
4.55471212e-02
1.04017168e+00
-4.76336658e-01
-5.15185186e-01
0.00000000e+00
0.00000000e+00
0.00000000e+00
0.00000000e+00
0.00000000e+00
0.00000000e+00
0.00000000e+00
0.00000000e+00
-4.37912700e-01
-9.59181155e-02
-9.99087297e-02
2.13400904e-01
5.94995664e-01
-1.30026178e-01
0.00000000e+00
0.00000000e+00
2.12914680e-01
-3.89991698e-01
2.00767376e-01
-2.09698536e-01
-8.48904207e-02
-7.98091018e-01
9.37897146e-01
0.00000000e+00
6.70655542e-03
1.13170660e-01
-3.42962280e-01
3.23432933e-01
-5.09638291e-01
3.86576141e-03
5.81147976e-01
-8.34276878e-02
1.71042530e-01
-4.29839966e-02
-6.50765744e-01
-3.07840836e-01
-2.19856596e-01
5.65865303e-01
5.29748482e-01
4.36077440e-01
3.73594153e-01
-2.82060847e-01
1.95930851e-02
-6.57271258e-01
1.72443409e-01
1.60795578e-01
1.33360516e-01
1.88510575e-01
5.89895977e-02
-2.59678987e-01
0.00000000e+00
4.22202318e-01
-1.72427235e-02
-1.78176766e-01
1.05021025e-01
0.00000000e+00
-1.32387152e-01
-1.95641301e-01
2.61781506e-01
-2.72630374e-01
-8.60581913e-02
6.96653543e-02
0.00000000e+00
3.58801542e-02
-1.78735709e-01
2.33399274e-01
-5.89688813e-01
-2.25943265e-01
-4.09346317e-01
-1.86521595e-01
-1.54140447e-01
-4.01398428e-03
1.43546583e-01
-2.76710943e-01
2.40451623e-01
3.87746442e-01
0.00000000e+00
0.00000000e+00
0.00000000e+00
0.00000000e+00
0.00000000e+00
0.00000000e+00
0.00000000e+00
0.00000000e+00
0.00000000e+00
0.00000000e+00
0.00000000e+00
0.00000000e+00
0.00000000e+00
0.00000000e+00
2.20276908e-02
-2.02460802e-01
-3.64842921e-01
0.00000000e+00
0.00000000e+00
0.00000000e+00
-4.90632609e-01
5.99472972e-02
1.38432977e-01
1.41024138e-01
-5.16316091e-01
-2.43675591e-01
-7.20791092e-02
-1.78472150e-01
-6.06629518e-02
0.00000000e+00
2.06573520e-01
5.95375677e-01
-5.65637938e-01
5.65657067e-01
1.33620151e-01
7.46092151e-02
-4.77445104e-01
-7.48642792e-02
3.35211724e-01
6.44911337e-02
-2.69931363e-02
0.00000000e+00
0.00000000e+00
0.00000000e+00
3.45397762e-01
2.73648456e-02
-1.63769416e-02
1.05029002e-01
-4.90437044e-01
-1.01104514e-01
6.96674664e-02
5.65734490e-02
-2.48949201e-01
0.00000000e+00
1.89666390e-01
-2.34823717e-02
-3.86295446e-01
3.24427840e-01
-4.42372478e-01
4.99583001e-02
1.79284536e-01
-5.92644614e-02
3.42580232e-01
5.13394981e-02
-8.07262552e-01
0.00000000e+00
0.00000000e+00
0.00000000e+00
-1.80252301e-01
-3.23074509e-01
2.24662562e-01
3.13950821e-01
-2.12662211e-01
-7.38318718e-02
5.49881530e-02
1.01963878e-01
-1.82451761e-01
0.00000000e+00
8.64213587e-02
6.21054772e-02
-3.74593388e-01
3.53108328e-01
-7.07998896e-02
1.34576737e-01
-4.11958348e-01
-2.75931347e-01
2.41820314e-02
-5.76662729e-02
-2.37373292e-01
0.00000000e+00
0.00000000e+00
0.00000000e+00
-1.08423298e-01
2.83995849e-02
1.07802257e-02
2.40105437e-01
-4.45161288e-01
2.64887170e-01
-4.80224662e-02
-9.81442597e-02
-1.93206330e-01
0.00000000e+00
1.04339920e-01
1.27698923e-01
-5.10258661e-01
3.42414842e-01
3.48355041e-03
1.00312328e-01
1.04008001e-01
-2.55374021e-01
1.73496077e-01
-7.87090262e-02
136
-3.68737254e-01
3.84941066e-01
-1.03244005e-02
-1.13460015e-01
-2.57872924e-03
-3.27848177e-01
4.98074297e-05
-3.12370129e-01
5.92943566e-04
6.26895845e-01
-3.96251420e-01
-4.69251524e-01
0.00000000e+00
0.00000000e+00
0.00000000e+00
0.00000000e+00
0.00000000e+00
0.00000000e+00
0.00000000e+00
0.00000000e+00
-2.98822541e-01
-2.35929322e-01
-2.64451321e-01
-5.57750047e-02
2.41630054e-01
2.44660033e-01
0.00000000e+00
0.00000000e+00
-4.72472046e-01
1.59696987e-01
6.29251325e-02
1.36801076e-01
8.45540209e-03
-6.41227966e-01
2.67128146e-01
0.00000000e+00
-1.48900960e-01
-1.61106698e-01
1.38129362e-01
-2.54181511e-02
-1.46378473e-02
-3.23775303e-01
6.55713660e-01
0.00000000e+00
0.00000000e+00
0.00000000e+00
-6.41795688e-01
-2.23282415e-01
5.75880560e-01
-9.23131607e-02
-5.38753013e-01
-3.06808445e-02
-4.95539730e-01
2.74540299e-01
-6.62840325e-02
-1.37394710e-01
-1.52743222e-01
-2.79033049e-01
1.85543429e-01
1.84657428e-02
-4.36121605e-01
-1.03354795e+00
4.41967239e-01
3.13885616e-01
-1.27790851e-01
2.61573540e-01
0.00000000e+00
1.85889958e+00
8.47160619e-02
3.87258648e-01
1.13958143e-01
-1.40283152e-01
-1.35831647e-01
-1.29744414e-01
5.48150000e-02
-4.06498912e-01
0.00000000e+00
0.00000000e+00
0.00000000e+00
0.00000000e+00
0.00000000e+00
0.00000000e+00
0.00000000e+00
0.00000000e+00
0.00000000e+00
0.00000000e+00
-9.90717397e-02
4.72447958e-02
-7.14929386e-01
0.00000000e+00
0.00000000e+00
0.00000000e+00
1.95566359e-01
9.19377772e-02
-2.59211099e-01
7.74829617e-01
-1.39665648e+00
-5.60262038e-01
3.43293931e-01
4.69857610e-01
-6.08680158e-01
0.00000000e+00
5.45949547e-01
4.40695403e-01
-5.69875484e-01
1.20918747e+00
-4.53479611e-01
1.77866074e-01
-3.04057164e-01
-1.26047661e+00
6.30866636e-01
-1.82281174e-01
-1.15964779e+00
0.00000000e+00
0.00000000e+00
0.00000000e+00
1.92845504e-01
-4.72253725e-01
-1.29143577e-01
1.00108882e+00
-1.10125808e+00
-5.57201127e-01
1.35215391e-01
2.65080822e-02
-6.86160142e-01
0.00000000e+00
7.20335191e-01
7.02139734e-01
-8.14247021e-01
1.12007619e+00
-2.72936250e-01
2.18927601e-01
-9.02100349e-02
-1.38756117e+00
3.54390380e-01
-1.20203566e-01
9 1
-7.9716e-01 3.3452e-01
7 1
0 1 2 6 3 4 5 
217
-4.51879664e-01
-4.90505696e-01
5.49080300e-01
-1.56013153e-01
-2.47582125e-01
3.02484228e-01
-5.19824046e-01
6.70546359e-01
2.16579386e-01
-2.30653348e-01
3.66176130e-01
-1.26469910e+00
0.00000000e+00
0.00000000e+00
4.82748779e-01
-3.08188521e-02
-1.76990590e-01
-1.47224458e+00
7.20300105e-03
2.02799001e-01
6.72940655e-01
-4.39584945e-02
-2.15309515e-01
0.00000000e+00
0.00000000e+00
0.00000000e+00
4.17701640e-01
-3.51750631e-01
-4.90900416e-01
0.00000000e+00
0.00000000e+00
0.00000000e+00
0.00000000e+00
0.00000000e+00
0.00000000e+00
0.00000000e+00
0.00000000e+00
-7.89545671e-02
-2.53114871e-01
-2.51070358e-01
-3.09881801e-02
7.07601474e-02
3.00749929e-01
0.00000000e+00
0.00000000e+00
-8.84908736e-04
-8.02959247e-02
4.34735374e-02
2.66758048e-01
-2.68738059e-02
-7.64568265e-01
6.22851051e-01
0.00000000e+00
-3.10954024e-01
3.49958425e-01
-4.54648005e-01
-1.30586116e-01
-7.15639454e-01
7.36921209e-03
7.99655047e-01
-6.91963765e-02
-7.05658389e-01
3.22975101e-01
1.07569551e-01
-5.16428652e-01
-8.32937912e-01
1.31717345e-01
4.50178323e-01
-1.74737908e-01
6.99099172e-01
0.00000000e+00
-9.75674742e-01
-1.24272875e+00
4.15733437e-01
4.69572512e-01
1.08061641e-01
7.17166457e-01
0.00000000e+00
-5.10845381e-01
0.00000000e+00
3.36313730e-02
1.13869518e-01
2.53343443e-02
2.17906961e-01
0.00000000e+00
2.96525187e-03
2.60841833e-01
-2.12814878e-01
4.02180181e-01
-2.42030038e-01
-1.19212057e-01
3.72688216e-01
-1.32624472e-01
5.79394399e-01
-8.17239407e-02
-3.26632919e-01
-6.10219467e-01
-8.05159206e-01
0.00000000e+00
-4.33004911e-01
0.00000000e+00
-6.90149553e-02
2.48922370e-01
5.01402021e-02
5.97925979e-01
-1.95442100e-01
-1.13480270e-01
1.95220854e-01
1.04067162e-01
-3.53387213e-01
-2.47024456e-01
-1.26922420e-01
0.00000000e+00
0.00000000e+00
0.00000000e+00
0.00000000e+00
0.00000000e+00
0.00000000e+00
0.00000000e+00
1.03185084e+00
-4.18373708e-01
-4.90521837e-01
0.00000000e+00
0.00000000e+00
0.00000000e+00
2.13967655e+00
-2.07146108e-01
1.46743636e-01
1.82797076e+00
-1.95050276e+00
-6.70247490e-01
7.63474899e-01
8.72480583e-01
-2.77697115e-01
0.00000000e+00
-6.55232711e-01
6.45309239e-01
-5.54973634e-01
8.03011951e-01
-2.84410810e-01
8.62405015e-01
-9.13957826e-01
-8.79900725e-01
-2.87230230e-01
1.58405512e-01
-3.66998615e-03
0.00000000e+00
0.00000000e+00
0.00000000e+00
-6.05284142e-01
-4.64984881e-01
-2.37282543e-01
-4.83943343e-03
5.85495106e-01
5.19583075e-01
3.15721546e-01
8.49049513e-02
1.56427088e-01
0.00000000e+00
9.04667676e-01
-4.38353726e-02
1.98556934e-01
4.15957117e-01
-4.85809939e-01
1.58709134e-01
6.46306143e-01
2.90027368e-01
7.53914706e-01
9.19764470e-02
-1.13020951e+00
0.00000000e+00
0.00000000e+00
0.00000000e+00
7.09817421e-01
1.26847932e+00
-2.34082578e-01
4.83957999e-01
-8.43137110e-01
-3.44975348e-01
-6.42920040e-01
1.07073764e+00
-8.68688288e-02
0.00000000e+00
2.23819888e-01
6.74106004e-01
-1.32594440e+00
3.34761407e+00
1.68787174e-01
3.41614021e-01
-6.20875894e-01
-4.40671087e-01
-1.05410160e+00
9.32944281e-02
-5.79265762e-01
0.00000000e+00
0.00000000e+00
0.00000000e+00
2.96350345e-01
-1.04206130e-02
5.33203447e-01
1.02447547e+00
4.23399518e-02
3.31694288e-01
7.03291942e-01
8.18167473e-02
-1.10379694e-01
0.00000000e+00
4.15887638e-01
4.81954552e-01
5.80180945e-01
-6.45258746e-01
3.48822180e-01
4.42274451e-01
5.94172212e-01
1.76087713e-02
1.14699735e+00
1.80050101e-01
136
-8.78029543e-01
-2.24779485e-01
1.23416523e-03
-5.10710898e-01
1.94857918e-03
1.11880618e-01
-3.97058997e-02
0.00000000e+00
0.00000000e+00
0.00000000e+00
2.00012280e+00
1.98654896e+00
0.00000000e+00
0.00000000e+00
0.00000000e+00
0.00000000e+00
0.00000000e+00
0.00000000e+00
0.00000000e+00
0.00000000e+00
-8.86852694e-01
-4.77197210e-01
-3.58844170e-01
-1.01684281e-01
2.54359931e-01
2.93011076e-01
3.99177805e-01
0.00000000e+00
-7.10007429e-01
-1.71689416e-01
-2.82327255e-02
-4.55706449e-02
-2.12169239e-01
-6.22579208e-01
6.58008889e-01
0.00000000e+00
-4.44605042e-01
-4.38653318e-01
-1.18750888e-02
-4.27802654e-02
-1.13597392e-02
-1.35868178e-02
1.10137794e+00
0.00000000e+00
0.00000000e+00
0.00000000e+00
-5.55776061e-01
-6.63391044e-01
4.07819266e-01
-2.15818288e-01
-4.68214756e-01
0.00000000e+00
-8.62795904e-01
1.40554058e-01
-1.92440723e-01
-8.45113856e-01
0.00000000e+00
1.44158487e+00
4.05172750e-01
1.93236675e-01
-8.64449151e-01
-1.25982576e+00
1.27487630e-01
3.18196719e-01
-2.69148383e-01
1.69613375e-01
-1.47710305e-01
-6.61530021e-01
-3.63331977e-01
-5.68648189e-02
-6.61117203e-02
0.00000000e+00
1.25751299e+00
2.53972405e-01
2.25152588e-01
-2.55102033e-01
-9.67452599e-01
-6.53116983e-01
-3.56982561e-01
-1.84938034e-02
-1.79877005e-02
0.00000000e+00
0.00000000e+00
0.00000000e+00
0.00000000e+00
0.00000000e+00
4.07042424e-01
5.17489064e-01
-3.41903639e-01
0.00000000e+00
0.00000000e+00
0.00000000e+00
4.80683543e-01
1.79330474e-01
-1.19280153e-01
6.55377548e-01
-1.22454039e+00
-6.48756728e-01
1.17453077e-01
6.66498331e-01
-8.63123814e-01
0.00000000e+00
7.34697919e-01
4.14086078e-01
-8.15555995e-01
7.67598146e-01
-3.56070809e-01
1.26096259e-01
-3.34282627e-01
-7.92818780e-01
7.51557599e-01
-8.08533207e-02
-9.26907915e-01
0.00000000e+00
0.00000000e+00
0.00000000e+00
1.76603613e-02
-4.69583675e-01
-7.61180649e-02
1.25915834e+00
-1.13712968e+00
3.08682097e-02
2.39301938e-02
-1.05313484e-01
-5.47621995e-01
0.00000000e+00
5.44143141e-01
4.45538017e-01
-6.67607306e-01
1.13190365e+00
-5.59749383e-02
7.45327508e-02
-3.20058657e-01
-1.09153540e+00
2.20121848e-01
-2.03821234e-01
7 1
-7.6554e-01 3.7062e-01
8 1
0 1 2 6 3 4 5 9 
217
-2.31891860e-01
-5.47408007e-01
-2.49764588e-02
6.80632232e-02
1.50398633e-01
-2.25806702e-01
-5.02895209e-01
1.47798199e+00
8.38978722e-01
4.79839919e-01
1.00520824e+00
8.77468709e-01
0.00000000e+00
0.00000000e+00
-2.47324043e-01
4.03147778e-02
-5.64022198e-01
6.40555640e-01
-4.45721913e-03
-1.36184256e-01
-3.67498166e-01
-1.74757535e-02
2.45350447e-01
0.00000000e+00
0.00000000e+00
0.00000000e+00
3.74134247e-01
-4.02546451e-01
-8.41630848e-02
0.00000000e+00
0.00000000e+00
0.00000000e+00
0.00000000e+00
0.00000000e+00
0.00000000e+00
0.00000000e+00
0.00000000e+00
1.36773398e-02
-1.51884940e-01
-1.90882953e-01
-1.05390995e-02
7.19282304e-02
-2.57779720e-02
6.15875338e-02
0.00000000e+00
-1.69691701e-01
-1.34680185e-01
2.40060296e-01
7.62957145e-02
2.77357855e-02
-4.96413596e-01
6.07623363e-01
0.00000000e+00
-6.48740227e-02
-6.87123843e-01
3.62561846e-02
4.68718312e-01
-1.01539574e+00
1.80227601e-01
6.99369968e-01
-1.80325846e-01
-2.41944692e-01
1.90378678e-01
-2.82871321e-01
-3.10104676e-01
-1.04512393e+00
5.16352005e-01
7.69331949e-01
-1.55267868e-01
5.36074887e-01
0.00000000e+00
-6.77211648e-01
-3.95551666e-01
3.96390969e-01
2.95615094e-01
4.89288191e-02
5.80721292e-01
-5.14378600e-01
-2.65674671e-01
4.70447294e-01
4.75007079e-01
-1.29415074e-02
7.31543312e-02
8.98198472e-02
0.00000000e+00
1.50929677e-01
7.39723815e-01
-2.03687072e-01
5.62195647e-01
-1.79134465e-01
-5.66050949e-01
1.53914492e-01
-3.54357445e-01
1.03703392e-01
-1.57363603e-01
-4.16659081e-01
1.25914696e-01
1.92968457e-01
0.00000000e+00
-3.93015998e-01
0.00000000e+00
3.22090895e-01
-5.82127486e-01
-3.66520571e-01
-8.95285882e-02
8.46928808e-02
3.18923714e-02
1.49432095e-01
-2.53906925e-01
-3.26785723e-01
-9.45701878e-02
2.75765046e-01
5.65848633e-01
-1.33234051e-01
0.00000000e+00
-2.96100942e-01
-5.56597183e-02
-3.68405499e-01
-3.60944888e-01
7.87102820e-01
5.40193337e-01
-1.95203175e-01
0.00000000e+00
0.00000000e+00
0.00000000e+00
-6.39413183e-01
-4.03578119e-01
-1.02881266e+00
-3.14282843e-01
-8.82681706e-01
-1.21691384e+00
1.40145584e+00
9.50783816e-01
-2.56699838e+00
0.00000000e+00
1.97590665e+00
1.13803311e+00
2.63321405e-01
5.75103812e-01
2.45025104e-01
5.04219918e-01
-9.26838174e-01
-2.50413100e-02
1.64295019e+00
-8.87442800e-01
-4.03408994e-02
0.00000000e+00
0.00000000e+00
0.00000000e+00
9.52303047e-02
5.61234438e-01
5.61487094e-01
4.79143177e-01
-3.58155529e-01
5.94895121e-01
-4.00982857e-01
-2.63819310e-01
1.07309241e+00
0.00000000e+00
-7.72613430e-01
-4.33390708e-01
-3.44964725e-01
-2.03100908e-01
-4.52329095e-01
-3.16183173e-01
2.19750572e-01
7.45073841e-02
-3.46573490e-01
1.92431831e-01
-5.82290784e-01
0.00000000e+00
0.00000000e+00
0.00000000e+00
-1.94267318e-02
9.85481920e-01
3.62666133e-01
7.26852362e-01
-5.67374056e-02
7.85458687e-01
-7.29698833e-01
2.76308908e-01
-6.46480298e-01
0.00000000e+00
-1.28860196e-02
-4.37648306e-01
-8.03631016e-01
-4.75642436e-01
2.62026679e-01
4.26770192e-01
2.01242439e-01
-4.09388818e-01
3.12855910e-01
-1.33041415e+00
-2.88926585e-01
0.00000000e+00
0.00000000e+00
0.00000000e+00
2.23548258e-01
-7.67085158e-01
-3.97271127e-01
3.74624039e-01
-9.92780673e-01
3.31433804e-03
2.08900353e-01
-2.08148942e-01
-1.26153674e-01
0.00000000e+00
1.27686566e-01
3.06093075e-01
2.14581301e-01
9.31077134e-01
3.50567533e-02
-3.92869642e-01
-2.79924583e-01
-1.79404120e-01
6.06760683e-02
5.69153448e-01
136
-6.36992049e-01
8.67145271e-01
-1.63352348e-02
-1.23703957e-01
-4.69223802e-03
-4.47925732e-01
-4.04524057e-03
0.00000000e+00
0.00000000e+00
3.20398278e-01
-3.66574423e-01
-1.87581721e-01
0.00000000e+00
0.00000000e+00
0.00000000e+00
0.00000000e+00
0.00000000e+00
0.00000000e+00
0.00000000e+00
0.00000000e+00
-5.82731094e-01
-3.60357426e-01
-2.75630530e-01
-1.65596561e-01
5.47136237e-02
2.01904989e-01
4.95734196e-01
0.00000000e+00
-2.20756020e-01
-3.59589078e-02
1.95815158e-01
-2.97468664e-01
-1.47203214e-01
-8.14088189e-01
4.26453803e-01
0.00000000e+00
2.41693488e-02
-6.95783111e-03
7.78488403e-02
-1.98064756e-01
-1.21470772e-01
-1.04012791e-01
6.37256170e-01
0.00000000e+00
0.00000000e+00
0.00000000e+00
-7.64769841e-01
-7.44335523e-01
3.59616730e-01
-1.83597800e-01
-2.24607601e-01
0.00000000e+00
2.56643251e-01
3.49155732e-01
3.72310431e-02
-5.24538623e-01
-2.02986880e-01
1.84593243e-01
3.17571155e-01
5.67447247e-02
-9.06973806e-01
-1.34030975e+00
-4.38967223e-02
2.14838111e-01
-1.96461707e-01
7.07693681e-03
2.33066340e-02
-8.72309467e-01
-3.64150136e-01
-1.10931469e-01
1.89629511e-02
0.00000000e+00
3.99884040e+00
8.41317532e-01
6.57754451e-01
-6.14499587e-01
-8.27206394e-01
-3.93227113e-01
-1.89904974e-01
3.75648461e-03
-2.77134281e-02
-2.13353700e-01
-1.74981304e-01
-5.59053242e-01
1.48532522e-01
9.78016877e-03
-2.40444845e-02
-9.83594622e-02
-6.20407879e-01
0.00000000e+00
0.00000000e+00
0.00000000e+00
3.18487603e-01
-2.56242750e-01
-2.68079965e-01
7.82657232e-01
-1.27667398e+00
-7.03214196e-01
4.88089315e-01
4.65818378e-01
-9.38298571e-01
0.00000000e+00
7.29315079e-01
4.58085064e-01
-6.68400797e-01
1.17708456e+00
-4.04859197e-01
3.12253282e-01
-2.45188224e-01
-1.23656410e+00
6.75019038e-01
-2.96956435e-02
-1.20262957e+00
0.00000000e+00
0.00000000e+00
0.00000000e+00
7.73704399e-02
-3.12976449e-01
3.56285607e-02
1.00826069e+00
-1.20612923e+00
-4.54462387e-01
1.18177729e-01
4.95673494e-02
-5.20133891e-01
0.00000000e+00
5.65792594e-01
6.95504891e-01
-8.54444072e-01
1.06361348e+00
-3.44593698e-01
2.39820348e-01
-1.01462799e-01
-1.44825660e+00
2.36793862e-01
-5.07003823e-02
8 1
-9.2508e-01 3.6845e-01
8 1
0 1 2 6 3 4 5 9 
217
1.05473489e-01
-1.30030241e-01
-5.98999658e-01
-3.54960673e-01
3.42091916e-01
-2.30747830e-01
-8.79908331e-02
1.31214484e+00
1.37482434e+00
-4.14986508e-01
1.03173625e+00
-5.29509029e-01
0.00000000e+00
0.00000000e+00
2.63563143e+00
-3.99073044e-02
-1.81284563e+00
-6.68314244e-01
-2.16797399e-03
-8.15732079e-01
-1.29512649e+00
1.55964766e-03
-8.72030397e-01
0.00000000e+00
0.00000000e+00
0.00000000e+00
0.00000000e+00
5.16932202e-01
5.68091921e-01
0.00000000e+00
0.00000000e+00
0.00000000e+00
0.00000000e+00
0.00000000e+00
0.00000000e+00
0.00000000e+00
0.00000000e+00
-2.88610694e-01
-2.51430045e-01
-2.50480443e-01
-9.00148236e-02
2.11401775e-01
-8.92309033e-03
7.83530810e-01
0.00000000e+00
2.96038100e-01
-4.21179302e-01
7.18516469e-01
-5.59320347e-01
-8.69843088e-02
-1.02350361e-01
5.70953808e-01
0.00000000e+00
3.40956866e-01
0.00000000e+00
4.84134345e-01
-8.31729690e-02
-7.69193539e-01
7.89031798e-01
5.57291535e-01
-5.29072312e-03
4.99714612e-02
6.07927507e-02
-1.98871135e+00
-1.75284321e-02
-9.20528616e-01
1.30558635e+00
5.58298072e-01
8.06126920e-01
6.27829031e-01
0.00000000e+00
-8.61676198e-01
-5.81389258e-02
7.47613568e-01
-6.27036366e-02
2.19536119e-01
1.21081161e+00
0.00000000e+00
-2.10782127e-01
0.00000000e+00
-1.78044455e-01
3.01155025e-01
4.94300071e-01
1.99696719e-02
0.00000000e+00
4.15674057e-01
9.67319266e-01
-2.96695213e-02
5.31460447e-01
-2.80531047e-01
-4.18785904e-01
8.55971891e-01
-3.69694733e-01
-4.35839517e-01
6.13742010e-02
-3.82415989e-01
-4.42177870e-01
-2.01437104e-01
0.00000000e+00
-1.34096648e-01
0.00000000e+00
3.01537475e-01
-5.79312960e-02
-6.19673378e-02
-1.26008044e-01
8.24307227e-01
9.21413219e-02
1.46291397e-01
-7.03926638e-01
2.57213456e-01
-1.07048423e-01
-2.47193515e-01
0.00000000e+00
1.35355268e+00
2.99901603e-02
1.39310643e+00
-9.65928586e-01
1.37656463e+00
-1.12147173e-01
2.99218331e-01
5.13016158e-01
-1.28199181e+00
0.00000000e+00
0.00000000e+00
0.00000000e+00
5.56483585e-01
4.13347190e-01
1.45759031e-02
2.15102295e+00
-2.38189580e+00
-8.08751381e-01
3.05300026e-01
5.96150172e-01
6.04110020e-02
0.00000000e+00
6.08420177e-01
-1.63208404e+00
-2.66740478e+00
1.22152775e+00
-3.88259201e-01
1.79221444e+00
-9.62486330e-01
-9.75804301e-01
1.13026329e+00
-3.15022467e-01
2.55547366e-01
0.00000000e+00
0.00000000e+00
0.00000000e+00
-2.01352194e-01
-3.04698329e-01
3.04403831e-01
-1.07008593e+00
6.92586391e-01
8.87826742e-02
2.49734332e-01
-3.37112710e-01
-2.65807369e-01
0.00000000e+00
1.24802740e-01
9.24558471e-01
6.46031766e-01
-1.80853780e-02
-5.97170967e-01
-9.14006287e-01
1.15861804e-01
6.78286561e-01
3.30678719e-02
1.05750084e-01
-1.18750255e+00
0.00000000e+00
0.00000000e+00
0.00000000e+00
3.47063415e-01
-7.91137447e-02
1.64765742e+00
9.31877831e-01
1.35062678e+00
1.68323149e+00
-7.27947376e-01
-3.16453835e-01
-1.35780689e-01
0.00000000e+00
1.50853317e+00
-2.76571226e-01
-1.68130815e+00
1.36032220e+00
4.14014170e-01
1.62540149e+00
-2.53572933e-01
-1.05911990e+00
1.28267510e+00
-1.73665310e+00
-6.79112943e-01
0.00000000e+00
0.00000000e+00
0.00000000e+00
7.17480325e-01
7.39924611e-03
-1.67388869e-01
1.23142717e+00
-6.94446672e-01
4.79079293e-02
9.07054753e-01
9.98086962e-01
-2.44729074e-01
0.00000000e+00
3.39396870e-01
4.62527795e-01
1.49589056e+00
9.01131285e-01
6.54037439e-01
-2.93885961e-01
7.85897850e-01
1.33762068e+00
3.13209743e-01
1.56276109e+00
136
-7.09158166e-01
1.79070671e-01
-8.67126730e-03
-5.47363548e-01
2.21130562e-03
-2.41031784e-02
-3.11807297e-02
0.00000000e+00
0.00000000e+00
-1.38382141e+00
4.92780527e-01
4.84691524e-01
0.00000000e+00
0.00000000e+00
0.00000000e+00
0.00000000e+00
0.00000000e+00
0.00000000e+00
0.00000000e+00
0.00000000e+00
-6.24049015e-01
-2.97622706e-01
-3.31038147e-01
-1.26717378e-01
5.60099397e-02
1.75785163e-01
4.38473977e-01
0.00000000e+00
-4.93064119e-01
-2.09318912e-01
-6.71496592e-02
1.07097866e-01
-1.36033968e-01
-7.47303823e-01
5.43046542e-01
0.00000000e+00
-2.92434367e-01
-2.17190391e-01
-2.33176942e-02
-6.89336660e-02
-9.50836518e-02
-3.88245985e-02
9.28565903e-01
0.00000000e+00
0.00000000e+00
0.00000000e+00
-4.01201925e-01
-6.72485227e-01
3.79787692e-01
-1.94583369e-01
-2.75445146e-01
0.00000000e+00
-4.48883325e-01
2.49511590e-01
-8.53989956e-02
-8.01009083e-01
0.00000000e+00
1.44426109e+00
4.86834340e-01
1.85379434e-01
-6.64021341e-01
-1.04465213e+00
3.09949188e-01
3.99153787e-01
-2.18640849e-01
1.57692606e-01
-3.33624295e-01
-5.58481883e-01
-2.82132229e-01
-4.99216750e-02
4.73303257e-02
0.00000000e+00
1.10658921e+00
2.98929716e-01
1.86859458e-01
-4.74341991e-01
-5.46435793e-01
-6.11279538e-01
-2.76948299e-01
-1.66788501e-02
8.05516884e-03
-7.08998749e-01
1.70483436e-01
-4.61493158e-01
2.24342679e-01
-2.50565997e-01
5.29685953e-01
2.18912215e-01
-2.58256412e-01
0.00000000e+00
0.00000000e+00
0.00000000e+00
4.22319785e-01
-4.01823285e-02
-3.70163189e-01
7.80583148e-01
-1.18142856e+00
-6.07177317e-01
2.03210919e-01
5.54801628e-01
-8.00723075e-01
0.00000000e+00
6.32657430e-01
4.53616169e-01
-6.23385667e-01
7.66271315e-01
-3.57967673e-01
1.91225868e-01
-3.52795502e-01
-8.12190505e-01
1.00633646e+00
-1.23265317e-01
-1.05681650e+00
0.00000000e+00
0.00000000e+00
0.00000000e+00
2.24881279e-02
-2.39127797e-01
2.11408143e-02
1.17795448e+00
-1.25157905e+00
-1.20848680e-01
4.85932742e-02
1.04270098e-01
-5.33928419e-01
0.00000000e+00
4.06267093e-01
5.10817105e-01
-8.72398545e-01
1.17109238e+00
-1.53622265e-01
1.50332669e-01
-2.74986240e-01
-1.28547903e+00
2.32897488e-01
-1.70700010e-01
10 2
-1.9243e+00 4.4169e-01
8 -1
0 1 2 6 3 4 5 9 
217
-1.44209921e-01
-9.65683399e-02
-7.49797668e-02
0.00000000e+00
-4.84614780e-01
-2.03444023e+00
-1.97679498e+00
3.88869320e-02
-2.38072473e+00
-9.55448802e-01
-3.15591023e+00
-1.27667795e+00
0.00000000e+00
0.00000000e+00
-5.27046231e+00
3.16914457e-02
2.35921212e+00
0.00000000e+00
0.00000000e+00
0.00000000e+00
0.00000000e+00
0.00000000e+00
0.00000000e+00
0.00000000e+00
0.00000000e+00
0.00000000e+00
0.00000000e+00
-4.00055987e-02
-6.73882632e-02
0.00000000e+00
0.00000000e+00
0.00000000e+00
0.00000000e+00
0.00000000e+00
0.00000000e+00
0.00000000e+00
0.00000000e+00
2.80070702e-01
-3.44068559e-02
-6.39538085e-01
-1.74055184e-01
-9.58533335e-01
-5.87535834e-01
0.00000000e+00
0.00000000e+00
2.84194107e-01
4.29140728e-01
-3.00956927e-01
2.43162748e+00
6.45097790e-01
0.00000000e+00
1.03361231e+00
0.00000000e+00
1.37450153e+00
0.00000000e+00
-2.52024625e-01
0.00000000e+00
0.00000000e+00
0.00000000e+00
2.82742729e+00
-1.35979064e-01
-9.19929524e-01
9.11698667e-01
2.44778086e-01
-1.13213384e+00
-2.21976855e-02
9.64230683e-02
7.66485608e-01
6.46722763e-01
1.49185792e+00
0.00000000e+00
-1.34080402e+00
0.00000000e+00
1.56903359e-01
6.76982194e-01
1.03969074e+00
-6.61993993e-01
0.00000000e+00
2.59642720e-01
0.00000000e+00
5.67911134e-01
-2.93251931e-01
-9.71763776e-01
-3.52515205e-01
0.00000000e+00
4.58483878e-01
0.00000000e+00
1.16314629e-01
5.73415220e-01
-7.19008428e-01
-1.04897961e+00
0.00000000e+00
-9.99192591e-02
-2.57768792e-01
-3.34860706e-01
-4.15867626e-01
3.16279319e-01
6.12625321e-01
0.00000000e+00
-3.80191732e-01
0.00000000e+00
4.64269995e-01
-5.16531803e-01
-2.28288184e-01
5.65777211e-02
0.00000000e+00
7.13766973e-01
7.06014943e-03
1.57218649e+00
-1.22643151e-01
7.95321051e-01
-9.37420296e-01
0.00000000e+00
-6.83728283e-01
0.00000000e+00
5.11507404e-01
-1.26417673e+00
2.80109576e-02
1.19492631e+00
1.62040406e+00
1.56393490e+00
1.12934863e+00
0.00000000e+00
0.00000000e+00
0.00000000e+00
1.00233925e+00
-3.50933084e-02
4.32260866e-01
5.39401854e+00
-5.76161819e-02
-1.69241499e+00
1.83394840e+00
6.65993844e+00
0.00000000e+00
0.00000000e+00
0.00000000e+00
2.33444588e-01
-3.33580264e+00
-6.24797189e-01
0.00000000e+00
9.42107897e-01
-2.35157842e+00
0.00000000e+00
4.75624328e-01
4.12184707e+00
-1.23491186e+00
0.00000000e+00
0.00000000e+00
0.00000000e+00
4.15385808e-01
-6.70934250e-02
5.06475541e-01
-1.86131769e+00
-1.10212561e-01
1.00386087e+00
-4.94092850e-04
-2.69690010e+00
0.00000000e+00
0.00000000e+00
0.00000000e+00
3.57250812e-01
1.87592347e+00
9.30622621e-01
0.00000000e+00
4.89707621e-01
1.84692538e+00
0.00000000e+00
1.03408922e+00
-1.06440397e+00
-1.52543578e+00
0.00000000e+00
0.00000000e+00
0.00000000e+00
2.71590362e+00
-8.37529655e-02
4.44461978e+00
1.93397085e+00
-2.97458726e-01
-1.33583828e+00
2.02427921e+00
4.17279895e+00
3.20395956e+00
0.00000000e+00
-1.23262248e+00
3.19659906e+00
0.00000000e+00
2.60858658e+00
-2.39920097e+00
-2.95361953e+00
2.15414676e+00
-1.27287289e-03
-2.51461556e-02
1.10632007e+00
-1.32761714e-01
0.00000000e+00
0.00000000e+00
0.00000000e+00
-3.45920814e-01
-1.20636862e-01
-2.81094227e+00
5.43853348e-01
-5.22469310e-01
1.33477612e+00
-4.03616565e-01
-2.18814424e+00
-3.42896362e-01
0.00000000e+00
1.54767059e+00
-1.08722017e+00
0.00000000e+00
-6.76197442e-01
8.98230043e-01
1.75470033e+00
2.19656496e-02
-3.82573884e-03
-4.53006948e-02
5.80942715e-01
136
-8.02395758e-01
-5.44686308e-01
7.19422235e-03
-2.57709449e-01
-4.92173016e-02
0.00000000e+00
0.00000000e+00
0.00000000e+00
0.00000000e+00
0.00000000e+00
8.64228784e-01
9.31569260e-01
0.00000000e+00
0.00000000e+00
0.00000000e+00
0.00000000e+00
0.00000000e+00
0.00000000e+00
0.00000000e+00
0.00000000e+00
-1.15684573e+00
-6.91401789e-01
-5.80449674e-01
-2.23524110e-01
2.68501958e-01
5.29182841e-01
1.05214074e+00
0.00000000e+00
-6.18045995e-01
-8.51178935e-01
-8.08603757e-02
-3.61958347e-02
-1.70981621e-01
-9.46399832e-01
5.49810630e-01
0.00000000e+00
1.04252774e-01
-5.82470341e-01
2.09707003e-02
1.27776749e-01
8.04622463e-02
6.31982193e-01
9.68481885e-01
0.00000000e+00
0.00000000e+00
0.00000000e+00
-8.91418392e-01
-7.65067610e-01
3.63871977e-01
-2.95769614e-01
-4.66344601e-01
0.00000000e+00
-2.44709735e-01
4.17208491e-01
-1.08841608e-01
-5.53927317e-01
0.00000000e+00
-1.83687725e-01
2.12544819e-03
-1.47090939e-01
-4.81747634e-01
-6.48171673e-01
3.24953628e-01
2.81282769e-01
-2.70150660e-01
1.39902844e-01
-4.89291590e-01
-6.34472014e-01
-3.41135422e-01
-8.01983574e-02
-5.91942903e-02
0.00000000e+00
1.80267241e-01
7.06663250e-02
3.87672246e-02
-6.60775126e-01
-8.87680719e-01
-1.34658620e+00
-4.85182415e-01
-1.82104091e-01
3.59019865e-02
0.00000000e+00
3.10093315e+00
1.27200449e-01
6.53929863e-01
-3.43967549e-01
1.03001324e+00
6.49850759e-01
-9.74423573e-02
0.00000000e+00
0.00000000e+00
0.00000000e+00
6.55862497e-01
1.25859101e-01
-1.59426138e-01
8.54031596e-01
-1.03928248e+00
-4.90483697e-01
3.51929423e-01
5.69557639e-01
-8.42671550e-01
0.00000000e+00
6.98265004e-01
6.38044175e-01
-1.16733617e+00
8.53368238e-01
-3.18973567e-02
4.86617163e-01
-3.35406811e-01
-1.44494100e+00
1.98638189e-01
-1.81701728e-02
-7.78338503e-01
0.00000000e+00
0.00000000e+00
0.00000000e+00
-3.71953856e-01
-8.02241326e-02
-2.54422406e-01
1.34087587e+00
-1.02212696e+00
3.09992147e-01
-1.35889329e-01
1.05187242e-02
-2.50910619e-01
0.00000000e+00
4.74555169e-01
4.88874445e-01
-6.85350055e-01
1.31808799e+00
1.78656458e-02
-1.26150817e-01
-4.23827857e-01
-1.18175206e+00
2.30343792e-01
-4.36844195e-01
