0 10 -999999999 -1 -1
1 2 0 -1 -1
0.1938 0.09195
356
1.48977006e-01
1.64675651e-01
0.00000000e+00
5.14905418e-01
3.89454785e-01
0.00000000e+00
0.00000000e+00
0.00000000e+00
0.00000000e+00
0.00000000e+00
0.00000000e+00
0.00000000e+00
0.00000000e+00
3.96873533e-01
3.81045763e-01
-2.63013878e-01
0.00000000e+00
0.00000000e+00
0.00000000e+00
0.00000000e+00
0.00000000e+00
0.00000000e+00
0.00000000e+00
0.00000000e+00
0.00000000e+00
0.00000000e+00
0.00000000e+00
0.00000000e+00
0.00000000e+00
0.00000000e+00
0.00000000e+00
0.00000000e+00
0.00000000e+00
0.00000000e+00
0.00000000e+00
0.00000000e+00
0.00000000e+00
0.00000000e+00
0.00000000e+00
0.00000000e+00
0.00000000e+00
0.00000000e+00
0.00000000e+00
0.00000000e+00
0.00000000e+00
0.00000000e+00
0.00000000e+00
0.00000000e+00
0.00000000e+00
0.00000000e+00
0.00000000e+00
-1.97552054e-01
-3.15360591e-01
-2.03645175e-01
0.00000000e+00
0.00000000e+00
0.00000000e+00
0.00000000e+00
5.92740514e-02
4.20461819e-01
1.82755180e-01
2.24757622e-01
3.92910190e-01
-3.26778167e-01
-2.00925047e-01
-3.60551689e-01
-2.85037369e-01
3.53772414e-01
2.77099022e-01
8.15288584e-03
-1.04178417e-01
8.40676854e-01
-1.30975393e-02
-1.50531954e-01
-3.69698079e-01
8.91678924e-03
-2.79456350e-01
-5.99100791e-01
7.01619704e-03
7.14796641e-02
0.00000000e+00
0.00000000e+00
0.00000000e+00
0.00000000e+00
9.16954473e-01
1.44958932e-01
-2.12896085e-01
-4.69873693e-01
-1.63479172e-01
-6.66874479e-02
-5.75515413e-01
-2.74643487e-01
-2.93707137e-01
1.01283042e-02
-9.10475271e-01
-1.89218870e-01
2.17850141e-01
2.38820019e-01
1.15745636e-01
-1.08702535e-01
-2.20539675e-03
-3.50617107e-01
0.00000000e+00
0.00000000e+00
3.41883641e+00
2.49612800e+00
0.00000000e+00
0.00000000e+00
0.00000000e+00
0.00000000e+00
0.00000000e+00
0.00000000e+00
-8.35988108e-01
-8.21225585e-01
-5.63089717e-01
-1.66664101e-01
-3.34160769e-01
-1.12168097e+00
-2.22882524e+00
4.83817085e-01
1.31089548e+00
1.33183654e+00
-1.06922095e+00
1.95091173e-01
-1.97895530e-01
-8.51111347e-01
-8.72183914e-02
-2.54041348e-01
-4.23044592e-01
-5.57433874e-01
4.02183066e+00
4.19747498e+00
4.44222216e+00
4.60257401e+00
4.80634316e+00
4.68605720e+00
8.04142872e-01
4.99108950e-01
9.36672361e-01
-4.05322650e-01
-9.54036524e-02
-5.48476209e-01
0.00000000e+00
0.00000000e+00
0.00000000e+00
0.00000000e+00
0.00000000e+00
1.86219300e-01
0.00000000e+00
0.00000000e+00
0.00000000e+00
0.00000000e+00
2.35940942e-02
0.00000000e+00
0.00000000e+00
0.00000000e+00
-4.58659329e-01
0.00000000e+00
-1.97145534e+00
-1.18018440e+00
-8.12323787e-01
-3.95874034e-01
-4.86080279e-01
-7.71092556e-01
-1.29840407e+00
0.00000000e+00
0.00000000e+00
0.00000000e+00
1.59766685e+00
5.58855936e-01
1.45236974e-01
9.24558179e-01
-2.70689567e+00
-7.72826833e-02
9.12294994e-01
1.21821451e+00
-1.64286192e+00
0.00000000e+00
1.51317212e+00
-5.11070308e-01
-2.83268588e+00
8.19991330e-01
-5.80456022e-01
6.94466903e-01
-3.65315368e-01
-1.78619441e+00
-3.76553449e-01
1.19645385e+00
2.61811999e-01
0.00000000e+00
0.00000000e+00
0.00000000e+00
-5.48967746e-01
-5.46279922e-02
-1.38889937e-01
-1.26438732e-02
5.03778807e-01
-8.78718753e-02
-3.18584399e-01
-3.58018910e-01
6.04448209e-01
0.00000000e+00
-4.03427430e-01
7.30272488e-01
2.71896597e-01
-3.55678001e-02
2.11328344e-01
-2.58920515e-02
2.06521717e-01
2.58206908e-02
8.78875404e-02
-3.95650380e-01
-1.04717940e-01
-2.35641542e-01
-1.39612033e-01
-1.77121264e-01
-2.51544661e-01
1.15148525e+00
-6.93782739e-01
-6.93344050e-01
-7.06588096e-02
0.00000000e+00
0.00000000e+00
0.00000000e+00
5.25749195e-01
-9.93234713e-01
3.41210650e-01
3.35102079e-01
-5.98280504e-01
1.10425905e-01
6.07628810e-01
4.07299544e-01
-1.22828007e+00
0.00000000e+00
6.31740177e-01
-1.13877231e+00
3.26945686e-02
4.41831811e-01
-7.66187119e-01
5.84205431e-01
1.14527190e-01
2.23241762e-02
1.72067546e-01
3.27288830e-01
1.30923602e-01
0.00000000e+00
-1.10791732e+00
7.24017629e-02
-1.19368613e+00
-5.76682245e-01
5.17823236e-01
-6.22889526e-01
1.01024677e+00
2.51822600e+00
6.35887284e-01
0.00000000e+00
-6.17003880e-01
0.00000000e+00
0.00000000e+00
4.39016166e-01
-1.16696659e+00
0.00000000e+00
0.00000000e+00
0.00000000e+00
-6.71761293e-01
2.49038074e+00
-1.88974760e-01
4.48201962e-01
-2.29564204e+00
-3.58187655e-01
-2.27559340e+00
-9.32325042e-01
-8.53928684e-01
0.00000000e+00
1.08693400e+00
2.50414852e+00
-1.84981613e-02
1.52954624e+00
5.93179387e-01
2.12954310e-01
-1.19062630e+00
-2.51473769e+00
6.86941437e-01
5.81021827e-01
-4.79938554e-01
0.00000000e+00
0.00000000e+00
0.00000000e+00
5.37817090e-01
-7.78744697e-01
-1.28728108e-01
4.39673666e-01
0.00000000e+00
2.40043842e-01
1.04387877e+00
8.43884803e-01
7.81866090e-02
0.00000000e+00
1.76978772e-01
1.28763432e-01
-1.14218304e+00
1.92522247e-01
-1.20031685e-01
3.97118310e-01
8.15356168e-01
0.00000000e+00
2.89224150e-02
2.47375196e-01
-3.93556344e-01
-4.06877375e-02
6.29718946e-01
-7.70324799e-02
-6.97422489e-01
1.05559156e+00
-7.98501163e-01
-2.97778139e-01
2.23306589e-01
0.00000000e+00
0.00000000e+00
0.00000000e+00
-3.64200527e-01
3.55598998e-01
7.66501750e-02
1.21254045e-01
0.00000000e+00
1.31127764e-01
-1.25230157e+00
-1.42988051e-01
1.18142808e+00
0.00000000e+00
-1.33047346e-01
4.51220331e-01
-2.27175929e-01
2.87238312e-01
6.12021114e-01
-2.01530975e-01
-1.86238855e-01
0.00000000e+00
5.04120001e-01
-1.08711001e-01
-3.52868607e-01
3.12863037e-01
-2.68761244e-01
0.00000000e+00
-7.73410246e-01
-3.55186297e-01
7.35423620e-01
-2.82098348e-01
0.00000000e+00
-9.58908357e-02
-1.12508363e-01
0.00000000e+00
-4.18223949e-01
-2.73227434e-01
0.00000000e+00
0.00000000e+00
247
-2.34926430e+00
-1.95904908e+00
0.00000000e+00
-7.96650762e-01
-1.16239832e+00
0.00000000e+00
0.00000000e+00
0.00000000e+00
0.00000000e+00
0.00000000e+00
0.00000000e+00
0.00000000e+00
0.00000000e+00
0.00000000e+00
0.00000000e+00
0.00000000e+00
0.00000000e+00
0.00000000e+00
0.00000000e+00
0.00000000e+00
0.00000000e+00
0.00000000e+00
0.00000000e+00
0.00000000e+00
0.00000000e+00
0.00000000e+00
0.00000000e+00
0.00000000e+00
0.00000000e+00
0.00000000e+00
0.00000000e+00
0.00000000e+00
0.00000000e+00
0.00000000e+00
0.00000000e+00
0.00000000e+00
0.00000000e+00
0.00000000e+00
0.00000000e+00
0.00000000e+00
0.00000000e+00
1.40991728e+00
-5.26248450e-03
1.71461434e+00
-1.12224613e-02
3.03325706e-01
1.85041434e-02
0.00000000e+00
0.00000000e+00
0.00000000e+00
0.00000000e+00
0.00000000e+00
0.00000000e+00
-1.79073790e+00
-3.94090816e-01
6.88640845e-02
1.10335893e+00
1.59369280e+00
1.95286243e+00
5.43262424e+00
5.59141975e+00
0.00000000e+00
0.00000000e+00
0.00000000e+00
0.00000000e+00
0.00000000e+00
0.00000000e+00
-1.15634070e+00
-1.67849253e+00
-1.06669110e+00
-1.00224159e+00
-7.74888626e-01
-6.33552719e-01
-3.16413731e-01
-4.65103550e-01
-6.34795195e-03
9.59825146e-01
4.82902783e-01
2.21420898e-01
1.62820254e+00
1.63328137e+00
2.07549268e+00
0.00000000e+00
0.00000000e+00
0.00000000e+00
7.24777993e+00
6.81869390e+00
7.67342146e+00
7.31647244e+00
7.62352568e+00
7.53568556e+00
0.00000000e+00
0.00000000e+00
8.51308235e-01
0.00000000e+00
0.00000000e+00
-2.36774451e-01
0.00000000e+00
0.00000000e+00
0.00000000e+00
0.00000000e+00
0.00000000e+00
-1.76065758e-01
0.00000000e+00
8.76283593e-01
0.00000000e+00
0.00000000e+00
-1.75599757e+00
0.00000000e+00
0.00000000e+00
-3.87500763e+00
2.06454922e-02
-1.74640874e+00
-2.25714076e+00
-1.80853566e+00
-1.72576325e+00
0.00000000e+00
0.00000000e+00
0.00000000e+00
2.50456516e+00
1.42667446e+00
2.05586293e+00
2.75484818e+00
-3.34228604e-01
4.54048477e-01
2.27430375e+00
3.77112841e+00
-2.18753541e+00
0.00000000e+00
1.70219095e+00
1.65182324e+00
1.23244404e-01
2.23423084e+00
3.31436333e-01
2.75100680e+00
5.84219706e-01
0.00000000e+00
1.00265615e+00
2.67959225e+00
-3.54955042e-01
2.26557843e-01
0.00000000e+00
2.38846438e-01
-2.69227365e-01
-1.15848201e+00
0.00000000e+00
0.00000000e+00
0.00000000e+00
3.14790558e-02
1.59369061e+00
2.48565362e-01
5.76344384e-01
1.12962735e+00
8.95252134e-01
3.66598758e-02
2.74074837e-01
2.43963716e+00
0.00000000e+00
8.19600390e-01
1.72483456e+00
3.85341833e-01
1.07531027e+00
1.64378389e+00
4.28727945e-01
8.48475588e-01
0.00000000e+00
9.28224273e-01
5.19107271e-01
-5.81512884e-01
0.00000000e+00
6.28998898e-01
5.09411149e-01
-1.37080821e+00
-2.05912350e-01
0.00000000e+00
0.00000000e+00
2.48605818e-01
-1.16489586e+00
0.00000000e+00
0.00000000e+00
0.00000000e+00
-4.06567643e+00
0.00000000e+00
0.00000000e+00
0.00000000e+00
1.83242928e+00
3.63816929e+00
2.14030159e+00
1.90976400e+00
0.00000000e+00
7.73790004e-01
1.63794701e+00
2.42206515e+00
2.36177864e+00
0.00000000e+00
3.92089584e+00
3.43427175e+00
1.14064028e+00
4.05026979e+00
2.35709775e+00
2.70422118e+00
2.79612956e+00
0.00000000e+00
0.00000000e+00
3.86358372e+00
-1.75932765e+00
-2.83451932e-01
1.62266563e+00
2.18953439e+00
0.00000000e+00
-2.36265221e-01
0.00000000e+00
0.00000000e+00
0.00000000e+00
5.04891238e-01
0.00000000e+00
9.68673507e-02
0.00000000e+00
0.00000000e+00
0.00000000e+00
9.44475608e-01
2.96322519e-01
0.00000000e+00
0.00000000e+00
1.03872061e-01
0.00000000e+00
0.00000000e+00
0.00000000e+00
1.86221695e-01
0.00000000e+00
-1.69106276e-01
0.00000000e+00
0.00000000e+00
4.96727403e-02
-1.47587572e+00
1.42071282e+00
0.00000000e+00
0.00000000e+00
-2.30634878e+00
0.00000000e+00
0.00000000e+00
0.00000000e+00
0.00000000e+00
-3.32659947e-01
-1.43337170e-01
0.00000000e+00
0.00000000e+00
1 -999999999 6 0 -1
1 0 2 1 -1
2.1183e-02 6.6057e-01
356
4.56531875e-01
0.00000000e+00
0.00000000e+00
0.00000000e+00
0.00000000e+00
0.00000000e+00
0.00000000e+00
0.00000000e+00
0.00000000e+00
0.00000000e+00
0.00000000e+00
0.00000000e+00
0.00000000e+00
0.00000000e+00
0.00000000e+00
0.00000000e+00
1.63001279e-01
2.93530596e-01
3.33641189e-01
0.00000000e+00
0.00000000e+00
0.00000000e+00
0.00000000e+00
0.00000000e+00
0.00000000e+00
0.00000000e+00
0.00000000e+00
0.00000000e+00
7.85982103e-01
5.54560599e-01
-1.00690151e+00
1.57789288e-01
2.98742587e-01
-7.79042356e-01
-9.57870810e-01
2.69369234e-01
1.65927521e-01
4.65842585e-01
-1.15439536e-02
4.70989059e-01
-2.69212653e-01
0.00000000e+00
0.00000000e+00
0.00000000e+00
0.00000000e+00
0.00000000e+00
0.00000000e+00
0.00000000e+00
0.00000000e+00
0.00000000e+00
0.00000000e+00
-4.74430252e-01
-2.90766529e-01
-7.04647557e-01
0.00000000e+00
0.00000000e+00
0.00000000e+00
0.00000000e+00
-5.06019437e-02
-3.84823147e-02
1.40025228e-01
3.90041710e-01
5.35579886e-01
-4.68953530e-01
1.60928461e-01
-5.60507172e-01
-3.29399756e-01
-9.09286119e-01
-1.34734721e-01
3.29550988e-03
-1.67872554e-01
5.45328853e-01
-4.15919125e-03
-3.41618944e-01
3.02855352e-01
-2.95788685e-03
-3.88187114e-01
-2.56917609e-01
8.53484677e-05
-3.13137457e-01
0.00000000e+00
0.00000000e+00
0.00000000e+00
0.00000000e+00
1.54729821e-01
-2.21729767e-01
7.63704979e-02
-1.52472857e-01
-3.24984517e-02
4.92010809e-01
-1.11059021e-01
-2.01188423e-01
-2.89791607e-01
-3.13817359e-01
-7.93619534e-01
-2.50715466e-01
-8.97707895e-01
-1.25946464e-01
-1.77483883e-01
-1.06052877e-02
1.28200634e-01
-7.80655833e-02
0.00000000e+00
0.00000000e+00
1.75252012e+00
2.46369570e+00
0.00000000e+00
0.00000000e+00
0.00000000e+00
0.00000000e+00
0.00000000e+00
0.00000000e+00
-1.05572078e+00
-1.04998153e+00
-3.48349561e-01
6.38088037e-01
2.95424947e-01
7.49605795e-02
-2.75428868e-01
7.40704049e-01
1.69282832e+00
1.58471263e+00
-2.53753707e+00
-7.86943919e-01
5.49935759e-01
-7.93487198e-02
9.79959990e-01
-1.71979509e-01
0.00000000e+00
-9.12507357e-01
2.72431810e+00
2.87261518e+00
3.18340439e+00
3.11884097e+00
3.43326404e+00
3.42424171e+00
-1.48506418e-03
8.44098638e-01
1.32571294e+00
-1.59178771e-01
4.58818739e-03
-5.49047994e-01
4.61243491e-01
0.00000000e+00
0.00000000e+00
0.00000000e+00
0.00000000e+00
6.60139797e-01
0.00000000e+00
0.00000000e+00
0.00000000e+00
0.00000000e+00
4.18335143e-01
0.00000000e+00
0.00000000e+00
0.00000000e+00
-1.13390325e-01
0.00000000e+00
0.00000000e+00
-8.99666053e-01
-8.04275361e-01
-7.13327493e-01
-4.84993043e-01
-3.94170283e-01
-1.28926840e+00
0.00000000e+00
0.00000000e+00
0.00000000e+00
4.63792358e-01
1.58167065e+00
-1.57703949e-01
9.59883972e-01
-1.73515835e+00
-4.46174348e-01
3.93861797e-01
7.84792005e-01
-3.58540285e-01
0.00000000e+00
1.45155407e+00
1.29000561e+00
-2.57859099e+00
3.88516320e-01
-3.11330408e-01
5.30468321e-01
-7.70985622e-01
-1.72495353e+00
-1.34392540e+00
2.93549387e-01
1.68455079e-01
0.00000000e+00
0.00000000e+00
0.00000000e+00
1.82273376e-01
-8.00227797e-01
-4.57170942e-02
1.07364321e-01
-3.74891469e-03
6.07062338e-02
1.82864545e-01
2.00217296e-01
-2.44610970e-01
0.00000000e+00
-1.21298348e-01
-2.83121451e-01
-9.47192933e-02
1.57014294e-01
1.09747845e-01
1.77374608e-01
1.88041742e-01
-1.27094872e-01
2.85989453e-01
2.37400106e-01
-3.28238969e-01
-2.05058673e-01
0.00000000e+00
1.07266491e-01
-1.71512523e-01
6.62154668e-01
2.12173733e-01
-1.07938707e+00
5.17398300e-02
0.00000000e+00
0.00000000e+00
0.00000000e+00
7.51157061e-02
9.15760951e-01
2.39263087e-01
2.82289704e-02
-2.20041456e-01
-4.15356018e-01
1.75859499e-01
-3.90655107e-01
6.70178018e-01
0.00000000e+00
1.75324916e-01
3.28329926e-01
-3.38556214e-01
-8.65397092e-02
-8.84919297e-01
2.79111567e-02
1.26435141e-01
-7.19498641e-03
-1.44145464e-01
-2.23259288e-01
-1.23180296e-01
0.00000000e+00
-2.89663854e-01
-1.11796960e-01
-9.61029436e-01
-5.99216689e-01
0.00000000e+00
0.00000000e+00
-7.25556412e-02
3.19245657e-01
-3.84916703e-01
-5.33545642e-01
-3.61812747e-01
0.00000000e+00
0.00000000e+00
2.11952060e-01
-1.10749778e+00
0.00000000e+00
0.00000000e+00
0.00000000e+00
3.30016064e-01
1.71463225e+00
-5.24513281e-01
3.13068035e-01
0.00000000e+00
-7.48769405e-01
-1.27868026e+00
-3.42059181e-01
-1.21113998e+00
0.00000000e+00
1.14163178e+00
2.80140244e+00
5.62194206e-02
2.31382348e+00
1.60320100e+00
-6.68912231e-02
3.55285418e-01
0.00000000e+00
1.04272446e+00
4.55887823e-01
-4.80554299e-01
0.00000000e+00
0.00000000e+00
0.00000000e+00
3.82409398e-01
0.00000000e+00
4.17450563e-01
7.82687257e-01
0.00000000e+00
6.53520339e-01
9.64934023e-01
8.90313784e-01
0.00000000e+00
0.00000000e+00
3.60802390e-01
2.11462196e-01
0.00000000e+00
1.63969578e-01
-5.79633095e-01
8.52361023e-01
2.82441375e-01
0.00000000e+00
1.35007415e+00
6.98727406e-01
-3.11909862e-01
1.43098752e-01
-1.47981358e-01
-2.40475817e-02
2.75034922e-01
8.60956988e-01
5.35586265e-02
-7.71416863e-01
2.58631916e-03
0.00000000e+00
0.00000000e+00
0.00000000e+00
-1.58584474e-01
0.00000000e+00
-2.11762541e-01
-2.78244301e-01
0.00000000e+00
-2.58193553e-02
-6.36798654e-01
-2.62906398e-01
0.00000000e+00
0.00000000e+00
3.59059467e-02
4.75534754e-01
0.00000000e+00
2.98057956e-01
1.50668543e+00
6.65992241e-02
-3.44988218e-01
0.00000000e+00
-2.57770110e-01
-1.44826264e-02
-4.55008614e-01
-3.74977925e-01
-1.01812740e-01
3.84690224e-01
-7.95587914e-01
0.00000000e+00
0.00000000e+00
0.00000000e+00
0.00000000e+00
0.00000000e+00
0.00000000e+00
0.00000000e+00
6.08383308e-02
-2.33493388e-01
2.70509982e-01
2.83293276e-01
247
-9.25223507e-03
0.00000000e+00
0.00000000e+00
0.00000000e+00
0.00000000e+00
0.00000000e+00
0.00000000e+00
0.00000000e+00
0.00000000e+00
0.00000000e+00
0.00000000e+00
0.00000000e+00
0.00000000e+00
0.00000000e+00
-5.08749407e-02
4.16227056e-02
-2.45866846e-01
1.94991906e-01
0.00000000e+00
0.00000000e+00
0.00000000e+00
0.00000000e+00
0.00000000e+00
0.00000000e+00
0.00000000e+00
0.00000000e+00
0.00000000e+00
1.79417008e-01
0.00000000e+00
2.14635941e+00
-1.96694240e+00
0.00000000e+00
-4.76172558e-01
-6.02200463e-01
0.00000000e+00
0.00000000e+00
0.00000000e+00
0.00000000e+00
0.00000000e+00
0.00000000e+00
0.00000000e+00
-3.43401742e-01
1.94870820e-02
1.81756694e-01
-2.93128886e-03
1.49040842e-01
-2.11085420e-03
3.35197080e-03
6.13938302e-04
0.00000000e+00
0.00000000e+00
0.00000000e+00
0.00000000e+00
6.12500380e-01
6.81171562e-01
4.69847677e-01
-4.22503408e-01
-5.17157042e-01
-5.03894247e-01
1.37433196e+00
1.69799771e+00
0.00000000e+00
0.00000000e+00
0.00000000e+00
0.00000000e+00
0.00000000e+00
0.00000000e+00
-4.80906352e-01
-1.00546370e-01
-1.87499023e-03
2.95716356e-01
-1.78344135e-01
-8.53232405e-01
-1.70147007e+00
5.88853819e-01
7.46352627e-01
9.07180366e-01
-9.92524903e-02
-1.29812100e-01
-2.17116854e-01
-1.68034695e-01
-3.84427307e-01
6.26073605e-03
1.35191744e-01
-1.39097572e+00
2.43728630e+00
2.42866327e+00
2.66123203e+00
2.74560756e+00
2.80719078e+00
3.00526919e+00
1.81213144e+00
3.14135156e-01
8.01535096e-01
-7.03730814e-01
2.76957046e-01
-2.10199741e-01
0.00000000e+00
0.00000000e+00
0.00000000e+00
0.00000000e+00
0.00000000e+00
2.54104074e-01
0.00000000e+00
3.11852154e-01
0.00000000e+00
0.00000000e+00
-3.58383898e-01
0.00000000e+00
0.00000000e+00
-9.93136160e-01
-7.15681530e-01
-4.30137611e-01
-4.95722540e-01
-2.18391244e-01
-1.14581914e+00
0.00000000e+00
0.00000000e+00
0.00000000e+00
-3.89668202e-02
9.44991266e-01
3.60056964e-02
1.01087584e+00
-1.12176719e+00
-9.45992944e-03
3.46842541e-01
-8.89399873e-02
-2.21396039e-01
0.00000000e+00
6.67671213e-01
8.91524721e-01
-2.27613407e+00
5.18411395e-01
4.69691392e-02
1.09115322e-01
-1.65349482e-01
-1.37678986e+00
-4.54603187e-01
3.51802873e-02
-4.25269782e-01
7.95824657e-02
0.00000000e+00
3.22556681e-01
4.00594097e-01
-7.16391789e-01
0.00000000e+00
0.00000000e+00
0.00000000e+00
3.48767876e-01
1.45886709e-01
1.15192754e-01
2.16955051e-02
0.00000000e+00
2.68653338e-01
-2.38126875e-01
4.20415685e-01
2.46650945e-01
0.00000000e+00
6.98334796e-01
4.62837376e-01
0.00000000e+00
2.69254854e-01
9.12635366e-01
2.12282807e-01
3.82752840e-01
0.00000000e+00
0.00000000e+00
5.13349415e-02
-5.04852247e-01
0.00000000e+00
9.80503847e-02
1.76448899e-01
-7.20549359e-01
-7.95263996e-01
0.00000000e+00
0.00000000e+00
-1.65635604e-01
7.47146367e-02
0.00000000e+00
0.00000000e+00
3.50325515e-01
-7.14113784e-01
0.00000000e+00
0.00000000e+00
0.00000000e+00
-5.17983870e-01
2.05490124e+00
1.88344863e-01
4.88724811e-01
-1.97360096e+00
-5.48044025e-02
-1.75058184e+00
-1.31294516e+00
-3.04671583e-02
0.00000000e+00
1.12869267e+00
2.10537923e+00
-6.56433815e-01
1.13500418e+00
-1.81428081e-01
2.12833846e-01
-7.17971300e-01
0.00000000e+00
1.96020222e-01
4.08683242e-01
5.61825367e-02
1.93514547e-02
9.32573181e-02
4.28596060e-01
0.00000000e+00
-5.29769246e-01
0.00000000e+00
0.00000000e+00
0.00000000e+00
5.03884128e-01
0.00000000e+00
6.62063803e-01
0.00000000e+00
0.00000000e+00
4.96226203e-01
0.00000000e+00
7.64763991e-01
1.11007374e-01
0.00000000e+00
6.79203855e-01
4.21488754e-01
0.00000000e+00
0.00000000e+00
1.35928206e-01
4.35242455e-01
6.38698195e-01
0.00000000e+00
0.00000000e+00
0.00000000e+00
3.68310820e-02
-3.57323121e-01
-6.08932210e-02
2.33976700e-01
-7.70296321e-01
0.00000000e+00
0.00000000e+00
0.00000000e+00
0.00000000e+00
-2.55222326e-01
-4.01805866e-01
-3.72557554e-01
4.94345126e-01
2 1
-2.8574e-01 3.5118e-01
2 1
0 1 
217
-9.02615221e-02
-4.03085232e-01
3.93320410e-01
-4.18340889e-02
7.19916151e-02
1.08001434e-01
-4.90670866e-01
4.00991709e-01
-6.49118543e-03
-3.48627890e-01
1.95155858e-01
-7.54095113e-02
1.39753056e-01
-7.84267389e-01
3.41858503e-01
7.44331314e-03
-1.04871950e-01
4.08861242e-01
-5.29417432e-03
-1.91939610e-02
-5.53425941e-01
7.99763637e-04
8.24862007e-02
-2.87555326e-01
-1.06747789e-04
-1.69053727e-02
0.00000000e+00
0.00000000e+00
0.00000000e+00
0.00000000e+00
9.58278426e-02
1.01727890e-01
-1.47142257e-01
-8.50460554e-02
-2.34255101e-01
1.50962023e-01
1.46039252e-01
-4.46471225e-01
2.10170450e-01
0.00000000e+00
0.00000000e+00
0.00000000e+00
0.00000000e+00
0.00000000e+00
1.46039252e-01
-2.60873302e-01
-1.85597923e-01
2.10170450e-01
0.00000000e+00
0.00000000e+00
0.00000000e+00
0.00000000e+00
0.00000000e+00
0.00000000e+00
0.00000000e+00
0.00000000e+00
0.00000000e+00
0.00000000e+00
0.00000000e+00
0.00000000e+00
2.10170450e-01
-1.85597923e-01
-2.60873302e-01
7.13186306e-01
-7.52744976e-01
0.00000000e+00
4.04216671e-02
-2.86378159e-02
-9.11245187e-02
-1.23348642e-01
6.66187227e-01
-7.81021276e-01
-1.40599375e-01
2.65131459e-01
2.70033296e-01
-2.40558932e-01
1.98211653e-01
0.00000000e+00
0.00000000e+00
0.00000000e+00
0.00000000e+00
0.00000000e+00
0.00000000e+00
0.00000000e+00
0.00000000e+00
0.00000000e+00
0.00000000e+00
0.00000000e+00
0.00000000e+00
0.00000000e+00
0.00000000e+00
0.00000000e+00
0.00000000e+00
0.00000000e+00
0.00000000e+00
0.00000000e+00
0.00000000e+00
0.00000000e+00
0.00000000e+00
0.00000000e+00
0.00000000e+00
0.00000000e+00
0.00000000e+00
0.00000000e+00
0.00000000e+00
0.00000000e+00
0.00000000e+00
0.00000000e+00
0.00000000e+00
0.00000000e+00
0.00000000e+00
0.00000000e+00
0.00000000e+00
0.00000000e+00
0.00000000e+00
0.00000000e+00
0.00000000e+00
0.00000000e+00
0.00000000e+00
-5.54464340e-01
-4.79646494e-01
-1.00483793e+00
0.00000000e+00
0.00000000e+00
0.00000000e+00
1.46648067e-01
1.37259559e-01
-5.48976183e-01
3.85115923e-01
-3.00927336e-01
1.34730778e-01
1.31159784e-01
-3.66595608e-02
1.55159914e-01
0.00000000e+00
2.18149781e-01
-5.99146186e-02
-3.60952643e-01
-7.74751271e-02
-7.42042586e-02
4.72691033e-02
-2.98445947e-01
-2.56906055e-01
-1.66237611e-01
-1.79631500e-01
-7.34794306e-02
0.00000000e+00
0.00000000e+00
0.00000000e+00
6.29291147e-02
-3.18057673e-01
9.26219258e-02
-4.57595900e-02
-3.16275453e-01
-4.18577297e-02
-4.95856690e-02
2.46042097e-01
-8.06169231e-02
0.00000000e+00
1.11817911e-01
9.93989537e-02
-8.84066758e-01
3.36687934e-01
2.04109870e-01
1.80473446e-01
2.06451735e-02
-1.80098408e-01
2.60324587e-01
2.27787762e-01
-8.18555807e-01
0.00000000e+00
0.00000000e+00
0.00000000e+00
-1.22537166e-01
9.43990872e-02
-8.93588168e-03
-5.00047068e-03
-4.77009009e-03
1.54124021e-01
-1.52568963e-01
6.82169291e-01
0.00000000e+00
0.00000000e+00
3.36735994e-01
4.08870536e-01
9.79069082e-02
4.87277523e-01
-7.16575166e-01
1.03241692e+00
3.47815130e-01
-3.37513110e-03
3.70518597e-01
4.86639772e-01
-6.30913996e-01
0.00000000e+00
0.00000000e+00
0.00000000e+00
7.01063066e-01
8.01933739e-01
3.27107319e-01
6.08708141e-01
-9.14498634e-03
5.04198751e-01
2.91463608e-01
4.06867974e-01
0.00000000e+00
0.00000000e+00
6.31788027e-01
6.97309531e-01
2.80149884e-01
8.46548185e-01
9.80206214e-01
4.72676317e-01
5.58337271e-01
-4.70227020e-03
8.51630100e-01
6.17951218e-01
136
1.58533675e+00
4.20609881e-01
8.26082949e-03
6.92269165e-01
-2.11893489e-03
1.62747395e-01
3.25765579e-03
3.09710310e-01
8.21167249e-04
0.00000000e+00
0.00000000e+00
0.00000000e+00
0.00000000e+00
4.01362796e-01
9.09040511e-01
1.86110481e-01
-3.73776587e-01
1.05671705e-02
4.55137038e-01
0.00000000e+00
2.97369594e-01
1.22607903e+00
0.00000000e+00
0.00000000e+00
0.00000000e+00
0.00000000e+00
0.00000000e+00
0.00000000e+00
2.78362278e-02
2.69533366e-01
1.22607903e+00
0.00000000e+00
0.00000000e+00
0.00000000e+00
0.00000000e+00
0.00000000e+00
0.00000000e+00
0.00000000e+00
0.00000000e+00
0.00000000e+00
0.00000000e+00
0.00000000e+00
0.00000000e+00
0.00000000e+00
0.00000000e+00
0.00000000e+00
6.18269058e-01
-2.86847564e-01
-1.95572825e-01
-3.35258204e-01
-6.17389792e-01
2.56827609e-01
-1.67103254e-01
-4.35963317e-01
-4.82040297e-01
-9.06640275e-02
0.00000000e+00
0.00000000e+00
0.00000000e+00
0.00000000e+00
1.22607903e+00
2.69533366e-01
2.78362278e-02
0.00000000e+00
0.00000000e+00
0.00000000e+00
0.00000000e+00
0.00000000e+00
0.00000000e+00
0.00000000e+00
0.00000000e+00
0.00000000e+00
0.00000000e+00
0.00000000e+00
0.00000000e+00
0.00000000e+00
0.00000000e+00
0.00000000e+00
0.00000000e+00
0.00000000e+00
0.00000000e+00
0.00000000e+00
0.00000000e+00
0.00000000e+00
0.00000000e+00
0.00000000e+00
1.11504985e-01
-2.57359808e-01
-9.31610945e-01
0.00000000e+00
0.00000000e+00
0.00000000e+00
-2.33716929e-02
7.43932298e-01
-6.17036901e-03
1.02965487e+00
-1.70432539e+00
-3.39619201e-01
-2.19489458e-01
4.53631425e-01
4.70670641e-02
0.00000000e+00
5.01926189e-01
1.81940252e+00
-1.98445605e+00
5.79635215e-01
4.75283001e-01
1.80859018e-01
-2.79199673e-01
-1.85885025e+00
-4.09707491e-01
6.21870284e-02
-7.13486118e-01
0.00000000e+00
0.00000000e+00
0.00000000e+00
3.13486828e-01
8.79029525e-01
-3.60759304e-01
2.29937853e-01
-2.59255817e+00
-3.40175458e-01
-1.73896722e+00
-1.25442886e-01
-8.53075408e-01
0.00000000e+00
9.72495686e-01
1.90523465e+00
-2.39944089e-01
1.24829221e+00
-7.84691132e-01
7.33893600e-01
2.37095130e-01
-1.52292746e+00
2.09008951e-01
1.11658058e+00
10 2
-2.7515e-01 3.5137e-01
3 -1
0 1 2 
217
-3.87570782e-02
4.46645287e-01
-8.57064804e-02
-2.23095771e-01
-3.88538662e-02
-4.09822144e-02
-2.83587705e-02
6.61021760e-02
1.47664180e-01
2.44887270e-01
3.77248995e-02
-8.46601232e-02
-1.56933521e-01
-2.91207457e-01
0.00000000e+00
0.00000000e+00
0.00000000e+00
2.21745728e-01
-1.62684781e-02
2.25418417e-01
6.78026040e-01
-7.76457924e-03
-3.49557731e-01
-8.60990045e-01
2.01290603e-03
-9.24191472e-02
0.00000000e+00
0.00000000e+00
0.00000000e+00
0.00000000e+00
0.00000000e+00
0.00000000e+00
-1.09263800e+00
-1.26536695e-01
3.55623218e-01
4.43567292e-01
0.00000000e+00
-2.23241125e-01
-2.30331274e-01
4.21712578e-01
0.00000000e+00
0.00000000e+00
0.00000000e+00
0.00000000e+00
0.00000000e+00
1.98932000e-01
-3.65576271e-01
-2.19254337e-01
0.00000000e+00
-2.47223222e-01
2.36146285e-01
4.21712578e-01
0.00000000e+00
0.00000000e+00
0.00000000e+00
0.00000000e+00
0.00000000e+00
0.00000000e+00
0.00000000e+00
0.00000000e+00
-4.47649807e-02
-1.86026841e-01
1.98932000e-01
6.10340327e-01
-8.03264425e-01
0.00000000e+00
1.33470775e-01
-1.79118220e-01
2.06962444e-02
-7.07641863e-01
9.65225345e-01
-1.07701068e+00
-6.76154304e-01
-3.65858605e-02
2.56569427e-01
1.09614116e-01
4.19828388e-01
-9.39235203e-01
5.46439338e-01
-3.66899799e-01
1.20687001e-02
6.68090225e-02
3.41970086e-01
-4.61729681e-01
0.00000000e+00
0.00000000e+00
0.00000000e+00
0.00000000e+00
0.00000000e+00
0.00000000e+00
0.00000000e+00
0.00000000e+00
0.00000000e+00
0.00000000e+00
0.00000000e+00
0.00000000e+00
0.00000000e+00
0.00000000e+00
0.00000000e+00
0.00000000e+00
0.00000000e+00
0.00000000e+00
0.00000000e+00
0.00000000e+00
0.00000000e+00
0.00000000e+00
0.00000000e+00
0.00000000e+00
0.00000000e+00
0.00000000e+00
0.00000000e+00
0.00000000e+00
0.00000000e+00
0.00000000e+00
0.00000000e+00
0.00000000e+00
0.00000000e+00
0.00000000e+00
0.00000000e+00
-1.14406364e+00
-3.96952333e-01
-1.04451982e+00
0.00000000e+00
0.00000000e+00
0.00000000e+00
-6.52118344e-01
7.33228067e-01
6.69338852e-02
5.38422880e-01
-2.44075220e-01
-1.38868850e+00
-4.05745255e-01
4.03123203e-02
-1.11736217e-01
0.00000000e+00
-8.12144024e-01
1.32606113e+00
-4.29054550e-01
7.55549909e-01
6.46037208e-01
2.41436431e-01
-2.25582608e-01
-3.35677291e-01
-1.91875989e-01
-5.95803659e-01
-2.44255104e-01
0.00000000e+00
0.00000000e+00
0.00000000e+00
3.75177213e-01
-2.01419001e-01
-5.35961893e-01
3.53999572e-01
-6.17792510e-01
7.46411353e-01
1.99804044e-01
7.11666544e-02
2.75887551e-02
0.00000000e+00
4.47984447e-01
-5.01301469e-01
-5.29551484e-01
-1.69498960e-01
-6.14940934e-02
-8.51707798e-02
-3.57264305e-02
-2.78932301e-01
2.35451604e-01
3.15010175e-01
-7.31034160e-01
0.00000000e+00
0.00000000e+00
0.00000000e+00
4.95316249e-01
1.37635828e-01
-8.62296461e-02
2.26324646e-01
-1.13149879e-02
6.59900822e-03
-5.41699099e-01
6.94668391e-02
-3.67459404e-01
0.00000000e+00
1.93188149e-01
4.80851560e-01
-1.33903260e-01
2.17652224e-01
3.69117209e-01
7.30883198e-01
4.49360183e-01
-1.42297958e-01
3.03457270e-01
7.91745728e-01
-5.82995606e-01
0.00000000e+00
0.00000000e+00
0.00000000e+00
4.40819261e-01
3.47809666e-01
-9.72209922e-02
3.84861477e-01
-2.16594801e-02
1.57533211e-01
1.14073121e-01
5.62018355e-01
-3.84147995e-01
0.00000000e+00
7.25094390e-01
9.68825085e-01
2.50450516e-01
8.72843301e-01
1.25516528e-01
6.96500895e-01
6.65775649e-01
-3.41395731e-01
6.77798875e-01
6.12281039e-01
136
1.72574147e+00
2.75938543e-01
2.16918194e-02
4.74717287e-01
5.16010008e-03
6.95021343e-01
-3.52156397e-03
2.80064292e-01
6.80539262e-04
0.00000000e+00
0.00000000e+00
0.00000000e+00
0.00000000e+00
-6.68509523e-03
4.16774369e-01
2.43303531e-01
9.94985366e-02
3.72153816e-01
6.85098649e-01
0.00000000e+00
-3.26449531e-01
4.55285932e-01
1.48505395e+00
0.00000000e+00
0.00000000e+00
0.00000000e+00
0.00000000e+00
0.00000000e+00
1.01145418e-01
1.04406857e-01
1.30243530e+00
-5.32001807e-01
-4.66836654e-01
-3.80312713e-01
1.48505395e+00
0.00000000e+00
0.00000000e+00
0.00000000e+00
0.00000000e+00
0.00000000e+00
0.00000000e+00
0.00000000e+00
0.00000000e+00
0.00000000e+00
0.00000000e+00
0.00000000e+00
1.60263744e-01
-8.56320291e-01
-2.48396367e-01
-3.96813739e-01
-6.91556184e-01
-1.69697875e-02
-7.68872141e-01
-1.35552263e-01
-3.52873988e-01
-3.44903297e-01
7.64597041e-01
8.55241648e-01
-1.54304990e-01
2.82677808e-01
-2.68599585e-01
-8.07907662e-01
1.01145418e-01
0.00000000e+00
0.00000000e+00
0.00000000e+00
0.00000000e+00
0.00000000e+00
0.00000000e+00
0.00000000e+00
0.00000000e+00
0.00000000e+00
0.00000000e+00
0.00000000e+00
0.00000000e+00
0.00000000e+00
0.00000000e+00
0.00000000e+00
0.00000000e+00
0.00000000e+00
0.00000000e+00
0.00000000e+00
0.00000000e+00
0.00000000e+00
0.00000000e+00
0.00000000e+00
2.63630615e-01
-3.64390236e-01
-9.12474499e-01
0.00000000e+00
0.00000000e+00
0.00000000e+00
1.61463893e-01
4.71649844e-01
-3.53375606e-02
6.31452348e-01
-1.59018261e+00
-3.69268499e-01
-2.25160296e-01
4.64082741e-01
1.38915556e-01
0.00000000e+00
5.67564542e-01
1.70879518e+00
-2.53000615e+00
8.21489268e-01
5.39587939e-01
2.40885503e-01
-9.30482993e-02
-1.92108000e+00
-9.09874350e-02
1.96709530e-01
-7.47127704e-01
0.00000000e+00
0.00000000e+00
0.00000000e+00
2.05061811e-01
9.70088412e-01
-3.33217022e-01
3.52310309e-01
-3.00905742e+00
-2.13596093e-01
-1.54145429e+00
-2.82127455e-02
-8.32468501e-01
0.00000000e+00
9.16437900e-01
1.73191681e+00
-1.60085122e-01
1.13012083e+00
-4.45792574e-01
7.30433662e-01
2.56669876e-01
-1.89503477e+00
4.20131082e-01
9.98620152e-01
3 1
-2.7933e-01 3.3474e-01
4 0
0 1 2 10 
217
-3.34914101e-01
1.62437006e-01
-1.17500835e-01
2.61916031e-01
-4.54999905e-01
-2.25153557e-01
-3.87352173e-01
9.28155433e-01
2.92092267e-01
3.66098073e-01
5.25340132e-01
5.89573555e-02
-3.09994422e-01
-5.15592460e-01
-2.54992207e-01
-9.76721918e-03
6.67683815e-01
4.30976320e-01
-1.38202845e-02
4.17129319e-01
-5.23014743e-01
1.01254862e-02
2.92200876e-01
1.21165283e-02
1.20834018e-02
-2.31674098e-01
0.00000000e+00
0.00000000e+00
0.00000000e+00
0.00000000e+00
-8.09002701e-01
1.16175401e+00
1.77674887e-01
-4.56808084e-01
-2.22870384e-01
-1.85661830e-01
0.00000000e+00
-4.94847148e-02
-4.50723060e-01
-2.22483901e-01
3.87777575e-01
0.00000000e+00
0.00000000e+00
0.00000000e+00
0.00000000e+00
-9.52920944e-02
-4.98633239e-01
4.02967885e-01
5.44440619e-01
-5.89376638e-01
-6.12854534e-01
8.32304774e-01
0.00000000e+00
3.75505626e-01
-9.18817084e-03
-7.42612159e-01
0.00000000e+00
0.00000000e+00
2.18414938e-01
3.87777575e-01
1.35975608e-01
-3.75597615e-01
-9.52920944e-02
0.00000000e+00
-3.47837933e-01
-1.13744116e+00
-5.20189841e-03
3.44614086e-02
4.58854122e-02
-2.39372324e-02
1.20896023e-01
-4.33987192e-01
-4.47401493e-01
1.52524574e-01
2.55288916e-01
-1.74347506e-01
1.66693146e-01
-5.58448855e-01
-8.80329791e-03
-1.92103650e-01
5.32595318e-02
-1.32039625e-01
1.79078521e-01
-3.73452474e-01
0.00000000e+00
-1.64432280e-02
6.55221526e-01
-1.81606173e-01
2.44752447e-01
-1.36864700e-01
-2.69144463e-01
0.00000000e+00
0.00000000e+00
0.00000000e+00
0.00000000e+00
0.00000000e+00
0.00000000e+00
0.00000000e+00
0.00000000e+00
0.00000000e+00
0.00000000e+00
0.00000000e+00
0.00000000e+00
0.00000000e+00
0.00000000e+00
0.00000000e+00
0.00000000e+00
0.00000000e+00
0.00000000e+00
0.00000000e+00
0.00000000e+00
0.00000000e+00
0.00000000e+00
0.00000000e+00
0.00000000e+00
0.00000000e+00
0.00000000e+00
0.00000000e+00
0.00000000e+00
-3.83457041e-01
-4.76295767e-01
-2.44039399e-02
0.00000000e+00
0.00000000e+00
0.00000000e+00
7.78184257e-01
-3.43308502e-01
-1.40788549e-02
4.87297944e-02
-1.46970035e+00
7.96241343e-03
-3.41663050e-01
1.25594062e-01
-1.48907837e+00
0.00000000e+00
3.60160259e-01
-4.16166713e-02
-7.30330186e-01
9.38843254e-01
1.28330466e+00
6.73276348e-01
2.62418780e-01
-5.25366942e-01
4.50417745e-01
1.84741385e-03
-5.80945635e-01
0.00000000e+00
0.00000000e+00
0.00000000e+00
-6.26040199e-01
1.40325562e-01
-3.08604260e-01
5.72465120e-01
1.55688450e-01
7.01871866e-02
7.78982244e-02
2.09264026e-01
7.42060500e-01
0.00000000e+00
-1.67110974e-01
6.47586308e-01
-2.43377360e-01
-7.83147464e-02
-4.63531594e-01
-4.20057840e-02
-6.18605894e-01
-4.68051812e-01
-1.25210262e-01
-5.55681259e-02
-1.58321517e-01
0.00000000e+00
0.00000000e+00
0.00000000e+00
-1.47434969e-01
2.57336376e-01
7.38168740e-01
8.11229387e-01
-3.14604735e-02
6.36435850e-02
-3.06454227e+00
-6.29298195e-01
-1.01477853e-01
0.00000000e+00
8.38727213e-01
2.10462871e+00
4.57520026e-02
1.25762450e+00
4.25377070e-01
1.12728285e+00
1.09745483e+00
-6.07832558e-02
4.42451458e-01
4.98167550e-01
-1.19925785e+00
0.00000000e+00
0.00000000e+00
0.00000000e+00
8.35543023e-01
6.11618503e-01
1.03456960e-01
4.61944120e-01
-5.30296824e-02
1.03812187e+00
2.11355206e+00
1.37719511e+00
8.16368522e-01
0.00000000e+00
7.44889447e-01
4.14486839e-01
-4.72560030e-02
6.87087554e-01
5.06060104e-01
3.97900546e-01
5.25998718e-01
2.63609593e-01
7.98609506e-01
9.03910396e-01
136
7.68853879e-01
4.26757996e-01
1.91733768e-03
3.78878775e-01
-8.64866047e-03
-3.61134564e-01
5.60165462e-03
3.24351672e-01
-9.86035284e-04
0.00000000e+00
0.00000000e+00
0.00000000e+00
0.00000000e+00
4.58396830e-01
5.80606018e-01
-1.13132855e-01
4.34777052e-02
-9.64517507e-02
-1.01810309e-01
0.00000000e+00
-4.06202402e-01
-1.51884585e-01
4.38005540e-01
8.27130230e-01
0.00000000e+00
0.00000000e+00
0.00000000e+00
0.00000000e+00
-3.98718455e-01
3.07158303e-01
9.53814933e-01
-3.05609913e-01
-6.23164764e-01
-1.68319477e-01
1.35597338e+00
0.00000000e+00
-8.45614609e-02
-2.81241226e-01
-6.23898222e-02
0.00000000e+00
5.72333791e-02
-9.12811394e-01
8.27130230e-01
0.00000000e+00
0.00000000e+00
0.00000000e+00
0.00000000e+00
3.50423846e-01
-7.59713689e-02
-1.48497703e-01
-5.35684510e-01
-2.67459791e-01
-9.83001254e-01
-1.41580406e-01
-2.55841420e-01
-4.11769082e-01
9.38908071e-02
3.92944222e-01
-1.31409478e-01
2.60147794e-01
1.47144347e-01
-1.26801908e+00
7.33971090e-01
7.36409522e-02
2.63962215e-01
-1.14480004e-01
0.00000000e+00
0.00000000e+00
0.00000000e+00
0.00000000e+00
0.00000000e+00
0.00000000e+00
0.00000000e+00
0.00000000e+00
0.00000000e+00
0.00000000e+00
0.00000000e+00
0.00000000e+00
0.00000000e+00
0.00000000e+00
0.00000000e+00
0.00000000e+00
0.00000000e+00
0.00000000e+00
0.00000000e+00
0.00000000e+00
9.08045495e-02
2.59584891e-01
-1.01835253e+00
0.00000000e+00
0.00000000e+00
0.00000000e+00
-7.70740550e-02
7.15752139e-01
-6.24971359e-02
1.02026352e+00
-1.66281778e+00
-2.27625808e-01
1.08502744e-01
4.99934747e-01
1.37359779e-01
0.00000000e+00
3.85670801e-01
1.43292966e+00
-2.42692966e+00
6.65867441e-01
5.33102250e-01
1.08303284e-01
-3.39966047e-01
-1.75895466e+00
5.03332773e-02
-1.20507015e-01
-5.04663111e-01
0.00000000e+00
0.00000000e+00
0.00000000e+00
1.30762935e-01
1.18729235e+00
-3.56066173e-01
5.62120531e-01
-2.58043911e+00
-6.07371757e-01
-2.09971357e+00
-3.03102921e-01
-8.87439571e-01
0.00000000e+00
1.06640501e+00
2.13434075e+00
1.97053586e-01
1.48993926e+00
-4.14269377e-01
4.07696395e-01
-1.71045523e-01
-1.62272520e+00
4.26456038e-01
9.35443227e-01
4 1
-4.5542e-01 3.6762e-01
5 1
0 1 2 10 3 
217
-3.29433143e-01
-9.93587111e-01
1.00732815e+00
-2.78609896e-01
1.17924030e-01
7.98275772e-02
-1.50705641e-01
-1.37288263e-01
-4.43797600e-01
1.95182691e-01
-2.64242109e-01
3.19772275e-01
4.11388177e-01
-5.09116170e-01
2.79397529e-01
-1.23628026e-02
-8.91110119e-02
-1.32964296e-01
-3.64923541e-03
-1.00028379e-02
-1.42514041e-01
-2.25339150e-03
-1.29978964e-01
-3.33352336e-01
-4.40475091e-04
-8.00353768e-03
0.00000000e+00
0.00000000e+00
0.00000000e+00
0.00000000e+00
1.67181254e-02
2.79328541e-01
-8.49293292e-01
1.55083772e-02
8.37409280e-02
9.77691026e-02
0.00000000e+00
4.93360031e-04
-3.19755615e-01
-2.07936508e-01
-1.54603048e-01
3.52368667e-01
0.00000000e+00
0.00000000e+00
0.00000000e+00
-2.82010277e-01
1.44187213e-01
1.48858916e-01
0.00000000e+00
-4.90506127e-01
-5.25671803e-01
6.81504360e-01
0.00000000e+00
2.27272361e-01
-1.94673406e-01
-3.49496541e-01
0.00000000e+00
1.97855507e-01
-2.94730932e-01
3.87352953e-01
3.37745386e-02
-8.11974045e-02
-2.82010277e-01
6.77587974e-02
-9.18023092e-01
-6.94985634e-02
1.68722964e-01
-1.43684099e-01
3.52108188e-01
1.68839798e-01
6.24700727e-01
-9.51464630e-01
2.58292388e-01
1.35690218e-01
1.48612253e-01
-1.38359458e-01
2.45291066e-01
0.00000000e+00
-3.17839835e-01
-5.02542335e-01
2.77926233e-01
-1.74766015e-01
-2.89519542e-01
-4.49954414e-01
0.00000000e+00
-2.91034986e-01
5.45061657e-02
6.55523863e-02
-3.57355786e-01
-1.03950544e-01
7.68434449e-03
3.79268062e-01
-1.21134512e-01
1.75541669e-01
-1.22419219e-01
-5.89058205e-01
-4.65147475e-01
-1.75377163e-01
0.00000000e+00
0.00000000e+00
0.00000000e+00
0.00000000e+00
0.00000000e+00
0.00000000e+00
0.00000000e+00
0.00000000e+00
0.00000000e+00
0.00000000e+00
0.00000000e+00
0.00000000e+00
0.00000000e+00
0.00000000e+00
0.00000000e+00
0.00000000e+00
0.00000000e+00
0.00000000e+00
0.00000000e+00
0.00000000e+00
0.00000000e+00
-7.93935196e-01
-2.13876304e-01
-1.34239458e+00
0.00000000e+00
0.00000000e+00
0.00000000e+00
5.57824421e-02
5.56619149e-02
-2.70742764e-01
3.53568987e-01
-5.31448291e-01
-1.37668449e-01
1.28904391e-01
-7.88538657e-04
-3.61769362e-02
0.00000000e+00
5.07479531e-02
3.37534265e-01
-4.57317025e-01
1.50703243e-01
2.36863760e-01
-2.27358606e-02
-3.84490601e-01
-2.69279878e-01
-1.88822634e-01
-4.12690556e-01
3.82340095e-02
0.00000000e+00
0.00000000e+00
0.00000000e+00
1.14194651e-01
-3.13618570e-01
9.02636535e-02
2.29542247e-01
-5.35365460e-01
-1.73679401e-01
8.67590946e-02
-4.85330558e-02
-5.71835796e-02
0.00000000e+00
1.50824569e-01
2.62549055e-01
-6.38684799e-01
2.34399499e-01
1.30494615e-02
2.51381335e-01
2.90140436e-01
-3.78372541e-01
1.49258094e-01
3.11309322e-01
-6.14182820e-01
0.00000000e+00
0.00000000e+00
0.00000000e+00
3.03289157e-01
3.88940081e-03
5.03179129e-02
-1.85402975e-02
-1.10648220e-02
-1.53191970e-02
-1.97501484e-01
2.36541230e-01
-4.34789323e-01
0.00000000e+00
-1.55385890e-01
5.25836928e-01
1.19869846e-01
8.53224230e-01
-3.88670545e-01
2.40607917e-01
3.19292535e-01
0.00000000e+00
3.31302024e-01
5.35249050e-01
-4.18945179e-01
0.00000000e+00
0.00000000e+00
0.00000000e+00
3.21914032e-01
-2.26252236e-01
1.15659578e-01
6.06740320e-01
-2.59430679e-02
1.06141317e-01
-1.16171602e-01
5.33362790e-01
-6.74421635e-01
0.00000000e+00
8.03286764e-01
7.91810245e-01
2.55407488e-01
7.06784860e-01
6.27114677e-01
7.83358904e-01
4.85839244e-01
0.00000000e+00
8.27952344e-01
4.91411245e-01
136
4.74890589e-01
2.42583814e-01
-4.96684547e-03
5.33235394e-01
-7.24504062e-03
-1.71068246e-01
2.08194080e-04
-1.29860373e-01
4.73834045e-04
0.00000000e+00
0.00000000e+00
0.00000000e+00
0.00000000e+00
4.74280913e-01
5.93150370e-01
8.64090825e-02
-3.85159867e-01
-2.28197008e-01
-5.80624170e-03
0.00000000e+00
-4.10055379e-01
-3.11741964e-01
1.98544978e-02
2.80543956e-01
8.14914719e-01
0.00000000e+00
0.00000000e+00
0.00000000e+00
-1.83618767e-01
-2.16343817e-01
8.14584670e-01
-2.79384858e-01
-8.84690425e-01
-1.85816934e-01
1.21781949e+00
0.00000000e+00
-8.78885000e-02
-5.09033010e-01
1.34103076e-01
0.00000000e+00
7.29894293e-02
-3.25426812e-01
8.57090010e-01
0.00000000e+00
0.00000000e+00
0.00000000e+00
-3.65950875e-01
-1.09954752e+00
2.04962707e-02
-1.32700925e-01
-5.23243488e-01
-5.53390650e-01
-7.58695435e-01
-3.19846246e-02
-2.35699271e-01
-6.69036874e-01
0.00000000e+00
1.68307113e+00
8.50787044e-02
4.58414388e-01
5.32301078e-02
3.58612377e-01
9.32375477e-02
-8.10740831e-02
1.78259859e-01
2.57493752e-02
5.02011428e-01
3.37855378e-02
-2.01127523e-01
4.68171350e-02
3.45601081e-03
0.00000000e+00
0.00000000e+00
0.00000000e+00
0.00000000e+00
0.00000000e+00
0.00000000e+00
0.00000000e+00
0.00000000e+00
0.00000000e+00
0.00000000e+00
0.00000000e+00
0.00000000e+00
0.00000000e+00
0.00000000e+00
0.00000000e+00
1.63062696e-01
-1.33094615e-01
-1.01408010e+00
0.00000000e+00
0.00000000e+00
0.00000000e+00
4.37595024e-02
7.35308239e-01
-3.79886534e-02
8.47056685e-01
-1.46618637e+00
-1.43771777e-01
-3.92192720e-01
5.73195419e-01
1.93598163e-01
0.00000000e+00
4.26204717e-01
1.57684492e+00
-2.39943066e+00
7.69935662e-01
5.50312046e-01
-5.06368957e-02
-5.35311292e-01
-1.67319986e+00
-1.61783910e-02
-1.53988349e-02
-6.28450805e-01
0.00000000e+00
0.00000000e+00
0.00000000e+00
2.50210573e-01
1.12698364e+00
-3.99184908e-01
3.04656795e-01
-2.67694875e+00
-1.94295837e-01
-1.41139883e+00
-7.46792762e-02
-6.48198414e-01
0.00000000e+00
8.46403545e-01
1.67302981e+00
-3.56524872e-01
7.88028306e-01
-6.41280002e-01
6.21145944e-01
1.36905904e-01
-1.22680168e+00
3.63447689e-01
8.90049563e-01
7 1
-5.8830e-01 4.0836e-01
6 1
0 1 2 10 3 4 
217
-1.01557976e-01
-8.41753665e-01
5.95673597e-01
-9.69106409e-02
1.28567942e-01
1.15967086e-01
-1.53454555e-01
2.06282657e-02
-2.29127718e-01
3.68661408e-03
-9.00377784e-02
-3.93649110e-01
2.42494134e-01
-3.99161075e-05
3.64578128e-01
-1.13270573e-02
-1.03172093e-01
1.37315298e-02
-4.34947233e-03
-9.85292961e-03
-6.09962474e-01
1.45357834e-03
9.53489105e-02
1.30094840e-01
-7.18698642e-04
-1.47577739e-01
0.00000000e+00
0.00000000e+00
0.00000000e+00
0.00000000e+00
0.00000000e+00
-1.10053865e-01
-3.88102932e-01
-5.70468394e-02
1.95830321e-01
1.86932926e-01
0.00000000e+00
-9.07102762e-02
-2.29433101e-01
-1.39444135e-01
1.00316589e-01
1.44515308e-01
1.13197638e-01
0.00000000e+00
0.00000000e+00
-3.55422908e-01
-1.73127039e-01
2.13199756e-01
2.95247377e-01
-5.74477793e-01
-1.78845810e-01
7.36980850e-01
0.00000000e+00
-1.34977975e-02
-2.51312672e-01
1.92813868e-01
0.00000000e+00
0.00000000e+00
-6.96365432e-01
5.53024035e-01
-4.34252462e-01
3.85183377e-02
2.94176148e-01
-3.56860418e-01
-6.47543157e-01
0.00000000e+00
4.26474522e-01
2.97142916e-02
4.76371076e-01
1.77504519e-01
-9.00195185e-02
-4.07906014e-01
-4.13511282e-03
6.28433014e-01
7.46038936e-02
-2.32065457e-01
-2.16271220e-01
0.00000000e+00
-3.87346792e-01
-2.30980748e-01
2.87844271e-01
-3.93559315e-01
-2.05545493e-03
1.42062777e-02
0.00000000e+00
-3.64455669e-02
-4.08827003e-01
-8.71139312e-02
-9.37267688e-02
2.20015221e-02
-2.14428434e-01
4.87703873e-01
-2.28207377e-01
4.42300726e-01
-1.32062750e-01
-3.66290684e-01
-2.28991722e-01
-1.81886211e-01
0.00000000e+00
2.22157270e-01
-4.39033410e-01
-8.91440059e-02
1.30957660e-01
-2.34571240e-01
-6.17916508e-01
0.00000000e+00
0.00000000e+00
0.00000000e+00
0.00000000e+00
0.00000000e+00
0.00000000e+00
0.00000000e+00
0.00000000e+00
0.00000000e+00
0.00000000e+00
0.00000000e+00
0.00000000e+00
0.00000000e+00
0.00000000e+00
-8.57148778e-01
-5.40466618e-02
-8.03166133e-01
0.00000000e+00
0.00000000e+00
0.00000000e+00
3.04365129e-01
2.85646201e-01
-4.86231940e-01
2.99891557e-01
-3.68953665e-01
4.38627899e-01
-8.54851517e-02
-1.72851802e-01
-1.22846720e-01
0.00000000e+00
2.80701342e-01
4.14547828e-01
-6.94053427e-01
1.36628515e-01
-3.54046790e-01
5.86296304e-02
-2.07488056e-01
-2.23530081e-01
-2.53848093e-01
-5.28685073e-02
-2.12102476e-01
0.00000000e+00
0.00000000e+00
0.00000000e+00
-3.66525213e-04
-2.55012157e-02
2.27129761e-01
2.59729868e-01
-2.39707112e-01
-2.50604716e-01
-8.58512175e-02
-1.20043908e-01
2.13239025e-02
0.00000000e+00
-6.10438966e-02
-1.74122172e-01
-4.95261830e-01
3.91509404e-01
1.29699742e-01
1.43888752e-01
3.22651472e-03
-1.30407880e-01
2.13822265e-01
-1.95222102e-02
-6.54055829e-01
0.00000000e+00
0.00000000e+00
0.00000000e+00
3.92082369e-01
8.76061038e-02
-1.00466111e-01
-1.16225576e-02
-1.69730186e-02
-5.95734285e-02
-3.52904330e-01
1.45254157e-01
-2.42581474e-01
0.00000000e+00
3.71730168e-01
5.09837635e-01
4.37748058e-02
5.05994078e-01
-4.52536875e-01
-2.99390237e-02
2.14334868e-01
-2.12929171e-01
1.11448517e-01
3.24589026e-01
-2.32586697e-01
0.00000000e+00
0.00000000e+00
0.00000000e+00
2.35308422e-01
1.03215154e-01
-2.73405390e-01
1.33223099e-01
-3.69951627e-02
-1.42000309e-01
-3.67813729e-01
2.70044509e-01
-4.43384511e-01
0.00000000e+00
3.97799594e-01
7.36986090e-01
2.04576815e-01
8.98003525e-01
4.64207314e-01
7.03245428e-01
3.00271895e-01
-4.25570482e-01
7.36699001e-01
4.33918213e-01
136
-5.91566815e-02
3.38030215e-01
-1.31026532e-02
3.15114899e-01
-6.99148562e-03
-3.85615278e-01
6.53787845e-04
-3.26686517e-01
5.82577272e-04
0.00000000e+00
0.00000000e+00
0.00000000e+00
0.00000000e+00
2.54296028e-01
4.72901155e-01
1.97259305e-02
-3.92632106e-01
-3.73341633e-01
4.99714146e-02
0.00000000e+00
-3.31800207e-01
-2.27327593e-01
-1.69486254e-01
-1.78240938e-01
-1.44806053e-02
8.22110947e-01
0.00000000e+00
0.00000000e+00
-3.56628562e-01
-1.45701475e-01
7.00514131e-01
-3.06146309e-01
-8.12141613e-01
-4.26361075e-01
1.23804199e+00
0.00000000e+00
3.55969747e-02
-4.85487406e-01
-1.05333487e-01
0.00000000e+00
-4.54884528e-02
-2.95214575e-01
9.28222322e-01
0.00000000e+00
0.00000000e+00
0.00000000e+00
-5.58869810e-01
-1.08307017e+00
1.77087314e-02
-8.65773015e-02
-4.79884701e-01
-5.06868007e-01
-9.60969095e-01
-7.24434685e-02
-2.26122483e-01
-3.60868693e-01
0.00000000e+00
1.15717587e+00
5.53641465e-02
3.82279185e-01
-3.53458583e-01
-3.66140932e-02
-1.29325514e-01
-3.63369713e-02
1.22641622e-01
-3.84307449e-02
3.05709809e-01
-1.84345781e-01
-1.67017384e-01
1.78269033e-02
-2.70164278e-02
0.00000000e+00
1.94567085e+00
3.93402463e-01
3.55116703e-01
2.12228666e-01
0.00000000e+00
0.00000000e+00
0.00000000e+00
0.00000000e+00
0.00000000e+00
0.00000000e+00
0.00000000e+00
0.00000000e+00
0.00000000e+00
0.00000000e+00
1.91490167e-01
-1.82138589e-01
-9.69960399e-01
0.00000000e+00
0.00000000e+00
0.00000000e+00
-8.03840072e-03
5.83294358e-01
-3.46259872e-01
9.43678132e-01
-1.72566973e+00
-3.14600198e-01
-1.34391005e-01
5.59124072e-01
9.03614911e-02
0.00000000e+00
4.78938183e-01
1.70072012e+00
-2.17260673e+00
6.31649591e-01
5.68901326e-01
1.14767845e-01
-1.59913845e-01
-1.82520742e+00
-8.49261424e-02
1.30217825e-01
-6.54259663e-01
0.00000000e+00
0.00000000e+00
0.00000000e+00
2.78241164e-01
1.07388144e+00
-2.78741404e-01
3.48435193e-01
-2.67788409e+00
-1.74088403e-01
-1.38638918e+00
3.44501741e-02
-8.93072010e-01
0.00000000e+00
8.57368487e-01
1.55329125e+00
-3.11075441e-01
1.10220287e+00
-5.42091500e-01
6.19067236e-01
2.37324037e-01
-1.57318543e+00
1.38667839e-01
9.39338107e-01
5 1
-1.0607e+00 4.6366e-01
7 0
0 1 2 10 3 4 7 
217
1.01670178e+00
4.06814561e-02
-1.04473091e+00
-2.43702223e-02
-1.54352980e-01
1.51734643e-01
5.26608589e-01
7.73473838e-01
1.17721346e+00
-5.87769148e-01
4.02860646e-01
-5.96908570e-01
0.00000000e+00
0.00000000e+00
9.90659938e-01
-2.82320786e-02
-3.72145906e-01
1.46300257e+00
-2.01813478e-02
-3.96353988e-01
-1.74397024e+00
1.58765967e-02
-2.63438791e-02
3.07009515e-01
4.27537514e-02
-1.17833857e-02
0.00000000e+00
0.00000000e+00
0.00000000e+00
0.00000000e+00
0.00000000e+00
1.87720166e+00
6.20782216e-01
6.58605762e-01
8.45086762e-01
6.52302514e-01
0.00000000e+00
-3.25235077e-01
-1.36081337e-01
6.36404181e-02
1.55426488e-01
5.91042809e-01
7.94084076e-01
0.00000000e+00
0.00000000e+00
-6.67571328e-01
2.46397467e-01
2.66309381e-01
0.00000000e+00
-4.68487810e-01
-6.90686800e-01
1.20394652e+00
0.00000000e+00
5.11365174e-01
-6.64168139e-02
-5.85977968e-01
0.00000000e+00
0.00000000e+00
-4.25141148e-01
9.16874989e-01
-5.22871490e-02
3.24202964e-01
7.44785965e-01
0.00000000e+00
-6.64980955e-01
6.23422620e-01
1.04546562e+00
-5.60587136e-02
6.39366456e-01
4.20139518e-01
-1.91222359e-01
3.42618516e-01
-5.92768814e-02
7.33531401e-01
-1.38023101e-01
1.31774222e-01
-7.65348648e-02
-6.72142528e-01
3.76248441e-01
-7.48404500e-01
1.17921144e+00
-7.80843328e-01
1.33384423e-01
-6.68579817e-02
0.00000000e+00
1.59222753e-01
7.72520882e-01
1.66925687e-01
1.99101377e-01
6.90553339e-01
6.60955833e-01
1.70225747e-01
2.41367874e-01
7.77880298e-01
4.79580476e-01
-5.55649173e-01
1.25527682e-01
4.33880489e-01
2.32117814e-01
-1.58373042e-01
-2.82490417e-01
1.59079439e-01
-7.24190255e-02
7.83877569e-01
8.63976043e-01
2.31511142e-01
1.74962654e-03
-2.07534628e-01
7.49419449e-01
-3.17463821e-01
3.40215628e-02
-2.43139666e-01
0.00000000e+00
0.00000000e+00
0.00000000e+00
0.00000000e+00
0.00000000e+00
0.00000000e+00
0.00000000e+00
-8.56262684e-01
2.01468044e-01
-1.59847642e+00
0.00000000e+00
0.00000000e+00
0.00000000e+00
9.42850283e-01
1.69009516e+00
3.56920059e-01
1.61405209e+00
-1.15506518e+00
2.77034757e+00
-6.58318405e-02
3.76000090e-01
6.64174145e-02
0.00000000e+00
1.65951887e+00
2.74432223e-01
-3.20918544e-03
-4.27603698e-01
8.39775294e-01
1.06500895e+00
3.54862865e-01
-2.50278520e-01
1.13689566e+00
-1.32639535e+00
-1.26346671e+00
0.00000000e+00
0.00000000e+00
0.00000000e+00
6.98328418e-01
7.86628949e-01
8.47031007e-01
1.19448261e+00
1.55496443e+00
-6.90911930e-02
1.46604801e+00
1.48359429e+00
7.83713945e-01
0.00000000e+00
4.79351556e-01
1.61940340e+00
-4.99770016e-03
1.89014881e+00
9.29809901e-01
4.19839298e-01
4.92106232e-01
1.08500520e+00
7.10138123e-01
1.82140189e+00
-9.41324319e-03
0.00000000e+00
0.00000000e+00
0.00000000e+00
7.09824642e-01
2.75605452e+00
-1.15933985e-01
0.00000000e+00
-1.69414734e-02
-6.42400535e-01
-7.08605933e-02
1.81141698e-01
-9.88477812e-04
0.00000000e+00
2.20869830e-01
1.48799063e+00
7.55902635e-01
1.32414657e+00
-1.06660241e+00
2.11174825e-01
2.60341396e-01
-3.94536117e-01
1.34656668e+00
1.58523931e+00
-1.39096556e+00
0.00000000e+00
0.00000000e+00
0.00000000e+00
8.23533763e-01
5.50198405e-01
1.11392238e+00
0.00000000e+00
-2.14688388e-02
1.86262498e+00
1.85924132e-02
2.68005273e-01
-3.05353207e-03
0.00000000e+00
1.14713067e+00
1.18076339e+00
9.01437537e-01
1.48103090e+00
1.03340562e+00
1.14756519e+00
5.84785190e-01
1.04400250e+00
5.98638710e-01
6.01398886e-01
136
3.23416310e-01
3.98385252e-01
1.97366668e-03
2.40701730e-01
-7.87067141e-03
-3.83204036e-01
7.90023361e-03
6.75333639e-02
-8.81270891e-04
0.00000000e+00
0.00000000e+00
0.00000000e+00
0.00000000e+00
2.14130075e-01
3.48633502e-01
-4.68078477e-03
7.32205236e-03
-1.09905423e-01
-1.10098521e-01
0.00000000e+00
-1.56013151e-01
-2.05041715e-01
-2.87689039e-01
2.31553129e-03
2.30531314e-01
6.33641001e-01
-8.92503732e-02
0.00000000e+00
-2.40916285e-01
7.74935808e-02
1.21935939e+00
-7.43255913e-01
-8.77221841e-01
-2.49655522e-01
1.58816613e+00
0.00000000e+00
-4.85077363e-01
-4.26899717e-01
1.97118207e-01
0.00000000e+00
-3.28272464e-02
-7.46502558e-01
1.09578053e+00
0.00000000e+00
0.00000000e+00
0.00000000e+00
0.00000000e+00
-3.47664649e-01
1.97920496e-02
-1.53261255e-02
-7.03425058e-01
-7.74686204e-01
-1.65675751e+00
-2.58436250e-01
-4.54422937e-01
-6.68330829e-01
2.36583354e-01
2.96973483e-01
-7.47155897e-02
2.93655875e-01
-5.43749240e-02
-4.01796309e-02
1.66369395e-02
-2.33452979e-03
1.46931187e-01
1.10720753e-01
-1.70129034e-02
4.77520236e-01
-8.99837767e-02
1.64840841e-01
-1.54313036e-01
3.60480912e-01
8.10062090e-01
1.00669576e-01
1.42272616e-01
-5.85854567e-01
4.84570217e-01
3.08405036e-01
1.31598066e-01
3.25260270e-02
-2.21829905e-01
0.00000000e+00
0.00000000e+00
0.00000000e+00
0.00000000e+00
0.00000000e+00
1.49203091e-01
1.98093450e-01
-9.13040014e-01
0.00000000e+00
0.00000000e+00
0.00000000e+00
-9.44700601e-02
6.30296348e-01
-6.34897718e-02
1.00009391e+00
-1.87862238e+00
-3.82086688e-01
1.58350745e-03
4.37819043e-01
2.03317893e-01
0.00000000e+00
2.78832497e-01
1.54823290e+00
-1.83403830e+00
6.55352423e-01
5.91901153e-01
2.44896304e-01
-3.03093894e-01
-1.87032421e+00
-2.81657648e-02
-5.10749322e-02
-5.59392157e-01
0.00000000e+00
0.00000000e+00
0.00000000e+00
3.86621856e-02
6.67410476e-01
-5.52927733e-01
5.68973621e-01
-2.45836100e+00
-7.23132852e-01
-1.15576730e+00
-3.24843843e-02
-5.81585369e-01
0.00000000e+00
1.02290649e+00
1.75047665e+00
-1.32825038e-01
1.32503188e+00
-3.08212775e-01
5.26656570e-01
2.29680048e-01
-1.80438075e+00
2.05319867e-01
8.55167249e-01
8 1
-1.5280e+00 4.9926e-01
8 1
0 1 2 10 3 4 7 5 
217
-1.68239810e-02
-3.09465039e-01
1.13780003e-01
-9.17493082e-02
3.37058667e-01
2.95098431e-01
1.81862350e-02
-2.79361565e-01
-2.23012304e-01
1.03883239e-01
2.67061872e-03
2.08894220e-01
-1.51727198e-01
1.27206032e-01
-1.31964754e-01
-8.42238251e-03
-2.26152173e-02
9.63117799e-01
1.39528731e-03
-5.71515203e-01
-8.62202479e-01
4.14351400e-03
1.47138689e-01
1.42254532e-02
-7.06131250e-05
-1.24023220e-01
0.00000000e+00
0.00000000e+00
0.00000000e+00
0.00000000e+00
0.00000000e+00
0.00000000e+00
-5.65323248e-01
-8.36563128e-02
1.56680591e-01
5.91378959e-01
0.00000000e+00
-8.83256305e-01
1.07788479e-01
-5.46639435e-02
3.48192385e-01
2.65254683e-01
4.36625182e-01
-2.36764462e-01
0.00000000e+00
-9.80021105e-02
2.28746407e-01
2.47559197e-01
0.00000000e+00
-9.66460627e-01
-2.88052674e-01
9.22977333e-01
0.00000000e+00
-4.00916392e-02
-3.71164453e-01
9.53882933e-02
0.00000000e+00
0.00000000e+00
-1.12568407e+00
1.01435412e+00
-3.67601004e-01
3.43074998e-01
7.70202482e-03
-9.55523576e-01
-6.32712004e-01
0.00000000e+00
7.02807860e-01
1.36096673e-01
8.68603739e-01
6.14879957e-02
-4.68621908e-01
-2.72326230e-01
-6.37499753e-01
5.45010259e-01
2.54160158e-01
1.79113898e-01
1.42416764e-01
0.00000000e+00
2.90959720e-02
3.97448503e-02
-1.80223244e-01
-4.48153971e-01
1.00963567e-01
3.54425948e-02
0.00000000e+00
1.46867355e-02
0.00000000e+00
8.96759381e-02
-1.19184144e-02
-1.21186655e-01
-9.14295277e-02
3.37348095e-01
-1.02749842e-01
0.00000000e+00
-4.62273916e-01
4.68312264e-01
2.10851683e-01
-3.06128060e-01
6.56532237e-02
-6.75925411e-02
0.00000000e+00
5.14738741e-02
-9.13250877e-03
-6.63585378e-02
6.72319157e-02
2.03085146e-02
-4.50825755e-01
-5.65751820e-01
9.77833679e-02
1.09481781e-01
3.15909892e-01
3.77204572e-01
-3.11985378e-02
-5.03245354e-01
2.11452979e-01
3.87863897e-01
-4.37838890e-01
1.29756013e-01
4.13409547e-01
3.94896843e-03
-1.19252772e-01
-7.51139105e-01
0.00000000e+00
0.00000000e+00
0.00000000e+00
-2.37673705e-02
2.51450691e-01
-2.63992428e-02
5.82008266e-01
-1.06313233e-01
6.54635237e-01
2.85172234e-01
3.16079595e-01
4.24085321e-01
0.00000000e+00
5.51684939e-01
-9.64336943e-02
-1.84956096e-03
5.99811905e-01
2.84616063e-01
6.23145633e-01
1.64968480e-01
-2.41338252e-01
-3.52779937e-01
1.90380858e-01
-6.90955931e-01
0.00000000e+00
0.00000000e+00
0.00000000e+00
5.87051113e-01
4.44473782e-01
5.16642032e-01
8.54079366e-01
1.11724581e-01
1.81852183e-01
3.02327459e-01
1.04723573e-01
5.56901660e-01
0.00000000e+00
5.64865801e-01
8.34773840e-01
-3.97435367e-03
8.68193900e-01
8.33995502e-01
5.78064159e-01
2.65416564e-01
3.25760258e-01
7.95426467e-01
4.64608210e-01
-1.19915246e-01
0.00000000e+00
0.00000000e+00
0.00000000e+00
4.20633713e-02
4.40351595e-01
-3.77696935e-01
2.82466366e-01
-6.84958485e-03
-2.96845987e-01
-8.88488272e-01
4.51898178e-01
-4.86960774e-03
0.00000000e+00
5.46037256e-01
6.83028708e-01
1.61984696e-01
5.21726611e-01
5.60248766e-01
8.31850355e-01
-1.37561785e-01
0.00000000e+00
6.80310840e-01
-1.36272683e-01
-6.35998690e-01
0.00000000e+00
0.00000000e+00
0.00000000e+00
3.36041002e-01
3.96392704e-01
1.09199720e-01
3.44532715e-02
-1.60862188e-02
2.83177366e-01
-2.94564935e-02
7.72746628e-02
-8.36180558e-03
0.00000000e+00
3.83208797e-01
8.18936986e-01
-1.62761827e-02
8.55727383e-01
1.77862841e-01
6.48178193e-01
7.72756941e-01
0.00000000e+00
9.25414205e-01
7.04699343e-01
136
2.59134855e-01
-3.37430382e-01
2.32729891e-02
3.48982293e-01
1.07009751e-03
1.45196494e-01
-1.70088928e-04
1.02386450e-01
6.32711493e-04
0.00000000e+00
0.00000000e+00
0.00000000e+00
0.00000000e+00
2.57548396e-01
5.77675385e-01
-6.42411540e-03
-3.63577597e-01
-2.16356577e-01
3.00954512e-02
0.00000000e+00
-2.65985447e-01
-2.76482542e-02
-3.70434317e-02
1.18791162e-01
2.27131483e-01
3.17330154e-01
-1.39069706e-01
0.00000000e+00
-1.11139881e-01
6.29367717e-02
6.56283707e-01
-2.84094945e-01
-7.15997082e-01
-3.25983944e-01
1.05032731e+00
0.00000000e+00
1.03064917e-01
-4.67272704e-01
-1.43034882e-01
0.00000000e+00
-6.46041197e-02
-1.23878967e-01
5.45798690e-01
0.00000000e+00
0.00000000e+00
0.00000000e+00
-1.75783116e-01
-8.85780686e-01
8.74436531e-02
-2.30106062e-02
-3.37280227e-01
-1.07909921e-01
-8.88131205e-01
-1.88630267e-02
-1.89817493e-01
-4.29045486e-01
1.89507028e-03
1.60688908e-01
-7.49329819e-02
2.38490957e-01
-1.16259642e-01
1.90054607e-01
1.41401572e-01
1.28591286e-02
1.81794217e-01
-8.67360000e-02
6.87236679e-01
-2.96721680e-01
-1.54779528e-01
-2.57972227e-02
1.36340727e-01
1.92254331e-01
4.15276785e-01
7.38555986e-02
8.28619288e-02
-2.31182146e-01
3.09197794e-01
1.15214877e-01
3.21655730e-03
8.11911081e-02
-3.31384795e-01
-2.23247854e-01
2.82028557e-01
-1.60005792e-01
2.27421098e-01
-3.75124499e-01
8.44291366e-02
-7.09820891e-02
-9.71243893e-01
0.00000000e+00
0.00000000e+00
0.00000000e+00
9.95069102e-02
6.39055725e-01
-1.84213196e-01
9.09615216e-01
-1.69808831e+00
-2.42577366e-01
-2.13133943e-01
4.42733314e-01
1.01581031e-01
0.00000000e+00
4.17586542e-01
1.51666084e+00
-2.03355251e+00
6.68271279e-01
4.85970956e-01
2.03951380e-01
-2.67462268e-01
-1.80863998e+00
-8.58831300e-02
7.73736084e-02
-6.40836353e-01
0.00000000e+00
0.00000000e+00
0.00000000e+00
2.46436469e-01
8.48074719e-01
-3.48272686e-01
4.23276393e-01
-2.68847380e+00
-2.73948806e-01
-1.38962166e+00
2.67895006e-02
-9.12193715e-01
0.00000000e+00
9.49939749e-01
1.48210991e+00
-2.68797923e-01
1.20773138e+00
-5.43698789e-01
6.23577230e-01
1.89731569e-01
-1.37089559e+00
2.31964454e-01
9.25435252e-01
6 2
-1.7435e+00 5.1729e-01
8 -1
0 1 2 10 3 4 7 5 
217
1.23548573e+00
-5.81142256e-01
2.98266946e-01
0.00000000e+00
-1.03031238e+00
3.34684669e+00
2.04016612e+00
3.22073483e-01
2.28184462e+00
-1.67074286e+00
-3.01217484e-01
4.92665630e-01
0.00000000e+00
0.00000000e+00
-1.32560907e+00
-9.70128533e-02
9.23647236e-03
8.83651901e-01
-3.50917220e-02
9.45050303e-01
0.00000000e+00
0.00000000e+00
0.00000000e+00
0.00000000e+00
0.00000000e+00
0.00000000e+00
0.00000000e+00
0.00000000e+00
0.00000000e+00
0.00000000e+00
0.00000000e+00
0.00000000e+00
-1.41975683e+00
-1.29628888e+00
-1.65083110e+00
0.00000000e+00
0.00000000e+00
1.31845966e+00
9.36245116e-01
3.81419623e-01
-2.61940697e-01
-9.93542385e-02
-6.93505192e-01
0.00000000e+00
0.00000000e+00
8.75845224e-01
3.67427442e-01
9.41194693e-01
0.00000000e+00
0.00000000e+00
0.00000000e+00
1.52062708e+00
0.00000000e+00
0.00000000e+00
0.00000000e+00
2.63599119e-01
0.00000000e+00
0.00000000e+00
0.00000000e+00
1.33392077e+00
5.62929034e-01
2.31645774e-01
4.40910921e-01
0.00000000e+00
-6.36936837e-01
0.00000000e+00
2.02909566e-01
-2.66325275e-01
-5.29632313e-01
-1.41130090e+00
0.00000000e+00
1.42542013e+00
0.00000000e+00
2.86216343e+00
5.60529850e-01
2.77320389e+00
-1.36541654e+00
0.00000000e+00
1.24754275e+00
0.00000000e+00
2.12313563e+00
-4.41801124e-01
8.71055709e-02
-1.70049954e+00
0.00000000e+00
7.08243275e-02
0.00000000e+00
3.68222598e-01
-1.86078694e-01
7.96438804e-01
-6.09267737e-01
0.00000000e+00
-4.89227507e-01
0.00000000e+00
-4.03788291e-02
-1.77093397e-01
-4.34053247e-01
-7.98392401e-01
0.00000000e+00
-2.75811122e+00
0.00000000e+00
-3.13479585e+00
-4.38255733e-02
-2.98831540e+00
-2.92679234e+00
0.00000000e+00
-3.41908626e+00
2.96795497e-01
-2.49804493e+00
3.92050471e-01
-2.96409128e+00
1.12658939e+00
0.00000000e+00
-5.48565758e-01
0.00000000e+00
-1.35787085e+00
7.25982183e-01
9.42777020e-01
3.86284226e-01
-1.14461854e+00
9.88920209e-01
-2.27584015e+00
0.00000000e+00
0.00000000e+00
0.00000000e+00
6.99285409e+00
5.97609939e-01
1.82536279e+00
9.44723859e-01
-3.28750737e-03
3.07083218e+00
-1.96762466e-03
-2.94607742e+00
1.29708894e+00
0.00000000e+00
4.94546837e-01
3.54098388e+00
-9.58707522e-04
2.69741145e+00
1.01924249e-01
2.78531565e+00
1.94451915e+00
-5.14055834e-02
-4.39937709e+00
2.13119956e+00
-1.19951081e+00
0.00000000e+00
0.00000000e+00
0.00000000e+00
-2.82424548e+00
1.94369205e-01
6.88326296e-02
2.11825913e+00
-4.47425423e-03
8.48305838e-02
-3.36699978e-03
2.65146539e+00
5.73807418e-01
0.00000000e+00
9.30527709e-01
-1.41713549e+00
-1.68249707e-03
8.85041694e-01
1.64697517e+00
3.37723742e+00
-1.07343254e+00
-7.93324637e-02
3.81144675e+00
1.99754094e-01
-1.02257413e+00
0.00000000e+00
0.00000000e+00
0.00000000e+00
5.33821376e+00
0.00000000e+00
0.00000000e+00
0.00000000e+00
0.00000000e+00
0.00000000e+00
-2.01762054e-02
-8.04313307e-01
-2.47578177e+00
0.00000000e+00
9.26558501e-01
0.00000000e+00
1.03301399e+00
0.00000000e+00
3.97594050e+00
7.36137894e-01
6.77689306e+00
0.00000000e+00
3.74331992e+00
-2.24514329e-02
-4.77491511e-01
0.00000000e+00
0.00000000e+00
0.00000000e+00
-2.60376803e+00
0.00000000e+00
0.00000000e+00
0.00000000e+00
0.00000000e+00
0.00000000e+00
-2.82576209e-02
1.95215730e+00
2.50688867e+00
0.00000000e+00
1.59373619e+00
0.00000000e+00
5.13619992e-01
0.00000000e+00
-2.39526321e+00
9.68565137e-01
-3.14810326e+00
0.00000000e+00
-7.56035283e-01
5.39254021e-01
136
-2.92667223e-01
-3.33533173e-02
-6.56144379e-03
-3.43775509e-02
4.02477065e-03
-2.24936355e-01
7.07280780e-03
0.00000000e+00
0.00000000e+00
0.00000000e+00
0.00000000e+00
0.00000000e+00
0.00000000e+00
9.53980223e-01
1.07216828e+00
8.16765419e-01
9.06192018e-01
8.88365819e-01
0.00000000e+00
0.00000000e+00
4.19146027e-02
-5.92744337e-02
-2.41040526e-01
-1.02635260e-01
2.55749648e-01
1.37810968e-01
-6.50292662e-01
0.00000000e+00
-1.64161953e-01
-6.14482709e-02
1.71529645e+00
-1.69971821e+00
-3.75514785e-01
-1.53409256e-01
2.38305646e+00
0.00000000e+00
-4.47223768e-01
-4.91439418e-01
3.53418967e-01
0.00000000e+00
0.00000000e+00
-8.11607080e-01
1.64687581e+00
0.00000000e+00
0.00000000e+00
0.00000000e+00
-9.96148700e-02
-2.98014508e+00
-4.89000321e-01
-5.45159643e-01
-1.19162609e-01
-2.02314241e+00
-2.85026848e+00
-5.48744641e-01
-7.33361385e-01
-5.03670271e-01
6.47771607e-01
5.81770836e-01
-2.16789779e-02
3.07208730e-01
-1.57502853e-01
1.21793634e-01
8.77707832e-03
3.48036634e-02
1.81763293e-01
2.07913492e-01
-8.33219834e-01
2.60718359e+00
3.66468439e-01
4.96181310e-01
-1.31603309e-02
1.14957813e+00
2.83669803e+00
5.40806337e-01
4.81420312e-01
-2.37975877e-01
1.18926762e+00
7.34030307e-02
2.33292247e-02
3.06051398e-02
-1.83040316e-01
2.89122628e-01
-3.70408151e-01
-3.23213412e-01
1.73511633e-01
-4.53911758e-01
1.16815661e-01
4.03129380e-01
-1.00130299e+00
0.00000000e+00
0.00000000e+00
0.00000000e+00
-1.76608091e-01
3.30986418e-01
-3.88306244e-01
1.24335564e+00
-1.38308257e+00
-3.97248736e-01
3.34529682e-01
4.07783702e-01
5.34272532e-01
0.00000000e+00
-1.52315288e-02
1.35398868e+00
-1.49277851e+00
6.12897754e-01
5.23399443e-01
-9.17084584e-02
-8.18970607e-01
-1.33870523e+00
-9.50734499e-02
-1.44803415e-01
-5.18900241e-01
0.00000000e+00
0.00000000e+00
0.00000000e+00
1.92846436e-01
1.10776540e+00
-6.28048469e-01
6.32837172e-01
-2.56458926e+00
-1.59773196e-01
-7.17940319e-01
-4.17611968e-01
-4.65945703e-01
0.00000000e+00
1.00506180e+00
1.36079781e+00
-9.10879866e-01
1.15652823e+00
-3.99318239e-01
3.93796534e-01
-1.57046439e-01
-4.44707656e-01
-1.95300048e-01
6.92627532e-01
9 1
-1.6678e+00 5.1392e-01
8 1
0 1 2 10 3 4 7 5 
217
9.09819139e-02
-7.21620836e-01
5.00498439e-01
6.89154756e-02
5.28586529e-01
4.11489401e-01
-1.67257578e-01
-3.50754506e-01
-3.01196887e-01
4.02263268e-01
2.91486969e-01
-1.24305096e-01
-2.60637118e-01
3.38708526e-01
2.13105859e-01
9.08187898e-03
1.27791848e-02
-4.52629615e-02
-5.15506763e-03
1.39474719e-01
-1.81705537e-01
5.16000224e-03
-1.64287245e-01
1.04844554e-01
1.61750186e-04
-2.48303986e-01
0.00000000e+00
0.00000000e+00
0.00000000e+00
0.00000000e+00
2.88572314e-01
6.62414385e-01
4.91156631e-02
-5.09538448e-01
-3.82333121e-01
-9.04112572e-02
0.00000000e+00
-4.39880210e-01
-1.88902325e-01
-1.14729386e-01
2.60053515e-01
3.77193506e-01
1.59184857e-01
3.80619569e-02
0.00000000e+00
-4.31916699e-01
1.96003955e-01
2.72092635e-01
0.00000000e+00
-7.27833945e-01
-1.77721563e-01
7.61015272e-01
0.00000000e+00
3.33071093e-01
1.61564481e-01
-1.58608135e-01
0.00000000e+00
0.00000000e+00
-6.22734922e-01
7.38900165e-01
-2.42696485e-01
2.08767625e-01
1.24910774e-01
1.26546194e-01
-5.70351284e-01
0.00000000e+00
3.18701066e-01
1.16594127e-02
2.16085938e-01
2.67279260e-02
-8.00101288e-02
-9.99519846e-01
-4.66454548e-01
7.03596211e-01
2.41894603e-01
4.66915678e-01
4.66032667e-01
3.68066466e-01
3.76146142e-03
-7.76531321e-01
-2.17551632e-01
-1.07578146e-01
-6.32943808e-02
-2.88590145e-01
0.00000000e+00
-1.08897983e-01
0.00000000e+00
2.20397796e-01
-5.25793795e-01
-2.05178986e-02
4.39358766e-03
2.35758475e-01
-1.44658923e-01
0.00000000e+00
-1.00583227e-01
-7.21479943e-02
1.00465589e-01
1.23160289e-01
-4.38325146e-01
1.73780554e-01
0.00000000e+00
2.49928827e-01
1.90065376e-01
1.05597680e-01
-1.47421234e-01
-8.74730009e-02
-2.35685901e-01
-3.79294928e-01
1.83998337e-01
-1.24174977e-01
2.30142479e-01
-8.72772609e-02
-3.48741406e-01
-8.52052192e-02
0.00000000e+00
3.91517936e-01
3.60390041e-02
1.33410603e-01
-5.75653315e-01
1.43312053e-01
-6.36573283e-01
-4.93760075e-01
0.00000000e+00
0.00000000e+00
0.00000000e+00
4.22903232e-01
-4.51729363e-01
1.96965681e-01
1.62744781e-01
-3.05408131e-01
8.70779903e-02
6.77276083e-01
3.23159743e-01
4.76006010e-01
0.00000000e+00
9.65273141e-01
1.15623014e+00
-1.91555701e-02
5.56456196e-01
3.31729610e-01
1.93391691e-01
5.83989143e-02
-1.25537159e-01
2.24492941e-01
3.37578804e-01
-8.33348286e-01
0.00000000e+00
0.00000000e+00
0.00000000e+00
4.68418981e-01
8.30609339e-01
3.06741040e-01
1.05130685e+00
3.11673784e-01
6.05139182e-01
6.37315209e-01
5.61239375e-01
4.56343827e-01
0.00000000e+00
5.92406835e-01
7.68945846e-01
-4.47954479e-02
9.39136735e-01
1.00494831e+00
8.43055807e-01
8.57148258e-01
-2.52384540e-01
9.67682106e-01
8.19001140e-01
-8.48310306e-01
0.00000000e+00
0.00000000e+00
0.00000000e+00
3.39642981e-01
-2.98816511e-02
1.38749226e-01
3.12834195e-01
-7.51765014e-03
1.08556635e-01
-5.08306587e-01
3.00991928e-01
0.00000000e+00
0.00000000e+00
-2.40470500e-01
4.95734793e-01
1.10051288e-01
8.65425036e-01
-4.13583917e-01
1.92184681e-01
3.38651751e-01
-2.32338849e-04
4.82447231e-01
7.43221593e-01
-6.22975742e-01
0.00000000e+00
0.00000000e+00
0.00000000e+00
2.91705584e-01
-6.07048979e-02
2.51929269e-01
7.70975983e-01
-1.48555126e-02
-1.78632362e-01
1.42997555e-01
2.50979556e-01
0.00000000e+00
0.00000000e+00
8.44824735e-01
2.79159487e-01
5.00215948e-01
7.85408792e-01
6.92034106e-01
7.08618259e-01
5.88058552e-01
-1.22110503e-03
7.15265705e-01
6.32746605e-01
136
2.27977240e-01
-4.26648434e-01
2.28810678e-02
3.86239443e-01
7.75191618e-04
1.46931867e-01
1.26998546e-03
1.21454363e-01
7.39456997e-04
0.00000000e+00
0.00000000e+00
0.00000000e+00
0.00000000e+00
3.94514135e-01
4.74022979e-01
4.68279695e-02
-3.38005427e-01
-2.30645702e-01
-7.32486115e-02
0.00000000e+00
-2.21677445e-01
1.64383007e-02
-4.29821118e-02
8.35957117e-02
1.66480192e-01
2.49618981e-01
-8.18554093e-02
0.00000000e+00
-1.32287640e-01
8.96170947e-02
5.69956571e-01
-9.99167230e-02
-6.92236822e-01
-3.62240864e-01
9.90094071e-01
0.00000000e+00
3.19840660e-03
-3.66986465e-01
-1.09432720e-01
0.00000000e+00
-2.73996429e-02
-3.49827443e-01
6.83475051e-01
0.00000000e+00
0.00000000e+00
0.00000000e+00
-2.63436811e-01
-7.93953224e-01
8.29060827e-02
2.63446905e-02
-5.06496980e-01
-1.27688499e-01
-7.88989557e-01
-6.93395957e-03
-1.87003066e-01
-4.14333629e-01
-4.72116003e-02
1.56104040e-01
-3.99439996e-02
2.05938074e-01
1.62204809e-02
2.66783171e-01
1.15102213e-01
-5.20775995e-02
1.91914484e-01
-1.78154054e-01
6.35316275e-01
-1.98418215e-01
-1.76565512e-01
3.11552462e-02
7.79208597e-02
2.47264692e-01
3.64888071e-01
1.00895186e-02
1.22170701e-01
-2.40247407e-01
3.83389148e-01
-3.70054497e-02
-3.77340433e-02
7.81290710e-02
-2.69313647e-01
-7.23768928e-02
1.75375652e-01
-1.88516111e-01
2.09979051e-01
-1.52049381e-01
-3.08080856e-02
-7.82949363e-02
-1.03831899e+00
0.00000000e+00
0.00000000e+00
0.00000000e+00
-6.21870662e-03
6.05040279e-01
-8.99262262e-02
8.59854490e-01
-1.70538050e+00
-2.72773215e-01
-2.47958476e-01
5.16001028e-01
1.33673573e-01
0.00000000e+00
3.63894979e-01
1.51624505e+00
-2.01613564e+00
6.73741655e-01
4.28837718e-01
1.34813155e-01
-2.49569621e-01
-1.53166450e+00
-1.90171423e-01
3.93773860e-02
-5.80625553e-01
0.00000000e+00
0.00000000e+00
0.00000000e+00
3.16140257e-01
8.65197824e-01
-4.57646614e-01
3.58135244e-01
-2.41377546e+00
-3.64161454e-01
-1.52255706e+00
-3.99231878e-02
-9.77471297e-01
0.00000000e+00
8.60824789e-01
1.59574372e+00
-3.28813095e-01
1.17726397e+00
-4.50693642e-01
6.15725100e-01
1.60000594e-01
-1.13975533e+00
3.76566729e-01
7.88573367e-01
